inputs/ACTAMERICA_Merge/B200/ACTAMERICA-mrg05-b200_merge_20170225_R0.ict
136, 1001
Shook, Michael
NASA Atmospheric Composition Branch, NASA Langley Research Center (SSAI)
Merged data file for ACT-AMERICA 2017, Flight 18 (20170225), on the b200 platform. Data is merged to 05 seconds.
NASA ACT-AMERICA 2017
1, 1
2017, 02, 25, 2018, 02, 22
05
UTC,s
97
1, 1, 1, 1, 1, 1, 1, 1, 1, 1, 1, 1, 1, 1, 1, 1, 1, 1, 1, 1, 1, 1, 1, 1, 1, 1, 1, 1, 1, 1, 1, 1, 1, 1, 1, 1, 1, 1, 1, 1, 1, 1, 1, 1, 1, 1, 1, 1, 1, 1, 1, 1, 1, 1, 1, 1, 1, 1, 1, 1, 1, 1, 1, 1, 1, 1, 1, 1, 1, 1, 1, 1, 1, 1, 1, 1, 1, 1, 1, 1, 1, 1, 1, 1, 1, 1, 1, 1, 1, 1, 1, 1, 1, 1, 1, 1, 1
-999999, -999999, -999999, -999999, -999999, -999999, -999999, -999999, -999999, -999999, -999999, -999999, -999999, -999999, -999999, -999999, -999999, -999999, -999999, -999999, -999999, -999999, -999999, -999999, -999999, -999999, -999999, -999999, -999999, -999999, -999999, -999999, -999999, -999999, -999999, -999999, -999999, -999999, -999999, -999999, -999999, -999999, -999999, -999999, -999999, -999999, -999999, -999999, -999999, -999999, -999999, -999999, -999999, -999999, -999999, -999999, -999999, -999999, -999999, -999999, -999999, -999999, -999999, -999999, -999999, -999999, -999999, -999999, -999999, -999999, -999999, -999999, -999999, -999999, -999999, -999999, -999999, -999999, -999999, -999999, -999999, -999999, -999999, -999999, -999999, -999999, -999999, -999999, -999999, -999999, -999999, -999999, -999999, -999999, -999999, -999999, -999999
JDAY, days
INDEX, none
FLIGHT, none
LOCAL_SUN_TIME, hour
LATITUDE, degs
LONGITUDE, degs
ALTP, km
PRESSURE, hPa
TEMPERATURE, K
THETA, K
O3COLUMN, DU
SZA, deg
GPS_ALT, km
GRD_SPD, m/s
TAS, m/s
IAS, m/s
MachNumber, mach
VerticalSpeed, ft min-1
HDG, degs
TRK, degs
PITCH, degs
ROLL, degs
PotentialTemp, K
Dewpoint, K
TotalAirTemp, K
CabinPressure, hPa
SolarZenithAngle, degs
AircraftSunElevation, degs
SunAzimuth, degs
AircraftSunAzimuth, degs
H2O_MixingRatio, g kg-1
H2O_VaporPressure, hPa
H2O_SatVaporPressureWater, hPa
H2O_SatVaporPressureIce, hPa
H2O_RelativeHumidity, %
DifferentialPressure, hPa
U_WINDS, m s-1
V_WINDS, m s-1
Ground_Elevation, km
Altitude_AGL, km
O3_MixingRatio, ppbv
CO2_MixingRatio_PICARRO, ppmv
CH4_MixingRatio_PICARRO, ppmv
CO_MixingRatio_PICARRO, ppmv
CO2_MoleFraction_PFP, ppm
CH4_MoleFraction_PFP, ppb
CO_MoleFraction_PFP, ppb
N2O_MoleFraction_PFP, ppb
SF6_MoleFraction_PFP, ppt
H2_MoleFraction_PFP, ppb
CH4C13_PFP, per mil
CO2C14_PFP, per mil
F11B_MoleFraction_PFP, ppt
FC12_MoleFraction_PFP, ppt
F13_MoleFraction_PFP, ppt
F113_MoleFraction_PFP, ppt
F115_MoleFraction_PFP, ppt
HF133a_MoleFraction_PFP, ppt
F23_MoleFraction_PFP, ppt
F32_MoleFraction_PFP, ppt
F134A_MoleFraction_PFP, ppt
F152A_MoleFraction_PFP, ppt
F125_MoleFraction_PFP, ppt
F143a_MoleFraction_PFP, ppt
F227e_MoleFraction_PFP, ppt
F365m_MoleFraction_PFP, ppt
H1211_MoleFraction_PFP, ppt
H1301_MoleFraction_PFP, ppt
H2402_MoleFraction_PFP, ppt
MCFA_MoleFraction_PFP, ppt
CF4_MoleFraction_PFP, ppt
C2F6_MoleFraction_PFP, ppt
SO2F2_MoleFraction_PFP, ppt
MEBR_MoleFraction_PFP, ppt
CH3I_MoleFraction_PFP, ppt
DIBR_MoleFraction_PFP, ppt
OCS_MoleFraction_PFP, ppt
MECL_MoleFraction_PFP, ppt
DICL_MoleFraction_PFP, ppt
CLHF_MoleFraction_PFP, ppt
PCE_MoleFraction_PFP, ppt
C2H2_MoleFraction_PFP, ppt
C2H6_MoleFraction_PFP, ppt
C3H8_MoleFraction_PFP, ppt
nC4H10_MoleFraction_PFP, ppt
[...]
[from data line 1404]
71152,   56,          1801405.0,         18.000000,  13.6425458,   42.5635342,   268.1611036,   0.7224918329,   929.38,   264.0819939,   269.6661364,   380,   56.35207971,   0.64564,   80.70534721,   88.58348137,    -999999,  0.2719,    -999999,  270.38,   266.2,   1.86,   -1.98,   269.6659939,   260.1499939,   267.9899939,   936.22,    -999999,   -999999,   -999999,   -999999,  1.518228,   2.26304,   3.09574,   2.8347,   79.838,   49,   7.068,   -5.648,   0.32422,   0.32142,   38.54,   414.178,   1.952433333,   0.13745,    -999999,   -999999,   -999999,   -999999,   -999999,   -999999,   -999999,   -999999,   -999999,   -999999,   -999999,   -999999,   -999999,   -999999,   -999999,   -999999,   -999999,   -999999,   -999999,   -999999,   -999999,   -999999,   -999999,   -999999,   -999999,   -999999,   -999999,   -999999,   -999999,   -999999,   -999999,   -999999,   -999999,   -999999,   -999999,   -999999,   -999999,   -999999,   -999999,   -999999,   -999999,   -999999,   -999999,   -999999,   -999999,   -999999,   -999999,   -999999,   -999999,   -999999,   -999999,   -999999,         2.1700000  
71157,   56,          1801406.0,         18.000000,  13.64360783,   42.5632618,   268.1562008,   0.7230221849,   929.32,   264.0259939,   269.6139256,   380,   56.35764653,   0.64588,   80.79794641,   88.57525033,    -999999,  0.27192,    -999999,  270.32,   265.24,   1.7,   -2.34,   269.6119939,   259.6099939,   267.9299939,   936,    -999999,   -999999,   -999999,   -999999,  1.453074,   2.16604,   3.08214,   2.8207,   76.788,   49,   7.074,   -6.854,   0.32628,   0.3196,   39.46,   413.915,   1.95175,   0.14045,    -999999,   -999999,   -999999,   -999999,   -999999,   -999999,   -999999,   -999999,   -999999,   -999999,   -999999,   -999999,   -999999,   -999999,   -999999,   -999999,   -999999,   -999999,   -999999,   -999999,   -999999,   -999999,   -999999,   -999999,   -999999,   -999999,   -999999,   -999999,   -999999,   -999999,   -999999,   -999999,   -999999,   -999999,   -999999,   -999999,   -999999,   -999999,   -999999,   -999999,   -999999,   -999999,   -999999,   -999999,   -999999,   -999999,   -999999,   -999999,   -999999,   -999999,   -999999,   -999999,         2.2122000  
71162,   56,          1801407.0,         18.000000,  13.64466988,   42.5629252,   268.1512982,   0.724625433,   929.14,   263.9839939,   269.5859566,   380,   56.36316084,   0.64672,   80.96256721,   88.36535881,    -999999,  0.27128,    -999999,  268.98,   264.2,   1.68,   -2.32,   269.5859939,   259.0699939,   267.8699939,   936.12,    -999999,   -999999,   -999999,   -999999,  1.39045,   2.07246,   3.07198,   2.81026,   73.752,   48.76,   6.866,   -6.308,   0.32454,   0.32218,   41.38,   414.22,   1.95395,   0.1413,    -999999,   -999999,   -999999,   -999999,   -999999,   -999999,   -999999,   -999999,   -999999,   -999999,   -999999,   -999999,   -999999,   -999999,   -999999,   -999999,   -999999,   -999999,   -999999,   -999999,   -999999,   -999999,   -999999,   -999999,   -999999,   -999999,   -999999,   -999999,   -999999,   -999999,   -999999,   -999999,   -999999,   -999999,   -999999,   -999999,   -999999,   -999999,   -999999,   -999999,   -999999,   -999999,   -999999,   -999999,   -999999,   -999999,   -999999,   -999999,   -999999,   -999999,   -999999,   -999999,         2.1680000  
71167,   56,          1801408.0,         18.000000,  13.64573128,   42.5625436,   268.1463858,   0.7240950809,   929.2,   264.0899939,   269.6892303,   380,   56.36863572,   0.64652,   81.30209761,   87.84371665,    -999999,  0.26966,    -999999,  268.64,   263.98,   1.44,   -0.62,   269.6919939,   258.8899939,   267.9299939,   936.06,    -999999,   -999999,   -999999,   -999999,  1.36995,   2.04212,   3.09764,   2.83668,   71.99,   48.16,   6.092,   -6.376,   0.32246,   0.32406,   41.02,   413.8733333,   1.95125,   0.1339105263,    -999999,   -999999,   -999999,   -999999,   -999999,   -999999,   -999999,   -999999,   -999999,   -999999,   -999999,   -999999,   -999999,   -999999,   -999999,   -999999,   -999999,   -999999,   -999999,   -999999,   -999999,   -999999,   -999999,   -999999,   -999999,   -999999,   -999999,   -999999,   -999999,   -999999,   -999999,   -999999,   -999999,   -999999,   -999999,   -999999,   -999999,   -999999,   -999999,   -999999,   -999999,   -999999,   -999999,   -999999,   -999999,   -999999,   -999999,   -999999,   -999999,   -999999,   -999999,   -999999,         2.1458000  
71172,   56,          1801409.0,         18.000000,  13.64679135,   42.5621648,   268.1414536,   0.7223089529,   929.4,   264.0299939,   269.6113792,   380,   56.37410903,   0.64536,   81.52845121,   88.75118881,    -999999,  0.27244,    -999999,  268.62,   264.28,   1.62,   0.02,   269.6099939,   258.7499939,   267.9499939,   936.32,    -999999,   -999999,   -999999,   -999999,  1.353984,   2.0188,   3.0831,   2.8217,   71.544,   49.2,   6.676,   -5.87,   0.32476,   0.3206,   43.06,   413.986,   1.952391667,   0.1378,    -999999,   -999999,   -999999,   -999999,   -999999,   -999999,   -999999,   -999999,   -999999,   -999999,   -999999,   -999999,   -999999,   -999999,   -999999,   -999999,   -999999,   -999999,   -999999,   -999999,   -999999,   -999999,   -999999,   -999999,   -999999,   -999999,   -999999,   -999999,   -999999,   -999999,   -999999,   -999999,   -999999,   -999999,   -999999,   -999999,   -999999,   -999999,   -999999,   -999999,   -999999,   -999999,   -999999,   -999999,   -999999,   -999999,   -999999,   -999999,   -999999,   -999999,   -999999,   -999999,         2.1930000  
71177,   56,          1801410.0,         18.000000,  13.64785101,   42.5618066,   268.1365152,   0.7221382649,   929.42,   263.9939939,   269.5729608,   380,   56.3796012,   0.64496,   81.41527441,   89.58869713,    -999999,  0.27504,    -999999,  268.56,   264.42,   1.78,   -0.8,   269.5739939,   258.8099939,   267.9899939,   936.12,    -999999,   -999999,   -999999,   -999999,  1.360654,   2.02876,   3.07444,   2.81282,   72.128,   50.16,   7.458,   -5.55,   0.32302,   0.32194,   42.52,   414.015,   1.952272727,   0.1417684211,    -999999,   -999999,   -999999,   -999999,   -999999,   -999999,   -999999,   -999999,   -999999,   -999999,   -999999,   -999999,   -999999,   -999999,   -999999,   -999999,   -999999,   -999999,   -999999,   -999999,   -999999,   -999999,   -999999,   -999999,   -999999,   -999999,   -999999,   -999999,   -999999,   -999999,   -999999,   -999999,   -999999,   -999999,   -999999,   -999999,   -999999,   -999999,   -999999,   -999999,   -999999,   -999999,   -999999,   -999999,   -999999,   -999999,   -999999,   -999999,   -999999,   -999999,   -999999,   -999999,         2.2844000  
71182,   56,          1801411.0,         18.000000,  13.64891149,   42.561454,   268.131589,   0.7219614809,   929.44,   264.0579939,   269.6366555,   380,   56.3851059,   0.6446,   81.18892081,   88.64315641,    -999999,  0.27212,    -999999,  268.66,   264.64,   1.78,   -2.220446049E-017,   269.6379939,   259.1099939,   267.9699939,   936.26,    -999999,   -999999,   -999999,   -999999,  1.394574,   2.07926,   3.0899,   2.82872,   73.506,   49.08,   6.768,   -5.48,   0.32026,   0.32434,   40.2,   414.572,   1.953972727,   0.1434315789,    -999999,   -999999,   -999999,   -999999,   -999999,   -999999,   -999999,   -999999,   -999999,   -999999,   -999999,   -999999,   -999999,   -999999,   -999999,   -999999,   -999999,   -999999,   -999999,   -999999,   -999999,   -999999,   -999999,   -999999,   -999999,   -999999,   -999999,   -999999,   -999999,   -999999,   -999999,   -999999,   -999999,   -999999,   -999999,   -999999,   -999999,   -999999,   -999999,   -999999,   -999999,   -999999,   -999999,   -999999,   -999999,   -999999,   -999999,   -999999,   -999999,   -999999,   -999999,   -999999,         2.2146000  
71187,   56,          1801412.0,         18.000000,  13.64997184,   42.5611292,   268.126661,   0.7237354169,   929.24,   264.1379939,   269.7349305,   380,   56.3906373,   0.6463,   81.41527441,   87.30869905,    -999999,  0.26798,    -999999,  268.42,   265.16,   1.52,   0.18,   269.7319939,   259.7499939,   267.9299939,   936.08,    -999999,   -999999,   -999999,   -999999,  1.47009,   2.19112,   3.10932,   2.8487,   76.93,   47.56,   5.288,   -4.344,   0.31692,   0.32938,   38.86,   414.77,   1.95435,   0.1403363636,   414.49,   1954.49,   138.51,   333.27,   9.33,   490.11,   -47.37,    -999999,  233.02,   516.87,   3.35,   71.23,   8.79,   0.55,   30.2,   15.39,   103.14,   12.39,   24.11,   21.68,   1.31,   1.11,   4.89,   3.35,   0.42,   2.59,   83.41,   4.75,   2.18,   6.9,   0.35,   1.15,    -999999,  554.23,   98.76,   16.23,   4.02,   423.94,   2244.38,   994.95,   257.9,   134.36,   64.44,   80.9,   109.41,   48.14,   0.23,   0.15,   1.07,   0.66,   25.69,   252.58,          2.1744000  
71192,   56,          1801413.0,         18.000000,  13.65103049,   42.560828,   268.1217074,   0.7208824889,   929.56,   264.0879939,   269.6573425,   380,   56.39618302,   0.64384,   81.79596001,   87.39512497,    -999999,  0.26826,    -999999,  269.44,   265.36,   1.68,   -0.46,   269.6579939,   260.3699939,   267.8899939,   936.38,    -999999,   -999999,   -999999,   -999999,  1.545218,   2.30362,   3.09718,   2.83618,   81.224,   47.68,   4.978,   -5.582,   0.31062,   0.33322,   39.5,   414.5,   1.9541,   0.1379047619,   414.49,   1954.49,   138.51,   333.27,   9.33,   490.11,   -47.37,    -999999,  233.02,   516.87,   3.35,   71.23,   8.79,   0.55,   30.2,   15.39,   103.14,   12.39,   24.11,   21.68,   1.31,   1.11,   4.89,   3.35,   0.42,   2.59,   83.41,   4.75,   2.18,   6.9,   0.35,   1.15,    -999999,  554.23,   98.76,   16.23,   4.02,   423.94,   2244.38,   994.95,   257.9,   134.36,   64.44,   80.9,   109.41,   48.14,   0.23,   0.15,   1.07,   0.66,   25.69,   252.58,          2.1170000  
71197,   56,          1801414.0,         18.000000,  13.65208821,   42.5605308,   268.1167398,   0.7221321689,   929.42,   264.0219939,   269.6015525,   380,   56.40173028,   0.64526,   81.87827041,   87.92911369,    -999999,  0.26992,    -999999,  268.16,   265.26,   1.88,   -0.98,   269.6019939,   260.4499939,   267.8699939,   936.4,    -999999,   -999999,   -999999,   -999999,  1.555478,   2.3185,   3.08122,   2.81974,   82.228,   48.28,   5.306,   -3.722,   0.31368,   0.33158,   40.04,   414.645,   1.955877778,   0.1370095238,   414.49,   1954.49,   138.51,   333.27,   9.33,   490.11,   -47.37,    -999999,  233.02,   516.87,   3.35,   71.23,   8.79,   0.55,   30.2,   15.39,   103.14,   12.39,   24.11,   21.68,   1.31,   1.11,   4.89,   3.35,   0.42,   2.59,   83.41,   4.75,   2.18,   6.9,   0.35,   1.15,    -999999,  554.23,   98.76,   16.23,   4.02,   423.94,   2244.38,   994.95,   257.9,   134.36,   64.44,   80.9,   109.41,   48.14,   0.23,   0.15,   1.07,   0.66,   25.69,   252.58,          2.1924000  
71202,   56,          1801415.0,         18.000000,  13.65314555,   42.5602352,   268.1117666,   0.7228454009,   929.34,   264.0899939,   269.6776219,   380,   56.40728007,   0.64568,   82.00173601,   87.83651449,    -999999,  0.26964,    -999999,  269.18,   265.64,   1.68,   0.22,   269.6779939,   260.5299939,   267.9299939,   936.3,    -999999,   -999999,   -999999,   -999999,  1.565738,   2.33362,   3.09766,   2.8367,   82.266,   48.16,   5.124,   -4.756,   0.3129,   0.33278,   39.48,   414.335,   1.954,   0.1405047619,   414.49,   1954.49,   138.51,   333.27,   9.33,   490.11,   -47.37,    -999999,  233.02,   516.87,   3.35,   71.23,   8.79,   0.55,   30.2,   15.39,   103.14,   12.39,   24.11,   21.68,   1.31,   1.11,   4.89,   3.35,   0.42,   2.59,   83.41,   4.75,   2.18,   6.9,   0.35,   1.15,    -999999,  554.23,   98.76,   16.23,   4.02,   423.94,   2244.38,   994.95,   257.9,   134.36,   64.44,   80.9,   109.41,   48.14,   0.23,   0.15,   1.07,   0.66,   25.69,   252.58,          2.1968000  
71207,   56,          1801416.0,         18.000000,  13.6542026,   42.5599644,   268.106789,   0.7224857369,   929.38,   263.9379939,   269.5190915,   380,   56.41285293,   0.64534,   81.95029201,   88.41680281,    -999999,  0.27148,    -999999,  269.3,   265.86,   1.92,   -0.84,   269.5199939,   260.2499939,   267.8299939,   936.24,    -999999,   -999999,   -999999,   -999999,  1.530606,   2.28144,   3.06096,   2.79892,   81.512,   48.84,   5.672,   -4.72,   0.31384,   0.3315,   40.74,   414.47,   1.95495,   0.13915,    -999999,   -999999,   -999999,   -999999,   -999999,   -999999,   -999999,   -999999,   -999999,   -999999,   -999999,   -999999,   -999999,   -999999,   -999999,   -999999,   -999999,   -999999,   -999999,   -999999,   -999999,   -999999,   -999999,   -999999,   -999999,   -999999,   -999999,   -999999,   -999999,   -999999,   -999999,   -999999,   -999999,   -999999,   -999999,   -999999,   -999999,   -999999,   -999999,   -999999,   -999999,   -999999,   -999999,   -999999,   -999999,   -999999,   -999999,   -999999,   -999999,   -999999,   -999999,   -999999,         2.2394000  
71212,   56,          1801417.0,         18.000000,  13.65525956,   42.5596976,   268.10181,   0.725338665,   929.06,   263.7999939,   269.4046796,   380,   56.41843192,   0.64788,   82.01202481,   89.30987065,    -999999,  0.2743,    -999999,  268.7,   266.02,   1.54,   0.28,   269.4039939,   260.0499939,   267.7699939,   935.96,    -999999,   -999999,   -999999,   -999999,  1.50637,   2.2446,   3.02798,   2.76502,   81.184,   49.86,   6.488,   -3.556,   0.31154,   0.33634,   38.86,   414.58,   1.95625,   0.13785,    -999999,   -999999,   -999999,   -999999,   -999999,   -999999,   -999999,   -999999,   -999999,   -999999,   -999999,   -999999,   -999999,   -999999,   -999999,   -999999,   -999999,   -999999,   -999999,   -999999,   -999999,   -999999,   -999999,   -999999,   -999999,   -999999,   -999999,   -999999,   -999999,   -999999,   -999999,   -999999,   -999999,   -999999,   -999999,   -999999,   -999999,   -999999,   -999999,   -999999,   -999999,   -999999,   -999999,   -999999,   -999999,   -999999,   -999999,   -999999,   -999999,   -999999,   -999999,   -999999,         2.1868000  
