inputs/ACTAMERICA_Merge/B200/ACTAMERICA-mrg05-b200_merge_20170208_R0_L2.ict
136, 1001
Shook, Michael
NASA Atmospheric Composition Branch, NASA Langley Research Center (SSAI)
Merged data file for ACT-AMERICA 2017, Flight 07 (20170208), on the b200 platform. Data is merged to 05 seconds.
NASA ACT-AMERICA 2017
1, 1
2017, 02, 08, 2018, 02, 22
05
UTC,s
97
1, 1, 1, 1, 1, 1, 1, 1, 1, 1, 1, 1, 1, 1, 1, 1, 1, 1, 1, 1, 1, 1, 1, 1, 1, 1, 1, 1, 1, 1, 1, 1, 1, 1, 1, 1, 1, 1, 1, 1, 1, 1, 1, 1, 1, 1, 1, 1, 1, 1, 1, 1, 1, 1, 1, 1, 1, 1, 1, 1, 1, 1, 1, 1, 1, 1, 1, 1, 1, 1, 1, 1, 1, 1, 1, 1, 1, 1, 1, 1, 1, 1, 1, 1, 1, 1, 1, 1, 1, 1, 1, 1, 1, 1, 1, 1, 1
-999999, -999999, -999999, -999999, -999999, -999999, -999999, -999999, -999999, -999999, -999999, -999999, -999999, -999999, -999999, -999999, -999999, -999999, -999999, -999999, -999999, -999999, -999999, -999999, -999999, -999999, -999999, -999999, -999999, -999999, -999999, -999999, -999999, -999999, -999999, -999999, -999999, -999999, -999999, -999999, -999999, -999999, -999999, -999999, -999999, -999999, -999999, -999999, -999999, -999999, -999999, -999999, -999999, -999999, -999999, -999999, -999999, -999999, -999999, -999999, -999999, -999999, -999999, -999999, -999999, -999999, -999999, -999999, -999999, -999999, -999999, -999999, -999999, -999999, -999999, -999999, -999999, -999999, -999999, -999999, -999999, -999999, -999999, -999999, -999999, -999999, -999999, -999999, -999999, -999999, -999999, -999999, -999999, -999999, -999999, -999999, -999999
JDAY, days
INDEX, none
FLIGHT, none
LOCAL_SUN_TIME, hour
LATITUDE, degs
LONGITUDE, degs
ALTP, km
PRESSURE, hPa
TEMPERATURE, K
THETA, K
O3COLUMN, DU
SZA, deg
GPS_ALT, km
GRD_SPD, m/s
TAS, m/s
IAS, m/s
MachNumber, mach
VerticalSpeed, ft min-1
HDG, degs
TRK, degs
PITCH, degs
ROLL, degs
PotentialTemp, K
Dewpoint, K
TotalAirTemp, K
CabinPressure, hPa
SolarZenithAngle, degs
AircraftSunElevation, degs
SunAzimuth, degs
AircraftSunAzimuth, degs
H2O_MixingRatio, g kg-1
H2O_VaporPressure, hPa
H2O_SatVaporPressureWater, hPa
H2O_SatVaporPressureIce, hPa
H2O_RelativeHumidity, %
DifferentialPressure, hPa
U_WINDS, m s-1
V_WINDS, m s-1
Ground_Elevation, km
Altitude_AGL, km
O3_MixingRatio, ppbv
CO2_MixingRatio_PICARRO, ppmv
CH4_MixingRatio_PICARRO, ppmv
CO_MixingRatio_PICARRO, ppmv
CO2_MoleFraction_PFP, ppm
CH4_MoleFraction_PFP, ppb
CO_MoleFraction_PFP, ppb
N2O_MoleFraction_PFP, ppb
SF6_MoleFraction_PFP, ppt
H2_MoleFraction_PFP, ppb
CH4C13_PFP, per mil
CO2C14_PFP, per mil
F11B_MoleFraction_PFP, ppt
FC12_MoleFraction_PFP, ppt
F13_MoleFraction_PFP, ppt
F113_MoleFraction_PFP, ppt
F115_MoleFraction_PFP, ppt
HF133a_MoleFraction_PFP, ppt
F23_MoleFraction_PFP, ppt
F32_MoleFraction_PFP, ppt
F134A_MoleFraction_PFP, ppt
F152A_MoleFraction_PFP, ppt
F125_MoleFraction_PFP, ppt
F143a_MoleFraction_PFP, ppt
F227e_MoleFraction_PFP, ppt
F365m_MoleFraction_PFP, ppt
H1211_MoleFraction_PFP, ppt
H1301_MoleFraction_PFP, ppt
H2402_MoleFraction_PFP, ppt
MCFA_MoleFraction_PFP, ppt
CF4_MoleFraction_PFP, ppt
C2F6_MoleFraction_PFP, ppt
SO2F2_MoleFraction_PFP, ppt
MEBR_MoleFraction_PFP, ppt
CH3I_MoleFraction_PFP, ppt
DIBR_MoleFraction_PFP, ppt
OCS_MoleFraction_PFP, ppt
MECL_MoleFraction_PFP, ppt
DICL_MoleFraction_PFP, ppt
CLHF_MoleFraction_PFP, ppt
PCE_MoleFraction_PFP, ppt
C2H2_MoleFraction_PFP, ppt
C2H6_MoleFraction_PFP, ppt
C3H8_MoleFraction_PFP, ppt
nC4H10_MoleFraction_PFP, ppt
[...]
[from data line 1398]
83347,   39,          704218.00,         7.0000000,  16.85737748,   34.1545764,   265.5710788,   1.9224102,   802.56,   281.9659939,   300.2540507,   286.3999939,   84.82039802,   1.86494,   116.6338368,   103.0443898,    -999999,  0.30614,    -999999,  165.46,   164.5,   1.44,   -1.2,   300.2519939,   264.8299939,   287.2499939,   971.48,    -999999,   -999999,   -999999,   -999999,  2.552866,   3.28054,   11.37754,   12.38666,   28.834,   53.892,   5.222,   -13.914,   0.1968,   1.66814,   46.62,   408.51,   1.9053,   0.10855,    -999999,   -999999,   -999999,   -999999,   -999999,   -999999,   -999999,   -999999,   -999999,   -999999,   -999999,   -999999,   -999999,   -999999,   -999999,   -999999,   -999999,   -999999,   -999999,   -999999,   -999999,   -999999,   -999999,   -999999,   -999999,   -999999,   -999999,   -999999,   -999999,   -999999,   -999999,   -999999,   -999999,   -999999,   -999999,   -999999,   -999999,   -999999,   -999999,   -999999,   -999999,   -999999,   -999999,   -999999,   -999999,   -999999,   -999999,   -999999,   -999999,   -999999,   -999999,   -999999,         1.5604000  
83352,   39,          704219.00,         7.0000000,  16.8588788,   34.149522,   265.5727654,   1.925830056,   802.22,   282.0199939,   300.347913,   286.3999939,   84.83577421,   1.86832,   116.109108,   103.4960681,    -999999,  0.30744,    -999999,  165.38,   164.48,   1.22,   -1.58,   300.3459939,   265.0899939,   287.3499939,   971.58,    -999999,   -999999,   -999999,   -999999,  2.606374,   3.34762,   11.41914,   12.43838,   29.314,   54.34,   5.328,   -12.868,   0.19502,   1.6733,   47.9,   408.59,   1.905358333,   0.1122,    -999999,   -999999,   -999999,   -999999,   -999999,   -999999,   -999999,   -999999,   -999999,   -999999,   -999999,   -999999,   -999999,   -999999,   -999999,   -999999,   -999999,   -999999,   -999999,   -999999,   -999999,   -999999,   -999999,   -999999,   -999999,   -999999,   -999999,   -999999,   -999999,   -999999,   -999999,   -999999,   -999999,   -999999,   -999999,   -999999,   -999999,   -999999,   -999999,   -999999,   -999999,   -999999,   -999999,   -999999,   -999999,   -999999,   -999999,   -999999,   -999999,   -999999,   -999999,   -999999,         1.5556000  
83357,   39,          704220.00,         7.0000000,  16.86038027,   34.1444896,   265.574454,   1.927037064,   802.1,   281.9579939,   300.2947186,   286.3999939,   84.85116401,   1.86952,   115.8107328,   102.9445884,    -999999,  0.3058,    -999999,  165.3,   164.34,   1.06,   -0.96,   300.2939939,   265.2899939,   287.2299939,   971.56,    -999999,   -999999,   -999999,   -999999,  2.647666,   3.39996,   11.37138,   12.37896,   29.898,   53.754,   5.174,   -13.108,   0.19192,   1.6776,   48.26,   408.572,   1.906158333,   0.1147210526,    -999999,   -999999,   -999999,   -999999,   -999999,   -999999,   -999999,   -999999,   -999999,   -999999,   -999999,   -999999,   -999999,   -999999,   -999999,   -999999,   -999999,   -999999,   -999999,   -999999,   -999999,   -999999,   -999999,   -999999,   -999999,   -999999,   -999999,   -999999,   -999999,   -999999,   -999999,   -999999,   -999999,   -999999,   -999999,   -999999,   -999999,   -999999,   -999999,   -999999,   -999999,   -999999,   -999999,   -999999,   -999999,   -999999,   -999999,   -999999,   -999999,   -999999,   -999999,   -999999,         1.5213333  
83362,   39,          704221.00,         7.0000000,  16.86188181,   34.1394668,   265.5761438,   1.927841736,   802.02,   282.0079939,   300.3565298,   286.3999939,   84.86656214,   1.87022,   115.6872672,   103.0124945,    -999999,  0.306,    -999999,  165.4,   164.46,   0.9,   -1.24,   300.3579939,   265.2499939,   287.2899939,   971.68,    -999999,   -999999,   -999999,   -999999,  2.639674,   3.3894,   11.40994,   12.42694,   29.704,   53.81,   5.09,   -12.932,   0.18284,   1.68738,   49.32,   408.515,   1.90495,   0.1113727273,    -999999,   -999999,   -999999,   -999999,   -999999,   -999999,   -999999,   -999999,   -999999,   -999999,   -999999,   -999999,   -999999,   -999999,   -999999,   -999999,   -999999,   -999999,   -999999,   -999999,   -999999,   -999999,   -999999,   -999999,   -999999,   -999999,   -999999,   -999999,   -999999,   -999999,   -999999,   -999999,   -999999,   -999999,   -999999,   -999999,   -999999,   -999999,   -999999,   -999999,   -999999,   -999999,   -999999,   -999999,   -999999,   -999999,   -999999,   -999999,   -999999,   -999999,   -999999,   -999999,     -999999  
83367,   39,          704222.00,         7.0000000,  16.86338286,   34.1344466,   265.5778262,   1.926835896,   802.12,   282.0259939,   300.3650011,   286.3999939,   84.88195937,   1.8706,   115.646112,   102.8509603,    -999999,  0.3055,    -999999,  165.36,   164.4,   0.8,   -1.12,   300.3639939,   265.2899939,   287.2899939,   971.5,    -999999,   -999999,   -999999,   -999999,  2.6476,   3.39996,   11.42376,   12.44412,   29.76,   53.642,   5.236,   -13.018,   0.17532,   1.69528,   47.8,   408.625,   1.9052,   0.1092181818,    -999999,   -999999,   -999999,   -999999,   -999999,   -999999,   -999999,   -999999,   -999999,   -999999,   -999999,   -999999,   -999999,   -999999,   -999999,   -999999,   -999999,   -999999,   -999999,   -999999,   -999999,   -999999,   -999999,   -999999,   -999999,   -999999,   -999999,   -999999,   -999999,   -999999,   -999999,   -999999,   -999999,   -999999,   -999999,   -999999,   -999999,   -999999,   -999999,   -999999,   -999999,   -999999,   -999999,   -999999,   -999999,   -999999,   -999999,   -999999,   -999999,   -999999,   -999999,   -999999,     -999999  
83372,   39,          704223.00,         7.0000000,  16.86488401,   34.1294226,   265.5795102,   1.926031224,   802.2,   281.9659939,   300.2925427,   286.3999939,   84.89736022,   1.87062,   115.8415992,   102.2572966,    -999999,  0.30376,    -999999,  165.3,   164.4,   0.66,   -1.4,   300.2899939,   265.3299939,   287.1699939,   971.58,    -999999,   -999999,   -999999,   -999999,  2.655592,   3.41052,   11.37752,   12.38664,   29.972,   53.026,   5.184,   -13.834,   0.17314,   1.69748,   46.72,   408.602,   1.906111111,   0.1099857143,    -999999,   -999999,   -999999,   -999999,   -999999,   -999999,   -999999,   -999999,   -999999,   -999999,   -999999,   -999999,   -999999,   -999999,   -999999,   -999999,   -999999,   -999999,   -999999,   -999999,   -999999,   -999999,   -999999,   -999999,   -999999,   -999999,   -999999,   -999999,   -999999,   -999999,   -999999,   -999999,   -999999,   -999999,   -999999,   -999999,   -999999,   -999999,   -999999,   -999999,   -999999,   -999999,   -999999,   -999999,   -999999,   -999999,   -999999,   -999999,   -999999,   -999999,   -999999,   -999999,     -999999  
83377,   39,          704224.00,         7.0000000,  16.86638556,   34.1243862,   265.5812,   1.926232392,   802.18,   281.9159939,   300.2414317,   286.3999939,   84.91276468,   1.87028,   116.1811296,   102.3570979,    -999999,  0.30408,    -999999,  165.3,   164.4,   0.62,   -0.88,   300.2419939,   265.1899939,   287.1299939,   971.42,    -999999,   -999999,   -999999,   -999999,  2.626852,   3.37368,   11.33912,   12.33894,   29.75,   53.14,   5.308,   -14.026,   0.15502,   1.71526,   46.84,   408.65,   1.9058,   0.1116318182,   408.43,   1907.07,   112.03,   329.12,   9.26,   507.83,   -47.51,    -999999,  235.93,   518.46,   3.32,   72.35,   8.65,   0.54,   29.83,   14.5,   100.58,   10.21,   23.35,   21.14,   1.3,   1.11,   4.91,   3.33,   0.45,   2.72,    -999999,   -999999,  2.33,   7.08,   0.36,   1.49,    -999999,  579.92,   67.15,   14.42,   4.47,   236.71,    -999999,  557.11,   134.48,   73.5,   31.08,   35.48,   60.71,   62.59,   0.24,   0.17,   0.82,   0.65,   14.41,   251.11,      -999999  
83382,   39,          704225.00,         7.0000000,  16.86788695,   34.1193346,   265.5828876,   1.925628888,   802.24,   281.8919939,   300.2094562,   286.3999939,   84.92816557,   1.8696,   116.4795048,   102.5927115,    -999999,  0.3048,    -999999,  165.42,   164.56,   0.66,   -0.94,   300.2099939,   265.0899939,   287.1299939,   971.62,    -999999,   -999999,   -999999,   -999999,  2.606252,   3.34754,   11.32072,   12.31608,   29.568,   53.4,   5.286,   -14.116,   0.14214,   1.72746,   48.2,   408.625,   1.9058,   0.1105238095,   408.43,   1907.07,   112.03,   329.12,   9.26,   507.83,   -47.51,    -999999,  235.93,   518.46,   3.32,   72.35,   8.65,   0.54,   29.83,   14.5,   100.58,   10.21,   23.35,   21.14,   1.3,   1.11,   4.91,   3.33,   0.45,   2.72,    -999999,   -999999,  2.33,   7.08,   0.36,   1.49,    -999999,  579.92,   67.15,   14.42,   4.47,   236.71,    -999999,  557.11,   134.48,   73.5,   31.08,   35.48,   60.71,   62.59,   0.24,   0.17,   0.82,   0.65,   14.41,   251.11,      -999999  
83387,   39,          704226.00,         7.0000000,  16.86938773,   34.1142672,   265.584566,   1.924623048,   802.34,   281.8779939,   300.183856,   286.3999939,   84.94355732,   1.86896,   116.77788,   102.5330364,    -999999,  0.30462,    -999999,  165.54,   164.6,   0.7,   -1.26,   300.1839939,   265.0699939,   287.1099939,   971.58,    -999999,   -999999,   -999999,   -999999,  2.601858,   3.34234,   11.31004,   12.30282,   29.55,   53.344,   5.488,   -14.416,   0.16038,   1.70858,   47,   408.555,   1.9058,   0.1117,   408.43,   1907.07,   112.03,   329.12,   9.26,   507.83,   -47.51,    -999999,  235.93,   518.46,   3.32,   72.35,   8.65,   0.54,   29.83,   14.5,   100.58,   10.21,   23.35,   21.14,   1.3,   1.11,   4.91,   3.33,   0.45,   2.72,    -999999,   -999999,  2.33,   7.08,   0.36,   1.49,    -999999,  579.92,   67.15,   14.42,   4.47,   236.71,    -999999,  557.11,   134.48,   73.5,   31.08,   35.48,   60.71,   62.59,   0.24,   0.17,   0.82,   0.65,   14.41,   251.11,      -999999  
83392,   39,          704227.00,         7.0000000,  16.87088864,   34.1091882,   265.5862462,   1.924220712,   802.38,   281.8579939,   300.1582818,   286.3999939,   84.95894992,   1.86728,   116.9630784,   102.313885,    -999999,  0.30402,    -999999,  165.42,   164.56,   0.84,   -1.56,   300.1619939,   265.0499939,   287.0699939,   971.64,    -999999,   -999999,   -999999,   -999999,  2.597656,   3.33718,   11.2947,   12.28378,   29.544,   53.12,   5.534,   -14.874,   0.1535,   1.71378,   48.02,   408.595,   1.9058,   0.111,   408.43,   1907.07,   112.03,   329.12,   9.26,   507.83,   -47.51,    -999999,  235.93,   518.46,   3.32,   72.35,   8.65,   0.54,   29.83,   14.5,   100.58,   10.21,   23.35,   21.14,   1.3,   1.11,   4.91,   3.33,   0.45,   2.72,    -999999,   -999999,  2.33,   7.08,   0.36,   1.49,    -999999,  579.92,   67.15,   14.42,   4.47,   236.71,    -999999,  557.11,   134.48,   73.5,   31.08,   35.48,   60.71,   62.59,   0.24,   0.17,   0.82,   0.65,   14.41,   251.11,      -999999  
83397,   39,          704228.00,         7.0000000,  16.87239043,   34.1041046,   265.5879398,   1.921605528,   802.64,   281.8519939,   300.1241094,   286.3999939,   84.97435493,   1.86592,   117.086544,   102.5783071,    -999999,  0.3048,    -999999,  165.18,   164.46,   1.04,   -1.22,   300.1259939,   264.9899939,   287.0899939,   971.52,    -999999,   -999999,   -999999,   -999999,  2.5847,   3.32166,   11.29014,   12.27812,   29.418,   53.418,   5.282,   -14.776,   0.17144,   1.69448,   45.94,   408.625,   1.906,   0.11215,    -999999,   -999999,   -999999,   -999999,   -999999,   -999999,   -999999,   -999999,   -999999,   -999999,   -999999,   -999999,   -999999,   -999999,   -999999,   -999999,   -999999,   -999999,   -999999,   -999999,   -999999,   -999999,   -999999,   -999999,   -999999,   -999999,   -999999,   -999999,   -999999,   -999999,   -999999,   -999999,   -999999,   -999999,   -999999,   -999999,   -999999,   -999999,   -999999,   -999999,   -999999,   -999999,   -999999,   -999999,   -999999,   -999999,   -999999,   -999999,   -999999,   -999999,   -999999,   -999999,     -999999  
83402,   39,          704229.00,         7.0000000,  16.87389245,   34.099023,   265.5896368,   1.922007864,   802.6,   281.8619939,   300.1390314,   286.3999939,   84.98976711,   1.86558,   116.9939448,   102.5011411,    -999999,  0.30456,    -999999,  165.36,   164.52,   1.2,   -0.72,   300.1399939,   265.0499939,   287.0899939,   971.6,    -999999,   -999999,   -999999,   -999999,  2.596946,   3.3372,   11.29782,   12.28762,   29.536,   53.332,   5.236,   -14.77,   0.1419,   1.72368,   49.32,   408.5766667,   1.905333333,   0.1091421053,    -999999,   -999999,   -999999,   -999999,   -999999,   -999999,   -999999,   -999999,   -999999,   -999999,   -999999,   -999999,   -999999,   -999999,   -999999,   -999999,   -999999,   -999999,   -999999,   -999999,   -999999,   -999999,   -999999,   -999999,   -999999,   -999999,   -999999,   -999999,   -999999,   -999999,   -999999,   -999999,   -999999,   -999999,   -999999,   -999999,   -999999,   -999999,   -999999,   -999999,   -999999,   -999999,   -999999,   -999999,   -999999,   -999999,   -999999,   -999999,   -999999,   -999999,   -999999,   -999999,     -999999  
83407,   39,          704230.00,         7.0000000,  16.87539345,   34.0939452,   265.5913184,   1.921203192,   802.68,   281.8759939,   300.1453917,   286.3999939,   85.0051727,   1.8659,   116.7573024,   102.7480723,    -999999,  0.30528,    -999999,  165.44,   164.66,   1.28,   -1.4,   300.1459939,   265.1099939,   287.1299939,   971.44,    -999999,   -999999,   -999999,   -999999,  2.608888,   3.3528,   11.3085,   12.3009,   29.646,   53.596,   5.37,   -14.27,   0.15636,   1.70954,   50.52,   408.645,   1.906033333,   0.10575,    -999999,   -999999,   -999999,   -999999,   -999999,   -999999,   -999999,   -999999,   -999999,   -999999,   -999999,   -999999,   -999999,   -999999,   -999999,   -999999,   -999999,   -999999,   -999999,   -999999,   -999999,   -999999,   -999999,   -999999,   -999999,   -999999,   -999999,   -999999,   -999999,   -999999,   -999999,   -999999,   -999999,   -999999,   -999999,   -999999,   -999999,   -999999,   -999999,   -999999,   -999999,   -999999,   -999999,   -999999,   -999999,   -999999,   -999999,   -999999,   -999999,   -999999,   -999999,   -999999,     -999999  
83412,   39,          704231.00,         7.0000000,  16.87689403,   34.0888782,   265.5929938,   1.922812536,   802.52,   281.8839939,   300.1710068,   286.3999939,   85.02058137,   1.86664,   116.4897936,   102.2737587,    -999999,  0.30384,    -999999,  165.6,   164.62,   1.32,   -1.12,   300.1739939,   265.3299939,   287.0899939,   971.62,    -999999,   -999999,   -999999,   -999999,  2.65453,   3.41052,   11.31458,   12.30848,   30.144,   53.08,   5.342,   -14.476,   0.14372,   1.72292,   46.64,   408.606,   1.906018182,   0.1095894737,    -999999,   -999999,   -999999,   -999999,   -999999,   -999999,   -999999,   -999999,   -999999,   -999999,   -999999,   -999999,   -999999,   -999999,   -999999,   -999999,   -999999,   -999999,   -999999,   -999999,   -999999,   -999999,   -999999,   -999999,   -999999,   -999999,   -999999,   -999999,   -999999,   -999999,   -999999,   -999999,   -999999,   -999999,   -999999,   -999999,   -999999,   -999999,   -999999,   -999999,   -999999,   -999999,   -999999,   -999999,   -999999,   -999999,   -999999,   -999999,   -999999,   -999999,   -999999,   -999999,     -999999  
