inputs/ACTAMERICA_Merge/B200/ACTAMERICA-mrg05-b200_merge_20170201_R0.ict
136, 1001
Shook, Michael
NASA Atmospheric Composition Branch, NASA Langley Research Center (SSAI)
Merged data file for ACT-AMERICA 2017, Flight 04 (20170201), on the b200 platform. Data is merged to 05 seconds.
NASA ACT-AMERICA 2017
1, 1
2017, 02, 01, 2018, 02, 22
05
UTC,s
97
1, 1, 1, 1, 1, 1, 1, 1, 1, 1, 1, 1, 1, 1, 1, 1, 1, 1, 1, 1, 1, 1, 1, 1, 1, 1, 1, 1, 1, 1, 1, 1, 1, 1, 1, 1, 1, 1, 1, 1, 1, 1, 1, 1, 1, 1, 1, 1, 1, 1, 1, 1, 1, 1, 1, 1, 1, 1, 1, 1, 1, 1, 1, 1, 1, 1, 1, 1, 1, 1, 1, 1, 1, 1, 1, 1, 1, 1, 1, 1, 1, 1, 1, 1, 1, 1, 1, 1, 1, 1, 1, 1, 1, 1, 1, 1, 1
-999999, -999999, -999999, -999999, -999999, -999999, -999999, -999999, -999999, -999999, -999999, -999999, -999999, -999999, -999999, -999999, -999999, -999999, -999999, -999999, -999999, -999999, -999999, -999999, -999999, -999999, -999999, -999999, -999999, -999999, -999999, -999999, -999999, -999999, -999999, -999999, -999999, -999999, -999999, -999999, -999999, -999999, -999999, -999999, -999999, -999999, -999999, -999999, -999999, -999999, -999999, -999999, -999999, -999999, -999999, -999999, -999999, -999999, -999999, -999999, -999999, -999999, -999999, -999999, -999999, -999999, -999999, -999999, -999999, -999999, -999999, -999999, -999999, -999999, -999999, -999999, -999999, -999999, -999999, -999999, -999999, -999999, -999999, -999999, -999999, -999999, -999999, -999999, -999999, -999999, -999999, -999999, -999999, -999999, -999999, -999999, -999999
JDAY, days
INDEX, none
FLIGHT, none
LOCAL_SUN_TIME, hour
LATITUDE, degs
LONGITUDE, degs
ALTP, km
PRESSURE, hPa
TEMPERATURE, K
THETA, K
O3COLUMN, DU
SZA, deg
GPS_ALT, km
GRD_SPD, m/s
TAS, m/s
IAS, m/s
MachNumber, mach
VerticalSpeed, ft min-1
HDG, degs
TRK, degs
PITCH, degs
ROLL, degs
PotentialTemp, K
Dewpoint, K
TotalAirTemp, K
CabinPressure, hPa
SolarZenithAngle, degs
AircraftSunElevation, degs
SunAzimuth, degs
AircraftSunAzimuth, degs
H2O_MixingRatio, g kg-1
H2O_VaporPressure, hPa
H2O_SatVaporPressureWater, hPa
H2O_SatVaporPressureIce, hPa
H2O_RelativeHumidity, %
DifferentialPressure, hPa
U_WINDS, m s-1
V_WINDS, m s-1
Ground_Elevation, km
Altitude_AGL, km
O3_MixingRatio, ppbv
CO2_MixingRatio_PICARRO, ppmv
CH4_MixingRatio_PICARRO, ppmv
CO_MixingRatio_PICARRO, ppmv
CO2_MoleFraction_PFP, ppm
CH4_MoleFraction_PFP, ppb
CO_MoleFraction_PFP, ppb
N2O_MoleFraction_PFP, ppb
SF6_MoleFraction_PFP, ppt
H2_MoleFraction_PFP, ppb
CH4C13_PFP, per mil
CO2C14_PFP, per mil
F11B_MoleFraction_PFP, ppt
FC12_MoleFraction_PFP, ppt
F13_MoleFraction_PFP, ppt
F113_MoleFraction_PFP, ppt
F115_MoleFraction_PFP, ppt
HF133a_MoleFraction_PFP, ppt
F23_MoleFraction_PFP, ppt
F32_MoleFraction_PFP, ppt
F134A_MoleFraction_PFP, ppt
F152A_MoleFraction_PFP, ppt
F125_MoleFraction_PFP, ppt
F143a_MoleFraction_PFP, ppt
F227e_MoleFraction_PFP, ppt
F365m_MoleFraction_PFP, ppt
H1211_MoleFraction_PFP, ppt
H1301_MoleFraction_PFP, ppt
H2402_MoleFraction_PFP, ppt
MCFA_MoleFraction_PFP, ppt
CF4_MoleFraction_PFP, ppt
C2F6_MoleFraction_PFP, ppt
SO2F2_MoleFraction_PFP, ppt
MEBR_MoleFraction_PFP, ppt
CH3I_MoleFraction_PFP, ppt
DIBR_MoleFraction_PFP, ppt
OCS_MoleFraction_PFP, ppt
MECL_MoleFraction_PFP, ppt
DICL_MoleFraction_PFP, ppt
CLHF_MoleFraction_PFP, ppt
PCE_MoleFraction_PFP, ppt
C2H2_MoleFraction_PFP, ppt
C2H6_MoleFraction_PFP, ppt
C3H8_MoleFraction_PFP, ppt
nC4H10_MoleFraction_PFP, ppt
[...]
[from data line 1946]
72112,   32,          401947.00,         4.0000000,  13.7350923,   36.3795806,   265.5493012,   0.7851526177,   922.38,   281.5719939,   288.1477322,   302.5,   58.86783783,   0.726,   97.58926801,   95.91425137,    -999999,  0.28514,    -999999,  176.12,   179.5,   1.14,   -2.66,   288.1479939,   270.6099939,   286.1499939,   974.28,    -999999,   -999999,   -999999,   -999999,  3.452848,   5.09222,   11.0825,   12.02106,   45.948,   53.57,   -5.654,   -3.028,   0.36088,   0.36512,   42.18,   415.91,   1.967416667,   0.1778,    -999999,   -999999,   -999999,   -999999,   -999999,   -999999,   -999999,   -999999,   -999999,   -999999,   -999999,   -999999,   -999999,   -999999,   -999999,   -999999,   -999999,   -999999,   -999999,   -999999,   -999999,   -999999,   -999999,   -999999,   -999999,   -999999,   -999999,   -999999,   -999999,   -999999,   -999999,   -999999,   -999999,   -999999,   -999999,   -999999,   -999999,   -999999,   -999999,   -999999,   -999999,   -999999,   -999999,   -999999,   -999999,   -999999,   -999999,   -999999,   -999999,   -999999,   -999999,   -999999,         4.0760000  
72117,   32,          401948.00,         4.0000000,  13.73648518,   36.375178,   265.549361,   0.7844271937,   922.46,   281.6099939,   288.1794786,   302.5,   58.87224475,   0.7253,   97.73331121,   96.54289705,    -999999,  0.28696,    -999999,  175.88,   179.3,   1.2,   -1.78,   288.1799939,   270.6299939,   286.2499939,   974.32,    -999999,   -999999,   -999999,   -999999,  3.457732,   5.09982,   11.1111,   12.05648,   45.898,   54.286,   -5.458,   -2.516,   0.35424,   0.37106,   43.82,   416.05,   1.9686,   0.161647619,   416.46,   1966.3,   167.17,   330.36,   9.42,   491.84,   -47.45,    -999999,  233,   515.4,   3.43,   70.85,   8.63,   0.78,   31.7,   20.45,   115.33,   32.42,   27.08,   23.46,   1.36,   1.21,   5.36,   3.32,   0.43,   2.48,   87.08,   4.61,   2.43,   6.93,   0.51,   1.16,   490.09,   546.27,   78.04,   16.09,   5.87,   542.5,   3545.86,   1968.69,   575.78,   252.89,   132.02,   169.31,   140.12,   106.03,   0.33,   0.19,   1.55,   0.61,   52.38,   263.46,          3.9318000  
72122,   32,          401949.00,         4.0000000,  13.73787809,   36.3707736,   265.5494214,   0.7867680577,   922.2,   281.6379939,   288.2313454,   302.5,   58.87665742,   0.72664,   97.76417761,   97.28471953,    -999999,  0.28918,    -999999,  176.5,   179.38,   1.2,   -2.26,   288.2359939,   270.8099939,   286.3499939,   974.44,    -999999,   -999999,   -999999,   -999999,  3.505392,   5.16828,   11.13222,   12.0826,   46.428,   55.118,   -4.592,   -1.706,   0.35188,   0.37476,   41.94,   416.205,   1.96685,   0.1698619048,   416.46,   1966.3,   167.17,   330.36,   9.42,   491.84,   -47.45,    -999999,  233,   515.4,   3.43,   70.85,   8.63,   0.78,   31.7,   20.45,   115.33,   32.42,   27.08,   23.46,   1.36,   1.21,   5.36,   3.32,   0.43,   2.48,   87.08,   4.61,   2.43,   6.93,   0.51,   1.16,   490.09,   546.27,   78.04,   16.09,   5.87,   542.5,   3545.86,   1968.69,   575.78,   252.89,   132.02,   169.31,   140.12,   106.03,   0.33,   0.19,   1.55,   0.61,   52.38,   263.46,          3.7748000  
72127,   32,          401950.00,         4.0000000,  13.73927152,   36.3663688,   265.5494894,   0.7878409537,   922.08,   281.6139939,   288.2174995,   302.5,   58.88107984,   0.72812,   97.80533281,   97.33719241,    -999999,  0.28934,    -999999,  176.38,   179.16,   0.96,   -2.64,   288.2199939,   270.7099939,   286.3299939,   974.26,    -999999,   -999999,   -999999,   -999999,  3.479822,   5.1301,   11.11424,   12.06032,   46.158,   55.18,   -5.014,   -1.782,   0.35388,   0.37424,   41.92,   416.228,   1.966877778,   0.1730318182,   416.46,   1966.3,   167.17,   330.36,   9.42,   491.84,   -47.45,    -999999,  233,   515.4,   3.43,   70.85,   8.63,   0.78,   31.7,   20.45,   115.33,   32.42,   27.08,   23.46,   1.36,   1.21,   5.36,   3.32,   0.43,   2.48,   87.08,   4.61,   2.43,   6.93,   0.51,   1.16,   490.09,   546.27,   78.04,   16.09,   5.87,   542.5,   3545.86,   1968.69,   575.78,   252.89,   132.02,   169.31,   140.12,   106.03,   0.33,   0.19,   1.55,   0.61,   52.38,   263.46,          3.7664000  
72132,   32,          401951.00,         4.0000000,  13.74066634,   36.3619626,   265.5495784,   0.7864144897,   922.24,   281.7519939,   288.3444409,   302.5,   58.88551644,   0.7268,   97.77446641,   97.97715577,    -999999,  0.29118,    -999999,  175.64,   179.02,   1.28,   -1.98,   288.3459939,   270.6699939,   286.5299939,   974.28,    -999999,   -999999,   -999999,   -999999,  3.46885,   5.1149,   11.21856,   12.18964,   45.594,   55.906,   -5.534,   -1.06,   0.34382,   0.38298,   39.32,   416.44,   1.9662,   0.1673142857,   416.46,   1966.3,   167.17,   330.36,   9.42,   491.84,   -47.45,    -999999,  233,   515.4,   3.43,   70.85,   8.63,   0.78,   31.7,   20.45,   115.33,   32.42,   27.08,   23.46,   1.36,   1.21,   5.36,   3.32,   0.43,   2.48,   87.08,   4.61,   2.43,   6.93,   0.51,   1.16,   490.09,   546.27,   78.04,   16.09,   5.87,   542.5,   3545.86,   1968.69,   575.78,   252.89,   132.02,   169.31,   140.12,   106.03,   0.33,   0.19,   1.55,   0.61,   52.38,   263.46,          3.5264000  
72137,   32,          401952.00,         4.0000000,  13.74206043,   36.3575622,   265.5496564,   0.7860487297,   922.28,   281.7339939,   288.3224469,   302.5,   58.88996083,   0.72682,   97.64071201,   96.92255377,    -999999,  0.28806,    -999999,  176.3,   179.32,   1,   -1.4,   288.3259939,   270.6099939,   286.4099939,   974.2,    -999999,   -999999,   -999999,   -999999,  3.45322,   5.09222,   11.205,   12.1729,   45.444,   54.688,   -5.53,   -2.078,   0.34804,   0.37878,   41.22,   416.41,   1.9659,   0.1728380952,   416.46,   1966.3,   167.17,   330.36,   9.42,   491.84,   -47.45,    -999999,  233,   515.4,   3.43,   70.85,   8.63,   0.78,   31.7,   20.45,   115.33,   32.42,   27.08,   23.46,   1.36,   1.21,   5.36,   3.32,   0.43,   2.48,   87.08,   4.61,   2.43,   6.93,   0.51,   1.16,   490.09,   546.27,   78.04,   16.09,   5.87,   542.5,   3545.86,   1968.69,   575.78,   252.89,   132.02,   169.31,   140.12,   106.03,   0.33,   0.19,   1.55,   0.61,   52.38,   263.46,          3.4526000  
72142,   32,          401953.00,         4.0000000,  13.74345254,   36.3531564,   265.5497048,   0.7887370657,   921.98,   281.7159939,   288.3308258,   302.5,   58.89439588,   0.72986,   97.83619921,   97.93188505,    -999999,  0.29104,    -999999,  176.22,   179.5,   0.64,   -2.42,   288.3319939,   270.6099939,   286.4899939,   974.26,    -999999,   -999999,   -999999,   -999999,  3.454348,   5.09222,   11.19128,   12.15584,   45.5,   55.842,   -5.286,   -1.274,   0.3423,   0.38756,   41.18,   416.38,   1.96705,   0.18075,   416.46,   1966.3,   167.17,   330.36,   9.42,   491.84,   -47.45,    -999999,  233,   515.4,   3.43,   70.85,   8.63,   0.78,   31.7,   20.45,   115.33,   32.42,   27.08,   23.46,   1.36,   1.21,   5.36,   3.32,   0.43,   2.48,   87.08,   4.61,   2.43,   6.93,   0.51,   1.16,   490.09,   546.27,   78.04,   16.09,   5.87,   542.5,   3545.86,   1968.69,   575.78,   252.89,   132.02,   169.31,   140.12,   106.03,   0.33,   0.19,   1.55,   0.61,   52.38,   263.46,          3.6516000  
72147,   32,          401954.00,         4.0000000,  13.7448458,   36.348736,   265.5497704,   0.7898160578,   921.86,   281.8739939,   288.5032648,   302.5,   58.89883213,   0.72962,   98.28890641,   96.94518913,    -999999,  0.28804,    -999999,  176.6,   179.2,   0.26,   -3.32,   288.5019939,   270.7099939,   286.5499939,   974.18,    -999999,   -999999,   -999999,   -999999,  3.480652,   5.1301,   11.31158,   12.3051,   45.354,   54.664,   -3.808,   -2.74,   0.34076,   0.38886,   41.2,   416.38,   1.9658,   0.1652210526,   416.46,   1966.3,   167.17,   330.36,   9.42,   491.84,   -47.45,    -999999,  233,   515.4,   3.43,   70.85,   8.63,   0.78,   31.7,   20.45,   115.33,   32.42,   27.08,   23.46,   1.36,   1.21,   5.36,   3.32,   0.43,   2.48,   87.08,   4.61,   2.43,   6.93,   0.51,   1.16,   490.09,   546.27,   78.04,   16.09,   5.87,   542.5,   3545.86,   1968.69,   575.78,   252.89,   132.02,   169.31,   140.12,   106.03,   0.33,   0.19,   1.55,   0.61,   52.38,   263.46,          3.6350000  
72152,   32,          401955.00,         4.0000000,  13.74624247,   36.3442908,   265.549887,   0.7844332897,   922.46,   281.8239939,   288.3984709,   302.5,   58.90327412,   0.72428,   98.86507921,   97.24459321,    -999999,  0.28896,    -999999,  176.32,   178.66,   0.8,   -3.06,   288.3999939,   270.6899939,   286.5299939,   974.3,    -999999,   -999999,   -999999,   -999999,  3.473206,   5.1225,   11.27342,   12.25766,   45.438,   55.052,   -4.066,   -2.978,   0.3713,   0.35298,   42.12,   416.42,   1.9654,   0.17335,    -999999,   -999999,   -999999,   -999999,   -999999,   -999999,   -999999,   -999999,   -999999,   -999999,   -999999,   -999999,   -999999,   -999999,   -999999,   -999999,   -999999,   -999999,   -999999,   -999999,   -999999,   -999999,   -999999,   -999999,   -999999,   -999999,   -999999,   -999999,   -999999,   -999999,   -999999,   -999999,   -999999,   -999999,   -999999,   -999999,   -999999,   -999999,   -999999,   -999999,   -999999,   -999999,   -999999,   -999999,   -999999,   -999999,   -999999,   -999999,   -999999,   -999999,   -999999,   -999999,         3.6662000  
72157,   32,          401956.00,         4.0000000,  13.7476414,   36.339832,   265.5500376,   0.7820985217,   922.72,   281.7119939,   288.2606468,   302.5,   58.90772491,   0.72308,   99.05027761,   97.76829313,    -999999,  0.29056,    -999999,  175.54,   178.4,   1.12,   -1.84,   288.2619939,   270.6499939,   286.4699939,   974.3,    -999999,   -999999,   -999999,   -999999,  3.461862,   5.1073,   11.18826,   12.15204,   45.648,   55.698,   -5.304,   -2.614,   0.38896,   0.33412,   41.78,   416.4366667,   1.96675,   0.1761,    -999999,   -999999,   -999999,   -999999,   -999999,   -999999,   -999999,   -999999,   -999999,   -999999,   -999999,   -999999,   -999999,   -999999,   -999999,   -999999,   -999999,   -999999,   -999999,   -999999,   -999999,   -999999,   -999999,   -999999,   -999999,   -999999,   -999999,   -999999,   -999999,   -999999,   -999999,   -999999,   -999999,   -999999,   -999999,   -999999,   -999999,   -999999,   -999999,   -999999,   -999999,   -999999,   -999999,   -999999,   -999999,   -999999,   -999999,   -999999,   -999999,   -999999,   -999999,   -999999,         3.7082000  
72162,   32,          401957.00,         4.0000000,  13.74903915,   36.335374,   265.5501706,   0.7840736257,   922.5,   281.6419939,   288.2086545,   302.5,   58.91217655,   0.72484,   98.92681201,   97.86295009,    -999999,  0.2909,    -999999,  175.78,   178.76,   1.22,   -0.94,   288.2099939,   270.6499939,   286.4099939,   974.28,    -999999,   -999999,   -999999,   -999999,  3.462692,   5.1073,   11.13524,   12.0864,   45.868,   55.808,   -4.766,   -2.32,   0.39552,   0.32932,   40.5,   416.404,   1.967,   0.1683210526,    -999999,   -999999,   -999999,   -999999,   -999999,   -999999,   -999999,   -999999,   -999999,   -999999,   -999999,   -999999,   -999999,   -999999,   -999999,   -999999,   -999999,   -999999,   -999999,   -999999,   -999999,   -999999,   -999999,   -999999,   -999999,   -999999,   -999999,   -999999,   -999999,   -999999,   -999999,   -999999,   -999999,   -999999,   -999999,   -999999,   -999999,   -999999,   -999999,   -999999,   -999999,   -999999,   -999999,   -999999,   -999999,   -999999,   -999999,   -999999,   -999999,   -999999,   -999999,   -999999,         3.9072000  
72167,   32,          401958.00,         4.0000000,  13.75043436,   36.3309196,   265.5502654,   0.7831775137,   922.6,   281.6319939,   288.1894959,   302.5,   58.91662327,   0.72398,   98.89594561,   97.98435793,    -999999,  0.29128,    -999999,  175.86,   179.08,   1.2,   -2.64,   288.1899939,   270.6499939,   286.4099939,   974.22,    -999999,   -999999,   -999999,   -999999,  3.462312,   5.1073,   11.12786,   12.0772,   45.896,   55.962,   -5.354,   -2.192,   0.39598,   0.328,   41.26,   416.44,   1.968008333,   0.17435,    -999999,   -999999,   -999999,   -999999,   -999999,   -999999,   -999999,   -999999,   -999999,   -999999,   -999999,   -999999,   -999999,   -999999,   -999999,   -999999,   -999999,   -999999,   -999999,   -999999,   -999999,   -999999,   -999999,   -999999,   -999999,   -999999,   -999999,   -999999,   -999999,   -999999,   -999999,   -999999,   -999999,   -999999,   -999999,   -999999,   -999999,   -999999,   -999999,   -999999,   -999999,   -999999,   -999999,   -999999,   -999999,   -999999,   -999999,   -999999,   -999999,   -999999,   -999999,   -999999,         3.8470000  
72172,   32,          401959.00,         4.0000000,  13.75182974,   36.326467,   265.5503628,   0.7878409537,   922.08,   281.6759939,   288.2809533,   302.5,   58.92107971,   0.7292,   98.84450161,   97.31455705,    -999999,  0.28924,    -999999,  176.06,   179.04,   0.48,   -2.2,   288.2819939,   270.7499939,   286.3899939,   974.28,    -999999,   -999999,   -999999,   -999999,  3.49019,   5.1453,   11.16102,   12.11836,   46.1,   55.14,   -4.994,   -2.944,   0.3912,   0.338,   41.78,   416.58,   1.9669,   0.1635,    -999999,   -999999,   -999999,   -999999,   -999999,   -999999,   -999999,   -999999,   -999999,   -999999,   -999999,   -999999,   -999999,   -999999,   -999999,   -999999,   -999999,   -999999,   -999999,   -999999,   -999999,   -999999,   -999999,   -999999,   -999999,   -999999,   -999999,   -999999,   -999999,   -999999,   -999999,   -999999,   -999999,   -999999,   -999999,   -999999,   -999999,   -999999,   -999999,   -999999,   -999999,   -999999,   -999999,   -999999,   -999999,   -999999,   -999999,   -999999,   -999999,   -999999,   -999999,   -999999,         3.7076000  
72177,   32,          401960.00,         4.0000000,  13.75322552,   36.3220014,   265.5504662,   0.7855183777,   922.34,   281.5539939,   288.132882,   302.5,   58.92553435,   0.7252,   99.24576481,   97.75594657,    -999999,  0.29064,    -999999,  175.66,   178.8,   0.88,   -2.28,   288.1339939,   270.7499939,   286.3099939,   974.28,    -999999,   -999999,   -999999,   -999999,  3.489204,   5.1453,   11.06918,   12.00462,   46.484,   55.694,   -5.172,   -2.872,   0.40032,   0.32488,   42.06,   416.77,   1.97035,   0.2139714286,    -999999,   -999999,   -999999,   -999999,   -999999,   -999999,   -999999,   -999999,   -999999,   -999999,   -999999,   -999999,   -999999,   -999999,   -999999,   -999999,   -999999,   -999999,   -999999,   -999999,   -999999,   -999999,   -999999,   -999999,   -999999,   -999999,   -999999,   -999999,   -999999,   -999999,   -999999,   -999999,   -999999,   -999999,   -999999,   -999999,   -999999,   -999999,   -999999,   -999999,   -999999,   -999999,   -999999,   -999999,   -999999,   -999999,   -999999,   -999999,   -999999,   -999999,   -999999,   -999999,         3.9794000  
