inputs/ACTAMERICA_Merge/B200/ACTAMERICA-mrg05-b200_merge_20160823_R0.ict
142, 1001
Shook, Michael
NASA Atmospheric Composition Branch, NASA Langley Research Center (SSAI)
Merged data file for ACT-AMERICA 2016, Flight 22 (20160823), on the b200 platform. Data is merged to 05 seconds.
ACTAmerica - 2016
1, 1
2016, 08, 23, 2018, 09, 19
05
UTC,s
102
1, 1, 1, 1, 1, 1, 1, 1, 1, 1, 1, 1, 1, 1, 1, 1, 1, 1, 1, 1, 1, 1, 1, 1, 1, 1, 1, 1, 1, 1, 1, 1, 1, 1, 1, 1, 1, 1, 1, 1, 1, 1, 1, 1, 1, 1, 1, 1, 1, 1, 1, 1, 1, 1, 1, 1, 1, 1, 1, 1, 1, 1, 1, 1, 1, 1, 1, 1, 1, 1, 1, 1, 1, 1, 1, 1, 1, 1, 1, 1, 1, 1, 1, 1, 1, 1, 1, 1, 1, 1, 1, 1, 1, 1, 1, 1, 1, 1, 1, 1, 1, 1
-999999, -999999, -999999, -999999, -999999, -999999, -999999, -999999, -999999, -999999, -999999, -999999, -999999, -999999, -999999, -999999, -999999, -999999, -999999, -999999, -999999, -999999, -999999, -999999, -999999, -999999, -999999, -999999, -999999, -999999, -999999, -999999, -999999, -999999, -999999, -999999, -999999, -999999, -999999, -999999, -999999, -999999, -999999, -999999, -999999, -999999, -999999, -999999, -999999, -999999, -999999, -999999, -999999, -999999, -999999, -999999, -999999, -999999, -999999, -999999, -999999, -999999, -999999, -999999, -999999, -999999, -999999, -999999, -999999, -999999, -999999, -999999, -999999, -999999, -999999, -999999, -999999, -999999, -999999, -999999, -999999, -999999, -999999, -999999, -999999, -999999, -999999, -999999, -999999, -999999, -999999, -999999, -999999, -999999, -999999, -999999, -999999, -999999, -999999, -999999, -999999, -999999
JDAY, days
INDEX, none
FLIGHT, none
LOCAL_SUN_TIME, hour
LATITUDE, degs
LONGITUDE, degs
ALTP, km
PRESSURE, hPa
TEMPERATURE, K
THETA, K, calculated from ambient temperature and pressure
O3COLUMN, DU, OMI ozone column data extracted along flight track
SZA, deg
WNS, m s-1
WND, Degs
GPS_ALT, km
GRD_SPD, m/s
TAS, m/s
IAS, m/s
MachNumber, mach
VerticalSpeed, ft min-1
HDG, degs
TRK, degs
DifferentialPressure, hPa
DriftAngle, degs
PITCH, degs
ROLL, degs
PotentialTemp_Nav, K
Dewpoint, K
TotalAirTemp, K
StaticPressure, hPa
CabinPressure, hPa
SolarZenithAngle, degs
AircraftSunElevation, degs
SunAzimuth, degs
AircraftSunAzimuth, degs
H2O_MixingRatio_Nav, g kg-1
H2O_VaporPressure_Nav, hPa
H2O_SatVaporPressureWater_Nav, hPa
H2O_SatVaporPressureIce_Nav, hPa
H2O_RelativeHumidity_Nav, %
ManeuverFlag, none
U_WINDS, m s-1
V_WINDS, m s-1
GroundElevation-AMSL_GoogleMaps, km
Altitude-AGL_GoogleMaps, km
O3_MoleFraction, ppb
CO2_DryMoleFrac_PICARRO, ppm
CH4_DryMoleFrac_PICARRO, ppm
CO_DryMoleFrac_PICARRO, ppm
CO2_MoleFraction_PFP, ppm
CH4_MoleFraction_PFP, ppb
CO_MoleFraction_PFP, ppb
N2O_MoleFraction_PFP, ppb
SF6_CCGG_MoleFraction_PFP, ppt
H2_MoleFraction_PFP, ppb
CH4C13_MoleFraction_PFP, permil
CO2C14_MoleFraction_PFP, permil
F11B_MoleFraction_PFP, ppt
FC12_MoleFraction_PFP, ppt
F13_MoleFraction_PFP, ppt
F113_MoleFraction_PFP, ppt
F115_MoleFraction_PFP, ppt
HF133a_MoleFraction_PFP, ppt
F23_MoleFraction_PFP, ppt
F32_MoleFraction_PFP, ppt
F134A_MoleFraction_PFP, ppt
F152A_MoleFraction_PFP, ppt
F125_MoleFraction_PFP, ppt
F143a_MoleFraction_PFP, ppt
F227e_MoleFraction_PFP, ppt
F365m_MoleFraction_PFP, ppt
H1211_MoleFraction_PFP, ppt
H1301_MoleFraction_PFP, ppt
H2402_MoleFraction_PFP, ppt
MCFA_MoleFraction_PFP, ppt
CF4_MoleFraction_PFP, ppt
C2F6_MoleFraction_PFP, ppt
SO2F2_MoleFraction_PFP, ppt
MEBR_MoleFraction_PFP, ppt
[...]
[from data line 1814]
59967,   236,          2201815.0,         22.000000,  10.38695444,   31.55156,   265.9314,   2.623291712,   735.2,   284.7299939,   310.8873694,   290.75,   30.09748675,    -999999,   -999999,  2.74208,   118.0536912,   111.7672344,    -999999,  0.3304,    -999999,  359.78,   359.98,    -999999,   -999999,   -999999,   -999999,  312.0899939,   276.1299939,   290.9299939,   735.2,   968.12,    -999999,   -999999,   -999999,   -999999,  6.491698,   7.5941,   13.68482,   15.29624,   55.496,   6,    -999999,   -999999,  0.16656,   2.57552,   30.76,   401.2,   1.8307,   0.0685,    -999999,   -999999,   -999999,   -999999,   -999999,   -999999,   -999999,   -999999,   -999999,   -999999,   -999999,   -999999,   -999999,   -999999,   -999999,   -999999,   -999999,   -999999,   -999999,   -999999,   -999999,   -999999,   -999999,   -999999,   -999999,   -999999,   -999999,   -999999,   -999999,   -999999,   -999999,   -999999,   -999999,   -999999,   -999999,   -999999,   -999999,   -999999,   -999999,   -999999,   -999999,   -999999,   -999999,   -999999,   -999999,   -999999,   -999999,   -999999,   -999999,   -999999,   -999999,   -999999,     -999999  
59972,   236,          2201816.0,         22.000000,  10.38834333,   31.55686,   265.9314,   2.625730112,   734.98,   284.6499939,   310.8265975,   290.75,   30.08643733,    -999999,   -999999,  2.7449,   117.7347384,   111.4071264,    -999999,  0.3292,    -999999,  0.24,   0.3,    -999999,   -999999,   -999999,   -999999,  312.0099939,   276.4699939,   290.8299939,   734.98,   967.88,    -999999,   -999999,   -999999,   -999999,  6.653336,   7.77892,   13.6124,   15.20366,   57.142,   6,    -999999,   -999999,  0.16242,   2.58248,   30.48,   401.18,   1.831,   0.05766666667,   401.17,   1837.39,   64.36,   329.11,   9.04,   530.31,   -47.26,    -999999,  231.5,   517.82,   3.31,   72.21,   8.52,   0.49,   29.15,   12.66,   96.37,   7.32,   22,   19.82,   1.21,   0.98,    -999999,  3.33,   0.4,   2.61,   82.68,   4.64,   2.06,   6.96,   0.26,   0.69,    -999999,  571.76,   32.15,   6.75,   1.06,   17.99,   321,   23.05,   3.85,   3.29,   1.39,   2.15,   5.09,   88.89,   0.13,   0.15,   0.41,   0.69,   2.54,   243,         0.17400000  
59977,   236,          2201817.0,         22.000000,  10.38973222,   31.56218,   265.9314,   2.623352672,   735.18,   284.5899939,   310.7369232,   290.75,   30.0754102,    -999999,   -999999,  2.74442,   117.7450272,   111.7672344,    -999999,  0.3306,    -999999,  0.42,   0.4,    -999999,   -999999,   -999999,   -999999,  311.9499939,   276.4899939,   290.8099939,   735.18,   967.94,    -999999,   -999999,   -999999,   -999999,  6.66104,   7.78994,   13.55852,   15.13482,   57.452,   6,    -999999,   -999999,  0.14822,   2.5962,   30.68,   401.136,   1.830722222,   0.05766666667,   401.17,   1837.39,   64.36,   329.11,   9.04,   530.31,   -47.26,    -999999,  231.5,   517.82,   3.31,   72.21,   8.52,   0.49,   29.15,   12.66,   96.37,   7.32,   22,   19.82,   1.21,   0.98,    -999999,  3.33,   0.4,   2.61,   82.68,   4.64,   2.06,   6.96,   0.26,   0.69,    -999999,  571.76,   32.15,   6.75,   1.06,   17.99,   321,   23.05,   3.85,   3.29,   1.39,   2.15,   5.09,   88.89,   0.13,   0.15,   0.41,   0.69,   2.54,   243,        0.062000000  
59982,   236,          2201818.0,         22.000000,  10.39112644,   31.5675,   265.93148,   2.622986912,   735.22,   284.5699939,   310.7102557,   290.75,   30.06433886,    -999999,   -999999,  2.74224,   118.115424,   111.479148,    -999999,  0.3296,    -999999,  0.52,   0.36,    -999999,   -999999,   -999999,   -999999,  311.8899939,   276.5899939,   290.7499939,   735.22,   967.84,    -999999,   -999999,   -999999,   -999999,  6.708402,   7.84516,   13.54056,   15.11186,   57.938,   6,    -999999,   -999999,  0.17018,   2.57206,   30.76,   401.2,   1.8307,   0.06272727273,   401.17,   1837.39,   64.36,   329.11,   9.04,   530.31,   -47.26,    -999999,  231.5,   517.82,   3.31,   72.21,   8.52,   0.49,   29.15,   12.66,   96.37,   7.32,   22,   19.82,   1.21,   0.98,    -999999,  3.33,   0.4,   2.61,   82.68,   4.64,   2.06,   6.96,   0.26,   0.69,    -999999,  571.76,   32.15,   6.75,   1.06,   17.99,   321,   23.05,   3.85,   3.29,   1.39,   2.15,   5.09,   88.89,   0.13,   0.15,   0.41,   0.69,   2.54,   243,        0.078333333  
59987,   236,          2201819.0,         22.000000,  10.39251667,   31.57284,   265.9315,   2.623474592,   735.2,   284.5699939,   310.7126707,   290.75,   30.05333082,    -999999,   -999999,  2.7428,   118.2286008,   111.1807728,    -999999,  0.329,    -999999,  0.2,   0.14,    -999999,   -999999,   -999999,   -999999,  311.9099939,   276.5299939,   290.7099939,   735.2,   967.98,    -999999,   -999999,   -999999,   -999999,  6.679956,   7.81204,   13.54056,   15.11186,   57.692,   6,    -999999,   -999999,  0.14168,   2.60112,   30.38,   401.176,   1.8307,   0.063,   401.17,   1837.39,   64.36,   329.11,   9.04,   530.31,   -47.26,    -999999,  231.5,   517.82,   3.31,   72.21,   8.52,   0.49,   29.15,   12.66,   96.37,   7.32,   22,   19.82,   1.21,   0.98,    -999999,  3.33,   0.4,   2.61,   82.68,   4.64,   2.06,   6.96,   0.26,   0.69,    -999999,  571.76,   32.15,   6.75,   1.06,   17.99,   321,   23.05,   3.85,   3.29,   1.39,   2.15,   5.09,   88.89,   0.13,   0.15,   0.41,   0.69,   2.54,   243,        0.021666667  
59992,   236,          2201820.0,         22.000000,  10.39390556,   31.57816,   265.9315,   2.624998592,   735.04,   284.5699939,   310.7319933,   290.75,   30.04233477,    -999999,   -999999,  2.74424,   118.269756,   111.4894368,    -999999,  0.3296,    -999999,  359.84,   359.82,    -999999,   -999999,   -999999,   -999999,  311.9299939,   276.4899939,   290.7699939,   735.04,   967.96,    -999999,   -999999,   -999999,   -999999,  6.662318,   7.78994,   13.54064,   15.11204,   57.53,   6,    -999999,   -999999,  0.13802,   2.60622,   32.66,   401.165,   1.8302,   0.06376190476,    -999999,   -999999,   -999999,   -999999,   -999999,   -999999,   -999999,   -999999,   -999999,   -999999,   -999999,   -999999,   -999999,   -999999,   -999999,   -999999,   -999999,   -999999,   -999999,   -999999,   -999999,   -999999,   -999999,   -999999,   -999999,   -999999,   -999999,   -999999,   -999999,   -999999,   -999999,   -999999,   -999999,   -999999,   -999999,   -999999,   -999999,   -999999,   -999999,   -999999,   -999999,   -999999,   -999999,   -999999,   -999999,   -999999,   -999999,   -999999,   -999999,   -999999,   -999999,   -999999,     -999999  
59997,   236,          2201821.0,         22.000000,  10.39529178,   31.58348,   265.93146,   2.626095872,   734.92,   284.5099939,   310.6809696,   290.75,   30.03137631,    -999999,   -999999,  2.74584,   118.2286008,   111.7157904,    -999999,  0.3304,    -999999,  359.68,   359.62,    -999999,   -999999,   -999999,   -999999,  311.8899939,   276.4699939,   290.7099939,   734.92,   968.02,    -999999,   -999999,   -999999,   -999999,  6.653884,   7.77892,   13.4868,   15.04334,   57.678,   6,    -999999,   -999999,  0.1342,   2.61164,   31.86,   401.232,   1.830311111,   0.06047619048,    -999999,   -999999,   -999999,   -999999,   -999999,   -999999,   -999999,   -999999,   -999999,   -999999,   -999999,   -999999,   -999999,   -999999,   -999999,   -999999,   -999999,   -999999,   -999999,   -999999,   -999999,   -999999,   -999999,   -999999,   -999999,   -999999,   -999999,   -999999,   -999999,   -999999,   -999999,   -999999,   -999999,   -999999,   -999999,   -999999,   -999999,   -999999,   -999999,   -999999,   -999999,   -999999,   -999999,   -999999,   -999999,   -999999,   -999999,   -999999,   -999999,   -999999,   -999999,   -999999,       0.015000000  
60002,   236,          2201822.0,         22.000000,  10.39667667,   31.5888,   265.9314,   2.621523872,   735.38,   284.4099939,   310.5162526,   290.75,   30.0204418,    -999999,   -999999,  2.74404,   118.3623552,   112.4462952,    -999999,  0.3326,    -999999,  359.54,   359.48,    -999999,   -999999,   -999999,   -999999,  311.7099939,   276.6499939,   290.7099939,   735.38,   967.78,    -999999,   -999999,   -999999,   -999999,  6.735732,   7.87848,   13.39772,   14.92974,   58.808,   6,    -999999,   -999999,  0.1344,   2.60964,   30.82,   401.228,   1.830622222,   0.06054545455,    -999999,   -999999,   -999999,   -999999,   -999999,   -999999,   -999999,   -999999,   -999999,   -999999,   -999999,   -999999,   -999999,   -999999,   -999999,   -999999,   -999999,   -999999,   -999999,   -999999,   -999999,   -999999,   -999999,   -999999,   -999999,   -999999,   -999999,   -999999,   -999999,   -999999,   -999999,   -999999,   -999999,   -999999,   -999999,   -999999,   -999999,   -999999,   -999999,   -999999,   -999999,   -999999,   -999999,   -999999,   -999999,   -999999,   -999999,   -999999,   -999999,   -999999,   -999999,   -999999,       0.038000000  
60007,   236,          2201823.0,         22.000000,  10.39806156,   31.59416,   265.93134,   2.613172352,   736.16,   284.4499939,   310.4658731,   290.75,   30.00954172,    -999999,   -999999,  2.7363,   118.9179504,   112.6520712,    -999999,  0.3332,    -999999,  358.72,   358.94,    -999999,   -999999,   -999999,   -999999,  311.6699939,   276.6099939,   290.7699939,   736.16,   967.9,    -999999,   -999999,   -999999,   -999999,  6.709334,   7.85624,   13.4333,   14.97504,   58.486,   6,    -999999,   -999999,  0.16468,   2.57162,   29.02,   401.26,   1.8305,   0.06257142857,    -999999,   -999999,   -999999,   -999999,   -999999,   -999999,   -999999,   -999999,   -999999,   -999999,   -999999,   -999999,   -999999,   -999999,   -999999,   -999999,   -999999,   -999999,   -999999,   -999999,   -999999,   -999999,   -999999,   -999999,   -999999,   -999999,   -999999,   -999999,   -999999,   -999999,   -999999,   -999999,   -999999,   -999999,   -999999,   -999999,   -999999,   -999999,   -999999,   -999999,   -999999,   -999999,   -999999,   -999999,   -999999,   -999999,   -999999,   -999999,   -999999,   -999999,   -999999,   -999999,       0.090400000  
60012,   236,          2201824.0,         22.000000,  10.39943844,   31.59954,   265.93116,   2.610855872,   736.36,   284.5499939,   310.5509156,   290.75,   29.99874564,    -999999,   -999999,  2.7297,   119.3809464,   112.66236,    -999999,  0.333,    -999999,  357.42,   357.86,    -999999,   -999999,   -999999,   -999999,  311.7499939,   276.7099939,   290.8699939,   736.36,   967.88,    -999999,   -999999,   -999999,   -999999,  6.75559,   7.91196,   13.52272,   15.08916,   58.508,   6,    -999999,   -999999,  0.14928,   2.58042,   29.74,   401.226,   1.830966667,   0.0595,    -999999,   -999999,   -999999,   -999999,   -999999,   -999999,   -999999,   -999999,   -999999,   -999999,   -999999,   -999999,   -999999,   -999999,   -999999,   -999999,   -999999,   -999999,   -999999,   -999999,   -999999,   -999999,   -999999,   -999999,   -999999,   -999999,   -999999,   -999999,   -999999,   -999999,   -999999,   -999999,   -999999,   -999999,   -999999,   -999999,   -999999,   -999999,   -999999,   -999999,   -999999,   -999999,   -999999,   -999999,   -999999,   -999999,   -999999,   -999999,   -999999,   -999999,   -999999,   -999999,       0.058600000  
60017,   236,          2201825.0,         22.000000,  10.40080867,   31.60492,   265.93088,   2.609880512,   736.46,   284.6499939,   310.6480003,   290.75,   29.98802781,    -999999,   -999999,  2.72838,   119.3706576,   112.7549592,    -999999,  0.3334,    -999999,  356.88,   357.28,    -999999,   -999999,   -999999,   -999999,  311.8699939,   276.7099939,   291.0099939,   736.46,   968.08,    -999999,   -999999,   -999999,   -999999,  6.754662,   7.91196,   13.6125,   15.20376,   58.126,   6,    -999999,   -999999,  0.1444,   2.58398,   29.44,   401.19,   1.8307,   0.061,    -999999,   -999999,   -999999,   -999999,   -999999,   -999999,   -999999,   -999999,   -999999,   -999999,   -999999,   -999999,   -999999,   -999999,   -999999,   -999999,   -999999,   -999999,   -999999,   -999999,   -999999,   -999999,   -999999,   -999999,   -999999,   -999999,   -999999,   -999999,   -999999,   -999999,   -999999,   -999999,   -999999,   -999999,   -999999,   -999999,   -999999,   -999999,   -999999,   -999999,   -999999,   -999999,   -999999,   -999999,   -999999,   -999999,   -999999,   -999999,   -999999,   -999999,   -999999,   -999999,       0.018500000  
60022,   236,          2201826.0,         22.000000,  10.40217622,   31.61028,   265.93056,   2.611587392,   736.32,   284.6499939,   310.6648749,   290.75,   29.97733533,    -999999,   -999999,  2.72898,   119.1648816,   112.7240928,    -999999,  0.3332,    -999999,  356.64,   356.94,    -999999,   -999999,   -999999,   -999999,  311.8499939,   276.7499939,   290.9699939,   736.32,   968.08,    -999999,   -999999,   -999999,   -999999,  6.77535,   7.9344,   13.6125,   15.20372,   58.29,   6,    -999999,   -999999,  0.12806,   2.60092,   32.36,   401.125,   1.8306,   0.0605,    -999999,   -999999,   -999999,   -999999,   -999999,   -999999,   -999999,   -999999,   -999999,   -999999,   -999999,   -999999,   -999999,   -999999,   -999999,   -999999,   -999999,   -999999,   -999999,   -999999,   -999999,   -999999,   -999999,   -999999,   -999999,   -999999,   -999999,   -999999,   -999999,   -999999,   -999999,   -999999,   -999999,   -999999,   -999999,   -999999,   -999999,   -999999,   -999999,   -999999,   -999999,   -999999,   -999999,   -999999,   -999999,   -999999,   -999999,   -999999,   -999999,   -999999,   -999999,   -999999,     -999999  
60027,   236,          2201827.0,         22.000000,  10.40354244,   31.61564,   265.93022,   2.613050432,   736.18,   284.6099939,   310.6380955,   290.75,   29.96666664,    -999999,   -999999,  2.73118,   118.9179504,   112.3434072,    -999999,  0.3324,    -999999,  356.42,   356.72,    -999999,   -999999,   -999999,   -999999,  311.8299939,   276.8299939,   290.8699939,   736.18,   968.1,    -999999,   -999999,   -999999,   -999999,  6.815414,   7.97932,   13.57652,   15.15782,   58.778,   6,    -999999,   -999999,  0.1253,   2.60588,   30.3,   401.236,   1.83075,   0.0685,    -999999,   -999999,   -999999,   -999999,   -999999,   -999999,   -999999,   -999999,   -999999,   -999999,   -999999,   -999999,   -999999,   -999999,   -999999,   -999999,   -999999,   -999999,   -999999,   -999999,   -999999,   -999999,   -999999,   -999999,   -999999,   -999999,   -999999,   -999999,   -999999,   -999999,   -999999,   -999999,   -999999,   -999999,   -999999,   -999999,   -999999,   -999999,   -999999,   -999999,   -999999,   -999999,   -999999,   -999999,   -999999,   -999999,   -999999,   -999999,   -999999,   -999999,   -999999,   -999999,       0.036000000  
