inputs/ACTAMERICA_Merge/B200/ACTAMERICA-mrg05-b200_merge_20170225_R0.ict
136, 1001
Shook, Michael
NASA Atmospheric Composition Branch, NASA Langley Research Center (SSAI)
Merged data file for ACT-AMERICA 2017, Flight 18 (20170225), on the b200 platform. Data is merged to 05 seconds.
NASA ACT-AMERICA 2017
1, 1
2017, 02, 25, 2018, 02, 22
05
UTC,s
97
1, 1, 1, 1, 1, 1, 1, 1, 1, 1, 1, 1, 1, 1, 1, 1, 1, 1, 1, 1, 1, 1, 1, 1, 1, 1, 1, 1, 1, 1, 1, 1, 1, 1, 1, 1, 1, 1, 1, 1, 1, 1, 1, 1, 1, 1, 1, 1, 1, 1, 1, 1, 1, 1, 1, 1, 1, 1, 1, 1, 1, 1, 1, 1, 1, 1, 1, 1, 1, 1, 1, 1, 1, 1, 1, 1, 1, 1, 1, 1, 1, 1, 1, 1, 1, 1, 1, 1, 1, 1, 1, 1, 1, 1, 1, 1, 1
-999999, -999999, -999999, -999999, -999999, -999999, -999999, -999999, -999999, -999999, -999999, -999999, -999999, -999999, -999999, -999999, -999999, -999999, -999999, -999999, -999999, -999999, -999999, -999999, -999999, -999999, -999999, -999999, -999999, -999999, -999999, -999999, -999999, -999999, -999999, -999999, -999999, -999999, -999999, -999999, -999999, -999999, -999999, -999999, -999999, -999999, -999999, -999999, -999999, -999999, -999999, -999999, -999999, -999999, -999999, -999999, -999999, -999999, -999999, -999999, -999999, -999999, -999999, -999999, -999999, -999999, -999999, -999999, -999999, -999999, -999999, -999999, -999999, -999999, -999999, -999999, -999999, -999999, -999999, -999999, -999999, -999999, -999999, -999999, -999999, -999999, -999999, -999999, -999999, -999999, -999999, -999999, -999999, -999999, -999999, -999999, -999999
JDAY, days
INDEX, none
FLIGHT, none
LOCAL_SUN_TIME, hour
LATITUDE, degs
LONGITUDE, degs
ALTP, km
PRESSURE, hPa
TEMPERATURE, K
THETA, K
O3COLUMN, DU
SZA, deg
GPS_ALT, km
GRD_SPD, m/s
TAS, m/s
IAS, m/s
MachNumber, mach
VerticalSpeed, ft min-1
HDG, degs
TRK, degs
PITCH, degs
ROLL, degs
PotentialTemp, K
Dewpoint, K
TotalAirTemp, K
CabinPressure, hPa
SolarZenithAngle, degs
AircraftSunElevation, degs
SunAzimuth, degs
AircraftSunAzimuth, degs
H2O_MixingRatio, g kg-1
H2O_VaporPressure, hPa
H2O_SatVaporPressureWater, hPa
H2O_SatVaporPressureIce, hPa
H2O_RelativeHumidity, %
DifferentialPressure, hPa
U_WINDS, m s-1
V_WINDS, m s-1
Ground_Elevation, km
Altitude_AGL, km
O3_MixingRatio, ppbv
CO2_MixingRatio_PICARRO, ppmv
CH4_MixingRatio_PICARRO, ppmv
CO_MixingRatio_PICARRO, ppmv
CO2_MoleFraction_PFP, ppm
CH4_MoleFraction_PFP, ppb
CO_MoleFraction_PFP, ppb
N2O_MoleFraction_PFP, ppb
SF6_MoleFraction_PFP, ppt
H2_MoleFraction_PFP, ppb
CH4C13_PFP, per mil
CO2C14_PFP, per mil
F11B_MoleFraction_PFP, ppt
FC12_MoleFraction_PFP, ppt
F13_MoleFraction_PFP, ppt
F113_MoleFraction_PFP, ppt
F115_MoleFraction_PFP, ppt
HF133a_MoleFraction_PFP, ppt
F23_MoleFraction_PFP, ppt
F32_MoleFraction_PFP, ppt
F134A_MoleFraction_PFP, ppt
F152A_MoleFraction_PFP, ppt
F125_MoleFraction_PFP, ppt
F143a_MoleFraction_PFP, ppt
F227e_MoleFraction_PFP, ppt
F365m_MoleFraction_PFP, ppt
H1211_MoleFraction_PFP, ppt
H1301_MoleFraction_PFP, ppt
H2402_MoleFraction_PFP, ppt
MCFA_MoleFraction_PFP, ppt
CF4_MoleFraction_PFP, ppt
C2F6_MoleFraction_PFP, ppt
SO2F2_MoleFraction_PFP, ppt
MEBR_MoleFraction_PFP, ppt
CH3I_MoleFraction_PFP, ppt
DIBR_MoleFraction_PFP, ppt
OCS_MoleFraction_PFP, ppt
MECL_MoleFraction_PFP, ppt
DICL_MoleFraction_PFP, ppt
CLHF_MoleFraction_PFP, ppt
PCE_MoleFraction_PFP, ppt
C2H2_MoleFraction_PFP, ppt
C2H6_MoleFraction_PFP, ppt
C3H8_MoleFraction_PFP, ppt
nC4H10_MoleFraction_PFP, ppt
[...]
[from data line 2506]
76662,   56,          1802507.0,         18.000000,  14.84139572,   41.63817,   263.1855192,   2.331086045,   762.72,   260.0559939,   280.9809206,   388,   64.02651564,   2.17674,   97.33204801,   102.5567007,    -999999,  0.31724,    -999999,  183.56,   178.22,   0.88,   -0.64,   280.9819939,   259.2499939,   265.2899939,   922.72,    -999999,   -999999,   -999999,   -999999,  1.718814,   2.1019,   2.24446,   1.97558,   106.4,   55.1,   9.25,   3.958,   0.44734,   1.7294,   50.02,   413.845,   1.9587,   0.1265636364,   413.91,   1961.5,   135.18,   330.05,   9.4,   496.79,   -47.48,    -999999,  232.45,   515.87,   3.39,   71.01,   8.76,   0.54,   30.28,   15.36,   103.26,   13.42,   24.16,   21.66,   1.31,   1.09,   5.08,   3.35,   0.44,   2.48,   83.03,   4.8,   2.16,   6.61,   0.29,   1.22,    -999999,  555.16,   73.1,   15.48,   4.52,   378.84,   5023.23,   2533.29,   838.46,   389.12,   221,   212.29,   105.63,   64.93,   0.19,   0.17,   0.94,   0.74,   89.35,   252.29,      -999999  
76667,   56,          1802508.0,         18.000000,  14.8427962,   41.6337922,   263.185693,   2.331506669,   762.68,   260.0799939,   281.0110625,   388,   64.03526877,   2.17744,   97.31147041,   102.7285236,    -999999,  0.31776,    -999999,  183.84,   178.38,   0.78,   -0.22,   281.0119939,   259.2099939,   265.3299939,   922.72,    -999999,   -999999,   -999999,   -999999,  1.713292,   2.09506,   2.24886,   1.9799,   105.82,   55.28,   9.574,   4.088,   0.43932,   1.73812,   52.7,   413.82,   1.95875,   0.1308227273,   413.91,   1961.5,   135.18,   330.05,   9.4,   496.79,   -47.48,    -999999,  232.45,   515.87,   3.39,   71.01,   8.76,   0.54,   30.28,   15.36,   103.26,   13.42,   24.16,   21.66,   1.31,   1.09,   5.08,   3.35,   0.44,   2.48,   83.03,   4.8,   2.16,   6.61,   0.29,   1.22,    -999999,  555.16,   73.1,   15.48,   4.52,   378.84,   5023.23,   2533.29,   838.46,   389.12,   221,   212.29,   105.63,   64.93,   0.19,   0.17,   0.94,   0.74,   89.35,   252.29,      -999999  
76672,   56,          1802509.0,         18.000000,  14.84419537,   41.6294142,   263.1858472,   2.332128461,   762.62,   260.0899939,   281.0281841,   388,   64.04401662,   2.17738,   97.29089281,   102.8056896,    -999999,  0.31802,    -999999,  184,   178.58,   0.74,   -0.52,   281.0319939,   259.1499939,   265.3499939,   922.8,    -999999,   -999999,   -999999,   -999999,  1.705012,   2.0848,   2.25062,   1.9817,   105.208,   55.36,   9.542,   4.154,   0.43752,   1.73986,   50.94,   413.775,   1.95755,   0.1354409091,   413.91,   1961.5,   135.18,   330.05,   9.4,   496.79,   -47.48,    -999999,  232.45,   515.87,   3.39,   71.01,   8.76,   0.54,   30.28,   15.36,   103.26,   13.42,   24.16,   21.66,   1.31,   1.09,   5.08,   3.35,   0.44,   2.48,   83.03,   4.8,   2.16,   6.61,   0.29,   1.22,    -999999,  555.16,   73.1,   15.48,   4.52,   378.84,   5023.23,   2533.29,   838.46,   389.12,   221,   212.29,   105.63,   64.93,   0.19,   0.17,   0.94,   0.74,   89.35,   252.29,      -999999  
76677,   56,          1802510.0,         18.000000,  14.84559411,   41.6250354,   263.185995,   2.331707837,   762.66,   260.0999939,   281.0347777,   388,   64.05276611,   2.17694,   97.35262561,   102.751159,    -999999,  0.3178,    -999999,  184.02,   178.54,   0.72,   -0.8,   281.0339939,   259.1699939,   265.3499939,   922.78,    -999999,   -999999,   -999999,   -999999,  1.707728,   2.08822,   2.2525,   1.9835,   105.282,   55.3,   9.544,   4.066,   0.42486,   1.75208,   52.08,   413.655,   1.95715,   0.1311285714,   413.91,   1961.5,   135.18,   330.05,   9.4,   496.79,   -47.48,    -999999,  232.45,   515.87,   3.39,   71.01,   8.76,   0.54,   30.28,   15.36,   103.26,   13.42,   24.16,   21.66,   1.31,   1.09,   5.08,   3.35,   0.44,   2.48,   83.03,   4.8,   2.16,   6.61,   0.29,   1.22,    -999999,  555.16,   73.1,   15.48,   4.52,   378.84,   5023.23,   2533.29,   838.46,   389.12,   221,   212.29,   105.63,   64.93,   0.19,   0.17,   0.94,   0.74,   89.35,   252.29,      -999999  
76682,   56,          1802511.0,         18.000000,  14.84699317,   41.6206542,   263.1861476,   2.331707837,   762.66,   260.1199939,   281.0563874,   388,   64.06152241,   2.17678,   97.39378081,   102.7028016,    -999999,  0.31762,    -999999,  183.94,   178.46,   0.8,   -0.82,   281.0599939,   259.1699939,   265.3699939,   922.78,    -999999,   -999999,   -999999,   -999999,  1.70773,   2.08822,   2.25616,   1.98712,   105.092,   55.24,   9.574,   3.978,   0.41878,   1.758,   52.48,   413.59,   1.955,   0.1310631579,    -999999,   -999999,   -999999,   -999999,   -999999,   -999999,   -999999,   -999999,   -999999,   -999999,   -999999,   -999999,   -999999,   -999999,   -999999,   -999999,   -999999,   -999999,   -999999,   -999999,   -999999,   -999999,   -999999,   -999999,   -999999,   -999999,   -999999,   -999999,   -999999,   -999999,   -999999,   -999999,   -999999,   -999999,   -999999,   -999999,   -999999,   -999999,   -999999,   -999999,   -999999,   -999999,   -999999,   -999999,   -999999,   -999999,   -999999,   -999999,   -999999,   -999999,   -999999,   -999999,     -999999  
76687,   56,          1802512.0,         18.000000,  14.84839284,   41.616272,   263.1863092,   2.331086045,   762.72,   260.1179939,   281.0479093,   388,   64.07028879,   2.17672,   97.42464721,   102.7346969,    -999999,  0.31774,    -999999,  183.98,   178.38,   0.8,   -0.84,   281.0499939,   259.1699939,   265.3699939,   922.68,    -999999,   -999999,   -999999,   -999999,  1.707594,   2.08822,   2.2558,   1.98676,   105.11,   55.28,   9.778,   3.972,   0.41814,   1.75858,   51.26,   413.35,   1.9531,   0.13005,    -999999,   -999999,   -999999,   -999999,   -999999,   -999999,   -999999,   -999999,   -999999,   -999999,   -999999,   -999999,   -999999,   -999999,   -999999,   -999999,   -999999,   -999999,   -999999,   -999999,   -999999,   -999999,   -999999,   -999999,   -999999,   -999999,   -999999,   -999999,   -999999,   -999999,   -999999,   -999999,   -999999,   -999999,   -999999,   -999999,   -999999,   -999999,   -999999,   -999999,   -999999,   -999999,   -999999,   -999999,   -999999,   -999999,   -999999,   -999999,   -999999,   -999999,   -999999,   -999999,     -999999  
76692,   56,          1802513.0,         18.000000,  14.84979304,   41.6118898,   263.186479,   2.331079949,   762.72,   260.1699939,   281.1040934,   388,   64.07906547,   2.17708,   97.40406961,   102.7974586,    -999999,  0.3179,    -999999,  184.14,   178.28,   0.8,   -0.86,   281.1039939,   259.1499939,   265.4299939,   922.68,    -999999,   -999999,   -999999,   -999999,  1.704788,   2.0848,   2.26532,   1.99616,   104.444,   55.34,   10.216,   4.028,   0.42068,   1.7564,   51.34,   413.355,   1.95285,   0.13405,    -999999,   -999999,   -999999,   -999999,   -999999,   -999999,   -999999,   -999999,   -999999,   -999999,   -999999,   -999999,   -999999,   -999999,   -999999,   -999999,   -999999,   -999999,   -999999,   -999999,   -999999,   -999999,   -999999,   -999999,   -999999,   -999999,   -999999,   -999999,   -999999,   -999999,   -999999,   -999999,   -999999,   -999999,   -999999,   -999999,   -999999,   -999999,   -999999,   -999999,   -999999,   -999999,   -999999,   -999999,   -999999,   -999999,   -999999,   -999999,   -999999,   -999999,   -999999,   -999999,     -999999  
76697,   56,          1802514.0,         18.000000,  14.85119381,   41.607509,   263.1866572,   2.332335725,   762.6,   260.0739939,   281.0130017,   388,   64.08785351,   2.17774,   97.37320321,   102.9857436,    -999999,  0.31856,    -999999,  184.08,   178.2,   0.8,   -0.9,   281.0139939,   259.0899939,   265.3499939,   922.74,    -999999,   -999999,   -999999,   -999999,  1.696702,   2.0746,   2.24774,   1.97882,   104.844,   55.56,   10.216,   4.262,   0.42334,   1.7544,   51.28,   413.44,   1.9546,   0.1316,    -999999,   -999999,   -999999,   -999999,   -999999,   -999999,   -999999,   -999999,   -999999,   -999999,   -999999,   -999999,   -999999,   -999999,   -999999,   -999999,   -999999,   -999999,   -999999,   -999999,   -999999,   -999999,   -999999,   -999999,   -999999,   -999999,   -999999,   -999999,   -999999,   -999999,   -999999,   -999999,   -999999,   -999999,   -999999,   -999999,   -999999,   -999999,   -999999,   -999999,   -999999,   -999999,   -999999,   -999999,   -999999,   -999999,   -999999,   -999999,   -999999,   -999999,   -999999,   -999999,     -999999  
76702,   56,          1802515.0,         18.000000,  14.85259521,   41.603129,   263.1868448,   2.332756349,   762.56,   260.1419939,   281.0906891,   388,   64.09665307,   2.17838,   97.36291441,   103.1102381,    -999999,  0.31888,    -999999,  184.08,   178.12,   0.7,   -0.96,   281.0859939,   259.0499939,   265.4299939,   922.82,    -999999,   -999999,   -999999,   -999999,  1.691218,   2.0678,   2.2602,   1.99106,   103.858,   55.68,   10.426,   4.396,   0.41828,   1.7601,   51.16,   413.41,   1.951216667,   0.1322,    -999999,   -999999,   -999999,   -999999,   -999999,   -999999,   -999999,   -999999,   -999999,   -999999,   -999999,   -999999,   -999999,   -999999,   -999999,   -999999,   -999999,   -999999,   -999999,   -999999,   -999999,   -999999,   -999999,   -999999,   -999999,   -999999,   -999999,   -999999,   -999999,   -999999,   -999999,   -999999,   -999999,   -999999,   -999999,   -999999,   -999999,   -999999,   -999999,   -999999,   -999999,   -999999,   -999999,   -999999,   -999999,   -999999,   -999999,   -999999,   -999999,   -999999,   -999999,   -999999,     -999999  
76707,   56,          1802516.0,         18.000000,  14.85399752,   41.5987478,   263.1870462,   2.332756349,   762.56,   260.1699939,   281.1209439,   388,   64.10546526,   2.17806,   97.42464721,   103.0258699,    -999999,  0.31864,    -999999,  184.12,   177.94,   0.7,   -0.98,   281.1159939,   259.0499939,   265.4499939,   922.68,    -999999,   -999999,   -999999,   -999999,  1.691218,   2.0678,   2.2653,   1.9961,   103.59,   55.58,   10.814,   4.266,   0.41632,   1.76174,   51.18,   413.41,   1.952154545,   0.1245263158,    -999999,   -999999,   -999999,   -999999,   -999999,   -999999,   -999999,   -999999,   -999999,   -999999,   -999999,   -999999,   -999999,   -999999,   -999999,   -999999,   -999999,   -999999,   -999999,   -999999,   -999999,   -999999,   -999999,   -999999,   -999999,   -999999,   -999999,   -999999,   -999999,   -999999,   -999999,   -999999,   -999999,   -999999,   -999999,   -999999,   -999999,   -999999,   -999999,   -999999,   -999999,   -999999,   -999999,   -999999,   -999999,   -999999,   -999999,   -999999,   -999999,   -999999,   -999999,   -999999,     -999999  
76712,   56,          1802517.0,         18.000000,  14.85540081,   41.594364,   263.1872622,   2.331707837,   762.66,   260.1759939,   281.1168947,   388,   64.11428962,   2.17728,   97.46580241,   103.1637399,    -999999,  0.31902,    -999999,  183.9,   177.82,   0.7,   -0.96,   281.1119939,   259.0499939,   265.4699939,   922.66,    -999999,   -999999,   -999999,   -999999,  1.690998,   2.0678,   2.26642,   1.99722,   103.538,   55.74,   10.7,   4.37,   0.42556,   1.75172,   50.82,   413.305,   1.9514,   0.1346727273,    -999999,   -999999,   -999999,   -999999,   -999999,   -999999,   -999999,   -999999,   -999999,   -999999,   -999999,   -999999,   -999999,   -999999,   -999999,   -999999,   -999999,   -999999,   -999999,   -999999,   -999999,   -999999,   -999999,   -999999,   -999999,   -999999,   -999999,   -999999,   -999999,   -999999,   -999999,   -999999,   -999999,   -999999,   -999999,   -999999,   -999999,   -999999,   -999999,   -999999,   -999999,   -999999,   -999999,   -999999,   -999999,   -999999,   -999999,   -999999,   -999999,   -999999,   -999999,   -999999,         3.9140000  
76717,   56,          1802518.0,         18.000000,  14.85680474,   41.5899798,   263.1874878,   2.332128461,   762.62,   260.1259939,   281.0670823,   388,   64.12312483,   2.17716,   97.46580241,   103.2470791,    -999999,  0.31932,    -999999,  183.82,   177.8,   0.72,   -0.56,   281.0639939,   259.0499939,   265.4299939,   922.66,    -999999,   -999999,   -999999,   -999999,  1.691086,   2.0678,   2.25722,   1.98818,   104.008,   55.84,   10.606,   4.476,   0.43636,   1.7408,   51.64,   413.26,   1.9517,   0.1327454545,    -999999,   -999999,   -999999,   -999999,   -999999,   -999999,   -999999,   -999999,   -999999,   -999999,   -999999,   -999999,   -999999,   -999999,   -999999,   -999999,   -999999,   -999999,   -999999,   -999999,   -999999,   -999999,   -999999,   -999999,   -999999,   -999999,   -999999,   -999999,   -999999,   -999999,   -999999,   -999999,   -999999,   -999999,   -999999,   -999999,   -999999,   -999999,   -999999,   -999999,   -999999,   -999999,   -999999,   -999999,   -999999,   -999999,   -999999,   -999999,   -999999,   -999999,   -999999,   -999999,         3.9566000  
76722,   56,          1802519.0,         18.000000,  14.85820795,   41.585599,   263.1877026,   2.331293309,   762.7,   260.1299939,   281.0629806,   388,   64.13196202,   2.17688,   97.37320321,   103.3859779,    -999999,  0.31976,    -999999,  183.96,   177.98,   0.76,   -0.32,   281.0599939,   259.0499939,   265.4499939,   922.62,    -999999,   -999999,   -999999,   -999999,  1.69091,   2.0678,   2.25796,   1.9889,   103.968,   56,   10.544,   4.67,   0.42212,   1.75476,   49.76,   413.3,   1.951,   0.1289,    -999999,   -999999,   -999999,   -999999,   -999999,   -999999,   -999999,   -999999,   -999999,   -999999,   -999999,   -999999,   -999999,   -999999,   -999999,   -999999,   -999999,   -999999,   -999999,   -999999,   -999999,   -999999,   -999999,   -999999,   -999999,   -999999,   -999999,   -999999,   -999999,   -999999,   -999999,   -999999,   -999999,   -999999,   -999999,   -999999,   -999999,   -999999,   -999999,   -999999,   -999999,   -999999,   -999999,   -999999,   -999999,   -999999,   -999999,   -999999,   -999999,   -999999,   -999999,   -999999,         3.9572000  
76727,   56,          1802520.0,         18.000000,  14.85960999,   41.5812224,   263.1878998,   2.331293309,   762.7,   260.1219939,   281.0543369,   388,   64.14079792,   2.1766,   97.22916001,   103.4569707,    -999999,  0.31998,    -999999,  184.18,   178.14,   0.8,   -0.48,   281.0519939,   259.0499939,   265.4499939,   922.68,    -999999,   -999999,   -999999,   -999999,  1.69091,   2.0678,   2.25648,   1.98746,   104.042,   56.08,   10.736,   4.826,   0.40684,   1.76976,   51.06,   413.285,   1.9513,   0.1253545455,    -999999,   -999999,   -999999,   -999999,   -999999,   -999999,   -999999,   -999999,   -999999,   -999999,   -999999,   -999999,   -999999,   -999999,   -999999,   -999999,   -999999,   -999999,   -999999,   -999999,   -999999,   -999999,   -999999,   -999999,   -999999,   -999999,   -999999,   -999999,   -999999,   -999999,   -999999,   -999999,   -999999,   -999999,   -999999,   -999999,   -999999,   -999999,   -999999,   -999999,   -999999,   -999999,   -999999,   -999999,   -999999,   -999999,   -999999,   -999999,   -999999,   -999999,   -999999,   -999999,         4.0038000  
