inputs/ACTAMERICA_Merge/B200/ACTAMERICA-mrg05-b200_merge_20170125_R0.ict
136, 1001
Shook, Michael
NASA Atmospheric Composition Branch, NASA Langley Research Center (SSAI)
Merged data file for ACT-AMERICA 2017, Flight 02 (20170125), on the b200 platform. Data is merged to 05 seconds.
NASA ACT-AMERICA 2017
1, 1
2017, 01, 25, 2018, 02, 22
05
UTC,s
97
1, 1, 1, 1, 1, 1, 1, 1, 1, 1, 1, 1, 1, 1, 1, 1, 1, 1, 1, 1, 1, 1, 1, 1, 1, 1, 1, 1, 1, 1, 1, 1, 1, 1, 1, 1, 1, 1, 1, 1, 1, 1, 1, 1, 1, 1, 1, 1, 1, 1, 1, 1, 1, 1, 1, 1, 1, 1, 1, 1, 1, 1, 1, 1, 1, 1, 1, 1, 1, 1, 1, 1, 1, 1, 1, 1, 1, 1, 1, 1, 1, 1, 1, 1, 1, 1, 1, 1, 1, 1, 1, 1, 1, 1, 1, 1, 1
-999999, -999999, -999999, -999999, -999999, -999999, -999999, -999999, -999999, -999999, -999999, -999999, -999999, -999999, -999999, -999999, -999999, -999999, -999999, -999999, -999999, -999999, -999999, -999999, -999999, -999999, -999999, -999999, -999999, -999999, -999999, -999999, -999999, -999999, -999999, -999999, -999999, -999999, -999999, -999999, -999999, -999999, -999999, -999999, -999999, -999999, -999999, -999999, -999999, -999999, -999999, -999999, -999999, -999999, -999999, -999999, -999999, -999999, -999999, -999999, -999999, -999999, -999999, -999999, -999999, -999999, -999999, -999999, -999999, -999999, -999999, -999999, -999999, -999999, -999999, -999999, -999999, -999999, -999999, -999999, -999999, -999999, -999999, -999999, -999999, -999999, -999999, -999999, -999999, -999999, -999999, -999999, -999999, -999999, -999999, -999999, -999999
JDAY, days
INDEX, none
FLIGHT, none
LOCAL_SUN_TIME, hour
LATITUDE, degs
LONGITUDE, degs
ALTP, km
PRESSURE, hPa
TEMPERATURE, K
THETA, K
O3COLUMN, DU
SZA, deg
GPS_ALT, km
GRD_SPD, m/s
TAS, m/s
IAS, m/s
MachNumber, mach
VerticalSpeed, ft min-1
HDG, degs
TRK, degs
PITCH, degs
ROLL, degs
PotentialTemp, K
Dewpoint, K
TotalAirTemp, K
CabinPressure, hPa
SolarZenithAngle, degs
AircraftSunElevation, degs
SunAzimuth, degs
AircraftSunAzimuth, degs
H2O_MixingRatio, g kg-1
H2O_VaporPressure, hPa
H2O_SatVaporPressureWater, hPa
H2O_SatVaporPressureIce, hPa
H2O_RelativeHumidity, %
DifferentialPressure, hPa
U_WINDS, m s-1
V_WINDS, m s-1
Ground_Elevation, km
Altitude_AGL, km
O3_MixingRatio, ppbv
CO2_MixingRatio_PICARRO, ppmv
CH4_MixingRatio_PICARRO, ppmv
CO_MixingRatio_PICARRO, ppmv
CO2_MoleFraction_PFP, ppm
CH4_MoleFraction_PFP, ppb
CO_MoleFraction_PFP, ppb
N2O_MoleFraction_PFP, ppb
SF6_MoleFraction_PFP, ppt
H2_MoleFraction_PFP, ppb
CH4C13_PFP, per mil
CO2C14_PFP, per mil
F11B_MoleFraction_PFP, ppt
FC12_MoleFraction_PFP, ppt
F13_MoleFraction_PFP, ppt
F113_MoleFraction_PFP, ppt
F115_MoleFraction_PFP, ppt
HF133a_MoleFraction_PFP, ppt
F23_MoleFraction_PFP, ppt
F32_MoleFraction_PFP, ppt
F134A_MoleFraction_PFP, ppt
F152A_MoleFraction_PFP, ppt
F125_MoleFraction_PFP, ppt
F143a_MoleFraction_PFP, ppt
F227e_MoleFraction_PFP, ppt
F365m_MoleFraction_PFP, ppt
H1211_MoleFraction_PFP, ppt
H1301_MoleFraction_PFP, ppt
H2402_MoleFraction_PFP, ppt
MCFA_MoleFraction_PFP, ppt
CF4_MoleFraction_PFP, ppt
C2F6_MoleFraction_PFP, ppt
SO2F2_MoleFraction_PFP, ppt
MEBR_MoleFraction_PFP, ppt
CH3I_MoleFraction_PFP, ppt
DIBR_MoleFraction_PFP, ppt
OCS_MoleFraction_PFP, ppt
MECL_MoleFraction_PFP, ppt
DICL_MoleFraction_PFP, ppt
CLHF_MoleFraction_PFP, ppt
PCE_MoleFraction_PFP, ppt
C2H2_MoleFraction_PFP, ppt
C2H6_MoleFraction_PFP, ppt
C3H8_MoleFraction_PFP, ppt
nC4H10_MoleFraction_PFP, ppt
[...]
[from data line 1669]
76357,   25,          201670.00,         2.0000000,  16.06919265,   36.6450892,   282.8733064,   0.4608210297,   959.08,   287.7799939,   291.235916,   258,   80.011444,   0.32842,   103.093776,   97.89690313,    -999999,  0.28786,    -999999,  48.4,   47.32,   0.7,   -0.82,   291.2359939,   273.5099939,   292.5499939,   968.14,    -999999,   -999999,   -999999,   -999999,  4.11208,   6.29912,   16.7166,   19.23742,   37.682,   56.798,   3.31,   5.554,   0.03084,   0.29758,   45.92,   413.08,   1.96235,   0.14095,    -999999,   -999999,   -999999,   -999999,   -999999,   -999999,   -999999,   -999999,   -999999,   -999999,   -999999,   -999999,   -999999,   -999999,   -999999,   -999999,   -999999,   -999999,   -999999,   -999999,   -999999,   -999999,   -999999,   -999999,   -999999,   -999999,   -999999,   -999999,   -999999,   -999999,   -999999,   -999999,   -999999,   -999999,   -999999,   -999999,   -999999,   -999999,   -999999,   -999999,   -999999,   -999999,   -999999,   -999999,   -999999,   -999999,   -999999,   -999999,   -999999,   -999999,   -999999,   -999999,     -999999  
76362,   25,          201671.00,         2.0000000,  16.07086456,   36.6482382,   282.8775518,   0.4620402297,   958.94,   287.7839939,   291.2521118,   258,   80.03005853,   0.3296,   103.2583968,   97.84751689,    -999999,  0.28772,    -999999,  48.7,   47.38,   0.84,   -1,   291.2539939,   273.4299939,   292.5499939,   968.1,    -999999,   -999999,   -999999,   -999999,  4.088754,   6.2627,   16.72092,   19.2431,   37.456,   56.73,   3.152,   6.138,   0.03042,   0.29918,   44.6,   413.1133333,   1.9614,   0.14785,    -999999,   -999999,   -999999,   -999999,   -999999,   -999999,   -999999,   -999999,   -999999,   -999999,   -999999,   -999999,   -999999,   -999999,   -999999,   -999999,   -999999,   -999999,   -999999,   -999999,   -999999,   -999999,   -999999,   -999999,   -999999,   -999999,   -999999,   -999999,   -999999,   -999999,   -999999,   -999999,   -999999,   -999999,   -999999,   -999999,   -999999,   -999999,   -999999,   -999999,   -999999,   -999999,   -999999,   -999999,   -999999,   -999999,   -999999,   -999999,   -999999,   -999999,   -999999,   -999999,     -999999  
76367,   25,          201672.00,         2.0000000,  16.07253677,   36.6513954,   282.8818016,   0.4625583897,   958.88,   287.7699939,   291.2431497,   258,   80.04868214,   0.3299,   103.5876384,   98.01625321,    -999999,  0.28822,    -999999,  48.5,   47.24,   0.4,   -1.74,   291.2439939,   273.3699939,   292.5499939,   968.06,    -999999,   -999999,   -999999,   -999999,  4.07115,   6.23552,   16.7058,   19.22316,   37.324,   56.928,   3.198,   6.154,   0.03216,   0.29774,   45.5,   413.1,   1.961225,   0.1454,    -999999,   -999999,   -999999,   -999999,   -999999,   -999999,   -999999,   -999999,   -999999,   -999999,   -999999,   -999999,   -999999,   -999999,   -999999,   -999999,   -999999,   -999999,   -999999,   -999999,   -999999,   -999999,   -999999,   -999999,   -999999,   -999999,   -999999,   -999999,   -999999,   -999999,   -999999,   -999999,   -999999,   -999999,   -999999,   -999999,   -999999,   -999999,   -999999,   -999999,   -999999,   -999999,   -999999,   -999999,   -999999,   -999999,   -999999,   -999999,   -999999,   -999999,   -999999,   -999999,     -999999  
76372,   25,          201673.00,         2.0000000,  16.07420857,   36.6545868,   282.8860452,   0.4599553977,   959.18,   287.8639939,   291.3122467,   258,   80.06732177,   0.32724,   104.071212,   98.05535065,    -999999,  0.2883,    -999999,  47.78,   46.68,   0.42,   -2.2,   291.3159939,   273.3299939,   292.6499939,   968.08,    -999999,   -999999,   -999999,   -999999,  4.058012,   6.21746,   16.80752,   19.35746,   36.994,   56.974,   3.618,   6.326,   0.02548,   0.30176,   43.82,   413.115,   1.960841667,   0.1478,    -999999,   -999999,   -999999,   -999999,   -999999,   -999999,   -999999,   -999999,   -999999,   -999999,   -999999,   -999999,   -999999,   -999999,   -999999,   -999999,   -999999,   -999999,   -999999,   -999999,   -999999,   -999999,   -999999,   -999999,   -999999,   -999999,   -999999,   -999999,   -999999,   -999999,   -999999,   -999999,   -999999,   -999999,   -999999,   -999999,   -999999,   -999999,   -999999,   -999999,   -999999,   -999999,   -999999,   -999999,   -999999,   -999999,   -999999,   -999999,   -999999,   -999999,   -999999,   -999999,     -999999  
76377,   25,          201674.00,         2.0000000,  16.07587938,   36.6578224,   282.890274,   0.4576876857,   959.44,   287.8319939,   291.2573085,   258,   80.08597699,   0.32504,   104.4416088,   98.58110833,    -999999,  0.28988,    -999999,  47.56,   46.4,   0.58,   -0.82,   291.2579939,   273.3299939,   292.6699939,   968.38,    -999999,   -999999,   -999999,   -999999,  4.056902,   6.21746,   16.77286,   19.31172,   37.068,   57.622,   3.608,   6.2,   0.03764,   0.2874,   46.58,   412.99,   1.960109091,   0.1499095238,    -999999,   -999999,   -999999,   -999999,   -999999,   -999999,   -999999,   -999999,   -999999,   -999999,   -999999,   -999999,   -999999,   -999999,   -999999,   -999999,   -999999,   -999999,   -999999,   -999999,   -999999,   -999999,   -999999,   -999999,   -999999,   -999999,   -999999,   -999999,   -999999,   -999999,   -999999,   -999999,   -999999,   -999999,   -999999,   -999999,   -999999,   -999999,   -999999,   -999999,   -999999,   -999999,   -999999,   -999999,   -999999,   -999999,   -999999,   -999999,   -999999,   -999999,   -999999,   -999999,     -999999  
76382,   25,          201675.00,         2.0000000,  16.07755063,   36.6610684,   282.8945094,   0.4583826297,   959.36,   287.7939939,   291.2257945,   258,   80.10464392,   0.32598,   104.5444968,   99.80033113,    -999999,  0.29344,    -999999,  47,   46.42,   0.92,   -1.68,   291.2259939,   273.2899939,   292.7499939,   968.24,    -999999,   -999999,   -999999,   -999999,  4.04546,   6.19952,   16.73178,   19.25748,   37.054,   59.092,   3.17,   5.168,   0.03652,   0.28946,   42.5,   412.99,   1.96155,   0.16065,    -999999,   -999999,   -999999,   -999999,   -999999,   -999999,   -999999,   -999999,   -999999,   -999999,   -999999,   -999999,   -999999,   -999999,   -999999,   -999999,   -999999,   -999999,   -999999,   -999999,   -999999,   -999999,   -999999,   -999999,   -999999,   -999999,   -999999,   -999999,   -999999,   -999999,   -999999,   -999999,   -999999,   -999999,   -999999,   -999999,   -999999,   -999999,   -999999,   -999999,   -999999,   -999999,   -999999,   -999999,   -999999,   -999999,   -999999,   -999999,   -999999,   -999999,   -999999,   -999999,     -999999  
76387,   25,          201676.00,         2.0000000,  16.07921964,   36.6643248,   282.8987112,   0.4655149498,   958.54,   287.6799939,   291.1815664,   258,   80.12329542,   0.3338,   103.9065912,   99.91042129,    -999999,  0.29386,    -999999,  46.08,   45.72,   1.66,   -2.22,   291.1839939,   273.7099939,   292.6499939,   967.84,    -999999,   -999999,   -999999,   -999999,  4.174786,   6.3909,   16.60898,   19.09548,   38.478,   59.198,   3.292,   4.24,   0.03396,   0.29984,   45.72,   413.065,   1.96275,   0.153552381,    -999999,   -999999,   -999999,   -999999,   -999999,   -999999,   -999999,   -999999,   -999999,   -999999,   -999999,   -999999,   -999999,   -999999,   -999999,   -999999,   -999999,   -999999,   -999999,   -999999,   -999999,   -999999,   -999999,   -999999,   -999999,   -999999,   -999999,   -999999,   -999999,   -999999,   -999999,   -999999,   -999999,   -999999,   -999999,   -999999,   -999999,   -999999,   -999999,   -999999,   -999999,   -999999,   -999999,   -999999,   -999999,   -999999,   -999999,   -999999,   -999999,   -999999,   -999999,   -999999,     -999999  
76392,   25,          201677.00,         2.0000000,  16.0808837,   36.6676014,   282.9028388,   0.4719584218,   957.8,   287.7399939,   291.306569,   258,   80.14190938,   0.33898,   103.5464832,   98.71794937,    -999999,  0.29032,    -999999,  46.02,   45.12,   0.58,   -2.3,   291.3059939,   273.5299939,   292.5899939,   967.06,    -999999,   -999999,   -999999,   -999999,  4.123794,   6.30848,   16.67352,   19.18066,   37.838,   57.706,   3.12,   5.236,   0.03782,   0.30116,   47.4,   412.895,   1.96095,   0.1468136364,    -999999,   -999999,   -999999,   -999999,   -999999,   -999999,   -999999,   -999999,   -999999,   -999999,   -999999,   -999999,   -999999,   -999999,   -999999,   -999999,   -999999,   -999999,   -999999,   -999999,   -999999,   -999999,   -999999,   -999999,   -999999,   -999999,   -999999,   -999999,   -999999,   -999999,   -999999,   -999999,   -999999,   -999999,   -999999,   -999999,   -999999,   -999999,   -999999,   -999999,   -999999,   -999999,   -999999,   -999999,   -999999,   -999999,   -999999,   -999999,   -999999,   -999999,   -999999,   -999999,     -999999  
76397,   25,          201678.00,         2.0000000,  16.08254573,   36.6709038,   282.906936,   0.4719584218,   957.8,   287.7559939,   291.3227673,   258,   80.16051834,   0.3406,   103.6390824,   98.14177657,    -999999,  0.28862,    -999999,  46.12,   45.14,   1.18,   1.64,   291.3239939,   273.2899939,   292.5499939,   967,    -999999,   -999999,   -999999,   -999999,  4.052064,   6.1995,   16.69064,   19.20316,   37.142,   57.018,   3.486,   5.872,   0.02482,   0.31578,   43.38,   413.015,   1.959690909,   0.1439904762,    -999999,   -999999,   -999999,   -999999,   -999999,   -999999,   -999999,   -999999,   -999999,   -999999,   -999999,   -999999,   -999999,   -999999,   -999999,   -999999,   -999999,   -999999,   -999999,   -999999,   -999999,   -999999,   -999999,   -999999,   -999999,   -999999,   -999999,   -999999,   -999999,   -999999,   -999999,   -999999,   -999999,   -999999,   -999999,   -999999,   -999999,   -999999,   -999999,   -999999,   -999999,   -999999,   -999999,   -999999,   -999999,   -999999,   -999999,   -999999,   -999999,   -999999,   -999999,   -999999,     -999999  
76402,   25,          201679.00,         2.0000000,  16.08421289,   36.6741346,   282.91111,   0.4778837339,   957.12,   287.7119939,   291.3373335,   258,   80.17914202,   0.34558,   103.3612848,   97.97304025,    -999999,  0.28814,    -999999,  49.18,   47.62,   1.18,   6.72,   291.3359939,   273.2499939,   292.4899939,   966.38,    -999999,   -999999,   -999999,   -999999,  4.043104,   6.18142,   16.64322,   19.14064,   37.142,   56.786,   3.76,   5.48,   0.01938,   0.3262,   44.5,   413.07,   1.961633333,   0.1534,    -999999,   -999999,   -999999,   -999999,   -999999,   -999999,   -999999,   -999999,   -999999,   -999999,   -999999,   -999999,   -999999,   -999999,   -999999,   -999999,   -999999,   -999999,   -999999,   -999999,   -999999,   -999999,   -999999,   -999999,   -999999,   -999999,   -999999,   -999999,   -999999,   -999999,   -999999,   -999999,   -999999,   -999999,   -999999,   -999999,   -999999,   -999999,   -999999,   -999999,   -999999,   -999999,   -999999,   -999999,   -999999,   -999999,   -999999,   -999999,   -999999,   -999999,   -999999,   -999999,     -999999  
76407,   25,          201680.00,         2.0000000,  16.0858938,   36.6771596,   282.9154904,   0.48276663,   956.56,   287.6099939,   291.2827516,   258,   80.19779554,   0.35058,   103.0114656,   98.81054857,    -999999,  0.29064,    -999999,  52.24,   50.96,   1.08,   3.12,   291.2839939,   273.2899939,   292.4699939,   965.86,    -999999,   -999999,   -999999,   -999999,  4.05726,   6.1993,   16.5338,   18.99642,   37.496,   57.77,   2.423333333,   5.153333333,   0.024,   0.32658,   45.22,   413.055,   1.9612,   0.1499,    -999999,   -999999,   -999999,   -999999,   -999999,   -999999,   -999999,   -999999,   -999999,   -999999,   -999999,   -999999,   -999999,   -999999,   -999999,   -999999,   -999999,   -999999,   -999999,   -999999,   -999999,   -999999,   -999999,   -999999,   -999999,   -999999,   -999999,   -999999,   -999999,   -999999,   -999999,   -999999,   -999999,   -999999,   -999999,   -999999,   -999999,   -999999,   -999999,   -999999,   -999999,   -999999,   -999999,   -999999,   -999999,   -999999,   -999999,   -999999,   -999999,   -999999,   -999999,   -999999,     -999999  
76412,   25,          201681.00,         2.0000000,  16.08758331,   36.6800472,   282.9199996,   0.486247446,   956.16,   287.5019939,   291.2081699,   258,   80.2164636,   0.35248,   103.1555088,   99.69641425,    -999999,  0.2933,    -999999,  52.68,   51.7,   -0.14,   -0.32,   291.2099939,   273.5099939,   292.4499939,   965.18,    -999999,   -999999,   -999999,   -999999,  4.124796,   6.2992,   16.41866,   18.84482,   38.366,   58.83,   2.654,   3.786,   0.0285,   0.32398,   43.63333333,   413.095,   1.9624,   0.14905,   413.24,   1964.16,   152.23,   330.74,   9.35,   506.21,    -999999,   -999999,  234.94,   517.35,   3.4,   71.25,   8.58,   0.55,   30.64,   18.85,   120.03,   28.63,   27.02,   23.08,   1.45,   1.2,   6.32,   3.37,   0.42,   2.69,   84.25,   4.7,   2.51,   8.12,   0.47,   1.15,   483.85,   563.18,   76.53,   16.1,   6.82,   454.46,   3205.92,   1670.39,   489.14,   224.98,   105.89,   138.85,   105.38,   86.21,   0.27,   0.16,   2.01,   0.63,   37.09,   267.19,      -999999  
76417,   25,          201682.00,         2.0000000,  16.08927556,   36.682925,   282.92455,   0.481724214,   956.68,   287.5519939,   291.2135735,   258,   80.23515604,   0.34854,   103.7008152,   99.43096321,    -999999,  0.29248,    -999999,  53.32,   52.02,   5.551115123E-018,   0.1,   291.2119939,   273.3899939,   292.4699939,   965.56,    -999999,   -999999,   -999999,   -999999,  4.086552,   6.24454,   16.47194,   18.91494,   37.91,   58.532,   2.752,   4.94,   0.02106,   0.32748,    -999999,  413.215,   1.96235,   0.1447,   413.24,   1964.16,   152.23,   330.74,   9.35,   506.21,    -999999,   -999999,  234.94,   517.35,   3.4,   71.25,   8.58,   0.55,   30.64,   18.85,   120.03,   28.63,   27.02,   23.08,   1.45,   1.2,   6.32,   3.37,   0.42,   2.69,   84.25,   4.7,   2.51,   8.12,   0.47,   1.15,   483.85,   563.18,   76.53,   16.1,   6.82,   454.46,   3205.92,   1670.39,   489.14,   224.98,   105.89,   138.85,   105.38,   86.21,   0.27,   0.16,   2.01,   0.63,   37.09,   267.19,      -999999  
76422,   25,          201683.00,         2.0000000,  16.09097108,   36.6857854,   282.9291496,   0.4780605179,   957.1,   287.5439939,   291.1689549,   258,   80.25387417,   0.34496,   104.0300568,   100.2993379,    -999999,  0.29508,    -999999,  54,   52.6,   0.46,   -0.1,   291.1679939,   273.3699939,   292.5499939,   965.94,    -999999,   -999999,   -999999,   -999999,  4.07882,   6.23554,   16.4634,   18.9037,   37.878,   59.608,   2.386,   4.756,   0.0199,   0.32506,   45.5,   413.1228571,   1.9625,   0.1485,   413.24,   1964.16,   152.23,   330.74,   9.35,   506.21,    -999999,   -999999,  234.94,   517.35,   3.4,   71.25,   8.58,   0.55,   30.64,   18.85,   120.03,   28.63,   27.02,   23.08,   1.45,   1.2,   6.32,   3.37,   0.42,   2.69,   84.25,   4.7,   2.51,   8.12,   0.47,   1.15,   483.85,   563.18,   76.53,   16.1,   6.82,   454.46,   3205.92,   1670.39,   489.14,   224.98,   105.89,   138.85,   105.38,   86.21,   0.27,   0.16,   2.01,   0.63,   37.09,   267.19,      -999999  
