inputs/ACTAMERICA_Merge/B200/ACTAMERICA-mrg05-b200_merge_20170121_R0.ict
136, 1001
Shook, Michael
NASA Atmospheric Composition Branch, NASA Langley Research Center (SSAI)
Merged data file for ACT-AMERICA 2017, Flight 01 (20170121), on the b200 platform. Data is merged to 05 seconds.
NASA ACT-AMERICA 2017
1, 1
2017, 01, 21, 2018, 02, 22
05
UTC,s
97
1, 1, 1, 1, 1, 1, 1, 1, 1, 1, 1, 1, 1, 1, 1, 1, 1, 1, 1, 1, 1, 1, 1, 1, 1, 1, 1, 1, 1, 1, 1, 1, 1, 1, 1, 1, 1, 1, 1, 1, 1, 1, 1, 1, 1, 1, 1, 1, 1, 1, 1, 1, 1, 1, 1, 1, 1, 1, 1, 1, 1, 1, 1, 1, 1, 1, 1, 1, 1, 1, 1, 1, 1, 1, 1, 1, 1, 1, 1, 1, 1, 1, 1, 1, 1, 1, 1, 1, 1, 1, 1, 1, 1, 1, 1, 1, 1
-999999, -999999, -999999, -999999, -999999, -999999, -999999, -999999, -999999, -999999, -999999, -999999, -999999, -999999, -999999, -999999, -999999, -999999, -999999, -999999, -999999, -999999, -999999, -999999, -999999, -999999, -999999, -999999, -999999, -999999, -999999, -999999, -999999, -999999, -999999, -999999, -999999, -999999, -999999, -999999, -999999, -999999, -999999, -999999, -999999, -999999, -999999, -999999, -999999, -999999, -999999, -999999, -999999, -999999, -999999, -999999, -999999, -999999, -999999, -999999, -999999, -999999, -999999, -999999, -999999, -999999, -999999, -999999, -999999, -999999, -999999, -999999, -999999, -999999, -999999, -999999, -999999, -999999, -999999, -999999, -999999, -999999, -999999, -999999, -999999, -999999, -999999, -999999, -999999, -999999, -999999, -999999, -999999, -999999, -999999, -999999, -999999
JDAY, days
INDEX, none
FLIGHT, none
LOCAL_SUN_TIME, hour
LATITUDE, degs
LONGITUDE, degs
ALTP, km
PRESSURE, hPa
TEMPERATURE, K
THETA, K
O3COLUMN, DU
SZA, deg
GPS_ALT, km
GRD_SPD, m/s
TAS, m/s
IAS, m/s
MachNumber, mach
VerticalSpeed, ft min-1
HDG, degs
TRK, degs
PITCH, degs
ROLL, degs
PotentialTemp, K
Dewpoint, K
TotalAirTemp, K
CabinPressure, hPa
SolarZenithAngle, degs
AircraftSunElevation, degs
SunAzimuth, degs
AircraftSunAzimuth, degs
H2O_MixingRatio, g kg-1
H2O_VaporPressure, hPa
H2O_SatVaporPressureWater, hPa
H2O_SatVaporPressureIce, hPa
H2O_RelativeHumidity, %
DifferentialPressure, hPa
U_WINDS, m s-1
V_WINDS, m s-1
Ground_Elevation, km
Altitude_AGL, km
O3_MixingRatio, ppbv
CO2_MixingRatio_PICARRO, ppmv
CH4_MixingRatio_PICARRO, ppmv
CO_MixingRatio_PICARRO, ppmv
CO2_MoleFraction_PFP, ppm
CH4_MoleFraction_PFP, ppb
CO_MoleFraction_PFP, ppb
N2O_MoleFraction_PFP, ppb
SF6_MoleFraction_PFP, ppt
H2_MoleFraction_PFP, ppb
CH4C13_PFP, per mil
CO2C14_PFP, per mil
F11B_MoleFraction_PFP, ppt
FC12_MoleFraction_PFP, ppt
F13_MoleFraction_PFP, ppt
F113_MoleFraction_PFP, ppt
F115_MoleFraction_PFP, ppt
HF133a_MoleFraction_PFP, ppt
F23_MoleFraction_PFP, ppt
F32_MoleFraction_PFP, ppt
F134A_MoleFraction_PFP, ppt
F152A_MoleFraction_PFP, ppt
F125_MoleFraction_PFP, ppt
F143a_MoleFraction_PFP, ppt
F227e_MoleFraction_PFP, ppt
F365m_MoleFraction_PFP, ppt
H1211_MoleFraction_PFP, ppt
H1301_MoleFraction_PFP, ppt
H2402_MoleFraction_PFP, ppt
MCFA_MoleFraction_PFP, ppt
CF4_MoleFraction_PFP, ppt
C2F6_MoleFraction_PFP, ppt
SO2F2_MoleFraction_PFP, ppt
MEBR_MoleFraction_PFP, ppt
CH3I_MoleFraction_PFP, ppt
DIBR_MoleFraction_PFP, ppt
OCS_MoleFraction_PFP, ppt
MECL_MoleFraction_PFP, ppt
DICL_MoleFraction_PFP, ppt
CLHF_MoleFraction_PFP, ppt
PCE_MoleFraction_PFP, ppt
C2H2_MoleFraction_PFP, ppt
C2H6_MoleFraction_PFP, ppt
C3H8_MoleFraction_PFP, ppt
nC4H10_MoleFraction_PFP, ppt
[...]
[from data line 343]
62922,   21,          100344.00,         1.0000000,  12.31641298,   36.113837,   282.560778,   6.835463172,   420.04,   250.6499939,   321.1433594,   243.1450043,   56.19795577,   6.8664,   103.608216,   120.2863608,    -999999,  0.379,    -999999,  55.96,   229.3,   1.64,    -999999,  321.1439939,   249.2299939,   257.8499939,   818,    -999999,   -999999,   -999999,   -999999,  1.324398,   0.8925,   1.0122,   0.8123,   109.878,   43.774,   19.412,   -0.106,   0.02288,   6.84352,   52.46,   406.96,   1.879863636,   0.1109952381,   407.03,   1886.14,   117.8,   329.72,   9.41,   527.66,    -999999,   -999999,  233.28,   517.19,   3.38,   71.01,   8.69,   0.54,   31.01,   14.35,   98.24,   7.66,   22.79,   20.41,   1.29,   0.98,   13.51,   3.34,   0.41,   2.59,   84.57,   4.74,   2.46,   7.71,   0.4,   1.01,   543.6,   618.08,   99.93,   16.25,   2.72,   226.94,   979.01,   193.6,   30.44,   30.5,   5.91,   12.72,   52.22,   65.02,   0.21,   0.15,   0.92,   0.63,   3.55,   251.22,      -999999  
62927,   21,          100345.00,         1.0000000,  12.31751151,   36.1107926,   282.5564226,   6.835121796,   420.06,   250.6359939,   321.1210535,   243.1450043,   56.19617329,   6.86586,   103.608216,   120.4005665,    -999999,  0.37936,    -999999,  55.74,   229.16,   1.6,    -999999,  321.1239939,   249.2499939,   257.8499939,   818.08,    -999999,   -999999,   -999999,   -999999,  1.326698,   0.8941,   1.01096,   0.81118,   110.224,   43.864,   19.54,   -0.048,   0.02586,   6.84,   54.08,   406.935,   1.87995,   0.108,   407.03,   1886.14,   117.8,   329.72,   9.41,   527.66,    -999999,   -999999,  233.28,   517.19,   3.38,   71.01,   8.69,   0.54,   31.01,   14.35,   98.24,   7.66,   22.79,   20.41,   1.29,   0.98,   13.51,   3.34,   0.41,   2.59,   84.57,   4.74,   2.46,   7.71,   0.4,   1.01,   543.6,   618.08,   99.93,   16.25,   2.72,   226.94,   979.01,   193.6,   30.44,   30.5,   5.91,   12.72,   52.22,   65.02,   0.21,   0.15,   0.92,   0.63,   3.55,   251.22,      -999999  
62932,   21,          100346.00,         1.0000000,  12.3186109,   36.1077376,   282.5520802,   6.834439044,   420.1,   250.6759939,   321.1635649,   243.1450043,   56.19438574,   6.86562,   103.5773496,   120.7071727,    -999999,  0.3803,    -999999,  55.68,   229,   1.58,    -999999,  321.1679939,   249.3099939,   257.9299939,   817.94,    -999999,   -999999,   -999999,   -999999,  1.333716,   0.8989,   1.01456,   0.81432,   110.386,   44.092,   19.906,   0.066,   0.02836,   6.83726,   50.32,   406.865,   1.8793,   0.1134590909,   407.03,   1886.14,   117.8,   329.72,   9.41,   527.66,    -999999,   -999999,  233.28,   517.19,   3.38,   71.01,   8.69,   0.54,   31.01,   14.35,   98.24,   7.66,   22.79,   20.41,   1.29,   0.98,   13.51,   3.34,   0.41,   2.59,   84.57,   4.74,   2.46,   7.71,   0.4,   1.01,   543.6,   618.08,   99.93,   16.25,   2.72,   226.94,   979.01,   193.6,   30.44,   30.5,   5.91,   12.72,   52.22,   65.02,   0.21,   0.15,   0.92,   0.63,   3.55,   251.22,      -999999  
62937,   21,          100347.00,         1.0000000,  12.31971118,   36.1046744,   282.547751,   6.832061604,   420.24,   250.6379939,   321.0843111,   243.1450043,   56.19259552,   6.86588,   103.5156168,   120.5476963,    -999999,  0.37982,    -999999,  55.66,   228.82,   1.56,    -999999,  321.0839939,   249.4299939,   257.8699939,   818.06,    -999999,   -999999,   -999999,   -999999,  1.347632,   0.90858,   1.0112,   0.81132,   111.986,   43.994,   19.98,   -0.138,   0.02844,   6.83744,   48.08,   406.925,   1.87935,   0.1076818182,   407.03,   1886.14,   117.8,   329.72,   9.41,   527.66,    -999999,   -999999,  233.28,   517.19,   3.38,   71.01,   8.69,   0.54,   31.01,   14.35,   98.24,   7.66,   22.79,   20.41,   1.29,   0.98,   13.51,   3.34,   0.41,   2.59,   84.57,   4.74,   2.46,   7.71,   0.4,   1.01,   543.6,   618.08,   99.93,   16.25,   2.72,   226.94,   979.01,   193.6,   30.44,   30.5,   5.91,   12.72,   52.22,   65.02,   0.21,   0.15,   0.92,   0.63,   3.55,   251.22,      -999999  
62942,   21,          100348.00,         1.0000000,  12.32081259,   36.1016006,   282.5434388,   6.835457076,   420.04,   250.6159939,   321.0997972,   243.1450043,   56.19080056,   6.8661,   103.453884,   120.7226059,    -999999,  0.3804,    -999999,  55.48,   228.58,   1.54,    -999999,  321.1039939,   249.5099939,   257.8699939,   818.06,    -999999,   -999999,   -999999,   -999999,  1.357936,   0.91506,   1.00922,   0.80956,   113.032,   44.11,   20.194,   0.032,   0.03016,   6.83594,   50.6,   406.86,   1.8795,   0.111035,    -999999,   -999999,   -999999,   -999999,   -999999,   -999999,   -999999,   -999999,   -999999,   -999999,   -999999,   -999999,   -999999,   -999999,   -999999,   -999999,   -999999,   -999999,   -999999,   -999999,   -999999,   -999999,   -999999,   -999999,   -999999,   -999999,   -999999,   -999999,   -999999,   -999999,   -999999,   -999999,   -999999,   -999999,   -999999,   -999999,   -999999,   -999999,   -999999,   -999999,   -999999,   -999999,   -999999,   -999999,   -999999,   -999999,   -999999,   -999999,   -999999,   -999999,   -999999,   -999999,     -999999  
62947,   21,          100349.00,         1.0000000,  12.32191512,   36.0985162,   282.5391434,   6.835798452,   420.02,   250.6579939,   321.1579785,   243.1450043,   56.18900085,   6.86658,   103.3612848,   121.0261255,    -999999,  0.38132,    -999999,  55.4,   228.42,   1.48,    -999999,  321.1659939,   249.6499939,   257.9499939,   818.18,    -999999,   -999999,   -999999,   -999999,  1.375066,   0.92652,   1.01292,   0.81294,   113.976,   44.33,   20.67,   0.092,   0.0337,   6.83288,   48.4,   406.895,   1.8793,   0.1052,    -999999,   -999999,   -999999,   -999999,   -999999,   -999999,   -999999,   -999999,   -999999,   -999999,   -999999,   -999999,   -999999,   -999999,   -999999,   -999999,   -999999,   -999999,   -999999,   -999999,   -999999,   -999999,   -999999,   -999999,   -999999,   -999999,   -999999,   -999999,   -999999,   -999999,   -999999,   -999999,   -999999,   -999999,   -999999,   -999999,   -999999,   -999999,   -999999,   -999999,   -999999,   -999999,   -999999,   -999999,   -999999,   -999999,   -999999,   -999999,   -999999,   -999999,   -999999,   -999999,     -999999  
62952,   21,          100350.00,         1.0000000,  12.32301868,   36.0954234,   282.5348636,   6.835798452,   420.02,   250.6739939,   321.1784786,   243.1450043,   56.18719851,   6.86676,   103.299552,   120.9150065,    -999999,  0.38096,    -999999,  55.28,   228.2,   1.52,    -999999,  321.1799939,   249.7899939,   257.9499939,   818,    -999999,   -999999,   -999999,   -999999,  1.392318,   0.93812,   1.01436,   0.8142,   115.226,   44.242,   20.736,   0.008,   0.03304,   6.83372,   53.64,   406.955,   1.8796,   0.1172,    -999999,   -999999,   -999999,   -999999,   -999999,   -999999,   -999999,   -999999,   -999999,   -999999,   -999999,   -999999,   -999999,   -999999,   -999999,   -999999,   -999999,   -999999,   -999999,   -999999,   -999999,   -999999,   -999999,   -999999,   -999999,   -999999,   -999999,   -999999,   -999999,   -999999,   -999999,   -999999,   -999999,   -999999,   -999999,   -999999,   -999999,   -999999,   -999999,   -999999,   -999999,   -999999,   -999999,   -999999,   -999999,   -999999,   -999999,   -999999,   -999999,   -999999,   -999999,   -999999,     -999999  
62957,   21,          100351.00,         1.0000000,  12.32412311,   36.0923204,   282.5305966,   6.83478042,   420.08,   250.7099939,   321.2114946,   243.1450043,   56.18539154,   6.86594,   103.299552,   120.6042847,    -999999,  0.37994,    -999999,  55.12,   228.08,   1.62,    -999999,  321.2159939,   249.8299939,   257.9499939,   818,    -999999,   -999999,   -999999,   -999999,  1.397056,   0.94144,   1.0176,   0.817,   115.226,   44.006,   20.422,   -0.022,   0.03274,   6.8332,   50.02,   407.055,   1.88075,   0.10785,    -999999,   -999999,   -999999,   -999999,   -999999,   -999999,   -999999,   -999999,   -999999,   -999999,   -999999,   -999999,   -999999,   -999999,   -999999,   -999999,   -999999,   -999999,   -999999,   -999999,   -999999,   -999999,   -999999,   -999999,   -999999,   -999999,   -999999,   -999999,   -999999,   -999999,   -999999,   -999999,   -999999,   -999999,   -999999,   -999999,   -999999,   -999999,   -999999,   -999999,   -999999,   -999999,   -999999,   -999999,   -999999,   -999999,   -999999,   -999999,   -999999,   -999999,   -999999,   -999999,     -999999  
62962,   21,          100352.00,         1.0000000,  12.32522772,   36.0892148,   282.5263324,   6.834439044,   420.1,   250.7339939,   321.2378739,   243.1450043,   56.18358673,   6.86522,   103.2686856,   120.5682739,    -999999,  0.37982,    -999999,  55.26,   228.16,   1.58,    -999999,  321.2419939,   249.6099939,   257.9699939,   817.9,    -999999,   -999999,   -999999,   -999999,  1.369938,   0.92326,   1.01976,   0.81894,   112.734,   43.978,   20.47,   -0.144,   0.02654,   6.83868,   50.14,   407.156,   1.88175,   0.1123473684,    -999999,   -999999,   -999999,   -999999,   -999999,   -999999,   -999999,   -999999,   -999999,   -999999,   -999999,   -999999,   -999999,   -999999,   -999999,   -999999,   -999999,   -999999,   -999999,   -999999,   -999999,   -999999,   -999999,   -999999,   -999999,   -999999,   -999999,   -999999,   -999999,   -999999,   -999999,   -999999,   -999999,   -999999,   -999999,   -999999,   -999999,   -999999,   -999999,   -999999,   -999999,   -999999,   -999999,   -999999,   -999999,   -999999,   -999999,   -999999,   -999999,   -999999,   -999999,   -999999,     -999999  
62967,   21,          100353.00,         1.0000000,  12.3263314,   36.0861324,   282.5220544,   6.836816484,   419.96,   250.6819939,   321.201839,   243.1450043,   56.18180849,   6.86518,   103.042332,   120.5034545,    -999999,  0.37966,    -999999,  55.68,   228.68,   1.58,    -999999,  321.2059939,   249.2699939,   257.9099939,   818.1,    -999999,   -999999,   -999999,   -999999,  1.329412,   0.8957,   1.0151,   0.8148,   109.926,   43.922,   20.522,   -0.142,   0.02518,   6.84,   47.36,   407.1233333,   1.881972727,   0.1151,    -999999,   -999999,   -999999,   -999999,   -999999,   -999999,   -999999,   -999999,   -999999,   -999999,   -999999,   -999999,   -999999,   -999999,   -999999,   -999999,   -999999,   -999999,   -999999,   -999999,   -999999,   -999999,   -999999,   -999999,   -999999,   -999999,   -999999,   -999999,   -999999,   -999999,   -999999,   -999999,   -999999,   -999999,   -999999,   -999999,   -999999,   -999999,   -999999,   -999999,   -999999,   -999999,   -999999,   -999999,   -999999,   -999999,   -999999,   -999999,   -999999,   -999999,   -999999,   -999999,     -999999  
62972,   21,          100354.00,         1.0000000,  12.32743271,   36.0831056,   282.5177406,   6.836475108,   419.98,   250.6259939,   321.1257162,   243.1450043,   56.18008732,   6.86554,   102.6616464,   120.4715592,    -999999,  0.37962,    -999999,  56.46,   229.7,   1.62,    -999999,  321.1299939,   248.9699939,   257.8499939,   818.1,    -999999,   -999999,   -999999,   -999999,  1.294114,   0.87198,   1.0101,   0.81038,   107.608,   43.912,   20.5,   0.13,   0.02912,   6.83642,   46.52,   407.09,   1.881916667,   0.1116,    -999999,   -999999,   -999999,   -999999,   -999999,   -999999,   -999999,   -999999,   -999999,   -999999,   -999999,   -999999,   -999999,   -999999,   -999999,   -999999,   -999999,   -999999,   -999999,   -999999,   -999999,   -999999,   -999999,   -999999,   -999999,   -999999,   -999999,   -999999,   -999999,   -999999,   -999999,   -999999,   -999999,   -999999,   -999999,   -999999,   -999999,   -999999,   -999999,   -999999,   -999999,   -999999,   -999999,   -999999,   -999999,   -999999,   -999999,   -999999,   -999999,   -999999,   -999999,   -999999,     -999999  
62977,   21,          100355.00,         1.0000000,  12.32852977,   36.0801694,   282.5133632,   6.833079636,   420.18,   250.7199939,   321.2024622,   243.1450043,   56.17845583,   6.86528,   102.2603832,   119.9993033,    -999999,  0.37802,    -999999,  57.66,   231.22,   1.7,    -999999,  321.2099939,   249.3099939,   257.8899939,   818.14,    -999999,   -999999,   -999999,   -999999,  1.333576,   0.89896,   1.0185,   0.81788,   109.918,   43.558,   20.044,   0.236,   0.02256,   6.84272,   50.88,   407.13,   1.882418182,   0.1113285714,    -999999,   -999999,   -999999,   -999999,   -999999,   -999999,   -999999,   -999999,   -999999,   -999999,   -999999,   -999999,   -999999,   -999999,   -999999,   -999999,   -999999,   -999999,   -999999,   -999999,   -999999,   -999999,   -999999,   -999999,   -999999,   -999999,   -999999,   -999999,   -999999,   -999999,   -999999,   -999999,   -999999,   -999999,   -999999,   -999999,   -999999,   -999999,   -999999,   -999999,   -999999,   -999999,   -999999,   -999999,   -999999,   -999999,   -999999,   -999999,   -999999,   -999999,   -999999,   -999999,     -999999  
62982,   21,          100356.00,         1.0000000,  12.32962098,   36.0773512,   282.508898,   6.833762388,   420.14,   250.6979939,   321.1830138,   243.1450043,   56.17693933,   6.86474,   101.8282536,   119.8953864,    -999999,  0.37776,    -999999,  59.4,   233.1,   1.68,    -999999,  321.1839939,   249.7099939,   257.8499939,   818,    -999999,   -999999,   -999999,   -999999,  1.382024,   0.93148,   1.01654,   0.81608,   114.14,   43.482,   20.142,   0.004,   0.02192,   6.84282,   49.64,   407.12,   1.88145,   0.10962,    -999999,   -999999,   -999999,   -999999,   -999999,   -999999,   -999999,   -999999,   -999999,   -999999,   -999999,   -999999,   -999999,   -999999,   -999999,   -999999,   -999999,   -999999,   -999999,   -999999,   -999999,   -999999,   -999999,   -999999,   -999999,   -999999,   -999999,   -999999,   -999999,   -999999,   -999999,   -999999,   -999999,   -999999,   -999999,   -999999,   -999999,   -999999,   -999999,   -999999,   -999999,   -999999,   -999999,   -999999,   -999999,   -999999,   -999999,   -999999,   -999999,   -999999,   -999999,   -999999,     -999999  
62987,   21,          100357.00,         1.0000000,  12.33070527,   36.0746806,   282.504329,   6.834097668,   420.12,   250.6659939,   321.1463848,   243.1450043,   56.17556593,   6.8649,   101.34468,   119.8326247,    -999999,  0.37756,    -999999,  61.5,   235.4,   1.74,    -999999,  321.1459939,   249.7299939,   257.8099939,   818,    -999999,   -999999,   -999999,   -999999,  1.384548,   0.93314,   1.01368,   0.81352,   114.698,   43.438,   20.26,   -0.192,   0.02152,   6.84338,   49.24,   407.11,   1.8819,   0.11449,    -999999,   -999999,   -999999,   -999999,   -999999,   -999999,   -999999,   -999999,   -999999,   -999999,   -999999,   -999999,   -999999,   -999999,   -999999,   -999999,   -999999,   -999999,   -999999,   -999999,   -999999,   -999999,   -999999,   -999999,   -999999,   -999999,   -999999,   -999999,   -999999,   -999999,   -999999,   -999999,   -999999,   -999999,   -999999,   -999999,   -999999,   -999999,   -999999,   -999999,   -999999,   -999999,   -999999,   -999999,   -999999,   -999999,   -999999,   -999999,   -999999,   -999999,   -999999,   -999999,     -999999  
