inputs/ACTAMERICA_Merge/B200/ACTAMERICA-mrg05-b200_merge_20180426_R0.ict
141, 1001
Shook, Michael
NASA Chemistry and Dynamics Branch, NASA Langley Research Center
Merged data file for ACT-AMERICA 2018, Flight 12 (20180426), on the b200 platform. Data is merged to 05 seconds.
NASA ACT-AMERICA 2018
1, 1
2018, 04, 26, 2018, 10, 15
05
UTC,s
102
1, 1, 1, 1, 1, 1, 1, 1, 1, 1, 1, 1, 1, 1, 1, 1, 1, 1, 1, 1, 1, 1, 1, 1, 1, 1, 1, 1, 1, 1, 1, 1, 1, 1, 1, 1, 1, 1, 1, 1, 1, 1, 1, 1, 1, 1, 1, 1, 1, 1, 1, 1, 1, 1, 1, 1, 1, 1, 1, 1, 1, 1, 1, 1, 1, 1, 1, 1, 1, 1, 1, 1, 1, 1, 1, 1, 1, 1, 1, 1, 1, 1, 1, 1, 1, 1, 1, 1, 1, 1, 1, 1, 1, 1, 1, 1, 1, 1, 1, 1, 1, 1
-999999, -999999, -999999, -999999, -999999, -999999, -999999, -999999, -999999, -999999, -999999, -999999, -999999, -999999, -999999, -999999, -999999, -999999, -999999, -999999, -999999, -999999, -999999, -999999, -999999, -999999, -999999, -999999, -999999, -999999, -999999, -999999, -999999, -999999, -999999, -999999, -999999, -999999, -999999, -999999, -999999, -999999, -999999, -999999, -999999, -999999, -999999, -999999, -999999, -999999, -999999, -999999, -999999, -999999, -999999, -999999, -999999, -999999, -999999, -999999, -999999, -999999, -999999, -999999, -999999, -999999, -999999, -999999, -999999, -999999, -999999, -999999, -999999, -999999, -999999, -999999, -999999, -999999, -999999, -999999, -999999, -999999, -999999, -999999, -999999, -999999, -999999, -999999, -999999, -999999, -999999, -999999, -999999, -999999, -999999, -999999, -999999, -999999, -999999, -999999, -999999, -999999
JDAY, days
INDEX, none
FLIGHT, none
LOCAL_SUN_TIME, hour
LATITUDE, degs
LONGITUDE, degs
ALTP, km
PRESSURE, hPa
TEMPERATURE, K
THETA, K, calculated from ambient temperature and pressure
O3COLUMN, DU, OMI ozone column data extracted along flight track
SZA, deg
WNS, m/s
WND, Degs
GPS_ALT, km
GRD_SPD, m/s
TAS, m/s
IAS, m/s
MachNumber, mach
VerticalSpeed, ft min-1
HDG, degs
TRK, degs
DifferentialPressure, hPa
DriftAngle, degs
PITCH, degs
ROLL, degs
PotentialTemp_Nav, K
Dewpoint, K
TotalAirTemp, K
StaticPressure, hPa
CabinPressure, hPa
SolarZenithAngle, degs
AircraftSunElevation, degs
SunAzimuth, degs
AircraftSunAzimuth, degs
H2O_MixingRatio_Nav, g kg-1
H2O_VaporPressure_Nav, hPa
H2O_SatVaporPressureWater_Nav, hPa
H2O_SatVaporPressureIce_Nav, hPa
H2O_RelativeHumidity_Nav, %
ManeuverFlag, none
U_WINDS, m s-1
V_WINDS, m s-1
GroundElevation-AMSL_GoogleMaps, km
Altitude-AGL_GoogleMaps, km
O3_MixingRatio, ppbv
CO2_DryMoleFrac_PICARRO, ppm
CH4_DryMoleFrac_PICARRO, ppm
CO_DryMoleFrac_PICARRO, ppm
CO2_MoleFraction_PFP, ppm
CH4_MoleFraction_PFP, ppb
CO_MoleFraction_PFP, ppb
N2O_MoleFraction_PFP, ppb
SF6_CCGG_MoleFraction_PFP, ppt
H2_MoleFraction_PFP, ppb
CH4C13_MoleFraction_PFP, permil
CO2C14_MoleFraction_PFP, permil
F11B_MoleFraction_PFP, ppt
FC12_MoleFraction_PFP, ppt
F13_MoleFraction_PFP, ppt
F113_MoleFraction_PFP, ppt
F115_MoleFraction_PFP, ppt
HF133a_MoleFraction_PFP, ppt
F23_MoleFraction_PFP, ppt
F32_MoleFraction_PFP, ppt
F134A_MoleFraction_PFP, ppt
F152A_MoleFraction_PFP, ppt
F125_MoleFraction_PFP, ppt
F143a_MoleFraction_PFP, ppt
F227e_MoleFraction_PFP, ppt
F365m_MoleFraction_PFP, ppt
H1211_MoleFraction_PFP, ppt
H1301_MoleFraction_PFP, ppt
H2402_MoleFraction_PFP, ppt
MCFA_MoleFraction_PFP, ppt
CF4_MoleFraction_PFP, ppt
C2F6_MoleFraction_PFP, ppt
SO2F2_MoleFraction_PFP, ppt
MEBR_MoleFraction_PFP, ppt
[...]
[from data line 310]
64907,   116,          1200311.0,         12.000000,  11.61755029,   39.4805568,   263.8070044,   4.54992644,   573.346,   261.5499939,   306.6044773,   387,   26.53791242,   9.842040454,   262.8462873,   4.61566,   121.510728,   120.1680396,    -999999,  0.37068,    -999999,  167.324,   162.7,   57.06,    -999999,  -3.744,   -0.296,   306.6099939,   239.4039939,   268.7419939,   573.346,   950.062,    -999999,   -999999,   -999999,   -999999,  0.387482,   0.35698,   2.52998,   2.2594,   15.798,    -999999,   -999999,   -999999,  0.34808,   4.26758,   51.58,   412.4685714,   1.91125,   0.10865,    -999999,   -999999,   -999999,   -999999,   -999999,   -999999,   -999999,   -999999,   -999999,   -999999,   -999999,   -999999,   -999999,   -999999,   -999999,   -999999,   -999999,   -999999,   -999999,   -999999,   -999999,   -999999,   -999999,   -999999,   -999999,   -999999,   -999999,   -999999,   -999999,   -999999,   -999999,   -999999,   -999999,   -999999,   -999999,   -999999,   -999999,   -999999,   -999999,   -999999,   -999999,   -999999,   -999999,   -999999,   -999999,   -999999,   -999999,   -999999,   -999999,   -999999,   -999999,   -999999,         1.2816000  
64912,   116,          1200312.0,         12.000000,  11.61907922,   39.47533,   263.809105,   4.55846084,   572.7,   261.6279939,   306.7947166,   387,   26.52896539,   9.922385467,   262.086616,   4.61376,   121.7576592,   120.5374075,    -999999,  0.37174,    -999999,  167.358,   162.7,   57.34,    -999999,  -3.822,   -0.376,   306.7959939,   239.7679939,   268.8619939,   572.7,   950.108,    -999999,   -999999,   -999999,   -999999,  0.401872,   0.3698,   2.54582,   2.27528,   16.252,    -999999,   -999999,   -999999,  0.3518,   4.26196,   52.18,   412.445,   1.91145,   0.10915,    -999999,   -999999,   -999999,   -999999,   -999999,   -999999,   -999999,   -999999,   -999999,   -999999,   -999999,   -999999,   -999999,   -999999,   -999999,   -999999,   -999999,   -999999,   -999999,   -999999,   -999999,   -999999,   -999999,   -999999,   -999999,   -999999,   -999999,   -999999,   -999999,   -999999,   -999999,   -999999,   -999999,   -999999,   -999999,   -999999,   -999999,   -999999,   -999999,   -999999,   -999999,   -999999,   -999999,   -999999,   -999999,   -999999,   -999999,   -999999,   -999999,   -999999,   -999999,   -999999,         1.2926000  
64917,   116,          1200313.0,         12.000000,  11.62060832,   39.4700944,   263.8112082,   4.55766836,   572.76,   261.6459939,   306.8066406,   387,   26.52002227,   9.904403423,   262.1159657,   4.61218,   121.92228,   120.6979128,    -999999,  0.37222,    -999999,  167.344,   162.7,   57.5,    -999999,  -3.768,   -0.414,   306.8099939,   239.4559939,   268.8999939,   572.76,   950.11,    -999999,   -999999,   -999999,   -999999,  0.389852,   0.35878,   2.5495,   2.27896,   15.742,    -999999,   -999999,   -999999,  0.3482,   4.26398,   49.96,   412.455,   1.911591667,   0.10845,    -999999,   -999999,   -999999,   -999999,   -999999,   -999999,   -999999,   -999999,   -999999,   -999999,   -999999,   -999999,   -999999,   -999999,   -999999,   -999999,   -999999,   -999999,   -999999,   -999999,   -999999,   -999999,   -999999,   -999999,   -999999,   -999999,   -999999,   -999999,   -999999,   -999999,   -999999,   -999999,   -999999,   -999999,   -999999,   -999999,   -999999,   -999999,   -999999,   -999999,   -999999,   -999999,   -999999,   -999999,   -999999,   -999999,   -999999,   -999999,   -999999,   -999999,   -999999,   -999999,         1.3090000  
64922,   116,          1200314.0,         12.000000,  11.62213777,   39.4648532,   263.8133166,   4.547658728,   573.518,   261.6679939,   306.7165173,   387,   26.51108577,   9.809261564,   262.3148137,   4.61062,   122.0457456,   120.7884543,    -999999,  0.37248,    -999999,  167.252,   162.66,   57.66,    -999999,  -3.828,   -0.36,   306.7159939,   238.6759939,   268.9319939,   573.518,   950.036,    -999999,   -999999,   -999999,   -999999,  0.360732,   0.33244,   2.55398,   2.28348,   14.56,    -999999,   -999999,   -999999,  0.34966,   4.26096,   51.52,   412.475,   1.9111,   0.1117736842,    -999999,   -999999,   -999999,   -999999,   -999999,   -999999,   -999999,   -999999,   -999999,   -999999,   -999999,   -999999,   -999999,   -999999,   -999999,   -999999,   -999999,   -999999,   -999999,   -999999,   -999999,   -999999,   -999999,   -999999,   -999999,   -999999,   -999999,   -999999,   -999999,   -999999,   -999999,   -999999,   -999999,   -999999,   -999999,   -999999,   -999999,   -999999,   -999999,   -999999,   -999999,   -999999,   -999999,   -999999,   -999999,   -999999,   -999999,   -999999,   -999999,   -999999,   -999999,   -999999,         1.3424000  
64927,   116,          1200315.0,         12.000000,  11.62366772,   39.4596092,   263.8154324,   4.550603096,   573.296,   261.6439939,   306.7223123,   387,   26.50215829,   9.70872869,   262.274351,   4.60936,   122.1177672,   120.8656203,    -999999,  0.37276,    -999999,  167.142,   162.6,   57.72,    -999999,  -3.79,   -0.322,   306.7279939,   237.7599939,   268.9179939,   573.296,   949.978,    -999999,   -999999,   -999999,   -999999,  0.329666,   0.3037,   2.5491,   2.27858,   13.33,    -999999,   -999999,   -999999,  0.36318,   4.24618,   50.14,   412.45,   1.911244444,   0.1091736842,    -999999,   -999999,   -999999,   -999999,   -999999,   -999999,   -999999,   -999999,   -999999,   -999999,   -999999,   -999999,   -999999,   -999999,   -999999,   -999999,   -999999,   -999999,   -999999,   -999999,   -999999,   -999999,   -999999,   -999999,   -999999,   -999999,   -999999,   -999999,   -999999,   -999999,   -999999,   -999999,   -999999,   -999999,   -999999,   -999999,   -999999,   -999999,   -999999,   -999999,   -999999,   -999999,   -999999,   -999999,   -999999,   -999999,   -999999,   -999999,   -999999,   -999999,   -999999,   -999999,         1.2824000  
64932,   116,          1200316.0,         12.000000,  11.62519808,   39.4543644,   263.8175546,   4.544129144,   573.786,   261.6019939,   306.5982272,   387,   26.49324197,   9.612516659,   262.7072311,   4.60886,   122.128056,   120.8059452,    -999999,  0.37258,    -999999,  167.052,   162.56,   57.72,    -999999,  -3.8,   -0.386,   306.5979939,   236.8919939,   268.8679939,   573.786,   949.978,    -999999,   -999999,   -999999,   -999999,  0.30206,   0.27852,   2.54052,   2.27,   12.268,    -999999,   -999999,   -999999,  0.36238,   4.24648,   44.94,   412.49,   1.9108,   0.107925,    -999999,   -999999,   -999999,   -999999,   -999999,   -999999,   -999999,   -999999,   -999999,   -999999,   -999999,   -999999,   -999999,   -999999,   -999999,   -999999,   -999999,   -999999,   -999999,   -999999,   -999999,   -999999,   -999999,   -999999,   -999999,   -999999,   -999999,   -999999,   -999999,   -999999,   -999999,   -999999,   -999999,   -999999,   -999999,   -999999,   -999999,   -999999,   -999999,   -999999,   -999999,   -999999,   -999999,   -999999,   -999999,   -999999,   -999999,   -999999,   -999999,   -999999,   -999999,   -999999,         1.3142000  
64937,   116,          1200317.0,         12.000000,  11.62672895,   39.4491232,   263.8196842,   4.550188568,   573.326,   261.5039939,   306.5536087,   387,   26.48434097,   9.613393916,   261.6407282,   4.60962,   122.0663232,   120.9119199,    -999999,  0.37298,    -999999,  167.002,   162.5,   57.8,    -999999,  -3.824,   -0.366,   306.5559939,   236.4259939,   268.7839939,   573.326,   950.038,    -999999,   -999999,   -999999,   -999999,  0.28847,   0.26578,   2.5207,   2.25008,   11.81,    -999999,   -999999,   -999999,  0.34776,   4.26186,   48.44,   412.495,   1.9104,   0.110935,   411.92,   1910.92,   110.24,   330.97,   9.75,   525.23,   -47.26,    -999999,  231.66,   513.67,   3.46,   70.72,   8.74,   0.57,   31.93,   17.49,   107.44,   9.46,   27,   22.71,   1.46,   1.12,   3.98,   3.44,   0.38,   2.25,   85.13,   4.97,   2.31,   7.27,   0.28,   0.98,   552.27,   576.25,   72.38,   14.94,   2.76,   142.36,   1378.33,   167.47,   16.69,   14.17,   2.44,   4.48,   26.46,    -999999,  0.22,   0.15,   0.18,   0.67,   1.64,   254.65,          1.3330000  
64942,   116,          1200318.0,         12.000000,  11.62825993,   39.4438872,   263.8218156,   4.544238872,   573.778,   261.4999939,   306.4799038,   387,   26.47545781,   9.490073872,   261.7160484,   4.61108,   121.9428576,   120.7833099,    -999999,  0.37262,    -999999,  166.928,   162.48,   57.72,    -999999,  -3.806,   -0.302,   306.4819939,   236.5859939,   268.7619939,   573.778,   950.012,    -999999,   -999999,   -999999,   -999999,  0.29292,   0.27008,   2.51986,   2.24926,   12.008,    -999999,   -999999,   -999999,  0.33876,   4.27232,   47.4,   412.485,   1.9103,   0.1136263158,   411.92,   1910.92,   110.24,   330.97,   9.75,   525.23,   -47.26,    -999999,  231.66,   513.67,   3.46,   70.72,   8.74,   0.57,   31.93,   17.49,   107.44,   9.46,   27,   22.71,   1.46,   1.12,   3.98,   3.44,   0.38,   2.25,   85.13,   4.97,   2.31,   7.27,   0.28,   0.98,   552.27,   576.25,   72.38,   14.94,   2.76,   142.36,   1378.33,   167.47,   16.69,   14.17,   2.44,   4.48,   26.46,    -999999,  0.22,   0.15,   0.18,   0.67,   1.64,   254.65,          1.2786000  
64947,   116,          1200319.0,         12.000000,  11.62979111,   39.438656,   263.82395,   4.5560834,   572.88,   261.5499939,   306.6757144,   387,   26.46659193,   9.693974756,   262.4784161,   4.61218,   121.9017024,   120.5837071,    -999999,  0.37194,    -999999,  166.94,   162.4,   57.42,    -999999,  -3.786,   -0.242,   306.6819939,   237.3299939,   268.7919939,   572.88,   950.072,    -999999,   -999999,   -999999,   -999999,  0.316122,   0.291,   2.52998,   2.2594,   12.88,    -999999,   -999999,   -999999,  0.34424,   4.26794,   48.38,   412.504,   1.911045455,   0.10755,   411.92,   1910.92,   110.24,   330.97,   9.75,   525.23,   -47.26,    -999999,  231.66,   513.67,   3.46,   70.72,   8.74,   0.57,   31.93,   17.49,   107.44,   9.46,   27,   22.71,   1.46,   1.12,   3.98,   3.44,   0.38,   2.25,   85.13,   4.97,   2.31,   7.27,   0.28,   0.98,   552.27,   576.25,   72.38,   14.94,   2.76,   142.36,   1378.33,   167.47,   16.69,   14.17,   2.44,   4.48,   26.46,    -999999,  0.22,   0.15,   0.18,   0.67,   1.64,   254.65,          1.2432000  
64952,   116,          1200320.0,         12.000000,  11.63132237,   39.433426,   263.8260856,   4.553151224,   573.102,   261.5639939,   306.6581818,   387,   26.45774011,   9.719274663,   261.8313607,   4.61312,   121.870836,   120.6629309,    -999999,  0.37218,    -999999,  166.978,   162.42,   57.52,    -999999,  -3.75,   -0.366,   306.6579939,   238.4899939,   268.8119939,   573.102,   949.87,    -999999,   -999999,   -999999,   -999999,  0.354472,   0.32644,   2.53282,   2.26224,   14.43,    -999999,   -999999,   -999999,  0.34738,   4.26574,   48.78,   412.525,   1.9112,   0.1082,   411.92,   1910.92,   110.24,   330.97,   9.75,   525.23,   -47.26,    -999999,  231.66,   513.67,   3.46,   70.72,   8.74,   0.57,   31.93,   17.49,   107.44,   9.46,   27,   22.71,   1.46,   1.12,   3.98,   3.44,   0.38,   2.25,   85.13,   4.97,   2.31,   7.27,   0.28,   0.98,   552.27,   576.25,   72.38,   14.94,   2.76,   142.36,   1378.33,   167.47,   16.69,   14.17,   2.44,   4.48,   26.46,    -999999,  0.22,   0.15,   0.18,   0.67,   1.64,   254.65,          1.3588000  
64957,   116,          1200321.0,         12.000000,  11.6328533,   39.4281968,   263.8282162,   4.554973928,   572.964,   261.5759939,   306.6933525,   387,   26.44890299,   9.699171453,   260.5536054,   4.61634,   121.819392,   120.8429849,    -999999,  0.37272,    -999999,  167.058,   162.5,   57.68,    -999999,  -3.876,   -0.38,   306.6959939,   239.3139939,   268.8479939,   572.964,   949.938,    -999999,   -999999,   -999999,   -999999,  0.384326,   0.35382,   2.53528,   2.2647,   15.622,    -999999,   -999999,   -999999,  0.34818,   4.26816,   51.64,   412.49,   1.9114,   0.111,    -999999,   -999999,   -999999,   -999999,   -999999,   -999999,   -999999,   -999999,   -999999,   -999999,   -999999,   -999999,   -999999,   -999999,   -999999,   -999999,   -999999,   -999999,   -999999,   -999999,   -999999,   -999999,   -999999,   -999999,   -999999,   -999999,   -999999,   -999999,   -999999,   -999999,   -999999,   -999999,   -999999,   -999999,   -999999,   -999999,   -999999,   -999999,   -999999,   -999999,   -999999,   -999999,   -999999,   -999999,   -999999,   -999999,   -999999,   -999999,   -999999,   -999999,   -999999,   -999999,         1.2990000  
64962,   116,          1200322.0,         12.000000,  11.63438366,   39.422967,   263.8303382,   4.549938632,   573.346,   261.6799939,   306.756871,   387,   26.44007979,   9.72637511,   261.8046872,   4.61754,   121.8399696,   120.6670464,    -999999,  0.3721,    -999999,  167.164,   162.6,   57.52,    -999999,  -3.792,   -0.352,   306.7559939,   239.5259939,   268.9299939,   573.346,   949.824,    -999999,   -999999,   -999999,   -999999,  0.392064,   0.3612,   2.55646,   2.28594,   15.8,    -999999,   -999999,   -999999,  0.33232,   4.28522,   48.8,   412.4566667,   1.911954545,   0.1096941176,    -999999,   -999999,   -999999,   -999999,   -999999,   -999999,   -999999,   -999999,   -999999,   -999999,   -999999,   -999999,   -999999,   -999999,   -999999,   -999999,   -999999,   -999999,   -999999,   -999999,   -999999,   -999999,   -999999,   -999999,   -999999,   -999999,   -999999,   -999999,   -999999,   -999999,   -999999,   -999999,   -999999,   -999999,   -999999,   -999999,   -999999,   -999999,   -999999,   -999999,   -999999,   -999999,   -999999,   -999999,   -999999,   -999999,   -999999,   -999999,   -999999,   -999999,   -999999,   -999999,         1.3200000  
64967,   116,          1200323.0,         12.000000,  11.63591328,   39.4177298,   263.8324492,   4.55769884,   572.758,   261.7059939,   306.8773029,   387,   26.43126424,   9.637808138,   262.1855795,   4.61746,   121.9943016,   120.7740499,    -999999,  0.37242,    -999999,  167.174,   162.66,   57.56,    -999999,  -3.834,   -0.432,   306.8819939,   239.0539939,   268.9699939,   572.758,   950.004,    -999999,   -999999,   -999999,   -999999,  0.37483,   0.34496,   2.56174,   2.29128,   15.056,    -999999,   -999999,   -999999,  0.32492,   4.29254,   51.42,   412.445,   1.911725,   0.10995,    -999999,   -999999,   -999999,   -999999,   -999999,   -999999,   -999999,   -999999,   -999999,   -999999,   -999999,   -999999,   -999999,   -999999,   -999999,   -999999,   -999999,   -999999,   -999999,   -999999,   -999999,   -999999,   -999999,   -999999,   -999999,   -999999,   -999999,   -999999,   -999999,   -999999,   -999999,   -999999,   -999999,   -999999,   -999999,   -999999,   -999999,   -999999,   -999999,   -999999,   -999999,   -999999,   -999999,   -999999,   -999999,   -999999,   -999999,   -999999,   -999999,   -999999,   -999999,   -999999,         1.3678000  
