inputs/ACTAMERICA_Merge/B200/ACTAMERICA-mrg05-b200_merge_20170301_R0.ict
136, 1001
Shook, Michael
NASA Atmospheric Composition Branch, NASA Langley Research Center (SSAI)
Merged data file for ACT-AMERICA 2017, Flight 20 (20170301), on the b200 platform. Data is merged to 05 seconds.
NASA ACT-AMERICA 2017
1, 1
2017, 03, 01, 2018, 02, 22
05
UTC,s
97
1, 1, 1, 1, 1, 1, 1, 1, 1, 1, 1, 1, 1, 1, 1, 1, 1, 1, 1, 1, 1, 1, 1, 1, 1, 1, 1, 1, 1, 1, 1, 1, 1, 1, 1, 1, 1, 1, 1, 1, 1, 1, 1, 1, 1, 1, 1, 1, 1, 1, 1, 1, 1, 1, 1, 1, 1, 1, 1, 1, 1, 1, 1, 1, 1, 1, 1, 1, 1, 1, 1, 1, 1, 1, 1, 1, 1, 1, 1, 1, 1, 1, 1, 1, 1, 1, 1, 1, 1, 1, 1, 1, 1, 1, 1, 1, 1
-999999, -999999, -999999, -999999, -999999, -999999, -999999, -999999, -999999, -999999, -999999, -999999, -999999, -999999, -999999, -999999, -999999, -999999, -999999, -999999, -999999, -999999, -999999, -999999, -999999, -999999, -999999, -999999, -999999, -999999, -999999, -999999, -999999, -999999, -999999, -999999, -999999, -999999, -999999, -999999, -999999, -999999, -999999, -999999, -999999, -999999, -999999, -999999, -999999, -999999, -999999, -999999, -999999, -999999, -999999, -999999, -999999, -999999, -999999, -999999, -999999, -999999, -999999, -999999, -999999, -999999, -999999, -999999, -999999, -999999, -999999, -999999, -999999, -999999, -999999, -999999, -999999, -999999, -999999, -999999, -999999, -999999, -999999, -999999, -999999, -999999, -999999, -999999, -999999, -999999, -999999, -999999, -999999, -999999, -999999, -999999, -999999
JDAY, days
INDEX, none
FLIGHT, none
LOCAL_SUN_TIME, hour
LATITUDE, degs
LONGITUDE, degs
ALTP, km
PRESSURE, hPa
TEMPERATURE, K
THETA, K
O3COLUMN, DU
SZA, deg
GPS_ALT, km
GRD_SPD, m/s
TAS, m/s
IAS, m/s
MachNumber, mach
VerticalSpeed, ft min-1
HDG, degs
TRK, degs
PITCH, degs
ROLL, degs
PotentialTemp, K
Dewpoint, K
TotalAirTemp, K
CabinPressure, hPa
SolarZenithAngle, degs
AircraftSunElevation, degs
SunAzimuth, degs
AircraftSunAzimuth, degs
H2O_MixingRatio, g kg-1
H2O_VaporPressure, hPa
H2O_SatVaporPressureWater, hPa
H2O_SatVaporPressureIce, hPa
H2O_RelativeHumidity, %
DifferentialPressure, hPa
U_WINDS, m s-1
V_WINDS, m s-1
Ground_Elevation, km
Altitude_AGL, km
O3_MixingRatio, ppbv
CO2_MixingRatio_PICARRO, ppmv
CH4_MixingRatio_PICARRO, ppmv
CO_MixingRatio_PICARRO, ppmv
CO2_MoleFraction_PFP, ppm
CH4_MoleFraction_PFP, ppb
CO_MoleFraction_PFP, ppb
N2O_MoleFraction_PFP, ppb
SF6_MoleFraction_PFP, ppt
H2_MoleFraction_PFP, ppb
CH4C13_PFP, per mil
CO2C14_PFP, per mil
F11B_MoleFraction_PFP, ppt
FC12_MoleFraction_PFP, ppt
F13_MoleFraction_PFP, ppt
F113_MoleFraction_PFP, ppt
F115_MoleFraction_PFP, ppt
HF133a_MoleFraction_PFP, ppt
F23_MoleFraction_PFP, ppt
F32_MoleFraction_PFP, ppt
F134A_MoleFraction_PFP, ppt
F152A_MoleFraction_PFP, ppt
F125_MoleFraction_PFP, ppt
F143a_MoleFraction_PFP, ppt
F227e_MoleFraction_PFP, ppt
F365m_MoleFraction_PFP, ppt
H1211_MoleFraction_PFP, ppt
H1301_MoleFraction_PFP, ppt
H2402_MoleFraction_PFP, ppt
MCFA_MoleFraction_PFP, ppt
CF4_MoleFraction_PFP, ppt
C2F6_MoleFraction_PFP, ppt
SO2F2_MoleFraction_PFP, ppt
MEBR_MoleFraction_PFP, ppt
CH3I_MoleFraction_PFP, ppt
DIBR_MoleFraction_PFP, ppt
OCS_MoleFraction_PFP, ppt
MECL_MoleFraction_PFP, ppt
DICL_MoleFraction_PFP, ppt
CLHF_MoleFraction_PFP, ppt
PCE_MoleFraction_PFP, ppt
C2H2_MoleFraction_PFP, ppt
C2H6_MoleFraction_PFP, ppt
C3H8_MoleFraction_PFP, ppt
nC4H10_MoleFraction_PFP, ppt
[...]
[from data line 654]
64267,   60,          2000655.0,         20.000000,  12.68131844,   38.1332392,   282.4301932,   0.6179088556,   941.16,   293.2199939,   298.3446856,   82.85700226,   46.70943533,   0.48082,   95.90190481,   93.04573393,    -999999,  0.27106,    -999999,  135.48,   125.96,   0.84,   0.92,   298.3459939,   285.4699939,   297.5299939,   964.34,    -999999,   -999999,   -999999,   -999999,  9.650392,   14.37954,   23.57888,   28.56274,   60.988,   49.3,   14.178,   10.306,   0.10798,   0.37284,   39.02,   411.525,   1.8982,   0.12385,    -999999,   -999999,   -999999,   -999999,   -999999,   -999999,   -999999,   -999999,   -999999,   -999999,   -999999,   -999999,   -999999,   -999999,   -999999,   -999999,   -999999,   -999999,   -999999,   -999999,   -999999,   -999999,   -999999,   -999999,   -999999,   -999999,   -999999,   -999999,   -999999,   -999999,   -999999,   -999999,   -999999,   -999999,   -999999,   -999999,   -999999,   -999999,   -999999,   -999999,   -999999,   -999999,   -999999,   -999999,   -999999,   -999999,   -999999,   -999999,   -999999,   -999999,   -999999,   -999999,        0.92500000  
64272,   60,          2000656.0,         20.000000,  12.68300259,   38.1307136,   282.4346222,   0.6138428236,   941.62,   293.0059939,   298.0853265,   82.85700226,   46.71179168,   0.47742,   95.62410721,   94.49439697,    -999999,  0.27538,    -999999,  136.7,   125.44,   2.06,   -2.72,   298.0839939,   285.2499939,   297.4499939,   964.68,    -999999,   -999999,   -999999,   -999999,  9.50478,   14.1728,   23.26742,   28.12848,   60.912,   50.94,   12.884,   11.624,   0.09836,   0.37906,   38.22,   411.5214286,   1.897011111,   0.11275,    -999999,   -999999,   -999999,   -999999,   -999999,   -999999,   -999999,   -999999,   -999999,   -999999,   -999999,   -999999,   -999999,   -999999,   -999999,   -999999,   -999999,   -999999,   -999999,   -999999,   -999999,   -999999,   -999999,   -999999,   -999999,   -999999,   -999999,   -999999,   -999999,   -999999,   -999999,   -999999,   -999999,   -999999,   -999999,   -999999,   -999999,   -999999,   -999999,   -999999,   -999999,   -999999,   -999999,   -999999,   -999999,   -999999,   -999999,   -999999,   -999999,   -999999,   -999999,   -999999,        0.83060000  
64277,   60,          2000657.0,         20.000000,  12.68468844,   38.1282452,   282.4390766,   0.6232123757,   940.56,   293.1199939,   298.2972839,   82.85700226,   46.71422045,   0.48444,   95.39775361,   94.15898209,    -999999,  0.27434,    -999999,  133.62,   124.9,   1.06,   -0.66,   298.2939939,   285.1699939,   297.5299939,   964.78,    -999999,   -999999,   -999999,   -999999,  9.464938,   14.09836,   23.43238,   28.35824,   60.168,   50.5,   11.09,   9.98,   0.0902,   0.39424,   38.82,   411.48,   1.897441667,   0.11405,    -999999,   -999999,   -999999,   -999999,   -999999,   -999999,   -999999,   -999999,   -999999,   -999999,   -999999,   -999999,   -999999,   -999999,   -999999,   -999999,   -999999,   -999999,   -999999,   -999999,   -999999,   -999999,   -999999,   -999999,   -999999,   -999999,   -999999,   -999999,   -999999,   -999999,   -999999,   -999999,   -999999,   -999999,   -999999,   -999999,   -999999,   -999999,   -999999,   -999999,   -999999,   -999999,   -999999,   -999999,   -999999,   -999999,   -999999,   -999999,   -999999,   -999999,   -999999,   -999999,        0.94840000  
64282,   60,          2000658.0,         20.000000,  12.68637458,   38.1257816,   282.4435354,   0.6248034317,   940.38,   292.9139939,   298.1039464,   82.85700226,   46.71666682,   0.48682,   95.42862001,   96.10665193,    -999999,  0.2801,    -999999,  135.6,   125.06,   0.5,   0.02,   298.1019939,   285.2299939,   297.5099939,   964.24,    -999999,   -999999,   -999999,   -999999,  9.504868,   14.1542,   23.13572,   27.94548,   61.182,   52.68,   11.868,   13.274,   0.09846,   0.38836,   38.94,   411.425,   1.896633333,   0.1191,    -999999,   -999999,   -999999,   -999999,   -999999,   -999999,   -999999,   -999999,   -999999,   -999999,   -999999,   -999999,   -999999,   -999999,   -999999,   -999999,   -999999,   -999999,   -999999,   -999999,   -999999,   -999999,   -999999,   -999999,   -999999,   -999999,   -999999,   -999999,   -999999,   -999999,   -999999,   -999999,   -999999,   -999999,   -999999,   -999999,   -999999,   -999999,   -999999,   -999999,   -999999,   -999999,   -999999,   -999999,   -999999,   -999999,   -999999,   -999999,   -999999,   -999999,   -999999,   -999999,        0.82120000  
64287,   60,          2000659.0,         20.000000,  12.68806024,   38.1233128,   282.447987,   0.6193231277,   941,   292.9779939,   298.112937,   82.85700226,   46.71911885,   0.48144,   95.34630961,   94.81129201,    -999999,  0.27632,    -999999,  135.96,   124.94,   1.14,   -1.56,   298.1079939,   285.0499939,   297.4499939,   964.74,    -999999,   -999999,   -999999,   -999999,  9.384648,   13.9871,   23.227,   28.0722,   60.218,   51.26,   12.962,   12.782,   0.0894,   0.39204,   40.7,   411.435,   1.897054545,   0.1188428571,    -999999,   -999999,   -999999,   -999999,   -999999,   -999999,   -999999,   -999999,   -999999,   -999999,   -999999,   -999999,   -999999,   -999999,   -999999,   -999999,   -999999,   -999999,   -999999,   -999999,   -999999,   -999999,   -999999,   -999999,   -999999,   -999999,   -999999,   -999999,   -999999,   -999999,   -999999,   -999999,   -999999,   -999999,   -999999,   -999999,   -999999,   -999999,   -999999,   -999999,   -999999,   -999999,   -999999,   -999999,   -999999,   -999999,   -999999,   -999999,   -999999,   -999999,   -999999,   -999999,        0.90020000  
64292,   60,          2000660.0,         20.000000,  12.68974772,   38.1208778,   282.4524658,   0.6166713676,   941.3,   292.9279939,   298.0349162,   82.85700226,   46.72162098,   0.47958,   95.29486561,   95.31441433,    -999999,  0.2778,    -999999,  136.26,   124.16,   1.22,   -2.02,   298.0339939,   285.0699939,   297.4499939,   964.36,    -999999,   -999999,   -999999,   -999999,  9.39415,   14.00552,   23.15508,   27.97218,   60.486,   51.84,   13.416,   14.296,   0.08624,   0.39334,   39.28,   411.49,   1.8969,   0.1196045455,    -999999,   -999999,   -999999,   -999999,   -999999,   -999999,   -999999,   -999999,   -999999,   -999999,   -999999,   -999999,   -999999,   -999999,   -999999,   -999999,   -999999,   -999999,   -999999,   -999999,   -999999,   -999999,   -999999,   -999999,   -999999,   -999999,   -999999,   -999999,   -999999,   -999999,   -999999,   -999999,   -999999,   -999999,   -999999,   -999999,   -999999,   -999999,   -999999,   -999999,   -999999,   -999999,   -999999,   -999999,   -999999,   -999999,   -999999,   -999999,   -999999,   -999999,   -999999,   -999999,        0.83160000  
64297,   60,          2000661.0,         20.000000,  12.69143778,   38.1184914,   282.4569834,   0.6078321675,   942.3,   293.0919939,   298.1113234,   82.85700226,   46.72418981,   0.4706,   95.45948641,   92.72781001,    -999999,  0.27018,    -999999,  134.58,   123.44,   1.08,   -1.36,   298.1099939,   285.1499939,   297.3699939,   964.66,    -999999,   -999999,   -999999,   -999999,  9.434568,   14.0798,   23.39204,   28.3021,   60.19,   49.04,   13.998,   11.444,   0.08918,   0.38142,   37.96,   411.505,   1.89665,   0.113305,    -999999,   -999999,   -999999,   -999999,   -999999,   -999999,   -999999,   -999999,   -999999,   -999999,   -999999,   -999999,   -999999,   -999999,   -999999,   -999999,   -999999,   -999999,   -999999,   -999999,   -999999,   -999999,   -999999,   -999999,   -999999,   -999999,   -999999,   -999999,   -999999,   -999999,   -999999,   -999999,   -999999,   -999999,   -999999,   -999999,   -999999,   -999999,   -999999,   -999999,   -999999,   -999999,   -999999,   -999999,   -999999,   -999999,   -999999,   -999999,   -999999,   -999999,   -999999,   -999999,        0.78720000  
64302,   60,          2000662.0,         20.000000,  12.69312974,   38.1161134,   282.4615294,   0.6030772875,   942.84,   293.0219939,   297.9913436,   82.85700226,   46.72678439,   0.46572,   95.61381841,   96.42972025,    -999999,  0.28098,    -999999,  132.98,   123.7,   0.78,   0.46,   297.9919939,   285.2499939,   297.6499939,   964.68,    -999999,   -999999,   -999999,   -999999,  9.492264,   14.1727,   23.29062,   28.16082,   60.852,   53.16,   9.214,   11.322,   0.06742,   0.3983,   38.26,   411.416,   1.896788889,   0.1194428571,    -999999,   -999999,   -999999,   -999999,   -999999,   -999999,   -999999,   -999999,   -999999,   -999999,   -999999,   -999999,   -999999,   -999999,   -999999,   -999999,   -999999,   -999999,   -999999,   -999999,   -999999,   -999999,   -999999,   -999999,   -999999,   -999999,   -999999,   -999999,   -999999,   -999999,   -999999,   -999999,   -999999,   -999999,   -999999,   -999999,   -999999,   -999999,   -999999,   -999999,   -999999,   -999999,   -999999,   -999999,   -999999,   -999999,   -999999,   -999999,   -999999,   -999999,   -999999,   -999999,        0.87540000  
64307,   60,          2000663.0,         20.000000,  12.69481896,   38.1137066,   282.4660344,   0.6037783275,   942.76,   293.0719939,   298.0494173,   82.85700226,   46.72935526,   0.46652,   95.15082241,   97.56869041,    -999999,  0.2843,    -999999,  134.08,   124.5,   0.6,   1.74,   298.0499939,   285.2899939,   297.8099939,   964.68,    -999999,   -999999,   -999999,   -999999,  9.518554,   14.21018,   23.36302,   28.26166,   60.824,   54.44,   9.816,   13.872,   0.08686,   0.37966,   34.98,   411.365,   1.8968,   0.1083363636,   411.54,   1898.29,   122.19,   329.63,   9.25,   516.23,   -47.23,   6.75,   231.62,   516.56,   3.47,   70.7,   8.57,   0.58,   29.47,   19.05,   106.07,   15.23,   26.13,   21.58,   1.29,   1.04,   5.28,   3.39,   0.39,   2.53,   83.07,   4.82,   2.62,   7.82,   0.77,   1.37,    -999999,  630.58,   54.07,   12.32,   3.96,   203.28,   1040.54,   269.56,   152.37,   41.8,   32.15,   60.99,   51.67,   75.33,   0.26,   0.16,    -999999,  0.68,   13.75,   252.89,         0.88360000  
64312,   60,          2000664.0,         20.000000,  12.69650434,   38.1112638,   282.4704818,   0.5999073674,   943.2,   293.1039939,   298.0422244,   82.85700226,   46.73189217,   0.46352,   95.00677921,   95.58912529,    -999999,  0.27852,    -999999,  136.8,   124.88,   0.68,   -1.16,   298.0399939,   285.0699939,   297.6499939,   964.6,    -999999,   -999999,   -999999,   -999999,  9.375238,   14.00592,   23.40944,   28.32632,   59.832,   52.22,   13.298,   14.69,   0.081,   0.38252,   37,   411.405,   1.89615,   0.1224,   411.54,   1898.29,   122.19,   329.63,   9.25,   516.23,   -47.23,   6.75,   231.62,   516.56,   3.47,   70.7,   8.57,   0.58,   29.47,   19.05,   106.07,   15.23,   26.13,   21.58,   1.29,   1.04,   5.28,   3.39,   0.39,   2.53,   83.07,   4.82,   2.62,   7.82,   0.77,   1.37,    -999999,  630.58,   54.07,   12.32,   3.96,   203.28,   1040.54,   269.56,   152.37,   41.8,   32.15,   60.99,   51.67,   75.33,   0.26,   0.16,    -999999,  0.68,   13.75,   252.89,         0.82560000  
64317,   60,          2000665.0,         20.000000,  12.69819054,   38.1088364,   282.4749414,   0.5961949034,   943.62,   293.2639939,   298.1669914,   82.85700226,   46.73445845,   0.45946,   94.98620161,   95.55825889,    -999999,  0.27836,    -999999,  135.52,   124.36,   1.18,   -1.22,   298.1699939,   285.0099939,   297.8099939,   964.74,    -999999,   -999999,   -999999,   -999999,  9.333442,   13.95064,   23.64272,   28.65168,   59.006,   52.18,   11.312,   12.896,   0.10132,   0.35814,   38.48,   411.45,   1.89605,   0.11725,   411.54,   1898.29,   122.19,   329.63,   9.25,   516.23,   -47.23,   6.75,   231.62,   516.56,   3.47,   70.7,   8.57,   0.58,   29.47,   19.05,   106.07,   15.23,   26.13,   21.58,   1.29,   1.04,   5.28,   3.39,   0.39,   2.53,   83.07,   4.82,   2.62,   7.82,   0.77,   1.37,    -999999,  630.58,   54.07,   12.32,   3.96,   203.28,   1040.54,   269.56,   152.37,   41.8,   32.15,   60.99,   51.67,   75.33,   0.26,   0.16,    -999999,  0.68,   13.75,   252.89,         0.83500000  
64322,   60,          2000666.0,         20.000000,  12.69987707,   38.1064148,   282.479406,   0.6004377194,   943.14,   293.3499939,   298.2977907,   82.85700226,   46.7370434,   0.46288,   94.97591281,   95.70127321,    -999999,  0.27874,    -999999,  133.5,   124.7,   0.26,   0.88,   298.2979939,   285.2699939,   297.9099939,   964.44,    -999999,   -999999,   -999999,   -999999,  9.502028,   14.19158,   23.76882,   28.8277,   59.712,   52.3,   10.074,   11.628,   0.09502,   0.36786,   36.1,   411.38,   1.89685,   0.1194,   411.54,   1898.29,   122.19,   329.63,   9.25,   516.23,   -47.23,   6.75,   231.62,   516.56,   3.47,   70.7,   8.57,   0.58,   29.47,   19.05,   106.07,   15.23,   26.13,   21.58,   1.29,   1.04,   5.28,   3.39,   0.39,   2.53,   83.07,   4.82,   2.62,   7.82,   0.77,   1.37,    -999999,  630.58,   54.07,   12.32,   3.96,   203.28,   1040.54,   269.56,   152.37,   41.8,   32.15,   60.99,   51.67,   75.33,   0.26,   0.16,    -999999,  0.68,   13.75,   252.89,         0.87700000  
64327,   60,          2000667.0,         20.000000,  12.7015614,   38.1039578,   282.4838376,   0.5969020394,   943.54,   293.2799939,   298.1904821,   82.85700226,   46.73959968,   0.45938,   94.95533521,   95.36688721,    -999999,  0.27778,    -999999,  134.88,   125.2,   0.78,   -1,   298.1959939,   285.2099939,   297.8099939,   964.78,    -999999,   -999999,   -999999,   -999999,  9.459838,   14.13556,   23.6661,   28.68424,   59.732,   51.96,   9.864,   10.878,   0.0718,   0.38758,   37.9,   411.3716667,   1.896455556,   0.12325,    -999999,   -999999,   -999999,   -999999,   -999999,   -999999,   -999999,   -999999,   -999999,   -999999,   -999999,   -999999,   -999999,   -999999,   -999999,   -999999,   -999999,   -999999,   -999999,   -999999,   -999999,   -999999,   -999999,   -999999,   -999999,   -999999,   -999999,   -999999,   -999999,   -999999,   -999999,   -999999,   -999999,   -999999,   -999999,   -999999,   -999999,   -999999,   -999999,   -999999,   -999999,   -999999,   -999999,   -999999,   -999999,   -999999,   -999999,   -999999,   -999999,   -999999,   -999999,   -999999,        0.90780000  
64332,   60,          2000668.0,         20.000000,  12.70324568,   38.1014932,   282.4882686,   0.5951341994,   943.74,   293.3639939,   298.2578267,   82.85700226,   46.74216054,   0.45758,   95.06851201,   93.40995745,    -999999,  0.27206,    -999999,  133.68,   125.3,   0.86,   0.82,   298.2599939,   285.1899939,   297.7099939,   964.66,    -999999,   -999999,   -999999,   -999999,  9.445166,   14.11694,   23.78962,   28.85676,   59.344,   49.82,   11.214,   9.268,   0.08026,   0.37732,   38.24,   411.35,   1.89609,   0.11665,    -999999,   -999999,   -999999,   -999999,   -999999,   -999999,   -999999,   -999999,   -999999,   -999999,   -999999,   -999999,   -999999,   -999999,   -999999,   -999999,   -999999,   -999999,   -999999,   -999999,   -999999,   -999999,   -999999,   -999999,   -999999,   -999999,   -999999,   -999999,   -999999,   -999999,   -999999,   -999999,   -999999,   -999999,   -999999,   -999999,   -999999,   -999999,   -999999,   -999999,   -999999,   -999999,   -999999,   -999999,   -999999,   -999999,   -999999,   -999999,   -999999,   -999999,   -999999,   -999999,        0.76680000  
