inputs/ACTAMERICA_Merge/B200/ACTAMERICA-mrg05-b200_merge_20170209_R0_L1.ict
136, 1001
Shook, Michael
NASA Atmospheric Composition Branch, NASA Langley Research Center (SSAI)
Merged data file for ACT-AMERICA 2017, Flight 08 (20170209), on the b200 platform. Data is merged to 05 seconds.
NASA ACT-AMERICA 2017
1, 1
2017, 02, 09, 2018, 02, 22
05
UTC,s
97
1, 1, 1, 1, 1, 1, 1, 1, 1, 1, 1, 1, 1, 1, 1, 1, 1, 1, 1, 1, 1, 1, 1, 1, 1, 1, 1, 1, 1, 1, 1, 1, 1, 1, 1, 1, 1, 1, 1, 1, 1, 1, 1, 1, 1, 1, 1, 1, 1, 1, 1, 1, 1, 1, 1, 1, 1, 1, 1, 1, 1, 1, 1, 1, 1, 1, 1, 1, 1, 1, 1, 1, 1, 1, 1, 1, 1, 1, 1, 1, 1, 1, 1, 1, 1, 1, 1, 1, 1, 1, 1, 1, 1, 1, 1, 1, 1
-999999, -999999, -999999, -999999, -999999, -999999, -999999, -999999, -999999, -999999, -999999, -999999, -999999, -999999, -999999, -999999, -999999, -999999, -999999, -999999, -999999, -999999, -999999, -999999, -999999, -999999, -999999, -999999, -999999, -999999, -999999, -999999, -999999, -999999, -999999, -999999, -999999, -999999, -999999, -999999, -999999, -999999, -999999, -999999, -999999, -999999, -999999, -999999, -999999, -999999, -999999, -999999, -999999, -999999, -999999, -999999, -999999, -999999, -999999, -999999, -999999, -999999, -999999, -999999, -999999, -999999, -999999, -999999, -999999, -999999, -999999, -999999, -999999, -999999, -999999, -999999, -999999, -999999, -999999, -999999, -999999, -999999, -999999, -999999, -999999, -999999, -999999, -999999, -999999, -999999, -999999, -999999, -999999, -999999, -999999, -999999, -999999
JDAY, days
INDEX, none
FLIGHT, none
LOCAL_SUN_TIME, hour
LATITUDE, degs
LONGITUDE, degs
ALTP, km
PRESSURE, hPa
TEMPERATURE, K
THETA, K
O3COLUMN, DU
SZA, deg
GPS_ALT, km
GRD_SPD, m/s
TAS, m/s
IAS, m/s
MachNumber, mach
VerticalSpeed, ft min-1
HDG, degs
TRK, degs
PITCH, degs
ROLL, degs
PotentialTemp, K
Dewpoint, K
TotalAirTemp, K
CabinPressure, hPa
SolarZenithAngle, degs
AircraftSunElevation, degs
SunAzimuth, degs
AircraftSunAzimuth, degs
H2O_MixingRatio, g kg-1
H2O_VaporPressure, hPa
H2O_SatVaporPressureWater, hPa
H2O_SatVaporPressureIce, hPa
H2O_RelativeHumidity, %
DifferentialPressure, hPa
U_WINDS, m s-1
V_WINDS, m s-1
Ground_Elevation, km
Altitude_AGL, km
O3_MixingRatio, ppbv
CO2_MixingRatio_PICARRO, ppmv
CH4_MixingRatio_PICARRO, ppmv
CO_MixingRatio_PICARRO, ppmv
CO2_MoleFraction_PFP, ppm
CH4_MoleFraction_PFP, ppb
CO_MoleFraction_PFP, ppb
N2O_MoleFraction_PFP, ppb
SF6_MoleFraction_PFP, ppt
H2_MoleFraction_PFP, ppb
CH4C13_PFP, per mil
CO2C14_PFP, per mil
F11B_MoleFraction_PFP, ppt
FC12_MoleFraction_PFP, ppt
F13_MoleFraction_PFP, ppt
F113_MoleFraction_PFP, ppt
F115_MoleFraction_PFP, ppt
HF133a_MoleFraction_PFP, ppt
F23_MoleFraction_PFP, ppt
F32_MoleFraction_PFP, ppt
F134A_MoleFraction_PFP, ppt
F152A_MoleFraction_PFP, ppt
F125_MoleFraction_PFP, ppt
F143a_MoleFraction_PFP, ppt
F227e_MoleFraction_PFP, ppt
F365m_MoleFraction_PFP, ppt
H1211_MoleFraction_PFP, ppt
H1301_MoleFraction_PFP, ppt
H2402_MoleFraction_PFP, ppt
MCFA_MoleFraction_PFP, ppt
CF4_MoleFraction_PFP, ppt
C2F6_MoleFraction_PFP, ppt
SO2F2_MoleFraction_PFP, ppt
MEBR_MoleFraction_PFP, ppt
CH3I_MoleFraction_PFP, ppt
DIBR_MoleFraction_PFP, ppt
OCS_MoleFraction_PFP, ppt
MECL_MoleFraction_PFP, ppt
DICL_MoleFraction_PFP, ppt
CLHF_MoleFraction_PFP, ppt
PCE_MoleFraction_PFP, ppt
C2H2_MoleFraction_PFP, ppt
C2H6_MoleFraction_PFP, ppt
C3H8_MoleFraction_PFP, ppt
nC4H10_MoleFraction_PFP, ppt
[...]
[from data line 644]
64352,   40,          800645.00,         8.0000000,  11.65571213,   33.182262,   266.691932,   0.4236537172,   963.36,   275.5959939,   278.5510028,   283,   48.11436799,   0.47556,   88.69974481,   94.57979401,    -999999,  0.2842,    -999999,  88.22,   89.7,   0.78,   -2.4,   278.5519939,   268.4899939,   280.0499939,   974.82,    -999999,   -999999,   -999999,   -999999,  2.818482,   4.34572,   7.31708,   7.49372,   59.392,   55.576,   -4.792,   -2.6,   0.107,   0.36856,   35.34,   412.625,   1.965288889,   0.1463545455,    -999999,   -999999,   -999999,   -999999,   -999999,   -999999,   -999999,   -999999,   -999999,   -999999,   -999999,   -999999,   -999999,   -999999,   -999999,   -999999,   -999999,   -999999,   -999999,   -999999,   -999999,   -999999,   -999999,   -999999,   -999999,   -999999,   -999999,   -999999,   -999999,   -999999,   -999999,   -999999,   -999999,   -999999,   -999999,   -999999,   -999999,   -999999,   -999999,   -999999,   -999999,   -999999,   -999999,   -999999,   -999999,   -999999,   -999999,   -999999,   -999999,   -999999,   -999999,   -999999,     -999999  
64357,   40,          800646.00,         8.0000000,  11.65741793,   33.1822954,   266.6966856,   0.4203557812,   963.74,   275.5299939,   278.4529177,   283,   48.11190265,   0.47262,   88.62772321,   94.45838617,    -999999,  0.28388,    -999999,  88.42,   89.48,   1.3,   -1.32,   278.4539939,   268.3299939,   279.9699939,   974.9,    -999999,   -999999,   -999999,   -999999,  2.783362,   4.29352,   7.28264,   7.45374,   58.954,   55.466,   -4.75,   -1.77,   0.1015,   0.37112,   34.94,   412.765,   1.9686,   0.1447761905,    -999999,   -999999,   -999999,   -999999,   -999999,   -999999,   -999999,   -999999,   -999999,   -999999,   -999999,   -999999,   -999999,   -999999,   -999999,   -999999,   -999999,   -999999,   -999999,   -999999,   -999999,   -999999,   -999999,   -999999,   -999999,   -999999,   -999999,   -999999,   -999999,   -999999,   -999999,   -999999,   -999999,   -999999,   -999999,   -999999,   -999999,   -999999,   -999999,   -999999,   -999999,   -999999,   -999999,   -999999,   -999999,   -999999,   -999999,   -999999,   -999999,   -999999,   -999999,   -999999,     -999999  
64362,   40,          800647.00,         8.0000000,  11.65912288,   33.1823282,   266.7014266,   0.4182709492,   963.98,   275.5359939,   278.4391718,   283,   48.10945021,   0.47004,   88.22646001,   93.96143713,    -999999,  0.28234,    -999999,  87.82,   89.56,   1.7,   -1.32,   278.4379939,   268.3099939,   279.9299939,   975,    -999999,   -999999,   -999999,   -999999,  2.778452,   4.28704,   7.28586,   7.4575,   58.84,   54.888,   -4.6,   -3.014,   0.09396,   0.37608,   34.7,   412.83,   1.9686,   0.1408619048,    -999999,   -999999,   -999999,   -999999,   -999999,   -999999,   -999999,   -999999,   -999999,   -999999,   -999999,   -999999,   -999999,   -999999,   -999999,   -999999,   -999999,   -999999,   -999999,   -999999,   -999999,   -999999,   -999999,   -999999,   -999999,   -999999,   -999999,   -999999,   -999999,   -999999,   -999999,   -999999,   -999999,   -999999,   -999999,   -999999,   -999999,   -999999,   -999999,   -999999,   -999999,   -999999,   -999999,   -999999,   -999999,   -999999,   -999999,   -999999,   -999999,   -999999,   -999999,   -999999,     -999999  
64367,   40,          800648.00,         8.0000000,  11.66082612,   33.182362,   266.7061418,   0.4184538292,   963.96,   275.6199939,   278.5257079,   283,   48.10701353,   0.47056,   87.70173121,   93.08277361,    -999999,  0.27968,    -999999,  88.48,   89.38,   1.86,   -2.14,   278.5219939,   268.3899939,   279.9299939,   975.14,    -999999,   -999999,   -999999,   -999999,  2.795438,   4.31304,   7.32952,   7.50824,   58.846,   53.826,   -4.256,   -2.204,   0.0991,   0.37146,   36.34,   413.02,   1.9711,   0.15005,    -999999,   -999999,   -999999,   -999999,   -999999,   -999999,   -999999,   -999999,   -999999,   -999999,   -999999,   -999999,   -999999,   -999999,   -999999,   -999999,   -999999,   -999999,   -999999,   -999999,   -999999,   -999999,   -999999,   -999999,   -999999,   -999999,   -999999,   -999999,   -999999,   -999999,   -999999,   -999999,   -999999,   -999999,   -999999,   -999999,   -999999,   -999999,   -999999,   -999999,   -999999,   -999999,   -999999,   -999999,   -999999,   -999999,   -999999,   -999999,   -999999,   -999999,   -999999,   -999999,     -999999  
64372,   40,          800649.00,         8.0000000,  11.66252764,   33.1824254,   266.7108312,   0.4231294612,   963.42,   275.6079939,   278.5581747,   283,   48.10462099,   0.47438,   87.30046801,   92.76999409,    -999999,  0.27874,    -999999,  87.92,   88.7,   1.56,   -1.9,   278.5559939,   268.6099939,   279.8899939,   974.82,    -999999,   -999999,   -999999,   -999999,  2.844062,   4.38526,   7.32328,   7.50094,   59.882,   53.43,   -4.41,   -0.402,   0.09084,   0.38354,   35.66,   412.975,   1.97095,   0.145,    -999999,   -999999,   -999999,   -999999,   -999999,   -999999,   -999999,   -999999,   -999999,   -999999,   -999999,   -999999,   -999999,   -999999,   -999999,   -999999,   -999999,   -999999,   -999999,   -999999,   -999999,   -999999,   -999999,   -999999,   -999999,   -999999,   -999999,   -999999,   -999999,   -999999,   -999999,   -999999,   -999999,   -999999,   -999999,   -999999,   -999999,   -999999,   -999999,   -999999,   -999999,   -999999,   -999999,   -999999,   -999999,   -999999,   -999999,   -999999,   -999999,   -999999,   -999999,   -999999,     -999999  
64377,   40,          800650.00,         8.0000000,  11.66422831,   33.1825142,   266.715508,   0.4236476212,   963.36,   275.7399939,   278.6965468,   283,   48.10226711,   0.4752,   87.34162321,   91.74831625,    -999999,  0.2756,    -999999,  87.38,   89,   1.12,   0.02,   278.6979939,   268.6499939,   279.9299939,   975,    -999999,   -999999,   -999999,   -999999,  2.852854,   4.3985,   7.3926,   7.58164,   59.502,   52.21,   -3.346,   -2.562,   0.08552,   0.38968,   33.86,   412.875,   1.9702,   0.1409,    -999999,   -999999,   -999999,   -999999,   -999999,   -999999,   -999999,   -999999,   -999999,   -999999,   -999999,   -999999,   -999999,   -999999,   -999999,   -999999,   -999999,   -999999,   -999999,   -999999,   -999999,   -999999,   -999999,   -999999,   -999999,   -999999,   -999999,   -999999,   -999999,   -999999,   -999999,   -999999,   -999999,   -999999,   -999999,   -999999,   -999999,   -999999,   -999999,   -999999,   -999999,   -999999,   -999999,   -999999,   -999999,   -999999,   -999999,   -999999,   -999999,   -999999,   -999999,   -999999,     -999999  
64382,   40,          800651.00,         8.0000000,  11.66593009,   33.1825682,   266.7202014,   0.4285122293,   962.8,   275.7799939,   278.7832871,   283,   48.0998893,   0.4794,   87.75317521,   93.47786353,    -999999,  0.28078,    -999999,  88.52,   89.26,   0.54,   -2.62,   278.7839939,   268.7099939,   280.1299939,   974.56,    -999999,   -999999,   -999999,   -999999,  2.867532,   4.41848,   7.41358,   7.60612,   59.604,   54.194,   -4.706,   -1.526,   0.08588,   0.39352,   34.12,   412.662,   1.9699,   0.14015,    -999999,   -999999,   -999999,   -999999,   -999999,   -999999,   -999999,   -999999,   -999999,   -999999,   -999999,   -999999,   -999999,   -999999,   -999999,   -999999,   -999999,   -999999,   -999999,   -999999,   -999999,   -999999,   -999999,   -999999,   -999999,   -999999,   -999999,   -999999,   -999999,   -999999,   -999999,   -999999,   -999999,   -999999,   -999999,   -999999,   -999999,   -999999,   -999999,   -999999,   -999999,   -999999,   -999999,   -999999,   -999999,   -999999,   -999999,   -999999,   -999999,   -999999,   -999999,   -999999,     -999999  
64387,   40,          800652.00,         8.0000000,  11.6676333,   33.1826358,   266.7249162,   0.4245132532,   963.26,   275.5679939,   278.5309636,   283,   48.09753523,   0.47656,   88.13386081,   93.82459609,    -999999,  0.28196,    -999999,  87.88,   88.92,   1,   -0.74,   278.5299939,   268.6899939,   279.9499939,   974.64,    -999999,   -999999,   -999999,   -999999,  2.861826,   4.41182,   7.30242,   7.47668,   60.418,   54.676,   -4.628,   -2.118,   0.087,   0.38956,   34.52,   412.78,   1.9685,   0.14395,    -999999,   -999999,   -999999,   -999999,   -999999,   -999999,   -999999,   -999999,   -999999,   -999999,   -999999,   -999999,   -999999,   -999999,   -999999,   -999999,   -999999,   -999999,   -999999,   -999999,   -999999,   -999999,   -999999,   -999999,   -999999,   -999999,   -999999,   -999999,   -999999,   -999999,   -999999,   -999999,   -999999,   -999999,   -999999,   -999999,   -999999,   -999999,   -999999,   -999999,   -999999,   -999999,   -999999,   -999999,   -999999,   -999999,   -999999,   -999999,   -999999,   -999999,   -999999,   -999999,     -999999  
64392,   40,          800653.00,         8.0000000,  11.66933698,   33.1827068,   266.729638,   0.4231355572,   963.42,   275.5179939,   278.4672113,   283,   48.09519613,   0.47458,   87.95895121,   95.00472145,    -999999,  0.28552,    -999999,  88.04,   89,   1.28,   -1.52,   278.4679939,   268.4499939,   280.0099939,   974.7,    -999999,   -999999,   -999999,   -999999,  2.809808,   4.33268,   7.27654,   7.44658,   59.546,   56.108,   -5.92,   -1.586,   0.08816,   0.38642,   36.36,   412.8516667,   1.966944444,   0.1454,   412.99,   1972.9,   155.1,   330.42,   9.42,   486.14,   -47.5,    -999999,  232.71,   517.35,   3.39,   71.27,   8.64,   0.53,   35.65,   16.04,   104.82,   13.93,   24.52,   21.98,   1.35,   1.13,   4.67,   3.33,   0.43,   2.56,   84.56,   4.63,   2.44,   6.76,   0.44,   1.28,   485.39,   545.9,   73.18,   16.19,   4.14,   526.85,   2920.33,   1384.45,   445.42,   217.86,   134.07,   145.53,   143.31,   81.65,   0.21,   0.15,   1.19,   0.66,   66.3,   254.31,      -999999  
64397,   40,          800654.00,         8.0000000,  11.6710396,   33.1827798,   266.734344,   0.4224406132,   963.5,   275.6139939,   278.5576303,   283,   48.09287278,   0.47414,   87.67086481,   94.18573297,    -999999,  0.28304,    -999999,  88,   88.94,   1.16,   -1.4,   278.5559939,   268.2899939,   280.0299939,   974.92,    -999999,   -999999,   -999999,   -999999,  2.775612,   4.28056,   7.32646,   7.50462,   58.43,   55.11,   -5.398,   -1.46,   0.08506,   0.38908,   35.32,   412.8271429,   1.968855556,   0.1489,   412.99,   1972.9,   155.1,   330.42,   9.42,   486.14,   -47.5,    -999999,  232.71,   517.35,   3.39,   71.27,   8.64,   0.53,   35.65,   16.04,   104.82,   13.93,   24.52,   21.98,   1.35,   1.13,   4.67,   3.33,   0.43,   2.56,   84.56,   4.63,   2.44,   6.76,   0.44,   1.28,   485.39,   545.9,   73.18,   16.19,   4.14,   526.85,   2920.33,   1384.45,   445.42,   217.86,   134.07,   145.53,   143.31,   81.65,   0.21,   0.15,   1.19,   0.66,   66.3,   254.31,          2.2090000  
64402,   40,          800655.00,         8.0000000,  11.67274178,   33.1828518,   266.7390434,   0.4214042932,   963.62,   275.5759939,   278.5093143,   283,   48.0905613,   0.47406,   87.67086481,   92.86670881,    -999999,  0.27906,    -999999,  87.62,   89.04,   1.24,   -0.92,   278.5099939,   268.2899939,   279.8699939,   974.82,    -999999,   -999999,   -999999,   -999999,  2.775268,   4.28056,   7.30674,   7.48174,   58.588,   53.562,   -4.118,   -2.294,   0.08168,   0.39238,   34.36,   413.05,   1.96935,   0.1503,   412.99,   1972.9,   155.1,   330.42,   9.42,   486.14,   -47.5,    -999999,  232.71,   517.35,   3.39,   71.27,   8.64,   0.53,   35.65,   16.04,   104.82,   13.93,   24.52,   21.98,   1.35,   1.13,   4.67,   3.33,   0.43,   2.56,   84.56,   4.63,   2.44,   6.76,   0.44,   1.28,   485.39,   545.9,   73.18,   16.19,   4.14,   526.85,   2920.33,   1384.45,   445.42,   217.86,   134.07,   145.53,   143.31,   81.65,   0.21,   0.15,   1.19,   0.66,   66.3,   254.31,          2.1498000  
64407,   40,          800656.00,         8.0000000,  11.67444403,   33.1829082,   266.7437438,   0.4219224532,   963.56,   275.5419939,   278.4799066,   283,   48.08824648,   0.47442,   87.65028721,   93.66409081,    -999999,  0.28146,    -999999,  87.82,   89.34,   1.16,   -0.34,   278.4799939,   268.3499939,   279.9099939,   975,    -999999,   -999999,   -999999,   -999999,  2.788098,   4.3,   7.28892,   7.461,   58.994,   54.506,   -4.87,   -3.372,   0.07892,   0.3955,   36.56,   412.9,   1.968927273,   0.15185,   412.99,   1972.9,   155.1,   330.42,   9.42,   486.14,   -47.5,    -999999,  232.71,   517.35,   3.39,   71.27,   8.64,   0.53,   35.65,   16.04,   104.82,   13.93,   24.52,   21.98,   1.35,   1.13,   4.67,   3.33,   0.43,   2.56,   84.56,   4.63,   2.44,   6.76,   0.44,   1.28,   485.39,   545.9,   73.18,   16.19,   4.14,   526.85,   2920.33,   1384.45,   445.42,   217.86,   134.07,   145.53,   143.31,   81.65,   0.21,   0.15,   1.19,   0.66,   66.3,   254.31,          2.2055000  
64412,   40,          800657.00,         8.0000000,  11.67614631,   33.1829424,   266.7484446,   0.4222699252,   963.52,   275.6839939,   278.6267255,   283,   48.08592181,   0.47396,   87.76346401,   92.34198001,    -999999,  0.27744,    -999999,  88.44,   89.46,   0.98,   -2.06,   278.6299939,   268.3499939,   279.9299939,   974.88,    -999999,   -999999,   -999999,   -999999,  2.788244,   4.30004,   7.36296,   7.54712,   58.4,   52.92,   -3.538,   -1.55,   0.08654,   0.38742,   36,   412.965,   1.97067,   0.1581095238,   412.99,   1972.9,   155.1,   330.42,   9.42,   486.14,   -47.5,    -999999,  232.71,   517.35,   3.39,   71.27,   8.64,   0.53,   35.65,   16.04,   104.82,   13.93,   24.52,   21.98,   1.35,   1.13,   4.67,   3.33,   0.43,   2.56,   84.56,   4.63,   2.44,   6.76,   0.44,   1.28,   485.39,   545.9,   73.18,   16.19,   4.14,   526.85,   2920.33,   1384.45,   445.42,   217.86,   134.07,   145.53,   143.31,   81.65,   0.21,   0.15,   1.19,   0.66,   66.3,   254.31,          2.2620000  
64417,   40,          800658.00,         8.0000000,  11.67784964,   33.1829914,   266.7531612,   0.4278172853,   962.88,   275.7399939,   278.7362344,   283,   48.08362266,   0.47946,   88.30877041,   92.63521081,    -999999,  0.2783,    -999999,  87.94,   89.22,   0.22,   -0.78,   278.7339939,   268.5699939,   280.0099939,   974.6,    -999999,   -999999,   -999999,   -999999,  2.837072,   4.37208,   7.39252,   7.58154,   59.144,   53.218,   -3.336,   -2.048,   0.08894,   0.39052,   36.28,   412.685,   1.97115,   0.1563,   412.99,   1972.9,   155.1,   330.42,   9.42,   486.14,   -47.5,    -999999,  232.71,   517.35,   3.39,   71.27,   8.64,   0.53,   35.65,   16.04,   104.82,   13.93,   24.52,   21.98,   1.35,   1.13,   4.67,   3.33,   0.43,   2.56,   84.56,   4.63,   2.44,   6.76,   0.44,   1.28,   485.39,   545.9,   73.18,   16.19,   4.14,   526.85,   2920.33,   1384.45,   445.42,   217.86,   134.07,   145.53,   143.31,   81.65,   0.21,   0.15,   1.19,   0.66,   66.3,   254.31,          2.1965000  
