inputs/ACTAMERICA_Merge/B200/ACTAMERICA-mrg05-b200_merge_20180419_R0.ict
141, 1001
Shook, Michael
NASA Chemistry and Dynamics Branch, NASA Langley Research Center
Merged data file for ACT-AMERICA 2018, Flight 07 (20180419), on the b200 platform. Data is merged to 05 seconds.
NASA ACT-AMERICA 2018
1, 1
2018, 04, 19, 2018, 10, 15
05
UTC,s
102
1, 1, 1, 1, 1, 1, 1, 1, 1, 1, 1, 1, 1, 1, 1, 1, 1, 1, 1, 1, 1, 1, 1, 1, 1, 1, 1, 1, 1, 1, 1, 1, 1, 1, 1, 1, 1, 1, 1, 1, 1, 1, 1, 1, 1, 1, 1, 1, 1, 1, 1, 1, 1, 1, 1, 1, 1, 1, 1, 1, 1, 1, 1, 1, 1, 1, 1, 1, 1, 1, 1, 1, 1, 1, 1, 1, 1, 1, 1, 1, 1, 1, 1, 1, 1, 1, 1, 1, 1, 1, 1, 1, 1, 1, 1, 1, 1, 1, 1, 1, 1, 1
-999999, -999999, -999999, -999999, -999999, -999999, -999999, -999999, -999999, -999999, -999999, -999999, -999999, -999999, -999999, -999999, -999999, -999999, -999999, -999999, -999999, -999999, -999999, -999999, -999999, -999999, -999999, -999999, -999999, -999999, -999999, -999999, -999999, -999999, -999999, -999999, -999999, -999999, -999999, -999999, -999999, -999999, -999999, -999999, -999999, -999999, -999999, -999999, -999999, -999999, -999999, -999999, -999999, -999999, -999999, -999999, -999999, -999999, -999999, -999999, -999999, -999999, -999999, -999999, -999999, -999999, -999999, -999999, -999999, -999999, -999999, -999999, -999999, -999999, -999999, -999999, -999999, -999999, -999999, -999999, -999999, -999999, -999999, -999999, -999999, -999999, -999999, -999999, -999999, -999999, -999999, -999999, -999999, -999999, -999999, -999999, -999999, -999999, -999999, -999999, -999999, -999999
JDAY, days
INDEX, none
FLIGHT, none
LOCAL_SUN_TIME, hour
LATITUDE, degs
LONGITUDE, degs
ALTP, km
PRESSURE, hPa
TEMPERATURE, K
THETA, K, calculated from ambient temperature and pressure
O3COLUMN, DU, OMI ozone column data extracted along flight track
SZA, deg
WNS, m/s
WND, Degs
GPS_ALT, km
GRD_SPD, m/s
TAS, m/s
IAS, m/s
MachNumber, mach
VerticalSpeed, ft min-1
HDG, degs
TRK, degs
DifferentialPressure, hPa
DriftAngle, degs
PITCH, degs
ROLL, degs
PotentialTemp_Nav, K
Dewpoint, K
TotalAirTemp, K
StaticPressure, hPa
CabinPressure, hPa
SolarZenithAngle, degs
AircraftSunElevation, degs
SunAzimuth, degs
AircraftSunAzimuth, degs
H2O_MixingRatio_Nav, g kg-1
H2O_VaporPressure_Nav, hPa
H2O_SatVaporPressureWater_Nav, hPa
H2O_SatVaporPressureIce_Nav, hPa
H2O_RelativeHumidity_Nav, %
ManeuverFlag, none
U_WINDS, m s-1
V_WINDS, m s-1
GroundElevation-AMSL_GoogleMaps, km
Altitude-AGL_GoogleMaps, km
O3_MixingRatio, ppbv
CO2_DryMoleFrac_PICARRO, ppm
CH4_DryMoleFrac_PICARRO, ppm
CO_DryMoleFrac_PICARRO, ppm
CO2_MoleFraction_PFP, ppm
CH4_MoleFraction_PFP, ppb
CO_MoleFraction_PFP, ppb
N2O_MoleFraction_PFP, ppb
SF6_CCGG_MoleFraction_PFP, ppt
H2_MoleFraction_PFP, ppb
CH4C13_MoleFraction_PFP, permil
CO2C14_MoleFraction_PFP, permil
F11B_MoleFraction_PFP, ppt
FC12_MoleFraction_PFP, ppt
F13_MoleFraction_PFP, ppt
F113_MoleFraction_PFP, ppt
F115_MoleFraction_PFP, ppt
HF133a_MoleFraction_PFP, ppt
F23_MoleFraction_PFP, ppt
F32_MoleFraction_PFP, ppt
F134A_MoleFraction_PFP, ppt
F152A_MoleFraction_PFP, ppt
F125_MoleFraction_PFP, ppt
F143a_MoleFraction_PFP, ppt
F227e_MoleFraction_PFP, ppt
F365m_MoleFraction_PFP, ppt
H1211_MoleFraction_PFP, ppt
H1301_MoleFraction_PFP, ppt
H2402_MoleFraction_PFP, ppt
MCFA_MoleFraction_PFP, ppt
CF4_MoleFraction_PFP, ppt
C2F6_MoleFraction_PFP, ppt
SO2F2_MoleFraction_PFP, ppt
MEBR_MoleFraction_PFP, ppt
[...]
[from data line 794]
66402,   109,          700795.00,         7.0000000,  12.36701983,   35.5060058,   268.8198808,   0.3413638122,   972.892,   278.4439939,   280.6389584,   304,   24.92994302,   8.100928572,   8.162308321,   0.45882,   96.63240961,   92.96136577,    -999999,  0.27792,    -999999,  122.912,   127.278,   53.62,    -999999,  -3.086,   0.464,   280.6399939,   267.8159939,   282.7419939,   972.892,   975.424,    -999999,   -999999,   -999999,   -999999,  2.651384,   4.12964,   8.94114,   9.41188,   46.186,    -999999,   -999999,   -999999,  0.06714,   0.39168,   53.44,   416.92,   1.950572727,   0.1359263158,    -999999,   -999999,   -999999,   -999999,   -999999,   -999999,   -999999,   -999999,   -999999,   -999999,   -999999,   -999999,   -999999,   -999999,   -999999,   -999999,   -999999,   -999999,   -999999,   -999999,   -999999,   -999999,   -999999,   -999999,   -999999,   -999999,   -999999,   -999999,   -999999,   -999999,   -999999,   -999999,   -999999,   -999999,   -999999,   -999999,   -999999,   -999999,   -999999,   -999999,   -999999,   -999999,   -999999,   -999999,   -999999,   -999999,   -999999,   -999999,   -999999,   -999999,   -999999,   -999999,         2.0578000  
66407,   109,          700796.00,         7.0000000,  12.36869091,   35.50337,   268.8241136,   0.3412845642,   972.9,   278.3659939,   280.5596843,   304,   24.93194209,   8.089496362,   5.844688575,   0.45818,   96.57067681,   92.60640217,    -999999,  0.27692,    -999999,  123.03,   127.304,   53.22,    -999999,  -2.99,   0.586,   280.5579939,   268.0879939,   282.6299939,   972.9,   975.626,    -999999,   -999999,   -999999,   -999999,  2.706954,   4.21586,   8.89272,   9.35386,   47.406,    -999999,   -999999,   -999999,  0.06638,   0.3918,   55.72,   417.0028571,   1.950863636,   0.1330157895,    -999999,   -999999,   -999999,   -999999,   -999999,   -999999,   -999999,   -999999,   -999999,   -999999,   -999999,   -999999,   -999999,   -999999,   -999999,   -999999,   -999999,   -999999,   -999999,   -999999,   -999999,   -999999,   -999999,   -999999,   -999999,   -999999,   -999999,   -999999,   -999999,   -999999,   -999999,   -999999,   -999999,   -999999,   -999999,   -999999,   -999999,   -999999,   -999999,   -999999,   -999999,   -999999,   -999999,   -999999,   -999999,   -999999,   -999999,   -999999,   -999999,   -999999,   -999999,   -999999,         2.0794000  
66412,   109,          700797.00,         7.0000000,  12.3703623,   35.5007268,   268.8283512,   0.3386267082,   973.21,   278.5059939,   280.6752383,   304,   24.93395593,   9.167802774,   4.189562952,   0.45538,   96.79703041,   92.08578889,    -999999,  0.27526,    -999999,  122.698,   127.472,   52.6,    -999999,  -2.854,   0.684,   280.6739939,   268.2899939,   282.7199939,   973.21,   975.828,    -999999,   -999999,   -999999,   -999999,  2.74788,   4.28066,   8.97982,   9.45824,   47.67,    -999999,   -999999,   -999999,  0.06626,   0.38912,   56.46,   416.9814286,   1.950427273,   0.1430526316,    -999999,   -999999,   -999999,   -999999,   -999999,   -999999,   -999999,   -999999,   -999999,   -999999,   -999999,   -999999,   -999999,   -999999,   -999999,   -999999,   -999999,   -999999,   -999999,   -999999,   -999999,   -999999,   -999999,   -999999,   -999999,   -999999,   -999999,   -999999,   -999999,   -999999,   -999999,   -999999,   -999999,   -999999,   -999999,   -999999,   -999999,   -999999,   -999999,   -999999,   -999999,   -999999,   -999999,   -999999,   -999999,   -999999,   -999999,   -999999,   -999999,   -999999,   -999999,   -999999,         2.1148000  
66417,   109,          700798.00,         7.0000000,  12.37203256,   35.4980516,   268.8325718,   0.3363772842,   973.472,   278.5399939,   280.6879153,   304,   24.93595657,   9.166798116,   4.628303242,   0.45314,   97.01309521,   92.28539161,    -999999,  0.27582,    -999999,  123.282,   128.038,   52.84,    -999999,  -3.02,   0.672,   280.6879939,   268.0519939,   282.7759939,   973.472,   976.218,    -999999,   -999999,   -999999,   -999999,  2.697904,   4.20432,   9.00104,   9.48368,   46.71,    -999999,   -999999,   -999999,  0.06586,   0.38728,   56.38,   416.89,   1.95065,   0.13605,    -999999,   -999999,   -999999,   -999999,   -999999,   -999999,   -999999,   -999999,   -999999,   -999999,   -999999,   -999999,   -999999,   -999999,   -999999,   -999999,   -999999,   -999999,   -999999,   -999999,   -999999,   -999999,   -999999,   -999999,   -999999,   -999999,   -999999,   -999999,   -999999,   -999999,   -999999,   -999999,   -999999,   -999999,   -999999,   -999999,   -999999,   -999999,   -999999,   -999999,   -999999,   -999999,   -999999,   -999999,   -999999,   -999999,   -999999,   -999999,   -999999,   -999999,   -999999,   -999999,         2.0490000  
66422,   109,          700799.00,         7.0000000,  12.37370193,   35.495338,   268.836779,   0.3333475721,   973.824,   278.5139939,   280.6327258,   304,   24.93793842,   8.245651712,   1.374653576,   0.4508,   97.41435841,   92.67122161,    -999999,  0.277,    -999999,  124.462,   128.526,   53.32,    -999999,  -2.878,   0.292,   280.6339939,   267.9979939,   282.7839939,   973.824,   976.362,    -999999,   -999999,   -999999,   -999999,  2.685842,   4.18708,   8.9848,   9.46426,   46.602,    -999999,   -999999,   -999999,  0.06646,   0.38434,   54.84,   416.92,   1.9507,   0.141285,    -999999,   -999999,   -999999,   -999999,   -999999,   -999999,   -999999,   -999999,   -999999,   -999999,   -999999,   -999999,   -999999,   -999999,   -999999,   -999999,   -999999,   -999999,   -999999,   -999999,   -999999,   -999999,   -999999,   -999999,   -999999,   -999999,   -999999,   -999999,   -999999,   -999999,   -999999,   -999999,   -999999,   -999999,   -999999,   -999999,   -999999,   -999999,   -999999,   -999999,   -999999,   -999999,   -999999,   -999999,   -999999,   -999999,   -999999,   -999999,   -999999,   -999999,   -999999,   -999999,         2.0678000  
66427,   109,          700800.00,         7.0000000,  12.37537062,   35.4925906,   268.840976,   0.3331525001,   973.846,   278.5339939,   280.6510664,   304,   24.93990655,   8.558299578,   356.7540332,   0.45092,   97.66128961,   92.16295489,    -999999,  0.27548,    -999999,  124.736,   128.696,   52.72,    -999999,  -2.938,   0.548,   280.6499939,   268.1039939,   282.7539939,   973.846,   976.5,    -999999,   -999999,   -999999,   -999999,  2.70753,   4.22088,   8.99728,   9.4792,   46.912,    -999999,   -999999,   -999999,  0.0665,   0.38442,   54.2,   416.93,   1.95045,   0.13443,    -999999,   -999999,   -999999,   -999999,   -999999,   -999999,   -999999,   -999999,   -999999,   -999999,   -999999,   -999999,   -999999,   -999999,   -999999,   -999999,   -999999,   -999999,   -999999,   -999999,   -999999,   -999999,   -999999,   -999999,   -999999,   -999999,   -999999,   -999999,   -999999,   -999999,   -999999,   -999999,   -999999,   -999999,   -999999,   -999999,   -999999,   -999999,   -999999,   -999999,   -999999,   -999999,   -999999,   -999999,   -999999,   -999999,   -999999,   -999999,   -999999,   -999999,   -999999,   -999999,         2.0330000  
66432,   109,          700801.00,         7.0000000,  12.37703972,   35.489832,   268.8451792,   0.3329391401,   973.872,   278.4959939,   280.6106371,   304,   24.941886,   9.166563845,   356.9270358,   0.44936,   97.92879841,   92.06726905,    -999999,  0.2752,    -999999,  124.528,   128.782,   52.62,    -999999,  -2.76,   0.666,   280.6099939,   268.1119939,   282.7119939,   973.872,   976.444,    -999999,   -999999,   -999999,   -999999,  2.709108,   4.22344,   8.97358,   9.45078,   47.064,    -999999,   -999999,   -999999,  0.06612,   0.38324,   53.8,   416.9042857,   1.950877778,   0.13989,    -999999,   -999999,   -999999,   -999999,   -999999,   -999999,   -999999,   -999999,   -999999,   -999999,   -999999,   -999999,   -999999,   -999999,   -999999,   -999999,   -999999,   -999999,   -999999,   -999999,   -999999,   -999999,   -999999,   -999999,   -999999,   -999999,   -999999,   -999999,   -999999,   -999999,   -999999,   -999999,   -999999,   -999999,   -999999,   -999999,   -999999,   -999999,   -999999,   -999999,   -999999,   -999999,   -999999,   -999999,   -999999,   -999999,   -999999,   -999999,   -999999,   -999999,   -999999,   -999999,         2.0708000  
66437,   109,          700802.00,         7.0000000,  12.37870952,   35.4870632,   268.8493928,   0.3298728521,   974.228,   278.5459939,   280.6317105,   304,   24.94387857,   8.233149851,   351.6933086,   0.44752,   98.17572961,   92.31831577,    -999999,  0.27592,    -999999,  125.294,   128.776,   52.92,    -999999,  -2.834,   0.344,   280.6279939,   268.2299939,   282.7819939,   974.228,   976.862,    -999999,   -999999,   -999999,   -999999,  2.732554,   4.26136,   9.0048,   9.48822,   47.324,    -999999,   -999999,   -999999,  0.06498,   0.38254,   54.4,   417.0371429,   1.9518,   0.134925,   417.08,   1951.08,   139.6,   331.55,   9.73,   509.4,   -47.61,    -999999,  232.08,   513.41,   3.38,   70.41,   8.74,   0.53,   31.81,   18.48,   110.8,   14.04,   27.81,   23.53,   1.44,   1.22,   3.87,   3.42,   0.4,   2.19,   84.93,   5.61,   2.37,   7.09,   0.24,   1.18,   521.22,   559.14,   79.76,   17.35,   3.86,   295.37,   1992.1,   518.21,   75.24,   42.13,   13.01,   20.52,   62.29,    -999999,  0.21,   0.17,   0.95,   0.68,   6.61,   254.34,          2.0702000  
66442,   109,          700803.00,         7.0000000,  12.38038029,   35.4842864,   268.853621,   0.3355421321,   973.568,   278.6459939,   280.7868215,   304,   24.94588721,   6.937580009,   1.900984377,   0.453,   98.65930321,   94.66416217,    -999999,  0.28288,    -999999,  125.374,   128.736,   55.64,    -999999,  -3.386,   0.556,   280.7859939,   268.4279939,   283.1079939,   973.568,   976.55,    -999999,   -999999,   -999999,   -999999,  2.77597,   4.32582,   9.06764,   9.56358,   47.71,    -999999,   -999999,   -999999,  0.06512,   0.38788,   51.2,   417.0842857,   1.95135,   0.133985,   417.08,   1951.08,   139.6,   331.55,   9.73,   509.4,   -47.61,    -999999,  232.08,   513.41,   3.38,   70.41,   8.74,   0.53,   31.81,   18.48,   110.8,   14.04,   27.81,   23.53,   1.44,   1.22,   3.87,   3.42,   0.4,   2.19,   84.93,   5.61,   2.37,   7.09,   0.24,   1.18,   521.22,   559.14,   79.76,   17.35,   3.86,   295.37,   1992.1,   518.21,   75.24,   42.13,   13.01,   20.52,   62.29,    -999999,  0.21,   0.17,   0.95,   0.68,   6.61,   254.34,          2.0440000  
66447,   109,          700804.00,         7.0000000,  12.38205274,   35.4815084,   268.8578744,   0.3415649802,   972.868,   278.3879939,   280.5844945,   304,   24.94792058,   5.498899073,   13.28133991,   0.45856,   98.80334641,   96.59536993,    -999999,  0.2888,    -999999,  125.54,   128.496,   58,    -999999,  -3.78,   0.7,   280.5859939,   268.9199939,   283.0299939,   972.868,   975.754,    -999999,   -999999,   -999999,   -999999,  2.883282,   4.48908,   8.90642,   9.3703,   50.402,    -999999,   -999999,   -999999,  0.0651,   0.39346,   55.16,   417.11,   1.951844444,   0.136147619,   417.08,   1951.08,   139.6,   331.55,   9.73,   509.4,   -47.61,    -999999,  232.08,   513.41,   3.38,   70.41,   8.74,   0.53,   31.81,   18.48,   110.8,   14.04,   27.81,   23.53,   1.44,   1.22,   3.87,   3.42,   0.4,   2.19,   84.93,   5.61,   2.37,   7.09,   0.24,   1.18,   521.22,   559.14,   79.76,   17.35,   3.86,   295.37,   1992.1,   518.21,   75.24,   42.13,   13.01,   20.52,   62.29,    -999999,  0.21,   0.17,   0.95,   0.68,   6.61,   254.34,          2.0188000  
66452,   109,          700805.00,         7.0000000,  12.38372544,   35.478739,   268.8621316,   0.3446068843,   972.514,   278.3639939,   280.5894801,   304,   24.9499842,   7.564230182,   1.096417626,   0.46096,   98.65930321,   94.28244769,    -999999,  0.2819,    -999999,  124.86,   128.516,   55.18,    -999999,  -3.396,   0.068,   280.5919939,   268.4979939,   282.7859939,   972.514,   975.084,    -999999,   -999999,   -999999,   -999999,  2.793962,   4.34902,   8.89148,   9.35238,   48.912,    -999999,   -999999,   -999999,  0.06494,   0.39602,   55.96,   417.095,   1.9513,   0.1432789474,   417.08,   1951.08,   139.6,   331.55,   9.73,   509.4,   -47.61,    -999999,  232.08,   513.41,   3.38,   70.41,   8.74,   0.53,   31.81,   18.48,   110.8,   14.04,   27.81,   23.53,   1.44,   1.22,   3.87,   3.42,   0.4,   2.19,   84.93,   5.61,   2.37,   7.09,   0.24,   1.18,   521.22,   559.14,   79.76,   17.35,   3.86,   295.37,   1992.1,   518.21,   75.24,   42.13,   13.01,   20.52,   62.29,    -999999,  0.21,   0.17,   0.95,   0.68,   6.61,   254.34,          2.1022000  
66457,   109,          700806.00,         7.0000000,  12.38539773,   35.475977,   268.8663826,   0.3419368362,   972.824,   278.3719939,   280.5719939,   304,   24.952075,   8.471966295,   4.299390199,   0.45866,   98.47410481,   93.99950569,    -999999,  0.28104,    -999999,  124.024,   128.308,   54.86,    -999999,  -3.282,   1.096,   280.5699939,   268.2719939,   282.7639939,   972.824,   975.318,    -999999,   -999999,   -999999,   -999999,  2.745246,   4.2749,   8.89644,   9.3583,   48.052,    -999999,   -999999,   -999999,  0.06526,   0.3934,   56.12,   417.1328571,   1.95175,   0.1364,    -999999,   -999999,   -999999,   -999999,   -999999,   -999999,   -999999,   -999999,   -999999,   -999999,   -999999,   -999999,   -999999,   -999999,   -999999,   -999999,   -999999,   -999999,   -999999,   -999999,   -999999,   -999999,   -999999,   -999999,   -999999,   -999999,   -999999,   -999999,   -999999,   -999999,   -999999,   -999999,   -999999,   -999999,   -999999,   -999999,   -999999,   -999999,   -999999,   -999999,   -999999,   -999999,   -999999,   -999999,   -999999,   -999999,   -999999,   -999999,   -999999,   -999999,   -999999,   -999999,         2.0154000  
66462,   109,          700807.00,         7.0000000,  12.38707086,   35.4732288,   268.8706462,   0.3375781962,   973.332,   278.4239939,   280.5825505,   304,   24.95420277,   8.641611965,   350.093104,   0.45296,   98.63872561,   92.39136625,    -999999,  0.2762,    -999999,  124.582,   128.166,   52.98,    -999999,  -3.094,   0.658,   280.5839939,   268.5399939,   282.6679939,   973.332,   975.578,    -999999,   -999999,   -999999,   -999999,  2.80018,   4.36234,   8.92872,   9.39698,   48.858,    -999999,   -999999,   -999999,  0.06564,   0.38732,   55.8,   417.175,   1.9517,   0.1417894737,    -999999,   -999999,   -999999,   -999999,   -999999,   -999999,   -999999,   -999999,   -999999,   -999999,   -999999,   -999999,   -999999,   -999999,   -999999,   -999999,   -999999,   -999999,   -999999,   -999999,   -999999,   -999999,   -999999,   -999999,   -999999,   -999999,   -999999,   -999999,   -999999,   -999999,   -999999,   -999999,   -999999,   -999999,   -999999,   -999999,   -999999,   -999999,   -999999,   -999999,   -999999,   -999999,   -999999,   -999999,   -999999,   -999999,   -999999,   -999999,   -999999,   -999999,   -999999,   -999999,         2.0426000  
