inputs/ACTAMERICA_Merge/B200/ACTAMERICA-mrg05-b200_merge_20180420_R0.ict
141, 1001
Shook, Michael
NASA Chemistry and Dynamics Branch, NASA Langley Research Center
Merged data file for ACT-AMERICA 2018, Flight 08 (20180420), on the b200 platform. Data is merged to 05 seconds.
NASA ACT-AMERICA 2018
1, 1
2018, 04, 20, 2018, 10, 15
05
UTC,s
102
1, 1, 1, 1, 1, 1, 1, 1, 1, 1, 1, 1, 1, 1, 1, 1, 1, 1, 1, 1, 1, 1, 1, 1, 1, 1, 1, 1, 1, 1, 1, 1, 1, 1, 1, 1, 1, 1, 1, 1, 1, 1, 1, 1, 1, 1, 1, 1, 1, 1, 1, 1, 1, 1, 1, 1, 1, 1, 1, 1, 1, 1, 1, 1, 1, 1, 1, 1, 1, 1, 1, 1, 1, 1, 1, 1, 1, 1, 1, 1, 1, 1, 1, 1, 1, 1, 1, 1, 1, 1, 1, 1, 1, 1, 1, 1, 1, 1, 1, 1, 1, 1
-999999, -999999, -999999, -999999, -999999, -999999, -999999, -999999, -999999, -999999, -999999, -999999, -999999, -999999, -999999, -999999, -999999, -999999, -999999, -999999, -999999, -999999, -999999, -999999, -999999, -999999, -999999, -999999, -999999, -999999, -999999, -999999, -999999, -999999, -999999, -999999, -999999, -999999, -999999, -999999, -999999, -999999, -999999, -999999, -999999, -999999, -999999, -999999, -999999, -999999, -999999, -999999, -999999, -999999, -999999, -999999, -999999, -999999, -999999, -999999, -999999, -999999, -999999, -999999, -999999, -999999, -999999, -999999, -999999, -999999, -999999, -999999, -999999, -999999, -999999, -999999, -999999, -999999, -999999, -999999, -999999, -999999, -999999, -999999, -999999, -999999, -999999, -999999, -999999, -999999, -999999, -999999, -999999, -999999, -999999, -999999, -999999, -999999, -999999, -999999, -999999, -999999
JDAY, days
INDEX, none
FLIGHT, none
LOCAL_SUN_TIME, hour
LATITUDE, degs
LONGITUDE, degs
ALTP, km
PRESSURE, hPa
TEMPERATURE, K
THETA, K, calculated from ambient temperature and pressure
O3COLUMN, DU, OMI ozone column data extracted along flight track
SZA, deg
WNS, m/s
WND, Degs
GPS_ALT, km
GRD_SPD, m/s
TAS, m/s
IAS, m/s
MachNumber, mach
VerticalSpeed, ft min-1
HDG, degs
TRK, degs
DifferentialPressure, hPa
DriftAngle, degs
PITCH, degs
ROLL, degs
PotentialTemp_Nav, K
Dewpoint, K
TotalAirTemp, K
StaticPressure, hPa
CabinPressure, hPa
SolarZenithAngle, degs
AircraftSunElevation, degs
SunAzimuth, degs
AircraftSunAzimuth, degs
H2O_MixingRatio_Nav, g kg-1
H2O_VaporPressure_Nav, hPa
H2O_SatVaporPressureWater_Nav, hPa
H2O_SatVaporPressureIce_Nav, hPa
H2O_RelativeHumidity_Nav, %
ManeuverFlag, none
U_WINDS, m s-1
V_WINDS, m s-1
GroundElevation-AMSL_GoogleMaps, km
Altitude-AGL_GoogleMaps, km
O3_MixingRatio, ppbv
CO2_DryMoleFrac_PICARRO, ppm
CH4_DryMoleFrac_PICARRO, ppm
CO_DryMoleFrac_PICARRO, ppm
CO2_MoleFraction_PFP, ppm
CH4_MoleFraction_PFP, ppb
CO_MoleFraction_PFP, ppb
N2O_MoleFraction_PFP, ppb
SF6_CCGG_MoleFraction_PFP, ppt
H2_MoleFraction_PFP, ppb
CH4C13_MoleFraction_PFP, permil
CO2C14_MoleFraction_PFP, permil
F11B_MoleFraction_PFP, ppt
FC12_MoleFraction_PFP, ppt
F13_MoleFraction_PFP, ppt
F113_MoleFraction_PFP, ppt
F115_MoleFraction_PFP, ppt
HF133a_MoleFraction_PFP, ppt
F23_MoleFraction_PFP, ppt
F32_MoleFraction_PFP, ppt
F134A_MoleFraction_PFP, ppt
F152A_MoleFraction_PFP, ppt
F125_MoleFraction_PFP, ppt
F143a_MoleFraction_PFP, ppt
F227e_MoleFraction_PFP, ppt
F365m_MoleFraction_PFP, ppt
H1211_MoleFraction_PFP, ppt
H1301_MoleFraction_PFP, ppt
H2402_MoleFraction_PFP, ppt
MCFA_MoleFraction_PFP, ppt
CF4_MoleFraction_PFP, ppt
C2F6_MoleFraction_PFP, ppt
SO2F2_MoleFraction_PFP, ppt
MEBR_MoleFraction_PFP, ppt
[...]
[from data line 1371]
75432,   110,          801372.00,         8.0000000,  14.56723383,   31.6488974,   264.1980908,   0.4447093015,   960.934,   287.0499939,   290.3369026,   318,   40.80915906,   4.05690586,   113.32856,   0.49984,   95.08908961,   96.77851057,    -999999,  0.28496,    -999999,  177.64,   179.844,   55.74,    -999999,  -3.518,   0.246,   290.3379939,   276.8139939,   291.7099939,   960.934,   966.438,    -999999,   -999999,   -999999,   -999999,  5.206188,   7.97658,   15.9448,   18.2227,   50.028,    -999999,   -999999,   -999999,  0.07672,   0.42312,   54.98,   407.1828571,   1.98285,   0.1432684211,    -999999,   -999999,   -999999,   -999999,   -999999,   -999999,   -999999,   -999999,   -999999,   -999999,   -999999,   -999999,   -999999,   -999999,   -999999,   -999999,   -999999,   -999999,   -999999,   -999999,   -999999,   -999999,   -999999,   -999999,   -999999,   -999999,   -999999,   -999999,   -999999,   -999999,   -999999,   -999999,   -999999,   -999999,   -999999,   -999999,   -999999,   -999999,   -999999,   -999999,   -999999,   -999999,   -999999,   -999999,   -999999,   -999999,   -999999,   -999999,   -999999,   -999999,   -999999,   -999999,         2.0944000  
75437,   110,          801373.00,         8.0000000,  14.56862319,   31.644606,   264.1980978,   0.4465929655,   960.716,   287.0319939,   290.3375171,   318,   40.82419309,   4.357420106,   93.29715572,   0.50186,   95.29486561,   95.64365593,    -999999,  0.2816,    -999999,  177.45,   180.058,   54.4,    -999999,  -3.214,   0.204,   290.3339939,   277.0039939,   291.5819939,   960.716,   966.46,    -999999,   -999999,   -999999,   -999999,  5.278076,   8.08396,   15.92614,   18.19828,   50.76,    -999999,   -999999,   -999999,  0.07576,   0.4261,   53.16,   406.99375,   1.98385,   0.14235,   406.93,   1984.64,   145.26,   331.83,   9.69,   508.33,   -47.18,    -999999,  232.97,   512.28,   3.43,   70.5,   8.76,   0.53,   31.26,   19.8,   115.09,   16.01,   28.82,   23.36,   1.47,   1.18,   3.8,   3.38,   0.42,   2.43,   85.12,   5.54,   2.1,   7.17,   0.54,   1.03,   513.19,   560.95,   79.75,   17.89,   4.23,   296.12,   2183.74,   577.86,   117.07,   61.95,   33.63,   47.66,   98.12,    -999999,  0.3,   0.2,   0.51,   0.64,   18.6,   260.2,          2.1098000  
75442,   110,          801374.00,         8.0000000,  14.57001112,   31.6403024,   264.1980834,   0.4507992056,   960.232,   286.8859939,   290.2316193,   318,   40.83921066,   4.697111441,   114.047153,   0.50468,   95.45948641,   97.45036921,    -999999,  0.28702,    -999999,  177.746,   180.274,   56.52,    -999999,  -3.764,   0.512,   290.2299939,   277.1059939,   291.6099939,   960.232,   965.92,    -999999,   -999999,   -999999,   -999999,  5.318978,   8.14198,   15.77568,   18.00138,   51.612,    -999999,   -999999,   -999999,  0.07746,   0.42722,   53.6,   406.915,   1.985883333,   0.14145,   406.93,   1984.64,   145.26,   331.83,   9.69,   508.33,   -47.18,    -999999,  232.97,   512.28,   3.43,   70.5,   8.76,   0.53,   31.26,   19.8,   115.09,   16.01,   28.82,   23.36,   1.47,   1.18,   3.8,   3.38,   0.42,   2.43,   85.12,   5.54,   2.1,   7.17,   0.54,   1.03,   513.19,   560.95,   79.75,   17.89,   4.23,   296.12,   2183.74,   577.86,   117.07,   61.95,   33.63,   47.66,   98.12,    -999999,  0.3,   0.2,   0.51,   0.64,   18.6,   260.2,          2.1372000  
75447,   110,          801375.00,         8.0000000,  14.57139834,   31.6359946,   264.1980584,   0.4487204695,   960.472,   286.9479939,   290.2736153,   318,   40.8542232,   3.721322117,   113.5485494,   0.50286,   95.69612881,   97.23121777,    -999999,  0.28634,    -999999,  178.232,   180.246,   56.26,    -999999,  -3.58,   0.278,   290.2719939,   277.2559939,   291.6499939,   960.472,   965.944,    -999999,   -999999,   -999999,   -999999,  5.374488,   8.22828,   15.8395,   18.08486,   51.948,    -999999,   -999999,   -999999,  0.07864,   0.42422,   50.96,   406.8,   1.985675,   0.14295,   406.93,   1984.64,   145.26,   331.83,   9.69,   508.33,   -47.18,    -999999,  232.97,   512.28,   3.43,   70.5,   8.76,   0.53,   31.26,   19.8,   115.09,   16.01,   28.82,   23.36,   1.47,   1.18,   3.8,   3.38,   0.42,   2.43,   85.12,   5.54,   2.1,   7.17,   0.54,   1.03,   513.19,   560.95,   79.75,   17.89,   4.23,   296.12,   2183.74,   577.86,   117.07,   61.95,   33.63,   47.66,   98.12,    -999999,  0.3,   0.2,   0.51,   0.64,   18.6,   260.2,          2.1696000  
75452,   110,          801376.00,         8.0000000,  14.57278625,   31.6316666,   264.1980438,   0.4464710455,   960.73,   286.9839939,   290.2877557,   318,   40.86924171,   4.140162971,   103.5314581,   0.50094,   96.18999121,   97.24150657,    -999999,  0.28636,    -999999,  177.726,   180.1,   56.28,    -999999,  -3.622,   0.572,   290.2859939,   277.3299939,   291.6859939,   960.73,   965.96,    -999999,   -999999,   -999999,   -999999,  5.4013,   8.27118,   15.87666,   18.1335,   52.096,    -999999,   -999999,   -999999,  0.0775,   0.42344,   51.12,   406.52,   1.985118182,   0.1450157895,   406.93,   1984.64,   145.26,   331.83,   9.69,   508.33,   -47.18,    -999999,  232.97,   512.28,   3.43,   70.5,   8.76,   0.53,   31.26,   19.8,   115.09,   16.01,   28.82,   23.36,   1.47,   1.18,   3.8,   3.38,   0.42,   2.43,   85.12,   5.54,   2.1,   7.17,   0.54,   1.03,   513.19,   560.95,   79.75,   17.89,   4.23,   296.12,   2183.74,   577.86,   117.07,   61.95,   33.63,   47.66,   98.12,    -999999,  0.3,   0.2,   0.51,   0.64,   18.6,   260.2,          2.1476000  
75457,   110,          801377.00,         8.0000000,  14.57417412,   31.6273146,   264.1980284,   0.4507382456,   960.24,   286.9579939,   290.3037679,   318,   40.88425595,   4.673078499,   110.1446021,   0.50536,   96.64269841,   98.33829265,    -999999,  0.2896,    -999999,  177.65,   180.208,   57.56,    -999999,  -3.754,   -0.264,   290.3039939,   277.5819939,   291.7679939,   960.24,   965.99,    -999999,   -999999,   -999999,   -999999,  5.50122,   8.41858,   15.8498,   18.09836,   53.116,    -999999,   -999999,   -999999,  0.07368,   0.43168,   53.44,   406.53,   1.9853,   0.146095,    -999999,   -999999,   -999999,   -999999,   -999999,   -999999,   -999999,   -999999,   -999999,   -999999,   -999999,   -999999,   -999999,   -999999,   -999999,   -999999,   -999999,   -999999,   -999999,   -999999,   -999999,   -999999,   -999999,   -999999,   -999999,   -999999,   -999999,   -999999,   -999999,   -999999,   -999999,   -999999,   -999999,   -999999,   -999999,   -999999,   -999999,   -999999,   -999999,   -999999,   -999999,   -999999,   -999999,   -999999,   -999999,   -999999,   -999999,   -999999,   -999999,   -999999,   -999999,   -999999,         2.1746000  
75462,   110,          801378.00,         8.0000000,  14.57556211,   31.622954,   264.198015,   0.4535180216,   959.92,   286.9539939,   290.3273678,   318,   40.89927365,   5.270127211,   117.1626555,   0.50714,   96.82789681,   99.33527737,    -999999,  0.2925,    -999999,  177.468,   180.178,   58.74,    -999999,  -4.078,   0.012,   290.3259939,   277.6599939,   291.8619939,   959.92,   965.542,    -999999,   -999999,   -999999,   -999999,  5.533516,   8.46472,   15.84556,   18.09282,   53.42,    -999999,   -999999,   -999999,  0.07452,   0.43262,   53.64,   406.33,   1.9859,   0.1453368421,    -999999,   -999999,   -999999,   -999999,   -999999,   -999999,   -999999,   -999999,   -999999,   -999999,   -999999,   -999999,   -999999,   -999999,   -999999,   -999999,   -999999,   -999999,   -999999,   -999999,   -999999,   -999999,   -999999,   -999999,   -999999,   -999999,   -999999,   -999999,   -999999,   -999999,   -999999,   -999999,   -999999,   -999999,   -999999,   -999999,   -999999,   -999999,   -999999,   -999999,   -999999,   -999999,   -999999,   -999999,   -999999,   -999999,   -999999,   -999999,   -999999,   -999999,   -999999,   -999999,         2.2120000  
75467,   110,          801379.00,         8.0000000,  14.57694987,   31.6185748,   264.197998,   0.4489643095,   960.444,   287.0599939,   290.3893321,   318,   40.9142868,   5.949884244,   106.7747665,   0.50208,   97.42464721,   99.29000665,    -999999,  0.29232,    -999999,  176.966,   180.266,   58.7,    -999999,  -4.154,   0.598,   290.3859939,   277.8639939,   291.9619939,   960.444,   965.776,    -999999,   -999999,   -999999,   -999999,  5.610662,   8.58638,   15.95512,   18.23622,   53.818,    -999999,   -999999,   -999999,  0.07586,   0.42622,   53.02,   406.12,   1.9861,   0.144365,    -999999,   -999999,   -999999,   -999999,   -999999,   -999999,   -999999,   -999999,   -999999,   -999999,   -999999,   -999999,   -999999,   -999999,   -999999,   -999999,   -999999,   -999999,   -999999,   -999999,   -999999,   -999999,   -999999,   -999999,   -999999,   -999999,   -999999,   -999999,   -999999,   -999999,   -999999,   -999999,   -999999,   -999999,   -999999,   -999999,   -999999,   -999999,   -999999,   -999999,   -999999,   -999999,   -999999,   -999999,   -999999,   -999999,   -999999,   -999999,   -999999,   -999999,   -999999,   -999999,         2.1930000  
75472,   110,          801380.00,         8.0000000,  14.57833761,   31.614154,   264.1979808,   0.4456968535,   960.82,   287.0819939,   290.379112,   318,   40.92928996,   5.560396923,   115.0930629,   0.49956,   98.31977281,   100.8065758,    -999999,  0.29678,    -999999,  177.204,   180.072,   60.56,    -999999,  -4.476,   0.556,   290.3819939,   278.1439939,   292.1379939,   960.82,   966.08,    -999999,   -999999,   -999999,   -999999,  5.720252,   8.75596,   15.97806,   18.2663,   54.8,    -999999,   -999999,   -999999,  0.06984,   0.42972,   51.74,   405.835,   1.98485,   0.1461263158,    -999999,   -999999,   -999999,   -999999,   -999999,   -999999,   -999999,   -999999,   -999999,   -999999,   -999999,   -999999,   -999999,   -999999,   -999999,   -999999,   -999999,   -999999,   -999999,   -999999,   -999999,   -999999,   -999999,   -999999,   -999999,   -999999,   -999999,   -999999,   -999999,   -999999,   -999999,   -999999,   -999999,   -999999,   -999999,   -999999,   -999999,   -999999,   -999999,   -999999,   -999999,   -999999,   -999999,   -999999,   -999999,   -999999,   -999999,   -999999,   -999999,   -999999,   -999999,   -999999,         2.1776000  
75477,   110,          801381.00,         8.0000000,  14.57972666,   31.6097172,   264.1979832,   0.4456419895,   960.826,   286.9319939,   290.2268715,   318,   40.94430802,   4.622368391,   120.4655503,   0.49936,   98.48439361,   100.9094638,    -999999,  0.29718,    -999999,  177.732,   179.994,   60.72,    -999999,  -4.51,   0.576,   290.2259939,   277.9499939,   291.9959939,   960.826,   966.104,    -999999,   -999999,   -999999,   -999999,  5.642512,   8.6381,   15.82312,   18.06348,   54.592,    -999999,   -999999,   -999999,  0.0701,   0.42926,   53.02,   406.265,   1.984444444,   0.14698,    -999999,   -999999,   -999999,   -999999,   -999999,   -999999,   -999999,   -999999,   -999999,   -999999,   -999999,   -999999,   -999999,   -999999,   -999999,   -999999,   -999999,   -999999,   -999999,   -999999,   -999999,   -999999,   -999999,   -999999,   -999999,   -999999,   -999999,   -999999,   -999999,   -999999,   -999999,   -999999,   -999999,   -999999,   -999999,   -999999,   -999999,   -999999,   -999999,   -999999,   -999999,   -999999,   -999999,   -999999,   -999999,   -999999,   -999999,   -999999,   -999999,   -999999,   -999999,   -999999,         2.1344000  
75482,   110,          801382.00,         8.0000000,  14.58111437,   31.6052694,   264.1979656,   0.4448434135,   960.918,   286.8559939,   290.1420615,   318,   40.95931123,   5.652094338,   110.6331232,   0.49776,   98.73132481,   100.8425866,    -999999,  0.297,    -999999,  177.238,   180.252,   60.66,    -999999,  -4.578,   0.524,   290.1419939,   277.6979939,   291.9159939,   960.918,   966.034,    -999999,   -999999,   -999999,   -999999,  5.542678,   8.48744,   15.74502,   17.96132,   53.906,    -999999,   -999999,   -999999,  0.07474,   0.42302,   52.38,   406.435,   1.98285,   0.1478,    -999999,   -999999,   -999999,   -999999,   -999999,   -999999,   -999999,   -999999,   -999999,   -999999,   -999999,   -999999,   -999999,   -999999,   -999999,   -999999,   -999999,   -999999,   -999999,   -999999,   -999999,   -999999,   -999999,   -999999,   -999999,   -999999,   -999999,   -999999,   -999999,   -999999,   -999999,   -999999,   -999999,   -999999,   -999999,   -999999,   -999999,   -999999,   -999999,   -999999,   -999999,   -999999,   -999999,   -999999,   -999999,   -999999,   -999999,   -999999,   -999999,   -999999,   -999999,   -999999,         2.1944000  
75487,   110,          801383.00,         8.0000000,  14.58250184,   31.6008126,   264.1979442,   0.4388205654,   961.612,   286.8699939,   290.0963758,   318,   40.9743132,   5.55718422,   117.7320314,   0.49214,   98.90623441,   101.5885246,    -999999,  0.29918,    -999999,  177.506,   180.288,   61.62,    -999999,  -4.722,   0.388,   290.0979939,   277.6859939,   292.0059939,   961.612,   966.686,    -999999,   -999999,   -999999,   -999999,  5.533844,   8.48014,   15.7594,   17.98012,   53.808,    -999999,   -999999,   -999999,  0.07356,   0.41858,   51.46,   406.485,   1.98295,   0.1466,    -999999,   -999999,   -999999,   -999999,   -999999,   -999999,   -999999,   -999999,   -999999,   -999999,   -999999,   -999999,   -999999,   -999999,   -999999,   -999999,   -999999,   -999999,   -999999,   -999999,   -999999,   -999999,   -999999,   -999999,   -999999,   -999999,   -999999,   -999999,   -999999,   -999999,   -999999,   -999999,   -999999,   -999999,   -999999,   -999999,   -999999,   -999999,   -999999,   -999999,   -999999,   -999999,   -999999,   -999999,   -999999,   -999999,   -999999,   -999999,   -999999,   -999999,   -999999,   -999999,         2.1354000  
