inputs/ACTAMERICA_Merge/B200/ACTAMERICA-mrg05-b200_merge_20160822_R0.ict
142, 1001
Shook, Michael
NASA Atmospheric Composition Branch, NASA Langley Research Center (SSAI)
Merged data file for ACT-AMERICA 2016, Flight 21 (20160822), on the b200 platform. Data is merged to 05 seconds.
ACTAmerica - 2016
1, 1
2016, 08, 22, 2018, 09, 19
05
UTC,s
102
1, 1, 1, 1, 1, 1, 1, 1, 1, 1, 1, 1, 1, 1, 1, 1, 1, 1, 1, 1, 1, 1, 1, 1, 1, 1, 1, 1, 1, 1, 1, 1, 1, 1, 1, 1, 1, 1, 1, 1, 1, 1, 1, 1, 1, 1, 1, 1, 1, 1, 1, 1, 1, 1, 1, 1, 1, 1, 1, 1, 1, 1, 1, 1, 1, 1, 1, 1, 1, 1, 1, 1, 1, 1, 1, 1, 1, 1, 1, 1, 1, 1, 1, 1, 1, 1, 1, 1, 1, 1, 1, 1, 1, 1, 1, 1, 1, 1, 1, 1, 1, 1
-999999, -999999, -999999, -999999, -999999, -999999, -999999, -999999, -999999, -999999, -999999, -999999, -999999, -999999, -999999, -999999, -999999, -999999, -999999, -999999, -999999, -999999, -999999, -999999, -999999, -999999, -999999, -999999, -999999, -999999, -999999, -999999, -999999, -999999, -999999, -999999, -999999, -999999, -999999, -999999, -999999, -999999, -999999, -999999, -999999, -999999, -999999, -999999, -999999, -999999, -999999, -999999, -999999, -999999, -999999, -999999, -999999, -999999, -999999, -999999, -999999, -999999, -999999, -999999, -999999, -999999, -999999, -999999, -999999, -999999, -999999, -999999, -999999, -999999, -999999, -999999, -999999, -999999, -999999, -999999, -999999, -999999, -999999, -999999, -999999, -999999, -999999, -999999, -999999, -999999, -999999, -999999, -999999, -999999, -999999, -999999, -999999, -999999, -999999, -999999, -999999, -999999
JDAY, days
INDEX, none
FLIGHT, none
LOCAL_SUN_TIME, hour
LATITUDE, degs
LONGITUDE, degs
ALTP, km
PRESSURE, hPa
TEMPERATURE, K
THETA, K, calculated from ambient temperature and pressure
O3COLUMN, DU, OMI ozone column data extracted along flight track
SZA, deg
WNS, m s-1
WND, Degs
GPS_ALT, km
GRD_SPD, m/s
TAS, m/s
IAS, m/s
MachNumber, mach
VerticalSpeed, ft min-1
HDG, degs
TRK, degs
DifferentialPressure, hPa
DriftAngle, degs
PITCH, degs
ROLL, degs
PotentialTemp_Nav, K
Dewpoint, K
TotalAirTemp, K
StaticPressure, hPa
CabinPressure, hPa
SolarZenithAngle, degs
AircraftSunElevation, degs
SunAzimuth, degs
AircraftSunAzimuth, degs
H2O_MixingRatio_Nav, g kg-1
H2O_VaporPressure_Nav, hPa
H2O_SatVaporPressureWater_Nav, hPa
H2O_SatVaporPressureIce_Nav, hPa
H2O_RelativeHumidity_Nav, %
ManeuverFlag, none
U_WINDS, m s-1
V_WINDS, m s-1
GroundElevation-AMSL_GoogleMaps, km
Altitude-AGL_GoogleMaps, km
O3_MoleFraction, ppb
CO2_DryMoleFrac_PICARRO, ppm
CH4_DryMoleFrac_PICARRO, ppm
CO_DryMoleFrac_PICARRO, ppm
CO2_MoleFraction_PFP, ppm
CH4_MoleFraction_PFP, ppb
CO_MoleFraction_PFP, ppb
N2O_MoleFraction_PFP, ppb
SF6_CCGG_MoleFraction_PFP, ppt
H2_MoleFraction_PFP, ppb
CH4C13_MoleFraction_PFP, permil
CO2C14_MoleFraction_PFP, permil
F11B_MoleFraction_PFP, ppt
FC12_MoleFraction_PFP, ppt
F13_MoleFraction_PFP, ppt
F113_MoleFraction_PFP, ppt
F115_MoleFraction_PFP, ppt
HF133a_MoleFraction_PFP, ppt
F23_MoleFraction_PFP, ppt
F32_MoleFraction_PFP, ppt
F134A_MoleFraction_PFP, ppt
F152A_MoleFraction_PFP, ppt
F125_MoleFraction_PFP, ppt
F143a_MoleFraction_PFP, ppt
F227e_MoleFraction_PFP, ppt
F365m_MoleFraction_PFP, ppt
H1211_MoleFraction_PFP, ppt
H1301_MoleFraction_PFP, ppt
H2402_MoleFraction_PFP, ppt
MCFA_MoleFraction_PFP, ppt
CF4_MoleFraction_PFP, ppt
C2F6_MoleFraction_PFP, ppt
SO2F2_MoleFraction_PFP, ppt
MEBR_MoleFraction_PFP, ppt
[...]
[from data line 1502]
68892,   235,          2101503.0,         21.000000,  13.08656111,   34.7579,   269.238,   3.385291722,   667.26,   279.7099939,   313.9853525,   291,   27.40267298,    -999999,   -999999,  3.50032,   112.250808,   114.2777016,    -999999,  0.341,    -999999,  185.84,   179.7,    -999999,   -999999,  0.774,   -1.884,   315.2099939,   277.3499939,   286.2299939,   667.26,   971.2,    -999999,   -999999,   -999999,   -999999,  7.809706,   8.2744,   9.74966,   10.38634,   84.872,   3,   13.422,   -0.092,   0.06884,   3.43148,   43.06,   402.01,   1.84355,   0.0745,   402.04,   1850.23,   69.67,   329.35,   9.05,   530,   -49.52,    -999999,  233.31,   517.19,   3.34,   71.87,   8.61,   0.51,   29.44,   13.15,   97.94,   8.2,   21.99,   20.24,   1.2,   0.96,    -999999,  3.37,   0.41,   2.65,   82.58,   4.68,   2.17,   7.18,   0.39,   0.86,    -999999,  608.83,   34.47,   7.53,   2.08,   28.88,   708.87,   151.78,   26.75,   18.12,   5.55,   8.52,   8.34,   131.02,   0.17,   0.15,   0.51,   0.65,   3.96,   243.87,      -999999  
68897,   235,          2101504.0,         21.000000,  13.08795,   34.75284,   269.238,   3.384682122,   667.34,   279.7099939,   313.9745977,   291,   27.40884063,    -999999,   -999999,  3.50034,   112.2610968,   114.411456,    -999999,  0.3412,    -999999,  185.96,   179.76,    -999999,   -999999,  0.674,   -1.422,   315.1699939,   277.3099939,   286.2499939,   667.34,   971.34,    -999999,   -999999,   -999999,   -999999,  7.786632,   8.25124,   9.74966,   10.38634,   84.632,   3,   13.484,   0.012,   0.06772,   3.43262,   45.5,   402.084,   1.843011111,   0.071,   402.04,   1850.23,   69.67,   329.35,   9.05,   530,   -49.52,    -999999,  233.31,   517.19,   3.34,   71.87,   8.61,   0.51,   29.44,   13.15,   97.94,   8.2,   21.99,   20.24,   1.2,   0.96,    -999999,  3.37,   0.41,   2.65,   82.58,   4.68,   2.17,   7.18,   0.39,   0.86,    -999999,  608.83,   34.47,   7.53,   2.08,   28.88,   708.87,   151.78,   26.75,   18.12,   5.55,   8.52,   8.34,   131.02,   0.17,   0.15,   0.51,   0.65,   3.96,   243.87,      -999999  
68902,   235,          2101505.0,         21.000000,  13.08933889,   34.7478,   269.238,   3.384255402,   667.38,   279.7499939,   314.0141201,   291,   27.41503784,    -999999,   -999999,  3.49974,   112.250808,   114.5246328,    -999999,  0.3418,    -999999,  186.12,   179.98,    -999999,   -999999,  0.676,   -1.294,   315.2299939,   277.1099939,   286.2499939,   667.38,   971.18,    -999999,   -999999,   -999999,   -999999,  7.67624,   8.13614,   9.7765,   10.4189,   83.22,   3,   13.456,   0.09,   0.0671,   3.43264,   45.06,   402.002,   1.843144444,   0.0605,   402.04,   1850.23,   69.67,   329.35,   9.05,   530,   -49.52,    -999999,  233.31,   517.19,   3.34,   71.87,   8.61,   0.51,   29.44,   13.15,   97.94,   8.2,   21.99,   20.24,   1.2,   0.96,    -999999,  3.37,   0.41,   2.65,   82.58,   4.68,   2.17,   7.18,   0.39,   0.86,    -999999,  608.83,   34.47,   7.53,   2.08,   28.88,   708.87,   151.78,   26.75,   18.12,   5.55,   8.52,   8.34,   131.02,   0.17,   0.15,   0.51,   0.65,   3.96,   243.87,      -999999  
68907,   235,          2101506.0,         21.000000,  13.09072778,   34.74272,   269.238,   3.385413642,   667.24,   279.7299939,   314.0104924,   291,   27.42121653,    -999999,   -999999,  3.50028,   112.1787864,   114.3703008,    -999999,  0.341,    -999999,  186.22,   180.14,    -999999,   -999999,  0.84,   -1.542,   315.2499939,   277.0699939,   286.2499939,   667.24,   971.24,    -999999,   -999999,   -999999,   -999999,  7.655942,   8.11314,   9.76308,   10.40262,   83.1,   3,   13.36,   -0.008,   0.06694,   3.43334,   45.02,   402.06,   1.84305,   0.069,   402.04,   1850.23,   69.67,   329.35,   9.05,   530,   -49.52,    -999999,  233.31,   517.19,   3.34,   71.87,   8.61,   0.51,   29.44,   13.15,   97.94,   8.2,   21.99,   20.24,   1.2,   0.96,    -999999,  3.37,   0.41,   2.65,   82.58,   4.68,   2.17,   7.18,   0.39,   0.86,    -999999,  608.83,   34.47,   7.53,   2.08,   28.88,   708.87,   151.78,   26.75,   18.12,   5.55,   8.52,   8.34,   131.02,   0.17,   0.15,   0.51,   0.65,   3.96,   243.87,      -999999  
68912,   235,          2101507.0,         21.000000,  13.09211667,   34.7377,   269.238,   3.386449962,   667.18,   279.6699939,   313.9512058,   291,   27.42745678,    -999999,   -999999,  3.50158,   112.096476,   114.3497232,    -999999,  0.341,    -999999,  186.3,   180.2,    -999999,   -999999,  0.71,   -1.832,   315.1899939,   277.1499939,   286.1899939,   667.18,   971.1,    -999999,   -999999,   -999999,   -999999,  7.700344,   8.1589,   9.72282,   10.35378,   83.914,   3,   13.328,   0.05,   0.06642,   3.43516,   45.08,   401.99,   1.8431,   0.065,    -999999,   -999999,   -999999,   -999999,   -999999,   -999999,   -999999,   -999999,   -999999,   -999999,   -999999,   -999999,   -999999,   -999999,   -999999,   -999999,   -999999,   -999999,   -999999,   -999999,   -999999,   -999999,   -999999,   -999999,   -999999,   -999999,   -999999,   -999999,   -999999,   -999999,   -999999,   -999999,   -999999,   -999999,   -999999,   -999999,   -999999,   -999999,   -999999,   -999999,   -999999,   -999999,   -999999,   -999999,   -999999,   -999999,   -999999,   -999999,   -999999,   -999999,   -999999,   -999999,     -999999  
68917,   235,          2101508.0,         21.000000,  13.09350556,   34.7326,   269.238,   3.385596522,   667.26,   279.7099939,   313.9853525,   291,   27.43364652,    -999999,   -999999,  3.50166,   112.1376312,   114.308568,    -999999,  0.341,    -999999,  186.18,   180.12,    -999999,   -999999,  0.62,   -2.086,   315.2299939,   277.1499939,   286.2099939,   667.26,   971.22,    -999999,   -999999,   -999999,   -999999,  7.69941,   8.1589,   9.74966,   10.38634,   83.682,   3,   13.284,   -0.016,   0.06918,   3.43248,   45.6,   401.935,   1.842618182,   0.0695,    -999999,   -999999,   -999999,   -999999,   -999999,   -999999,   -999999,   -999999,   -999999,   -999999,   -999999,   -999999,   -999999,   -999999,   -999999,   -999999,   -999999,   -999999,   -999999,   -999999,   -999999,   -999999,   -999999,   -999999,   -999999,   -999999,   -999999,   -999999,   -999999,   -999999,   -999999,   -999999,   -999999,   -999999,   -999999,   -999999,   -999999,   -999999,   -999999,   -999999,   -999999,   -999999,   -999999,   -999999,   -999999,   -999999,   -999999,   -999999,   -999999,   -999999,   -999999,   -999999,     -999999  
68922,   235,          2101509.0,         21.000000,  13.09489444,   34.72758,   269.238,   3.383889642,   667.4,   279.7099939,   313.9665326,   291,   27.43991375,    -999999,   -999999,  3.50018,   112.302252,   114.4937664,    -999999,  0.3416,    -999999,  186.04,   180,    -999999,   -999999,  0.474,   -2.072,   315.2099939,   277.1299939,   286.2299939,   667.4,   971.24,    -999999,   -999999,   -999999,   -999999,  7.68686,   8.14748,   9.74966,   10.38634,   83.566,   3,   13.268,   0.04,   0.06932,   3.43086,   43.92,   401.978,   1.842854545,   0.074,    -999999,   -999999,   -999999,   -999999,   -999999,   -999999,   -999999,   -999999,   -999999,   -999999,   -999999,   -999999,   -999999,   -999999,   -999999,   -999999,   -999999,   -999999,   -999999,   -999999,   -999999,   -999999,   -999999,   -999999,   -999999,   -999999,   -999999,   -999999,   -999999,   -999999,   -999999,   -999999,   -999999,   -999999,   -999999,   -999999,   -999999,   -999999,   -999999,   -999999,   -999999,   -999999,   -999999,   -999999,   -999999,   -999999,   -999999,   -999999,   -999999,   -999999,   -999999,   -999999,     -999999  
68927,   235,          2101510.0,         21.000000,  13.09628333,   34.7225,   269.238,   3.383219082,   667.46,   279.6699939,   313.9135708,   291,   27.44614652,    -999999,   -999999,  3.4986,   112.4771616,   114.565788,    -999999,  0.342,    -999999,  185.94,   179.86,    -999999,   -999999,  0.686,   -2.134,   315.1499939,   277.1699939,   286.2299939,   667.46,   971.34,    -999999,   -999999,   -999999,   -999999,  7.70807,   8.17042,   9.72282,   10.35378,   84.032,   3,   13.288,   -0.03,   0.0691,   3.4295,   44.2,   402.008,   1.84312,   0.072,    -999999,   -999999,   -999999,   -999999,   -999999,   -999999,   -999999,   -999999,   -999999,   -999999,   -999999,   -999999,   -999999,   -999999,   -999999,   -999999,   -999999,   -999999,   -999999,   -999999,   -999999,   -999999,   -999999,   -999999,   -999999,   -999999,   -999999,   -999999,   -999999,   -999999,   -999999,   -999999,   -999999,   -999999,   -999999,   -999999,   -999999,   -999999,   -999999,   -999999,   -999999,   -999999,   -999999,   -999999,   -999999,   -999999,   -999999,   -999999,   -999999,   -999999,   -999999,   -999999,     -999999  
68932,   235,          2101511.0,         21.000000,  13.09767222,   34.71744,   269.238,   3.377366922,   667.98,   279.7299939,   313.9110627,   291,   27.45240876,    -999999,   -999999,  3.49652,   112.3434072,   113.9793264,    -999999,  0.34,    -999999,  185.8,   179.8,    -999999,   -999999,  -0.03,   -1.846,   315.1699939,   277.1099939,   286.2099939,   667.98,   968.58,    -999999,   -999999,   -999999,   -999999,  7.669208,   8.13608,   9.76308,   10.40262,   83.334,   3,   13.11,   -0.452,   0.06746,   3.42906,   46.24,   401.938,   1.843118182,   0.064,    -999999,   -999999,   -999999,   -999999,   -999999,   -999999,   -999999,   -999999,   -999999,   -999999,   -999999,   -999999,   -999999,   -999999,   -999999,   -999999,   -999999,   -999999,   -999999,   -999999,   -999999,   -999999,   -999999,   -999999,   -999999,   -999999,   -999999,   -999999,   -999999,   -999999,   -999999,   -999999,   -999999,   -999999,   -999999,   -999999,   -999999,   -999999,   -999999,   -999999,   -999999,   -999999,   -999999,   -999999,   -999999,   -999999,   -999999,   -999999,   -999999,   -999999,   -999999,   -999999,     -999999  
68937,   235,          2101512.0,         21.000000,  13.09906111,   34.7124,   269.238,   3.364260522,   669.08,   279.8499939,   313.898123,   291,   27.45870045,    -999999,   -999999,  3.48578,   111.4379928,   113.2179552,    -999999,  0.3374,    -999999,  185.9,   179.88,    -999999,   -999999,  -0.832,   -1.236,   315.1299939,   277.2299939,   286.2499939,   669.08,   964.16,    -999999,   -999999,   -999999,   -999999,  7.722106,   8.205,   9.84406,   10.501,   83.352,   3,   13.074,   -0.314,   0.06858,   3.4172,   45.04,   402.07,   1.843311111,   0.06509090909,    -999999,   -999999,   -999999,   -999999,   -999999,   -999999,   -999999,   -999999,   -999999,   -999999,   -999999,   -999999,   -999999,   -999999,   -999999,   -999999,   -999999,   -999999,   -999999,   -999999,   -999999,   -999999,   -999999,   -999999,   -999999,   -999999,   -999999,   -999999,   -999999,   -999999,   -999999,   -999999,   -999999,   -999999,   -999999,   -999999,   -999999,   -999999,   -999999,   -999999,   -999999,   -999999,   -999999,   -999999,   -999999,   -999999,   -999999,   -999999,   -999999,   -999999,   -999999,   -999999,     -999999  
68942,   235,          2101513.0,         21.000000,  13.10045,   34.7074,   269.238,   3.342985481,   670.92,   279.9699939,   313.7864142,   291,   27.46503751,    -999999,   -999999,  3.46606,   111.0778848,   112.8990024,    -999999,  0.3366,    -999999,  185.98,   180.06,    -999999,   -999999,  -1.566,   -1.684,   314.9699939,   277.4299939,   286.2899939,   670.92,   959.42,    -999999,   -999999,   -999999,   -999999,  7.811008,   8.32112,   9.92578,   10.60044,   83.834,   3,   12.828,   -0.272,   0.0699,   3.39616,   45.98,   402.065,   1.84395,   0.07333333333,    -999999,   -999999,   -999999,   -999999,   -999999,   -999999,   -999999,   -999999,   -999999,   -999999,   -999999,   -999999,   -999999,   -999999,   -999999,   -999999,   -999999,   -999999,   -999999,   -999999,   -999999,   -999999,   -999999,   -999999,   -999999,   -999999,   -999999,   -999999,   -999999,   -999999,   -999999,   -999999,   -999999,   -999999,   -999999,   -999999,   -999999,   -999999,   -999999,   -999999,   -999999,   -999999,   -999999,   -999999,   -999999,   -999999,   -999999,   -999999,   -999999,   -999999,   -999999,   -999999,     -999999  
68947,   235,          2101514.0,         21.000000,  13.10183889,   34.7024,   269.238,   3.318784361,   673,   280.0699939,   313.6210014,   291,   27.47138797,    -999999,   -999999,  3.44116,   110.7486432,   112.5183168,    -999999,  0.3356,    -999999,  186,   180,    -999999,   -999999,  -1.748,   -1.87,   314.8299939,   277.5299939,   286.3699939,   673,   952.36,    -999999,   -999999,   -999999,   -999999,  7.842072,   8.37968,   9.99418,   10.68372,   83.846,   3,   12.874,   -0.332,   0.07086,   3.3703,   46.9,   402.05,   1.8442,   0.07038095238,    -999999,   -999999,   -999999,   -999999,   -999999,   -999999,   -999999,   -999999,   -999999,   -999999,   -999999,   -999999,   -999999,   -999999,   -999999,   -999999,   -999999,   -999999,   -999999,   -999999,   -999999,   -999999,   -999999,   -999999,   -999999,   -999999,   -999999,   -999999,   -999999,   -999999,   -999999,   -999999,   -999999,   -999999,   -999999,   -999999,   -999999,   -999999,   -999999,   -999999,   -999999,   -999999,   -999999,   -999999,   -999999,   -999999,   -999999,   -999999,   -999999,   -999999,   -999999,   -999999,     -999999  
68952,   235,          2101515.0,         21.000000,  13.10322778,   34.6974,   269.238,   3.293546921,   675.18,   280.2099939,   313.4879766,   291,   27.47775184,    -999999,   -999999,  3.41544,   110.3062248,   112.1067648,    -999999,  0.334,    -999999,  185.92,   180,    -999999,   -999999,  -1.73,   -1.846,   314.6899939,   277.3099939,   286.4299939,   675.18,   945.74,    -999999,   -999999,   -999999,   -999999,  7.695418,   8.2515,   10.09072,   10.80146,   81.778,   3,   12.678,   -0.274,   0.07108,   3.34436,   44.84,   401.944,   1.843788889,   0.07095238095,    -999999,   -999999,   -999999,   -999999,   -999999,   -999999,   -999999,   -999999,   -999999,   -999999,   -999999,   -999999,   -999999,   -999999,   -999999,   -999999,   -999999,   -999999,   -999999,   -999999,   -999999,   -999999,   -999999,   -999999,   -999999,   -999999,   -999999,   -999999,   -999999,   -999999,   -999999,   -999999,   -999999,   -999999,   -999999,   -999999,   -999999,   -999999,   -999999,   -999999,   -999999,   -999999,   -999999,   -999999,   -999999,   -999999,   -999999,   -999999,   -999999,   -999999,   -999999,   -999999,     -999999  
68957,   235,          2101516.0,         21.000000,  13.10461667,   34.6925,   269.238,   3.26891908,   677.3,   280.3099939,   313.319084,   291,   27.48420873,    -999999,   -999999,  3.38976,   109.9049616,   111.5408808,    -999999,  0.3324,    -999999,  185.7,   180,    -999999,   -999999,  -1.724,   -1.948,   314.5499939,   277.2899939,   286.5299939,   677.3,   939.82,    -999999,   -999999,   -999999,   -999999,  7.66007,   8.2399,   10.16026,   10.8863,   81.102,   3,   12.256,   -0.386,   0.0707,   3.31906,   48.96,   401.984,   1.84425,   0.0649047619,    -999999,   -999999,   -999999,   -999999,   -999999,   -999999,   -999999,   -999999,   -999999,   -999999,   -999999,   -999999,   -999999,   -999999,   -999999,   -999999,   -999999,   -999999,   -999999,   -999999,   -999999,   -999999,   -999999,   -999999,   -999999,   -999999,   -999999,   -999999,   -999999,   -999999,   -999999,   -999999,   -999999,   -999999,   -999999,   -999999,   -999999,   -999999,   -999999,   -999999,   -999999,   -999999,   -999999,   -999999,   -999999,   -999999,   -999999,   -999999,   -999999,   -999999,   -999999,   -999999,     -999999  
