inputs/ACTAMERICA_Merge/B200/ACTAMERICA-mrg05-b200_merge_20171010_R0.ict
138, 1001
Shook, Michael
NASA Atmospheric Composition Branch, NASA Langley Research Center (SSAI)
Merged data file for ACT-AMERICA Fall 2017, Flight 05 (20171010), on the b200 platform. Data is merged to 05 seconds.
NASA ACT-AMERICA Fall 2017
1, 1
2017, 10, 10, 2018, 07, 11
05
UTC,s
99
1, 1, 1, 1, 1, 1, 1, 1, 1, 1, 1, 1, 1, 1, 1, 1, 1, 1, 1, 1, 1, 1, 1, 1, 1, 1, 1, 1, 1, 1, 1, 1, 1, 1, 1, 1, 1, 1, 1, 1, 1, 1, 1, 1, 1, 1, 1, 1, 1, 1, 1, 1, 1, 1, 1, 1, 1, 1, 1, 1, 1, 1, 1, 1, 1, 1, 1, 1, 1, 1, 1, 1, 1, 1, 1, 1, 1, 1, 1, 1, 1, 1, 1, 1, 1, 1, 1, 1, 1, 1, 1, 1, 1, 1, 1, 1, 1, 1, 1
-999999, -999999, -999999, -999999, -999999, -999999, -999999, -999999, -999999, -999999, -999999, -999999, -999999, -999999, -999999, -999999, -999999, -999999, -999999, -999999, -999999, -999999, -999999, -999999, -999999, -999999, -999999, -999999, -999999, -999999, -999999, -999999, -999999, -999999, -999999, -999999, -999999, -999999, -999999, -999999, -999999, -999999, -999999, -999999, -999999, -999999, -999999, -999999, -999999, -999999, -999999, -999999, -999999, -999999, -999999, -999999, -999999, -999999, -999999, -999999, -999999, -999999, -999999, -999999, -999999, -999999, -999999, -999999, -999999, -999999, -999999, -999999, -999999, -999999, -999999, -999999, -999999, -999999, -999999, -999999, -999999, -999999, -999999, -999999, -999999, -999999, -999999, -999999, -999999, -999999, -999999, -999999, -999999, -999999, -999999, -999999, -999999, -999999, -999999
JDAY, days
INDEX, none
FLIGHT, none
LOCAL_SUN_TIME, hour
LATITUDE, degs
LONGITUDE, degs
ALTP, km
PRESSURE, hPa
TEMPERATURE, K
THETA, K, calculated from ambient temperature and pressure
O3COLUMN, DU, OMI ozone column data extracted along flight track
SZA, deg
WNS, m/s
WND, Degs
GPS_ALT, km
GRD_SPD, m/s
TAS, m/s
IAS, m/s
MachNumber, mach
VerticalSpeed, ft min-1
HDG, degs
TRK, degs
DifferentialPressure, hPa
PITCH, degs
ROLL, degs
PotentialTemp_Nav, K
Dewpoint, K
TotalAirTemp, K
CabinPressure, hPa
SolarZenithAngle, degs
AircraftSunElevation, degs
SunAzimuth, degs
AircraftSunAzimuth, degs
H2O_MixingRatio_Nav, g kg-1
H2O_VaporPressure_Nav, hPa
H2O_SatVaporPressureWater_Nav, hPa
H2O_SatVaporPressureIce_Nav, hPa
H2O_RelativeHumidity_Nav, %
U_WINDS, m s-1
V_WINDS, m s-1
GroundElevation-AMSL_GoogleMaps, km
Altitude-AGL_GoogleMaps, km
O3_MixingRatio, ppbv
CO2_DryMoleFrac_PICARRO, ppm
CH4_DryMoleFrac_PICARRO, ppm
CO_DryMoleFrac_PICARRO, ppm
CO2_MoleFraction_PFP, ppm
CH4_MoleFraction_PFP, ppb
CO_MoleFraction_PFP, ppb
N2O_MoleFraction_PFP, ppb
SF6_CCGG_MoleFraction_PFP, ppt
H2_MoleFraction_PFP, ppb
CH4C13_MoleFraction_PFP, permil
CO2C14_MoleFraction_PFP, permil
F11B_MoleFraction_PFP, ppt
FC12_MoleFraction_PFP, ppt
F13_MoleFraction_PFP, ppt
F113_MoleFraction_PFP, ppt
F115_MoleFraction_PFP, ppt
HF133a_MoleFraction_PFP, ppt
F23_MoleFraction_PFP, ppt
F32_MoleFraction_PFP, ppt
F134A_MoleFraction_PFP, ppt
F152A_MoleFraction_PFP, ppt
F125_MoleFraction_PFP, ppt
F143a_MoleFraction_PFP, ppt
F227e_MoleFraction_PFP, ppt
F365m_MoleFraction_PFP, ppt
H1211_MoleFraction_PFP, ppt
H1301_MoleFraction_PFP, ppt
H2402_MoleFraction_PFP, ppt
MCFA_MoleFraction_PFP, ppt
CF4_MoleFraction_PFP, ppt
C2F6_MoleFraction_PFP, ppt
SO2F2_MoleFraction_PFP, ppt
MEBR_MoleFraction_PFP, ppt
CH3I_MoleFraction_PFP, ppt
DIBR_MoleFraction_PFP, ppt
OCS_MoleFraction_PFP, ppt
[...]
[from data line 1352]
64377,   283,          501353.00,         5.0000000,  12.39436543,   39.974543,   277.6675648,   0.5945428873,   943.8,   291.2499939,   296.1031829,   265,   46.92512512,   2.215424846,   96.47523443,   0.66498,   90.48999601,   92.33169121,    -999999,  0.27,    -999999,  130.066,   130.84,   49.02,   1.56,   0.4,   297.2099939,   288.3299939,   295.4899939,   974.3,    -999999,   -999999,   -999999,   -999999,  11.627038,   17.31924,   20.85162,   24.79532,   83.058,   -2.364,   0.032,   0.33184,   0.33314,   29.2,   430.91,   1.9746,   0.1331,    -999999,   -999999,   -999999,   -999999,   -999999,   -999999,   -999999,   -999999,   -999999,   -999999,   -999999,   -999999,   -999999,   -999999,   -999999,   -999999,   -999999,   -999999,   -999999,   -999999,   -999999,   -999999,   -999999,   -999999,   -999999,   -999999,   -999999,   -999999,   -999999,   -999999,   -999999,   -999999,   -999999,   -999999,   -999999,   -999999,   -999999,   -999999,   -999999,   -999999,   -999999,   -999999,   -999999,   -999999,   -999999,   -999999,   -999999,   -999999,   -999999,   -999999,   -999999,   -999999,         3.9564000  
64382,   283,          501354.00,         5.0000000,  12.39601949,   39.9718424,   277.6715424,   0.5955792074,   943.68,   291.2299939,   296.0936064,   265,   46.92512157,   2.751390036,   115.3103862,   0.66474,   90.68548321,   93.32970481,    -999999,  0.273,    -999999,  131.128,   131.6,   50.1,   1.54,   -1.64,   297.2299939,   288.1899939,   295.5699939,   974.18,    -999999,   -999999,   -999999,   -999999,  11.522704,   17.16444,   20.82546,   24.75958,   82.422,   -2.486,   1.162,   0.32988,   0.33486,    -999999,   -999999,   -999999,   -999999,   -999999,   -999999,   -999999,   -999999,   -999999,   -999999,   -999999,   -999999,   -999999,   -999999,   -999999,   -999999,   -999999,   -999999,   -999999,   -999999,   -999999,   -999999,   -999999,   -999999,   -999999,   -999999,   -999999,   -999999,   -999999,   -999999,   -999999,   -999999,   -999999,   -999999,   -999999,   -999999,   -999999,   -999999,   -999999,   -999999,   -999999,   -999999,   -999999,   -999999,   -999999,   -999999,   -999999,   -999999,   -999999,   -999999,   -999999,   -999999,   -999999,   -999999,   -999999,   -999999,         3.8335000  
64387,   283,          501355.00,         5.0000000,  12.39767314,   39.9691336,   277.6755138,   0.5957620874,   943.68,   291.3699939,   296.2359445,   265,   46.92512069,   2.161426018,   95.47717621,   0.6653,   90.99414721,   92.75353201,    -999999,  0.271,    -999999,  130.774,   131.56,   49.44,   0.92,   0.52,   297.3499939,   288.2099939,   295.6299939,   974.3,    -999999,   -999999,   -999999,   -999999,  11.537364,   17.18594,   21.00964,   25.01152,   81.804,   -2.274,   -0.03,   0.32258,   0.34272,    -999999,   -999999,   -999999,   -999999,   -999999,   -999999,   -999999,   -999999,   -999999,   -999999,   -999999,   -999999,   -999999,   -999999,   -999999,   -999999,   -999999,   -999999,   -999999,   -999999,   -999999,   -999999,   -999999,   -999999,   -999999,   -999999,   -999999,   -999999,   -999999,   -999999,   -999999,   -999999,   -999999,   -999999,   -999999,   -999999,   -999999,   -999999,   -999999,   -999999,   -999999,   -999999,   -999999,   -999999,   -999999,   -999999,   -999999,   -999999,   -999999,   -999999,   -999999,   -999999,   -999999,   -999999,   -999999,   -999999,         3.8305000  
64392,   283,          501356.00,         5.0000000,  12.39932618,   39.9663674,   277.679476,   0.5946648073,   943.78,   291.2299939,   296.0846423,   265,   46.92507345,   2.659205716,   95.56715725,   0.664,   91.57032001,   93.71039041,    -999999,  0.2738,    -999999,  131.52,   132.5,   50.52,   1.78,   0.08,   297.2299939,   288.3299939,   295.6299939,   974.22,    -999999,   -999999,   -999999,   -999999,  11.627098,   17.31898,   20.82546,   24.75958,   83.16,   -2.798,   0.108,   0.3271,   0.3369,    -999999,   -999999,   -999999,   -999999,  431.3,   1974.32,   134.85,   332.35,   9.57,   517.67,   -47.66,   -22.9,   234.13,   514.17,   3.31,   70.57,   8.72,   0.54,   30.72,   21.68,   126.38,   41.45,   29.73,   24.12,   1.54,   1.26,    -999999,  3.39,   0.42,   2.36,   84.42,   5.71,   2.49,   7.07,   0.53,   0.96,   467.53,   540.78,   58.66,   15.95,   13.34,   215.34,   3847.1,   1709.16,   621.68,   311.43,   197.17,   280.43,   95.92,    -999999,  0.26,   0.16,   2.46,   0.64,   95.6,   269.75,          3.8928000  
64397,   283,          501357.00,         5.0000000,  12.4009754,   39.963566,   277.683381,   0.5967984074,   943.54,   291.1499939,   296.0248188,   265,   46.92499659,   3.657298408,   102.4164958,   0.6692,   90.95299201,   94.11165361,    -999999,  0.275,    -999999,  132.054,   133.2,   50.98,   3.16,   -0.4,   297.1499939,   288.3299939,   295.5299939,   973.96,    -999999,   -999999,   -999999,   -999999,  11.630008,   17.31884,   20.7209,   24.61668,   83.582,   -3.812,   0.772,   0.31282,   0.35638,    -999999,   -999999,   -999999,   -999999,  431.3,   1974.32,   134.85,   332.35,   9.57,   517.67,   -47.66,   -22.9,   234.13,   514.17,   3.31,   70.57,   8.72,   0.54,   30.72,   21.68,   126.38,   41.45,   29.73,   24.12,   1.54,   1.26,    -999999,  3.39,   0.42,   2.36,   84.42,   5.71,   2.49,   7.07,   0.53,   0.96,   467.53,   540.78,   58.66,   15.95,   13.34,   215.34,   3847.1,   1709.16,   621.68,   311.43,   197.17,   280.43,   95.92,    -999999,  0.26,   0.16,   2.46,   0.64,   95.6,   269.75,          4.0420000  
64402,   283,          501358.00,         5.0000000,  12.40261917,   39.9607698,   277.6872042,   0.6085636875,   942.22,   291.1299939,   296.1229065,   265,   46.92492733,   3.043103287,   89.46202762,   0.6797,   89.89324561,   92.10533761,    -999999,  0.2694,    -999999,  132.342,   133.66,   48.72,   1.74,   -1.14,   297.2299939,   288.3899939,   295.3499939,   973.64,    -999999,   -999999,   -999999,   -999999,  11.692634,   17.38596,   20.69482,   24.58106,   84.014,   -3.132,   -0.092,   0.34012,   0.33958,    -999999,   -999999,   -999999,   -999999,  431.3,   1974.32,   134.85,   332.35,   9.57,   517.67,   -47.66,   -22.9,   234.13,   514.17,   3.31,   70.57,   8.72,   0.54,   30.72,   21.68,   126.38,   41.45,   29.73,   24.12,   1.54,   1.26,    -999999,  3.39,   0.42,   2.36,   84.42,   5.71,   2.49,   7.07,   0.53,   0.96,   467.53,   540.78,   58.66,   15.95,   13.34,   215.34,   3847.1,   1709.16,   621.68,   311.43,   197.17,   280.43,   95.92,    -999999,  0.26,   0.16,   2.46,   0.64,   95.6,   269.75,          4.2038000  
64407,   283,          501359.00,         5.0000000,  12.40426224,   39.957965,   277.691017,   0.6071006475,   942.4,   291.1299939,   296.1067454,   265,   46.92485976,   2.64840019,   78.59833865,   0.67658,   90.38710801,   91.93042801,    -999999,  0.2688,    -999999,  132.346,   133.7,   48.54,   0.62,   -1.2,   297.2099939,   288.5099939,   295.3299939,   974.08,    -999999,   -999999,   -999999,   -999999,  11.78234,   17.52026,   20.69484,   24.58106,   84.662,   -2.508,   -0.58,   0.3215,   0.35508,    -999999,   -999999,   -999999,   -999999,  431.3,   1974.32,   134.85,   332.35,   9.57,   517.67,   -47.66,   -22.9,   234.13,   514.17,   3.31,   70.57,   8.72,   0.54,   30.72,   21.68,   126.38,   41.45,   29.73,   24.12,   1.54,   1.26,    -999999,  3.39,   0.42,   2.36,   84.42,   5.71,   2.49,   7.07,   0.53,   0.96,   467.53,   540.78,   58.66,   15.95,   13.34,   215.34,   3847.1,   1709.16,   621.68,   311.43,   197.17,   280.43,   95.92,    -999999,  0.26,   0.16,   2.46,   0.64,   95.6,   269.75,          4.2875000  
64412,   283,          501360.00,         5.0000000,  12.4059078,   39.9551262,   277.694867,   0.5989929674,   943.3,   291.0899939,   295.9853267,   265,   46.924774,   3.08821575,   95.781225,   0.6669,   91.46743201,   93.91616641,    -999999,  0.2746,    -999999,  132.672,   133.84,   50.76,   0.06,   -0.8,   297.0899939,   288.3499939,   295.4899939,   974.26,    -999999,   -999999,   -999999,   -999999,  11.649358,   17.34256,   20.6429,   24.51018,   84.012,   -3.074,   0.136,   0.30322,   0.36368,    -999999,   -999999,   -999999,   -999999,   -999999,   -999999,   -999999,   -999999,   -999999,   -999999,   -999999,   -999999,   -999999,   -999999,   -999999,   -999999,   -999999,   -999999,   -999999,   -999999,   -999999,   -999999,   -999999,   -999999,   -999999,   -999999,   -999999,   -999999,   -999999,   -999999,   -999999,   -999999,   -999999,   -999999,   -999999,   -999999,   -999999,   -999999,   -999999,   -999999,   -999999,   -999999,   -999999,   -999999,   -999999,   -999999,   -999999,   -999999,   -999999,   -999999,   -999999,   -999999,   -999999,   -999999,   -999999,   -999999,         4.1380000  
64417,   283,          501361.00,         5.0000000,  12.40755528,   39.9522382,   277.6987458,   0.5883249673,   944.52,   291.0899939,   295.8760441,   265,   46.92465413,   2.738482016,   111.1991747,   0.65728,   92.54775601,   95.07880081,    -999999,  0.2782,    -999999,  133.502,   134.14,   52.08,   0.66,   -0.38,   296.9899939,   288.3499939,   295.5699939,   974.36,    -999999,   -999999,   -999999,   -999999,  11.633028,   17.34122,   20.64298,   24.5103,   84.008,   -2.618,   0.846,   0.30936,   0.34792,    -999999,   -999999,   -999999,   -999999,   -999999,   -999999,   -999999,   -999999,   -999999,   -999999,   -999999,   -999999,   -999999,   -999999,   -999999,   -999999,   -999999,   -999999,   -999999,   -999999,   -999999,   -999999,   -999999,   -999999,   -999999,   -999999,   -999999,   -999999,   -999999,   -999999,   -999999,   -999999,   -999999,   -999999,   -999999,   -999999,   -999999,   -999999,   -999999,   -999999,   -999999,   -999999,   -999999,   -999999,   -999999,   -999999,   -999999,   -999999,   -999999,   -999999,   -999999,   -999999,   -999999,   -999999,   -999999,   -999999,         4.1660000  
64422,   283,          501362.00,         5.0000000,  12.40920216,   39.9493052,   277.7026158,   0.5845454472,   944.94,   291.0699939,   295.8181379,   265,   46.92450018,   3.48550559,   92.80480266,   0.65398,   92.88728641,   95.51093041,    -999999,  0.2794,    -999999,  133.404,   134.8,   52.6,   1.4,   -0.88,   296.9299939,   288.4299939,   295.6099939,   974.42,    -999999,   -999999,   -999999,   -999999,  11.688894,   17.4307,   20.617,   24.47488,   84.546,   -3.528,   0.148,   0.32536,   0.32862,    -999999,   -999999,   -999999,   -999999,   -999999,   -999999,   -999999,   -999999,   -999999,   -999999,   -999999,   -999999,   -999999,   -999999,   -999999,   -999999,   -999999,   -999999,   -999999,   -999999,   -999999,   -999999,   -999999,   -999999,   -999999,   -999999,   -999999,   -999999,   -999999,   -999999,   -999999,   -999999,   -999999,   -999999,   -999999,   -999999,   -999999,   -999999,   -999999,   -999999,   -999999,   -999999,   -999999,   -999999,   -999999,   -999999,   -999999,   -999999,   -999999,   -999999,   -999999,   -999999,   -999999,   -999999,   -999999,   -999999,         4.1652000  
64427,   283,          501363.00,         5.0000000,  12.41084703,   39.946359,   277.7064554,   0.5855817672,   944.82,   291.0499939,   295.8085451,   265,   46.92434118,   4.030066989,   83.87009136,   0.65536,   92.50660081,   95.08908961,    -999999,  0.278,    -999999,  133.01,   134.9,   52.14,   1.82,   -1.82,   296.9299939,   288.4299939,   295.5699939,   974.5,    -999999,   -999999,   -999999,   -999999,  11.690314,   17.43056,   20.591,   24.43936,   84.652,   -4.014,   -0.376,   0.32096,   0.3344,    -999999,   -999999,   -999999,   -999999,   -999999,   -999999,   -999999,   -999999,   -999999,   -999999,   -999999,   -999999,   -999999,   -999999,   -999999,   -999999,   -999999,   -999999,   -999999,   -999999,   -999999,   -999999,   -999999,   -999999,   -999999,   -999999,   -999999,   -999999,   -999999,   -999999,   -999999,   -999999,   -999999,   -999999,   -999999,   -999999,   -999999,   -999999,   -999999,   -999999,   -999999,   -999999,   -999999,   -999999,   -999999,   -999999,   -999999,   -999999,   -999999,   -999999,   -999999,   -999999,   -999999,   -999999,   -999999,   -999999,         4.1636000  
64432,   283,          501364.00,         5.0000000,  12.41249106,   39.9434348,   277.7102826,   0.5882640073,   944.5,   291.0699939,   295.8575052,   265,   46.92421394,   4.221101038,   88.61588132,   0.65804,   92.02302721,   95.00677921,    -999999,  0.278,    -999999,  132.91,   134.74,   52,   1.6,   -1.34,   296.9699939,   288.3299939,   295.5699939,   974.4,    -999999,   -999999,   -999999,   -999999,  11.618006,   17.31886,   20.617,   24.4748,   84.006,   -4.206,   -0.028,   0.29422,   0.36382,    -999999,   -999999,   -999999,   -999999,   -999999,   -999999,   -999999,   -999999,   -999999,   -999999,   -999999,   -999999,   -999999,   -999999,   -999999,   -999999,   -999999,   -999999,   -999999,   -999999,   -999999,   -999999,   -999999,   -999999,   -999999,   -999999,   -999999,   -999999,   -999999,   -999999,   -999999,   -999999,   -999999,   -999999,   -999999,   -999999,   -999999,   -999999,   -999999,   -999999,   -999999,   -999999,   -999999,   -999999,   -999999,   -999999,   -999999,   -999999,   -999999,   -999999,   -999999,   -999999,   -999999,   -999999,   -999999,   -999999,         3.9656000  
64437,   283,          501365.00,         5.0000000,  12.41413546,   39.9405278,   277.7141152,   0.5898489673,   944.34,   291.2099939,   296.014136,   265,   46.9241157,   2.586551184,   100.1436359,   0.65996,   92.03331601,   94.17338641,    -999999,  0.2754,    -999999,  133.606,   134.5,   51.04,   0.86,   -2.14,   297.1499939,   288.3499939,   295.6299939,   974.42,    -999999,   -999999,   -999999,   -999999,  11.635384,   17.34134,   20.79956,   24.7242,   83.376,   -2.384,   0.544,   0.27826,   0.3817,    -999999,   -999999,   -999999,   -999999,   -999999,   -999999,   -999999,   -999999,   -999999,   -999999,   -999999,   -999999,   -999999,   -999999,   -999999,   -999999,   -999999,   -999999,   -999999,   -999999,   -999999,   -999999,   -999999,   -999999,   -999999,   -999999,   -999999,   -999999,   -999999,   -999999,   -999999,   -999999,   -999999,   -999999,   -999999,   -999999,   -999999,   -999999,   -999999,   -999999,   -999999,   -999999,   -999999,   -999999,   -999999,   -999999,   -999999,   -999999,   -999999,   -999999,   -999999,   -999999,   -999999,   -999999,   -999999,   -999999,         4.0074000  
64442,   283,          501366.00,         5.0000000,  12.41578176,   39.9376122,   277.7179764,   0.5937504073,   943.9,   291.2499939,   296.0942197,   265,   46.92402358,   2.400923129,   103.4783132,   0.66398,   92.68151041,   94.74955921,    -999999,  0.2768,    -999999,  133.828,   134.58,   51.66,   0.62,   0.24,   297.2099939,   288.3899939,   295.7099939,   974.3,    -999999,   -999999,   -999999,   -999999,  11.672026,   17.3868,   20.85204,   24.79602,   83.39,   -2.456,   0.36,   0.2881,   0.37588,    -999999,   -999999,   -999999,   -999999,   -999999,   -999999,   -999999,   -999999,   -999999,   -999999,   -999999,   -999999,   -999999,   -999999,   -999999,   -999999,   -999999,   -999999,   -999999,   -999999,   -999999,   -999999,   -999999,   -999999,   -999999,   -999999,   -999999,   -999999,   -999999,   -999999,   -999999,   -999999,   -999999,   -999999,   -999999,   -999999,   -999999,   -999999,   -999999,   -999999,   -999999,   -999999,   -999999,   -999999,   -999999,   -999999,   -999999,   -999999,   -999999,   -999999,   -999999,   -999999,   -999999,   -999999,   -999999,   -999999,         3.8805000  
