inputs/ACTAMERICA_Merge/B200/ACTAMERICA-mrg05-b200_merge_20170220_R0_L1.ict
136, 1001
Shook, Michael
NASA Atmospheric Composition Branch, NASA Langley Research Center (SSAI)
Merged data file for ACT-AMERICA 2017, Flight 16 (20170220), on the b200 platform. Data is merged to 05 seconds.
NASA ACT-AMERICA 2017
1, 1
2017, 02, 20, 2018, 02, 22
05
UTC,s
97
1, 1, 1, 1, 1, 1, 1, 1, 1, 1, 1, 1, 1, 1, 1, 1, 1, 1, 1, 1, 1, 1, 1, 1, 1, 1, 1, 1, 1, 1, 1, 1, 1, 1, 1, 1, 1, 1, 1, 1, 1, 1, 1, 1, 1, 1, 1, 1, 1, 1, 1, 1, 1, 1, 1, 1, 1, 1, 1, 1, 1, 1, 1, 1, 1, 1, 1, 1, 1, 1, 1, 1, 1, 1, 1, 1, 1, 1, 1, 1, 1, 1, 1, 1, 1, 1, 1, 1, 1, 1, 1, 1, 1, 1, 1, 1, 1
-999999, -999999, -999999, -999999, -999999, -999999, -999999, -999999, -999999, -999999, -999999, -999999, -999999, -999999, -999999, -999999, -999999, -999999, -999999, -999999, -999999, -999999, -999999, -999999, -999999, -999999, -999999, -999999, -999999, -999999, -999999, -999999, -999999, -999999, -999999, -999999, -999999, -999999, -999999, -999999, -999999, -999999, -999999, -999999, -999999, -999999, -999999, -999999, -999999, -999999, -999999, -999999, -999999, -999999, -999999, -999999, -999999, -999999, -999999, -999999, -999999, -999999, -999999, -999999, -999999, -999999, -999999, -999999, -999999, -999999, -999999, -999999, -999999, -999999, -999999, -999999, -999999, -999999, -999999, -999999, -999999, -999999, -999999, -999999, -999999, -999999, -999999, -999999, -999999, -999999, -999999, -999999, -999999, -999999, -999999, -999999, -999999
JDAY, days
INDEX, none
FLIGHT, none
LOCAL_SUN_TIME, hour
LATITUDE, degs
LONGITUDE, degs
ALTP, km
PRESSURE, hPa
TEMPERATURE, K
THETA, K
O3COLUMN, DU
SZA, deg
GPS_ALT, km
GRD_SPD, m/s
TAS, m/s
IAS, m/s
MachNumber, mach
VerticalSpeed, ft min-1
HDG, degs
TRK, degs
PITCH, degs
ROLL, degs
PotentialTemp, K
Dewpoint, K
TotalAirTemp, K
CabinPressure, hPa
SolarZenithAngle, degs
AircraftSunElevation, degs
SunAzimuth, degs
AircraftSunAzimuth, degs
H2O_MixingRatio, g kg-1
H2O_VaporPressure, hPa
H2O_SatVaporPressureWater, hPa
H2O_SatVaporPressureIce, hPa
H2O_RelativeHumidity, %
DifferentialPressure, hPa
U_WINDS, m s-1
V_WINDS, m s-1
Ground_Elevation, km
Altitude_AGL, km
O3_MixingRatio, ppbv
CO2_MixingRatio_PICARRO, ppmv
CH4_MixingRatio_PICARRO, ppmv
CO_MixingRatio_PICARRO, ppmv
CO2_MoleFraction_PFP, ppm
CH4_MoleFraction_PFP, ppb
CO_MoleFraction_PFP, ppb
N2O_MoleFraction_PFP, ppb
SF6_MoleFraction_PFP, ppt
H2_MoleFraction_PFP, ppb
CH4C13_PFP, per mil
CO2C14_PFP, per mil
F11B_MoleFraction_PFP, ppt
FC12_MoleFraction_PFP, ppt
F13_MoleFraction_PFP, ppt
F113_MoleFraction_PFP, ppt
F115_MoleFraction_PFP, ppt
HF133a_MoleFraction_PFP, ppt
F23_MoleFraction_PFP, ppt
F32_MoleFraction_PFP, ppt
F134A_MoleFraction_PFP, ppt
F152A_MoleFraction_PFP, ppt
F125_MoleFraction_PFP, ppt
F143a_MoleFraction_PFP, ppt
F227e_MoleFraction_PFP, ppt
F365m_MoleFraction_PFP, ppt
H1211_MoleFraction_PFP, ppt
H1301_MoleFraction_PFP, ppt
H2402_MoleFraction_PFP, ppt
MCFA_MoleFraction_PFP, ppt
CF4_MoleFraction_PFP, ppt
C2F6_MoleFraction_PFP, ppt
SO2F2_MoleFraction_PFP, ppt
MEBR_MoleFraction_PFP, ppt
CH3I_MoleFraction_PFP, ppt
DIBR_MoleFraction_PFP, ppt
OCS_MoleFraction_PFP, ppt
MECL_MoleFraction_PFP, ppt
DICL_MoleFraction_PFP, ppt
CLHF_MoleFraction_PFP, ppt
PCE_MoleFraction_PFP, ppt
C2H2_MoleFraction_PFP, ppt
C2H6_MoleFraction_PFP, ppt
C3H8_MoleFraction_PFP, ppt
nC4H10_MoleFraction_PFP, ppt
[...]
[from data line 572]
60722,   51,          1600573.0,         16.000000,  10.58005236,   40.7609696,   265.6820354,   7.77510672,   367.56,   246.0239939,   327.4684021,   300,   55.30892688,   7.81732,   120.9757104,   124.5932525,    -999999,  0.39624,    -999999,  120.88,   105.72,   2.3,   -2.2,   327.4699939,   243.0499939,   253.7499939,   760.9,    -999999,   -999999,   -999999,   -999999,  0.857588,   0.5061,   0.66754,   0.5119,   98.86,   42.008,   10.812,   30.606,   0.34028,   7.47704,   51.92,   407.054,   1.880144444,   0.11375,    -999999,   -999999,   -999999,   -999999,   -999999,   -999999,   -999999,   -999999,   -999999,   -999999,   -999999,   -999999,   -999999,   -999999,   -999999,   -999999,   -999999,   -999999,   -999999,   -999999,   -999999,   -999999,   -999999,   -999999,   -999999,   -999999,   -999999,   -999999,   -999999,   -999999,   -999999,   -999999,   -999999,   -999999,   -999999,   -999999,   -999999,   -999999,   -999999,   -999999,   -999999,   -999999,   -999999,   -999999,   -999999,   -999999,   -999999,   -999999,   -999999,   -999999,   -999999,   -999999,         1.0372000  
60727,   51,          1600574.0,         16.000000,  10.58190034,   40.759494,   265.6889218,   7.77397896,   367.62,   245.9819939,   327.3972295,   300,   55.29849485,   7.8176,   120.9242664,   124.2763575,    -999999,  0.39526,    -999999,  120.76,   105.7,   2.32,   -1.98,   327.4019939,   243.0299939,   253.6699939,   761.04,    -999999,   -999999,   -999999,   -999999,  0.855836,   0.50514,   0.66498,   0.50974,   99.102,   41.8,   10.832,   30.124,   0.34022,   7.47738,   50.76,   407.058,   1.881133333,   0.11265,    -999999,   -999999,   -999999,   -999999,   -999999,   -999999,   -999999,   -999999,   -999999,   -999999,   -999999,   -999999,   -999999,   -999999,   -999999,   -999999,   -999999,   -999999,   -999999,   -999999,   -999999,   -999999,   -999999,   -999999,   -999999,   -999999,   -999999,   -999999,   -999999,   -999999,   -999999,   -999999,   -999999,   -999999,   -999999,   -999999,   -999999,   -999999,   -999999,   -999999,   -999999,   -999999,   -999999,   -999999,   -999999,   -999999,   -999999,   -999999,   -999999,   -999999,   -999999,   -999999,         1.0924000  
60732,   51,          1600575.0,         16.000000,  10.583748,   40.7580188,   265.6958034,   7.770571296,   367.8,   245.9959939,   327.3700735,   300,   55.28807437,   7.81782,   120.8625336,   124.0170797,    -999999,  0.39442,    -999999,  120.78,   105.78,   2.4,   -1.78,   327.3719939,   243.0099939,   253.6499939,   760.84,    -999999,   -999999,   -999999,   -999999,  0.853806,   0.50418,   0.66586,   0.5105,   98.768,   41.638,   10.932,   29.902,   0.354,   7.46382,   49.6,   407.03,   1.88005,   0.11055,    -999999,   -999999,   -999999,   -999999,   -999999,   -999999,   -999999,   -999999,   -999999,   -999999,   -999999,   -999999,   -999999,   -999999,   -999999,   -999999,   -999999,   -999999,   -999999,   -999999,   -999999,   -999999,   -999999,   -999999,   -999999,   -999999,   -999999,   -999999,   -999999,   -999999,   -999999,   -999999,   -999999,   -999999,   -999999,   -999999,   -999999,   -999999,   -999999,   -999999,   -999999,   -999999,   -999999,   -999999,   -999999,   -999999,   -999999,   -999999,   -999999,   -999999,   -999999,   -999999,         1.0454000  
60737,   51,          1600576.0,         16.000000,  10.58559509,   40.7565376,   265.7026764,   7.772839008,   367.68,   246.0199939,   327.4325388,   300,   55.27766091,   7.8183,   120.6979128,   123.9903288,    -999999,  0.39436,    -999999,  120.98,   105.86,   2.4,   -1.74,   327.4339939,   243.0499939,   253.6699939,   760.9,    -999999,   -999999,   -999999,   -999999,  0.857308,   0.5061,   0.66732,   0.51174,   98.9,   41.602,   10.85,   29.848,   0.34436,   7.47394,   50.56,   407.12,   1.879291667,   0.10395,    -999999,   -999999,   -999999,   -999999,   -999999,   -999999,   -999999,   -999999,   -999999,   -999999,   -999999,   -999999,   -999999,   -999999,   -999999,   -999999,   -999999,   -999999,   -999999,   -999999,   -999999,   -999999,   -999999,   -999999,   -999999,   -999999,   -999999,   -999999,   -999999,   -999999,   -999999,   -999999,   -999999,   -999999,   -999999,   -999999,   -999999,   -999999,   -999999,   -999999,   -999999,   -999999,   -999999,   -999999,   -999999,   -999999,   -999999,   -999999,   -999999,   -999999,   -999999,   -999999,         1.0192000  
60742,   51,          1600577.0,         16.000000,  10.5874414,   40.7550496,   265.7095376,   7.774734864,   367.58,   245.9919939,   327.4207186,   300,   55.26725478,   7.81896,   120.5950248,   124.0551483,    -999999,  0.39454,    -999999,  120.92,   105.96,   2.4,   -2.06,   327.4219939,   243.1099939,   253.6499939,   760.74,    -999999,   -999999,   -999999,   -999999,  0.862428,   0.50898,   0.66562,   0.5103,   99.744,   41.64,   10.736,   29.972,   0.33436,   7.4846,   52.04,   407.16,   1.879609091,   0.1068,   406.32,   1881.89,   112.65,   329.62,   9.22,   526.61,   -47.47,    -999999,  232.19,   516.87,   3.33,   71.15,   8.61,   0.49,    -999999,  13.25,   98.04,   7.77,   22.73,   20.84,   1.25,   1.02,   4.88,   3.3,   0.42,   2.37,   82.4,    -999999,  2.47,   7.29,   0.58,   1.12,   522.76,   639.37,   50.45,   10.26,   2.77,   224.49,   1280.85,   606.7,   187.09,   89.51,   48.08,   63.16,   51.91,   59.62,   0.21,   0.16,   0.57,    -999999,  21.11,   244.47,         0.96260000  
60747,   51,          1600578.0,         16.000000,  10.58928731,   40.7535612,   265.716393,   7.776624624,   367.48,   246.0639939,   327.5420139,   300,   55.25685981,   7.8192,   120.5538696,   123.9615202,    -999999,  0.39422,    -999999,  120.8,   105.9,   2.36,   -2,   327.5419939,   243.1299939,   253.7099939,   760.9,    -999999,   -999999,   -999999,   -999999,  0.86429,   0.50994,   0.67,   0.51402,   99.206,   41.552,   10.624,   29.734,   0.32926,   7.48994,   53.3,   406.962,   1.88093,   0.1121571429,   406.32,   1881.89,   112.65,   329.62,   9.22,   526.61,   -47.47,    -999999,  232.19,   516.87,   3.33,   71.15,   8.61,   0.49,    -999999,  13.25,   98.04,   7.77,   22.73,   20.84,   1.25,   1.02,   4.88,   3.3,   0.42,   2.37,   82.4,    -999999,  2.47,   7.29,   0.58,   1.12,   522.76,   639.37,   50.45,   10.26,   2.77,   224.49,   1280.85,   606.7,   187.09,   89.51,   48.08,   63.16,   51.91,   59.62,   0.21,   0.16,   0.57,    -999999,  21.11,   244.47,         0.98520000  
60752,   51,          1600579.0,         16.000000,  10.59113305,   40.7520732,   265.7232458,   7.77586872,   367.52,   246.1179939,   327.6037067,   300,   55.24647565,   7.8192,   120.4921368,   123.825708,    -999999,  0.39372,    -999999,  120.76,   105.9,   2.4,   -1.96,   327.6079939,   243.1299939,   253.7499939,   760.8,    -999999,   -999999,   -999999,   -999999,  0.864198,   0.50994,   0.67336,   0.5168,   98.664,   41.452,   10.598,   29.508,   0.3515,   7.4677,   56.02,   406.955,   1.88095,   0.1127954545,   406.32,   1881.89,   112.65,   329.62,   9.22,   526.61,   -47.47,    -999999,  232.19,   516.87,   3.33,   71.15,   8.61,   0.49,    -999999,  13.25,   98.04,   7.77,   22.73,   20.84,   1.25,   1.02,   4.88,   3.3,   0.42,   2.37,   82.4,    -999999,  2.47,   7.29,   0.58,   1.12,   522.76,   639.37,   50.45,   10.26,   2.77,   224.49,   1280.85,   606.7,   187.09,   89.51,   48.08,   63.16,   51.91,   59.62,   0.21,   0.16,   0.57,    -999999,  21.11,   244.47,          1.0058000  
60757,   51,          1600580.0,         16.000000,  10.59297856,   40.750585,   265.730095,   7.775112816,   367.56,   246.1259939,   327.6041684,   300,   55.2361021,   7.81934,   120.4406928,   123.7722063,    -999999,  0.39354,    -999999,  120.72,   106,   2.4,   -1.9,   327.6059939,   243.0499939,   253.7499939,   760.86,    -999999,   -999999,   -999999,   -999999,  0.857592,   0.5061,   0.67386,   0.51726,   97.84,   41.418,   10.582,   29.44,   0.36072,   7.45862,   58.88,   406.894,   1.879922222,   0.1113045455,   406.32,   1881.89,   112.65,   329.62,   9.22,   526.61,   -47.47,    -999999,  232.19,   516.87,   3.33,   71.15,   8.61,   0.49,    -999999,  13.25,   98.04,   7.77,   22.73,   20.84,   1.25,   1.02,   4.88,   3.3,   0.42,   2.37,   82.4,    -999999,  2.47,   7.29,   0.58,   1.12,   522.76,   639.37,   50.45,   10.26,   2.77,   224.49,   1280.85,   606.7,   187.09,   89.51,   48.08,   63.16,   51.91,   59.62,   0.21,   0.16,   0.57,    -999999,  21.11,   244.47,          1.0308000  
60762,   51,          1600581.0,         16.000000,  10.59482375,   40.7490942,   265.7369396,   7.774350816,   367.6,   246.1879939,   327.676505,   300,   55.22573731,   7.8197,   120.3378048,   123.7444265,    -999999,  0.3934,    -999999,  120.68,   106,   2.4,   -1.86,   327.6799939,   242.9499939,   253.8099939,   760.7,    -999999,   -999999,   -999999,   -999999,  0.849442,   0.50132,   0.6777,   0.52052,   96.316,   41.392,   10.46,   29.278,   0.37242,   7.44728,   58.56,   406.88,   1.8809,   0.1091727273,   406.32,   1881.89,   112.65,   329.62,   9.22,   526.61,   -47.47,    -999999,  232.19,   516.87,   3.33,   71.15,   8.61,   0.49,    -999999,  13.25,   98.04,   7.77,   22.73,   20.84,   1.25,   1.02,   4.88,   3.3,   0.42,   2.37,   82.4,    -999999,  2.47,   7.29,   0.58,   1.12,   522.76,   639.37,   50.45,   10.26,   2.77,   224.49,   1280.85,   606.7,   187.09,   89.51,   48.08,   63.16,   51.91,   59.62,   0.21,   0.16,   0.57,    -999999,  21.11,   244.47,         0.92960000  
60767,   51,          1600582.0,         16.000000,  10.59666853,   40.7475994,   265.743778,   7.775484672,   367.54,   246.2239939,   327.7397059,   300,   55.21538056,   7.8202,   120.2966496,   123.6178743,    -999999,  0.39298,    -999999,  120.66,   106.08,   2.4,   -1.84,   327.7439939,   242.7499939,   253.8299939,   760.78,    -999999,   -999999,   -999999,   -999999,  0.833644,   0.49192,   0.6799,   0.52242,   94.166,   41.292,   10.434,   29.026,   0.37188,   7.44832,   54.1,   406.954,   1.88105,   0.1108272727,   406.32,   1881.89,   112.65,   329.62,   9.22,   526.61,   -47.47,    -999999,  232.19,   516.87,   3.33,   71.15,   8.61,   0.49,    -999999,  13.25,   98.04,   7.77,   22.73,   20.84,   1.25,   1.02,   4.88,   3.3,   0.42,   2.37,   82.4,    -999999,  2.47,   7.29,   0.58,   1.12,   522.76,   639.37,   50.45,   10.26,   2.77,   224.49,   1280.85,   606.7,   187.09,   89.51,   48.08,   63.16,   51.91,   59.62,   0.21,   0.16,   0.57,    -999999,  21.11,   244.47,          1.0046000  
60772,   51,          1600583.0,         16.000000,  10.59851305,   40.7460994,   265.7506124,   7.775862624,   367.52,   246.2159939,   327.7341529,   300,   55.20503002,   7.82056,   120.2966496,   123.5139574,    -999999,  0.39266,    -999999,  120.76,   106.1,   2.32,   -1.84,   327.7399939,   242.6099939,   253.8099939,   760.68,    -999999,   -999999,   -999999,   -999999,  0.822688,   0.48546,   0.67942,   0.522,   93.002,   41.218,   10.542,   28.992,   0.36324,   7.45732,   52.66,   407.04,   1.88195,   0.1143052632,   406.32,   1881.89,   112.65,   329.62,   9.22,   526.61,   -47.47,    -999999,  232.19,   516.87,   3.33,   71.15,   8.61,   0.49,    -999999,  13.25,   98.04,   7.77,   22.73,   20.84,   1.25,   1.02,   4.88,   3.3,   0.42,   2.37,   82.4,    -999999,  2.47,   7.29,   0.58,   1.12,   522.76,   639.37,   50.45,   10.26,   2.77,   224.49,   1280.85,   606.7,   187.09,   89.51,   48.08,   63.16,   51.91,   59.62,   0.21,   0.16,   0.57,    -999999,  21.11,   244.47,          1.0070000  
60777,   51,          1600584.0,         16.000000,  10.60035743,   40.7445932,   265.7574448,   7.775862624,   367.52,   246.1679939,   327.6702609,   300,   55.19468415,   7.8207,   120.327516,   123.4357625,    -999999,  0.39246,    -999999,  120.78,   106.2,   2.3,   -1.9,   327.6699939,   242.4499939,   253.7499939,   760.86,    -999999,   -999999,   -999999,   -999999,  0.810276,   0.4782,   0.67644,   0.51946,   92.05,   41.172,   10.622,   28.87,   0.35356,   7.46714,   50.54,   407.108,   1.881233333,   0.1125684211,    -999999,   -999999,   -999999,   -999999,   -999999,   -999999,   -999999,   -999999,   -999999,   -999999,   -999999,   -999999,   -999999,   -999999,   -999999,   -999999,   -999999,   -999999,   -999999,   -999999,   -999999,   -999999,   -999999,   -999999,   -999999,   -999999,   -999999,   -999999,   -999999,   -999999,   -999999,   -999999,   -999999,   -999999,   -999999,   -999999,   -999999,   -999999,   -999999,   -999999,   -999999,   -999999,   -999999,   -999999,   -999999,   -999999,   -999999,   -999999,   -999999,   -999999,   -999999,   -999999,         1.1104000  
60782,   51,          1600585.0,         16.000000,  10.60220187,   40.7430836,   265.764278,   7.775862624,   367.52,   246.1659939,   327.6675987,   300,   55.18434457,   7.8209,   120.3686712,   123.6106721,    -999999,  0.39302,    -999999,  120.74,   106.2,   2.3,   -1.94,   327.6699939,   242.4299939,   253.7699939,   760.8,    -999999,   -999999,   -999999,   -999999,  0.808742,   0.47728,   0.6763,   0.51936,   91.896,   41.294,   10.49,   28.88,   0.3533,   7.4676,   56.54,   406.932,   1.881033333,   0.1105315789,    -999999,   -999999,   -999999,   -999999,   -999999,   -999999,   -999999,   -999999,   -999999,   -999999,   -999999,   -999999,   -999999,   -999999,   -999999,   -999999,   -999999,   -999999,   -999999,   -999999,   -999999,   -999999,   -999999,   -999999,   -999999,   -999999,   -999999,   -999999,   -999999,   -999999,   -999999,   -999999,   -999999,   -999999,   -999999,   -999999,   -999999,   -999999,   -999999,   -999999,   -999999,   -999999,   -999999,   -999999,   -999999,   -999999,   -999999,   -999999,   -999999,   -999999,   -999999,   -999999,         1.0018000  
60787,   51,          1600586.0,         16.000000,  10.60404626,   40.7415696,   265.7711106,   7.777380528,   367.44,   246.1339939,   327.6453828,   300,   55.17401084,   7.8213,   120.3686712,   123.7032713,    -999999,  0.39332,    -999999,  120.72,   106.26,   2.3,   -1.92,   327.6479939,   242.4099939,   253.7499939,   760.88,    -999999,   -999999,   -999999,   -999999,  0.807386,   0.47636,   0.67434,   0.5177,   92.016,   41.354,   10.362,   28.73,   0.35068,   7.47062,   50.76,   406.99,   1.8815,   0.1089,    -999999,   -999999,   -999999,   -999999,   -999999,   -999999,   -999999,   -999999,   -999999,   -999999,   -999999,   -999999,   -999999,   -999999,   -999999,   -999999,   -999999,   -999999,   -999999,   -999999,   -999999,   -999999,   -999999,   -999999,   -999999,   -999999,   -999999,   -999999,   -999999,   -999999,   -999999,   -999999,   -999999,   -999999,   -999999,   -999999,   -999999,   -999999,   -999999,   -999999,   -999999,   -999999,   -999999,   -999999,   -999999,   -999999,   -999999,   -999999,   -999999,   -999999,   -999999,   -999999,        0.97580000  
