inputs/ACTAMERICA_Merge/B200/ACTAMERICA-mrg05-b200_merge_20171014_R0.ict
138, 1001
Shook, Michael
NASA Atmospheric Composition Branch, NASA Langley Research Center (SSAI)
Merged data file for ACT-AMERICA Fall 2017, Flight 07 (20171014), on the b200 platform. Data is merged to 05 seconds.
NASA ACT-AMERICA Fall 2017
1, 1
2017, 10, 14, 2018, 07, 11
05
UTC,s
99
1, 1, 1, 1, 1, 1, 1, 1, 1, 1, 1, 1, 1, 1, 1, 1, 1, 1, 1, 1, 1, 1, 1, 1, 1, 1, 1, 1, 1, 1, 1, 1, 1, 1, 1, 1, 1, 1, 1, 1, 1, 1, 1, 1, 1, 1, 1, 1, 1, 1, 1, 1, 1, 1, 1, 1, 1, 1, 1, 1, 1, 1, 1, 1, 1, 1, 1, 1, 1, 1, 1, 1, 1, 1, 1, 1, 1, 1, 1, 1, 1, 1, 1, 1, 1, 1, 1, 1, 1, 1, 1, 1, 1, 1, 1, 1, 1, 1, 1
-999999, -999999, -999999, -999999, -999999, -999999, -999999, -999999, -999999, -999999, -999999, -999999, -999999, -999999, -999999, -999999, -999999, -999999, -999999, -999999, -999999, -999999, -999999, -999999, -999999, -999999, -999999, -999999, -999999, -999999, -999999, -999999, -999999, -999999, -999999, -999999, -999999, -999999, -999999, -999999, -999999, -999999, -999999, -999999, -999999, -999999, -999999, -999999, -999999, -999999, -999999, -999999, -999999, -999999, -999999, -999999, -999999, -999999, -999999, -999999, -999999, -999999, -999999, -999999, -999999, -999999, -999999, -999999, -999999, -999999, -999999, -999999, -999999, -999999, -999999, -999999, -999999, -999999, -999999, -999999, -999999, -999999, -999999, -999999, -999999, -999999, -999999, -999999, -999999, -999999, -999999, -999999, -999999, -999999, -999999, -999999, -999999, -999999, -999999
JDAY, days
INDEX, none
FLIGHT, none
LOCAL_SUN_TIME, hour
LATITUDE, degs
LONGITUDE, degs
ALTP, km
PRESSURE, hPa
TEMPERATURE, K
THETA, K, calculated from ambient temperature and pressure
O3COLUMN, DU, OMI ozone column data extracted along flight track
SZA, deg
WNS, m/s
WND, Degs
GPS_ALT, km
GRD_SPD, m/s
TAS, m/s
IAS, m/s
MachNumber, mach
VerticalSpeed, ft min-1
HDG, degs
TRK, degs
DifferentialPressure, hPa
PITCH, degs
ROLL, degs
PotentialTemp_Nav, K
Dewpoint, K
TotalAirTemp, K
CabinPressure, hPa
SolarZenithAngle, degs
AircraftSunElevation, degs
SunAzimuth, degs
AircraftSunAzimuth, degs
H2O_MixingRatio_Nav, g kg-1
H2O_VaporPressure_Nav, hPa
H2O_SatVaporPressureWater_Nav, hPa
H2O_SatVaporPressureIce_Nav, hPa
H2O_RelativeHumidity_Nav, %
U_WINDS, m s-1
V_WINDS, m s-1
GroundElevation-AMSL_GoogleMaps, km
Altitude-AGL_GoogleMaps, km
O3_MixingRatio, ppbv
CO2_DryMoleFrac_PICARRO, ppm
CH4_DryMoleFrac_PICARRO, ppm
CO_DryMoleFrac_PICARRO, ppm
CO2_MoleFraction_PFP, ppm
CH4_MoleFraction_PFP, ppb
CO_MoleFraction_PFP, ppb
N2O_MoleFraction_PFP, ppb
SF6_CCGG_MoleFraction_PFP, ppt
H2_MoleFraction_PFP, ppb
CH4C13_MoleFraction_PFP, permil
CO2C14_MoleFraction_PFP, permil
F11B_MoleFraction_PFP, ppt
FC12_MoleFraction_PFP, ppt
F13_MoleFraction_PFP, ppt
F113_MoleFraction_PFP, ppt
F115_MoleFraction_PFP, ppt
HF133a_MoleFraction_PFP, ppt
F23_MoleFraction_PFP, ppt
F32_MoleFraction_PFP, ppt
F134A_MoleFraction_PFP, ppt
F152A_MoleFraction_PFP, ppt
F125_MoleFraction_PFP, ppt
F143a_MoleFraction_PFP, ppt
F227e_MoleFraction_PFP, ppt
F365m_MoleFraction_PFP, ppt
H1211_MoleFraction_PFP, ppt
H1301_MoleFraction_PFP, ppt
H2402_MoleFraction_PFP, ppt
MCFA_MoleFraction_PFP, ppt
CF4_MoleFraction_PFP, ppt
C2F6_MoleFraction_PFP, ppt
SO2F2_MoleFraction_PFP, ppt
MEBR_MoleFraction_PFP, ppt
CH3I_MoleFraction_PFP, ppt
DIBR_MoleFraction_PFP, ppt
OCS_MoleFraction_PFP, ppt
[...]
[from data line 1371]
66722,   287,          701372.00,         7.0000000,  13.02643677,   38.1787158,   277.3778016,   0.5533948868,   948.488,   293.5979939,   298.0680424,   267.7780151,   48.48611104,   4.736770105,   223.2294336,   0.63284,   93.53548081,   89.56400401,    -999999,  0.2608,    -999999,  9.584,   11.2,   45.92,   0.6,   -0.11,   299.1959939,   282.6239939,   297.5919939,   950.078,    -999999,   -999999,   -999999,   -999999,  7.902634,   11.8999,   24.13596,   29.3411,   49.304,   3.23,   3.38,   0.2358,   0.39704,   47.5,    -999999,   -999999,   -999999,   -999999,   -999999,   -999999,   -999999,   -999999,   -999999,   -999999,   -999999,   -999999,   -999999,   -999999,   -999999,   -999999,   -999999,   -999999,   -999999,   -999999,   -999999,   -999999,   -999999,   -999999,   -999999,   -999999,   -999999,   -999999,   -999999,   -999999,   -999999,   -999999,   -999999,   -999999,   -999999,   -999999,   -999999,   -999999,   -999999,   -999999,   -999999,   -999999,   -999999,   -999999,   -999999,   -999999,   -999999,   -999999,   -999999,   -999999,   -999999,   -999999,   -999999,   -999999,   -999999,         4.5222000  
66727,   287,          701373.00,         7.0000000,  13.02789742,   38.1828518,   277.378878,   0.5493105668,   948.952,   293.6459939,   298.0751181,   267.7780151,   48.49603238,   4.801705462,   217.4694928,   0.62856,   93.82356721,   89.52284881,    -999999,  0.2608,    -999999,  10.646,   11.98,   45.9,   1.286,   -0.772,   299.2019939,   282.5059939,   297.6319939,   950.564,    -999999,   -999999,   -999999,   -999999,  7.835412,   11.80574,   24.20762,   29.44154,   48.768,   2.926,   3.794,   0.24118,   0.38738,   47.04,   415.94,   1.9588,    -999999,   -999999,   -999999,   -999999,   -999999,   -999999,   -999999,   -999999,   -999999,   -999999,   -999999,   -999999,   -999999,   -999999,   -999999,   -999999,   -999999,   -999999,   -999999,   -999999,   -999999,   -999999,   -999999,   -999999,   -999999,   -999999,   -999999,   -999999,   -999999,   -999999,   -999999,   -999999,   -999999,   -999999,   -999999,   -999999,   -999999,   -999999,   -999999,   -999999,   -999999,   -999999,   -999999,   -999999,   -999999,   -999999,   -999999,   -999999,   -999999,   -999999,   -999999,   -999999,   -999999,         4.3874000  
66732,   287,          701374.00,         7.0000000,  13.0293626,   38.1869836,   277.3800224,   0.5467502468,   949.244,   293.6919939,   298.0956073,   267.7780151,   48.50597504,   5.147568818,   209.6296806,   0.62674,   93.89558881,   88.98783121,    -999999,  0.2592,    -999999,  11.896,   12.86,   45.34,   2.03,   0.97,   299.2239939,   282.2139939,   297.6319939,   951.148,    -999999,   -999999,   -999999,   -999999,  7.679018,   11.5765,   24.2764,   29.53784,   47.686,   2.528,   4.482,   0.18512,   0.44162,   47.56,   415.855,   1.95985,   0.13325,   416.4,   1960.97,   134.82,   331.18,   9.67,   494.36,   -47.77,   3.57,   234.76,   513.86,   3.39,   70.3,   8.71,   0.62,   31.06,   23.27,   121.55,   23.05,   30.71,   24.13,   1.51,   1.26,    -999999,  3.4,   0.41,   2.24,   84.1,   5.71,   2.53,   7.4,   0.47,   0.96,    -999999,  528,   64.27,   16.26,   8.73,   247.33,   4327.02,   2174.22,   656.96,   223.29,   161.17,   185.12,   54.74,    -999999,  0.22,   0.17,   1.81,   0.63,   56.76,   266.65,          4.5370000  
66737,   287,          701375.00,         7.0000000,  13.03083576,   38.1910664,   277.3812864,   0.5566867269,   948.11,   293.6779939,   298.183218,   267.7780151,   48.51591145,   4.210636568,   208.533704,   0.63826,   92.33169121,   88.24703761,    -999999,  0.257,    -999999,  14.008,   14.66,   44.54,   4.916,   1.736,   299.3079939,   282.3959939,   297.5519939,   950.572,    -999999,   -999999,   -999999,   -999999,  7.784382,   11.71936,   24.25534,   29.50832,   48.316,   2.068,   3.91,   0.22098,   0.41728,   46.98,   416.4,   1.96207,   0.1388578947,   416.4,   1960.97,   134.82,   331.18,   9.67,   494.36,   -47.77,   3.57,   234.76,   513.86,   3.39,   70.3,   8.71,   0.62,   31.06,   23.27,   121.55,   23.05,   30.71,   24.13,   1.51,   1.26,    -999999,  3.4,   0.41,   2.24,   84.1,   5.71,   2.53,   7.4,   0.47,   0.96,    -999999,  528,   64.27,   16.26,   8.73,   247.33,   4327.02,   2174.22,   656.96,   223.29,   161.17,   185.12,   54.74,    -999999,  0.22,   0.17,   1.81,   0.63,   56.76,   266.65,          4.4700000  
66742,   287,          701376.00,         7.0000000,  13.0323173,   38.194998,   277.3826762,   0.5802782472,   945.428,   293.5819939,   298.3271046,   267.7780151,   48.52574783,   4.356547644,   197.9027453,   0.663,   89.38909441,   85.03693201,    -999999,  0.2476,    -999999,  16.324,   16.4,   41.18,   4.9,   0.004,   299.4599939,   282.4579939,   297.1799939,   948.5,    -999999,   -999999,   -999999,   -999999,  7.840002,   11.76852,   24.11184,   29.30734,   48.81,   1.324,   4.406,   0.24596,   0.41704,   48.5,   416.99,   1.96471,   0.1376,   416.4,   1960.97,   134.82,   331.18,   9.67,   494.36,   -47.77,   3.57,   234.76,   513.86,   3.39,   70.3,   8.71,   0.62,   31.06,   23.27,   121.55,   23.05,   30.71,   24.13,   1.51,   1.26,    -999999,  3.4,   0.41,   2.24,   84.1,   5.71,   2.53,   7.4,   0.47,   0.96,    -999999,  528,   64.27,   16.26,   8.73,   247.33,   4327.02,   2174.22,   656.96,   223.29,   161.17,   185.12,   54.74,    -999999,  0.22,   0.17,   1.81,   0.63,   56.76,   266.65,          4.7080000  
66747,   287,          701377.00,         7.0000000,  13.03380168,   38.198828,   277.3841086,   0.5936284873,   943.918,   293.5159939,   298.3962832,   267.7780151,   48.53550768,   3.864753149,   204.0050525,   0.67774,   87.95895121,   84.13151761,    -999999,  0.2452,    -999999,  15.784,   16.14,   40.26,   4.31,   -3.498,   299.5279939,   282.5819939,   297.0379939,   946.5,    -999999,   -999999,   -999999,   -999999,  7.918494,   11.86602,   24.0137,   29.16992,   49.414,   1.622,   3.644,   0.2129,   0.46484,   48.2,   417.105,   1.96495,   0.1376578947,    -999999,   -999999,   -999999,   -999999,   -999999,   -999999,   -999999,   -999999,   -999999,   -999999,   -999999,   -999999,   -999999,   -999999,   -999999,   -999999,   -999999,   -999999,   -999999,   -999999,   -999999,   -999999,   -999999,   -999999,   -999999,   -999999,   -999999,   -999999,   -999999,   -999999,   -999999,   -999999,   -999999,   -999999,   -999999,   -999999,   -999999,   -999999,   -999999,   -999999,   -999999,   -999999,   -999999,   -999999,   -999999,   -999999,   -999999,   -999999,   -999999,   -999999,   -999999,   -999999,         4.7614000  
66752,   287,          701378.00,         7.0000000,  13.03528052,   38.2026148,   277.3854578,   0.6056985675,   942.54,   293.5239939,   298.5289996,   267.7780151,   48.54521077,   4.130665977,   201.387548,   0.68822,   87.01238161,   82.90715041,    -999999,  0.2414,    -999999,  15.046,   15.34,   39,   2.674,   -3.23,   299.6599939,   282.8219939,   296.9439939,   945.07,    -999999,   -999999,   -999999,   -999999,  8.062112,   12.0608,   24.02548,   29.18646,   50.204,   1.46,   3.886,   0.22268,   0.46554,   48.8,   417.925,   1.968355556,   0.1387,    -999999,   -999999,   -999999,   -999999,   -999999,   -999999,   -999999,   -999999,   -999999,   -999999,   -999999,   -999999,   -999999,   -999999,   -999999,   -999999,   -999999,   -999999,   -999999,   -999999,   -999999,   -999999,   -999999,   -999999,   -999999,   -999999,   -999999,   -999999,   -999999,   -999999,   -999999,   -999999,   -999999,   -999999,   -999999,   -999999,   -999999,   -999999,   -999999,   -999999,   -999999,   -999999,   -999999,   -999999,   -999999,   -999999,   -999999,   -999999,   -999999,   -999999,   -999999,   -999999,         4.8504000  
66757,   287,          701379.00,         7.0000000,  13.03675509,   38.2064096,   277.386743,   0.6050889675,   942.618,   293.4279939,   298.4243068,   267.7780151,   48.55491025,   4.94873128,   210.0019054,   0.68684,   87.50624401,   82.75281841,    -999999,  0.241,    -999999,  13.786,   14.7,   38.88,   1.914,   -2.174,   299.5499939,   283.3039939,   296.8359939,   944.846,    -999999,   -999999,   -999999,   -999999,  8.32866,   12.45538,   23.88342,   28.9878,   52.15,   2.496,   4.21,   0.18388,   0.50296,   48.08,   417.984,   1.9696,   0.13705,    -999999,   -999999,   -999999,   -999999,   -999999,   -999999,   -999999,   -999999,   -999999,   -999999,   -999999,   -999999,   -999999,   -999999,   -999999,   -999999,   -999999,   -999999,   -999999,   -999999,   -999999,   -999999,   -999999,   -999999,   -999999,   -999999,   -999999,   -999999,   -999999,   -999999,   -999999,   -999999,   -999999,   -999999,   -999999,   -999999,   -999999,   -999999,   -999999,   -999999,   -999999,   -999999,   -999999,   -999999,   -999999,   -999999,   -999999,   -999999,   -999999,   -999999,   -999999,   -999999,         5.0244000  
66762,   287,          701380.00,         7.0000000,  13.03822823,   38.2102422,   277.3880068,   0.5967374474,   943.56,   293.3839939,   298.2944169,   267.7780151,   48.56464578,   4.652034884,   200.8575619,   0.6784,   88.42194721,   83.80227601,    -999999,  0.2438,    -999999,  14.102,   14.46,   39.94,   1.198,   -2.39,   299.4239939,   283.2919939,   296.8799939,   945.508,    -999999,   -999999,   -999999,   -999999,  8.313896,   12.44602,   23.81854,   28.8971,   52.254,   1.61,   4.24,   0.1939,   0.4845,   47.68,   418.905,   1.97114,   0.14165,    -999999,   -999999,   -999999,   -999999,   -999999,   -999999,   -999999,   -999999,   -999999,   -999999,   -999999,   -999999,   -999999,   -999999,   -999999,   -999999,   -999999,   -999999,   -999999,   -999999,   -999999,   -999999,   -999999,   -999999,   -999999,   -999999,   -999999,   -999999,   -999999,   -999999,   -999999,   -999999,   -999999,   -999999,   -999999,   -999999,   -999999,   -999999,   -999999,   -999999,   -999999,   -999999,   -999999,   -999999,   -999999,   -999999,   -999999,   -999999,   -999999,   -999999,   -999999,   -999999,         5.1916000  
66767,   287,          701381.00,         7.0000000,  13.03970087,   38.214131,   277.389263,   0.5884468873,   944.498,   293.3919939,   298.2178778,   267.7780151,   48.57443837,   5.109662691,   206.6182768,   0.66956,   89.79035761,   84.81057841,    -999999,  0.2472,    -999999,  13.454,   14.2,   40.96,   0.834,   -2.04,   299.3439939,   283.6699939,   296.9699939,   946.424,    -999999,   -999999,   -999999,   -999999,  8.520228,   12.76342,   23.83046,   28.91378,   53.558,   2.242,   4.442,   0.17914,   0.49042,   44.76,   419.04,   1.973045455,   0.1438421053,    -999999,   -999999,   -999999,   -999999,   -999999,   -999999,   -999999,   -999999,   -999999,   -999999,   -999999,   -999999,   -999999,   -999999,   -999999,   -999999,   -999999,   -999999,   -999999,   -999999,   -999999,   -999999,   -999999,   -999999,   -999999,   -999999,   -999999,   -999999,   -999999,   -999999,   -999999,   -999999,   -999999,   -999999,   -999999,   -999999,   -999999,   -999999,   -999999,   -999999,   -999999,   -999999,   -999999,   -999999,   -999999,   -999999,   -999999,   -999999,   -999999,   -999999,   -999999,   -999999,         5.3906000  
66772,   287,          701382.00,         7.0000000,  13.04117285,   38.218077,   277.3905094,   0.5809488072,   945.354,   293.3959939,   298.144766,   267.7780151,   48.58428829,   5.322699051,   208.8521721,   0.66198,   90.67519441,   85.55137201,    -999999,  0.2492,    -999999,  12.8,   13.74,   41.74,   1.676,   -2.574,   299.2719939,   283.6459939,   297.0359939,   947.244,    -999999,   -999999,   -999999,   -999999,  8.498638,   12.74306,   23.83634,   28.92198,   53.46,   2.594,   4.578,   0.18724,   0.47474,   46.2,   419.09,   1.97348,   0.1418,    -999999,   -999999,   -999999,   -999999,   -999999,   -999999,   -999999,   -999999,   -999999,   -999999,   -999999,   -999999,   -999999,   -999999,   -999999,   -999999,   -999999,   -999999,   -999999,   -999999,   -999999,   -999999,   -999999,   -999999,   -999999,   -999999,   -999999,   -999999,   -999999,   -999999,   -999999,   -999999,   -999999,   -999999,   -999999,   -999999,   -999999,   -999999,   -999999,   -999999,   -999999,   -999999,   -999999,   -999999,   -999999,   -999999,   -999999,   -999999,   -999999,   -999999,   -999999,   -999999,         5.5082000  
66777,   287,          701383.00,         7.0000000,  13.04264279,   38.222053,   277.3917252,   0.5779617671,   945.694,   293.4419939,   298.160876,   267.7780151,   48.59416427,   4.566913055,   201.7727982,   0.65994,   90.80894881,   86.29216561,    -999999,  0.2512,    -999999,  12.898,   13.34,   42.48,   2.414,   -2.728,   299.2859939,   283.6439939,   297.1459939,   947.644,    -999999,   -999999,   -999999,   -999999,  8.494404,   12.74136,   23.90428,   29.01698,   53.302,   1.664,   4.26,   0.1809,   0.47904,   47.3,   419.1428571,   1.97347,   0.1393,    -999999,   -999999,   -999999,   -999999,   -999999,   -999999,   -999999,   -999999,   -999999,   -999999,   -999999,   -999999,   -999999,   -999999,   -999999,   -999999,   -999999,   -999999,   -999999,   -999999,   -999999,   -999999,   -999999,   -999999,   -999999,   -999999,   -999999,   -999999,   -999999,   -999999,   -999999,   -999999,   -999999,   -999999,   -999999,   -999999,   -999999,   -999999,   -999999,   -999999,   -999999,   -999999,   -999999,   -999999,   -999999,   -999999,   -999999,   -999999,   -999999,   -999999,   -999999,   -999999,         5.4106000  
66782,   287,          701384.00,         7.0000000,  13.04410985,   38.2260302,   277.3928978,   0.5835700872,   945.052,   293.3859939,   298.1618215,   267.7780151,   48.60403582,   4.278768539,   213.8809869,   0.66442,   90.56201761,   86.58025201,    -999999,  0.2522,    -999999,  11.972,   12.98,   42.74,   1.856,   -1.918,   299.2899939,   283.6179939,   297.1159939,   947.184,    -999999,   -999999,   -999999,   -999999,  8.48534,   12.71932,   23.82164,   28.90142,   53.396,   2.366,   3.564,   0.1702,   0.49422,   46.82,   419.555,   1.97366,   0.1428,    -999999,   -999999,   -999999,   -999999,   -999999,   -999999,   -999999,   -999999,   -999999,   -999999,   -999999,   -999999,   -999999,   -999999,   -999999,   -999999,   -999999,   -999999,   -999999,   -999999,   -999999,   -999999,   -999999,   -999999,   -999999,   -999999,   -999999,   -999999,   -999999,   -999999,   -999999,   -999999,   -999999,   -999999,   -999999,   -999999,   -999999,   -999999,   -999999,   -999999,   -999999,   -999999,   -999999,   -999999,   -999999,   -999999,   -999999,   -999999,   -999999,   -999999,   -999999,   -999999,         5.4808000  
