inputs/ACTAMERICA_Merge/B200/ACTAMERICA-mrg05-b200_merge_20170201_R0.ict
136, 1001
Shook, Michael
NASA Atmospheric Composition Branch, NASA Langley Research Center (SSAI)
Merged data file for ACT-AMERICA 2017, Flight 04 (20170201), on the b200 platform. Data is merged to 05 seconds.
NASA ACT-AMERICA 2017
1, 1
2017, 02, 01, 2018, 02, 22
05
UTC,s
97
1, 1, 1, 1, 1, 1, 1, 1, 1, 1, 1, 1, 1, 1, 1, 1, 1, 1, 1, 1, 1, 1, 1, 1, 1, 1, 1, 1, 1, 1, 1, 1, 1, 1, 1, 1, 1, 1, 1, 1, 1, 1, 1, 1, 1, 1, 1, 1, 1, 1, 1, 1, 1, 1, 1, 1, 1, 1, 1, 1, 1, 1, 1, 1, 1, 1, 1, 1, 1, 1, 1, 1, 1, 1, 1, 1, 1, 1, 1, 1, 1, 1, 1, 1, 1, 1, 1, 1, 1, 1, 1, 1, 1, 1, 1, 1, 1
-999999, -999999, -999999, -999999, -999999, -999999, -999999, -999999, -999999, -999999, -999999, -999999, -999999, -999999, -999999, -999999, -999999, -999999, -999999, -999999, -999999, -999999, -999999, -999999, -999999, -999999, -999999, -999999, -999999, -999999, -999999, -999999, -999999, -999999, -999999, -999999, -999999, -999999, -999999, -999999, -999999, -999999, -999999, -999999, -999999, -999999, -999999, -999999, -999999, -999999, -999999, -999999, -999999, -999999, -999999, -999999, -999999, -999999, -999999, -999999, -999999, -999999, -999999, -999999, -999999, -999999, -999999, -999999, -999999, -999999, -999999, -999999, -999999, -999999, -999999, -999999, -999999, -999999, -999999, -999999, -999999, -999999, -999999, -999999, -999999, -999999, -999999, -999999, -999999, -999999, -999999, -999999, -999999, -999999, -999999, -999999, -999999
JDAY, days
INDEX, none
FLIGHT, none
LOCAL_SUN_TIME, hour
LATITUDE, degs
LONGITUDE, degs
ALTP, km
PRESSURE, hPa
TEMPERATURE, K
THETA, K
O3COLUMN, DU
SZA, deg
GPS_ALT, km
GRD_SPD, m/s
TAS, m/s
IAS, m/s
MachNumber, mach
VerticalSpeed, ft min-1
HDG, degs
TRK, degs
PITCH, degs
ROLL, degs
PotentialTemp, K
Dewpoint, K
TotalAirTemp, K
CabinPressure, hPa
SolarZenithAngle, degs
AircraftSunElevation, degs
SunAzimuth, degs
AircraftSunAzimuth, degs
H2O_MixingRatio, g kg-1
H2O_VaporPressure, hPa
H2O_SatVaporPressureWater, hPa
H2O_SatVaporPressureIce, hPa
H2O_RelativeHumidity, %
DifferentialPressure, hPa
U_WINDS, m s-1
V_WINDS, m s-1
Ground_Elevation, km
Altitude_AGL, km
O3_MixingRatio, ppbv
CO2_MixingRatio_PICARRO, ppmv
CH4_MixingRatio_PICARRO, ppmv
CO_MixingRatio_PICARRO, ppmv
CO2_MoleFraction_PFP, ppm
CH4_MoleFraction_PFP, ppb
CO_MoleFraction_PFP, ppb
N2O_MoleFraction_PFP, ppb
SF6_MoleFraction_PFP, ppt
H2_MoleFraction_PFP, ppb
CH4C13_PFP, per mil
CO2C14_PFP, per mil
F11B_MoleFraction_PFP, ppt
FC12_MoleFraction_PFP, ppt
F13_MoleFraction_PFP, ppt
F113_MoleFraction_PFP, ppt
F115_MoleFraction_PFP, ppt
HF133a_MoleFraction_PFP, ppt
F23_MoleFraction_PFP, ppt
F32_MoleFraction_PFP, ppt
F134A_MoleFraction_PFP, ppt
F152A_MoleFraction_PFP, ppt
F125_MoleFraction_PFP, ppt
F143a_MoleFraction_PFP, ppt
F227e_MoleFraction_PFP, ppt
F365m_MoleFraction_PFP, ppt
H1211_MoleFraction_PFP, ppt
H1301_MoleFraction_PFP, ppt
H2402_MoleFraction_PFP, ppt
MCFA_MoleFraction_PFP, ppt
CF4_MoleFraction_PFP, ppt
C2F6_MoleFraction_PFP, ppt
SO2F2_MoleFraction_PFP, ppt
MEBR_MoleFraction_PFP, ppt
CH3I_MoleFraction_PFP, ppt
DIBR_MoleFraction_PFP, ppt
OCS_MoleFraction_PFP, ppt
MECL_MoleFraction_PFP, ppt
DICL_MoleFraction_PFP, ppt
CLHF_MoleFraction_PFP, ppt
PCE_MoleFraction_PFP, ppt
C2H2_MoleFraction_PFP, ppt
C2H6_MoleFraction_PFP, ppt
C3H8_MoleFraction_PFP, ppt
nC4H10_MoleFraction_PFP, ppt
[...]
[from data line 2174]
73252,   32,          402175.00,         4.0000000,  14.04628144,   35.3530684,   265.4671382,   0.5441472547,   949.54,   288.2199939,   292.5155019,   307,   59.99070002,   0.472,   100.8096624,   98.73029593,    -999999,  0.2901,    -999999,  180.86,   181.84,   0.12,   -1.3,   292.5159939,   278.1099939,   293.0699939,   974.58,    -999999,   -999999,   -999999,   -999999,  5.774712,   8.73484,   17.19734,   19.87332,   50.794,   57.128,   -1.942,   -3.194,   0.1256,   0.3464,    -999999,  417.68,   2.09,   0.1886894737,    -999999,   -999999,   -999999,   -999999,   -999999,   -999999,   -999999,   -999999,   -999999,   -999999,   -999999,   -999999,   -999999,   -999999,   -999999,   -999999,   -999999,   -999999,   -999999,   -999999,   -999999,   -999999,   -999999,   -999999,   -999999,   -999999,   -999999,   -999999,   -999999,   -999999,   -999999,   -999999,   -999999,   -999999,   -999999,   -999999,   -999999,   -999999,   -999999,   -999999,   -999999,   -999999,   -999999,   -999999,   -999999,   -999999,   -999999,   -999999,   -999999,   -999999,   -999999,   -999999,         8.8124000  
73257,   32,          402176.00,         4.0000000,  14.0476564,   35.3485228,   265.4669294,   0.5455554307,   949.38,   288.2939939,   292.6046927,   307,   59.99642518,   0.47346,   100.9434168,   99.37128817,    -999999,  0.29194,    -999999,  181.64,   182.32,   -0.08,   -0.36,   292.6059939,   278.1899939,   293.2099939,   974.5,    -999999,   -999999,   -999999,   -999999,  5.808304,   8.78368,   17.27924,   19.98188,   50.834,   57.86,   -2.056,   -2.682,   0.12626,   0.3472,    -999999,  417.774,   2.089388889,   0.1982631579,    -999999,   -999999,   -999999,   -999999,   -999999,   -999999,   -999999,   -999999,   -999999,   -999999,   -999999,   -999999,   -999999,   -999999,   -999999,   -999999,   -999999,   -999999,   -999999,   -999999,   -999999,   -999999,   -999999,   -999999,   -999999,   -999999,   -999999,   -999999,   -999999,   -999999,   -999999,   -999999,   -999999,   -999999,   -999999,   -999999,   -999999,   -999999,   -999999,   -999999,   -999999,   -999999,   -999999,   -999999,   -999999,   -999999,   -999999,   -999999,   -999999,   -999999,   -999999,   -999999,         8.8756000  
73262,   32,          402177.00,         4.0000000,  14.04902636,   35.3439776,   265.4666454,   0.5429219587,   949.68,   288.1459939,   292.428081,   307,   60.00212276,   0.46926,   100.9537056,   100.6687059,    -999999,  0.29584,    -999999,  181.9,   183.24,   0.56,   -0.66,   292.4279939,   278.2699939,   293.1899939,   974.6,    -999999,   -999999,   -999999,   -999999,  5.839266,   8.83284,   17.11556,   19.76492,   51.61,   59.466,   -2.478,   -1.122,   0.12622,   0.34304,    -999999,  418.452,   2.101955556,   0.2019842105,    -999999,   -999999,   -999999,   -999999,   -999999,   -999999,   -999999,   -999999,   -999999,   -999999,   -999999,   -999999,   -999999,   -999999,   -999999,   -999999,   -999999,   -999999,   -999999,   -999999,   -999999,   -999999,   -999999,   -999999,   -999999,   -999999,   -999999,   -999999,   -999999,   -999999,   -999999,   -999999,   -999999,   -999999,   -999999,   -999999,   -999999,   -999999,   -999999,   -999999,   -999999,   -999999,   -999999,   -999999,   -999999,   -999999,   -999999,   -999999,   -999999,   -999999,   -999999,   -999999,         8.9276000  
73267,   32,          402178.00,         4.0000000,  14.05039066,   35.3394582,   265.4662766,   0.5406359587,   949.94,   288.2259939,   292.4863932,   307,   60.00780925,   0.46728,   100.3260888,   99.04513321,    -999999,  0.291,    -999999,  183.34,   184.08,   0.94,   -0.34,   292.4879939,   278.2499939,   293.1099939,   974.64,    -999999,   -999999,   -999999,   -999999,  5.82938,   8.82046,   17.20376,   19.88178,   51.27,   57.526,   -1.916,   -2.066,   0.12636,   0.34092,   58.1,   418.548,   2.1055,   0.20245,    -999999,   -999999,   -999999,   -999999,   -999999,   -999999,   -999999,   -999999,   -999999,   -999999,   -999999,   -999999,   -999999,   -999999,   -999999,   -999999,   -999999,   -999999,   -999999,   -999999,   -999999,   -999999,   -999999,   -999999,   -999999,   -999999,   -999999,   -999999,   -999999,   -999999,   -999999,   -999999,   -999999,   -999999,   -999999,   -999999,   -999999,   -999999,   -999999,   -999999,   -999999,   -999999,   -999999,   -999999,   -999999,   -999999,   -999999,   -999999,   -999999,   -999999,   -999999,   -999999,         8.9276000  
73272,   32,          402179.00,         4.0000000,  14.05175042,   35.3349638,   265.4658396,   0.5416905667,   949.82,   288.3239939,   292.5964028,   307,   60.01349155,   0.46964,   99.95569201,   97.85369017,    -999999,  0.28746,    -999999,  183.66,   184.66,   0.56,   -0.8,   292.5959939,   278.3099939,   293.0899939,   974.6,    -999999,   -999999,   -999999,   -999999,  5.8548,   8.85744,   17.3126,   20.02612,   51.164,   56.092,   -1.854,   -3.048,   0.12684,   0.3428,   57.38,   418.548,   2.103990909,   0.2004052632,    -999999,   -999999,   -999999,   -999999,   -999999,   -999999,   -999999,   -999999,   -999999,   -999999,   -999999,   -999999,   -999999,   -999999,   -999999,   -999999,   -999999,   -999999,   -999999,   -999999,   -999999,   -999999,   -999999,   -999999,   -999999,   -999999,   -999999,   -999999,   -999999,   -999999,   -999999,   -999999,   -999999,   -999999,   -999999,   -999999,   -999999,   -999999,   -999999,   -999999,   -999999,   -999999,   -999999,   -999999,   -999999,   -999999,   -999999,   -999999,   -999999,   -999999,   -999999,   -999999,         8.8782000  
73277,   32,          402180.00,         4.0000000,  14.05310573,   35.3304846,   265.465336,   0.5411663107,   949.88,   288.3059939,   292.5728557,   307,   60.01916224,   0.46768,   99.70876081,   98.45146945,    -999999,  0.28924,    -999999,  185.5,   185.58,   0.98,   -1.06,   292.5739939,   278.3699939,   293.1299939,   974.4,    -999999,   -999999,   -999999,   -999999,  5.87916,   8.8945,   17.2925,   19.99944,   51.434,   56.8,   -1.246,   -2.076,   0.12664,   0.34104,   58.1,   418.805,   2.107066667,   0.2103473684,    -999999,   -999999,   -999999,   -999999,   -999999,   -999999,   -999999,   -999999,   -999999,   -999999,   -999999,   -999999,   -999999,   -999999,   -999999,   -999999,   -999999,   -999999,   -999999,   -999999,   -999999,   -999999,   -999999,   -999999,   -999999,   -999999,   -999999,   -999999,   -999999,   -999999,   -999999,   -999999,   -999999,   -999999,   -999999,   -999999,   -999999,   -999999,   -999999,   -999999,   -999999,   -999999,   -999999,   -999999,   -999999,   -999999,   -999999,   -999999,   -999999,   -999999,   -999999,   -999999,         9.1550000  
73282,   32,          402181.00,         4.0000000,  14.05445654,   35.3260356,   265.4647648,   0.5402884867,   949.98,   288.3699939,   292.6290013,   307,   60.02483315,   0.46794,   99.06056641,   97.79298625,    -999999,  0.28728,    -999999,  185.44,   186.16,   1.26,   0.98,   292.6319939,   278.2499939,   293.1299939,   974.7,    -999999,   -999999,   -999999,   -999999,  5.829134,   8.82046,   17.3638,   20.0941,   50.796,   56.022,   -1.8,   -1.998,   0.1269,   0.34104,   58.74,   418.98,   2.109963636,   0.2074,    -999999,   -999999,   -999999,   -999999,   -999999,   -999999,   -999999,   -999999,   -999999,   -999999,   -999999,   -999999,   -999999,   -999999,   -999999,   -999999,   -999999,   -999999,   -999999,   -999999,   -999999,   -999999,   -999999,   -999999,   -999999,   -999999,   -999999,   -999999,   -999999,   -999999,   -999999,   -999999,   -999999,   -999999,   -999999,   -999999,   -999999,   -999999,   -999999,   -999999,   -999999,   -999999,   -999999,   -999999,   -999999,   -999999,   -999999,   -999999,   -999999,   -999999,   -999999,   -999999,         9.1828000  
73287,   32,          402182.00,         4.0000000,  14.05580092,   35.3216216,   265.4640972,   0.5429280547,   949.68,   288.3839939,   292.6696178,   307,   60.03049489,   0.4705,   98.55641521,   97.02852841,    -999999,  0.28504,    -999999,  186.8,   187.38,   1.04,   -1.7,   292.6719939,   278.3099939,   293.0699939,   974.52,    -999999,   -999999,   -999999,   -999999,  5.855668,   8.85742,   17.37936,   20.11476,   50.964,   55.11,   -1.446,   -2.344,   0.1275,   0.343,   57.94,   419.05,   2.110533333,   0.2079545455,    -999999,   -999999,   -999999,   -999999,   -999999,   -999999,   -999999,   -999999,   -999999,   -999999,   -999999,   -999999,   -999999,   -999999,   -999999,   -999999,   -999999,   -999999,   -999999,   -999999,   -999999,   -999999,   -999999,   -999999,   -999999,   -999999,   -999999,   -999999,   -999999,   -999999,   -999999,   -999999,   -999999,   -999999,   -999999,   -999999,   -999999,   -999999,   -999999,   -999999,   -999999,   -999999,   -999999,   -999999,   -999999,   -999999,   -999999,   -999999,   -999999,   -999999,   -999999,   -999999,         9.1046000  
73292,   32,          402183.00,         4.0000000,  14.05714176,   35.3172272,   265.4633764,   0.5439643747,   949.56,   288.5099939,   292.8080618,   307,   60.03615461,   0.47158,   98.31977281,   95.69612881,    -999999,  0.28104,    -999999,  187.44,   187.8,   0.84,   -0.08,   292.8099939,   278.3099939,   293.0699939,   974.64,    -999999,   -999999,   -999999,   -999999,  5.856412,   8.85742,   17.52076,   20.30262,   50.556,   53.546,   -1.556,   -3.566,   0.12528,   0.3463,   57.26,   418.905,   2.1105,   0.2027142857,    -999999,   -999999,   -999999,   -999999,   -999999,   -999999,   -999999,   -999999,   -999999,   -999999,   -999999,   -999999,   -999999,   -999999,   -999999,   -999999,   -999999,   -999999,   -999999,   -999999,   -999999,   -999999,   -999999,   -999999,   -999999,   -999999,   -999999,   -999999,   -999999,   -999999,   -999999,   -999999,   -999999,   -999999,   -999999,   -999999,   -999999,   -999999,   -999999,   -999999,   -999999,   -999999,   -999999,   -999999,   -999999,   -999999,   -999999,   -999999,   -999999,   -999999,   -999999,   -999999,         9.0570000  
73297,   32,          402184.00,         4.0000000,  14.05847754,   35.3128398,   265.4625798,   0.5437997827,   949.58,   288.4139939,   292.7088702,   307,   60.04179141,   0.47062,   98.48439361,   95.85869185,    -999999,  0.28156,    -999999,  188.66,   188.7,   1.02,   -1.06,   292.7139939,   278.2699939,   292.9899939,   974.44,    -999999,   -999999,   -999999,   -999999,  5.839832,   8.83274,   17.41306,   20.15952,   50.726,   53.752,   -1.034,   -3.51,   0.12248,   0.34814,   57.92,   418.9,   2.10865,   0.2,    -999999,   -999999,   -999999,   -999999,   -999999,   -999999,   -999999,   -999999,   -999999,   -999999,   -999999,   -999999,   -999999,   -999999,   -999999,   -999999,   -999999,   -999999,   -999999,   -999999,   -999999,   -999999,   -999999,   -999999,   -999999,   -999999,   -999999,   -999999,   -999999,   -999999,   -999999,   -999999,   -999999,   -999999,   -999999,   -999999,   -999999,   -999999,   -999999,   -999999,   -999999,   -999999,   -999999,   -999999,   -999999,   -999999,   -999999,   -999999,   -999999,   -999999,   -999999,   -999999,         9.1090000  
73302,   32,          402185.00,         4.0000000,  14.05980936,   35.3084656,   265.4617238,   0.5409895267,   949.9,   288.4359939,   292.7030189,   307,   60.04741793,   0.46824,   98.17572961,   96.47807761,    -999999,  0.28338,    -999999,  188.9,   189.24,   1.4,   -0.7,   292.7059939,   278.2899939,   293.0699939,   974.54,    -999999,   -999999,   -999999,   -999999,  5.846082,   8.84512,   17.43762,   20.19212,   50.726,   54.478,   -1.052,   -2.49,   0.1271,   0.34114,   60.24,   418.75,   2.11095,   0.2090736842,    -999999,   -999999,   -999999,   -999999,   -999999,   -999999,   -999999,   -999999,   -999999,   -999999,   -999999,   -999999,   -999999,   -999999,   -999999,   -999999,   -999999,   -999999,   -999999,   -999999,   -999999,   -999999,   -999999,   -999999,   -999999,   -999999,   -999999,   -999999,   -999999,   -999999,   -999999,   -999999,   -999999,   -999999,   -999999,   -999999,   -999999,   -999999,   -999999,   -999999,   -999999,   -999999,   -999999,   -999999,   -999999,   -999999,   -999999,   -999999,   -999999,   -999999,   -999999,   -999999,         9.1132000  
73307,   32,          402186.00,         4.0000000,  14.06113716,   35.3041226,   265.4608074,   0.5422209187,   949.76,   288.4759939,   292.7559391,   307,   60.05304846,   0.47014,   97.64071201,   96.30008137,    -999999,  0.28284,    -999999,  189.66,   190.08,   1.44,   -0.52,   292.7519939,   278.3299939,   293.0899939,   974.4,    -999999,   -999999,   -999999,   -999999,  5.863402,   8.86976,   17.48252,   20.25178,   50.736,   54.258,   -1.866,   -1.962,   0.12072,   0.34942,   58.5,   418.605,   2.1103,   0.21475,   418.25,   2104.76,   202.34,   331.08,   9.38,   495.99,   -47.58,    -999999,  238.96,   517.14,   3.51,   71.5,   8.84,   0.52,   31.51,   43.68,   116.16,   30.47,   38.73,   23.36,   1.36,   1.16,   5.24,   3.26,   0.44,   2.49,   86.96,   4.69,   2.5,   8.04,   0.73,   1.14,   531.16,   583.38,   78.13,   16.38,   8.5,   578.98,   8821.63,   4044.5,   1430.12,   599.27,   310.2,   363.25,   186.59,   164.93,   0.23,   0.17,   1.51,   0.58,   116.78,   279.02,          9.1246000  
73312,   32,          402187.00,         4.0000000,  14.06245974,   35.2998112,   265.4598128,   0.5422270147,   949.76,   288.4839939,   292.7640578,   307,   60.05867505,   0.46982,   97.31147041,   94.72486609,    -999999,  0.2782,    -999999,  190.28,   190.98,   1.36,   0.1,   292.7659939,   278.3099939,   292.9499939,   974.46,    -999999,   -999999,   -999999,   -999999,  5.855172,   8.85742,   17.4915,   20.2637,   50.64,   52.462,   -1.826,   -3.29,   0.12836,   0.34146,   58.3,   418.63,   2.1089,   0.20185,   418.25,   2104.76,   202.34,   331.08,   9.38,   495.99,   -47.58,    -999999,  238.96,   517.14,   3.51,   71.5,   8.84,   0.52,   31.51,   43.68,   116.16,   30.47,   38.73,   23.36,   1.36,   1.16,   5.24,   3.26,   0.44,   2.49,   86.96,   4.69,   2.5,   8.04,   0.73,   1.14,   531.16,   583.38,   78.13,   16.38,   8.5,   578.98,   8821.63,   4044.5,   1430.12,   599.27,   310.2,   363.25,   186.59,   164.93,   0.23,   0.17,   1.51,   0.58,   116.78,   279.02,          9.0938000  
73317,   32,          402188.00,         4.0000000,  14.06377724,   35.2955194,   265.458742,   0.5422270147,   949.76,   288.4439939,   292.7234644,   307,   60.06428864,   0.47,   97.16742721,   94.52320561,    -999999,  0.27766,    -999999,  191.7,   191.74,   1.44,   -1.64,   292.7239939,   278.3299939,   292.8899939,   974.52,    -999999,   -999999,   -999999,   -999999,  5.8634,   8.86976,   17.44656,   20.204,   50.84,   52.242,   -1.208,   -3.454,   0.12508,   0.34492,   59.92,   418.4771429,   2.106411111,   0.1985421053,   418.25,   2104.76,   202.34,   331.08,   9.38,   495.99,   -47.58,    -999999,  238.96,   517.14,   3.51,   71.5,   8.84,   0.52,   31.51,   43.68,   116.16,   30.47,   38.73,   23.36,   1.36,   1.16,   5.24,   3.26,   0.44,   2.49,   86.96,   4.69,   2.5,   8.04,   0.73,   1.14,   531.16,   583.38,   78.13,   16.38,   8.5,   578.98,   8821.63,   4044.5,   1430.12,   599.27,   310.2,   363.25,   186.59,   164.93,   0.23,   0.17,   1.51,   0.58,   116.78,   279.02,          8.9014000  
