inputs/ACTAMERICA_Merge/B200/ACTAMERICA-mrg05-b200_merge_20180518_R0.ict
141, 1001
Shook, Michael
NASA Chemistry and Dynamics Branch, NASA Langley Research Center
Merged data file for ACT-AMERICA 2018, Flight 25 (20180518), on the b200 platform. Data is merged to 05 seconds.
NASA ACT-AMERICA 2018
1, 1
2018, 05, 18, 2018, 10, 15
05
UTC,s
102
1, 1, 1, 1, 1, 1, 1, 1, 1, 1, 1, 1, 1, 1, 1, 1, 1, 1, 1, 1, 1, 1, 1, 1, 1, 1, 1, 1, 1, 1, 1, 1, 1, 1, 1, 1, 1, 1, 1, 1, 1, 1, 1, 1, 1, 1, 1, 1, 1, 1, 1, 1, 1, 1, 1, 1, 1, 1, 1, 1, 1, 1, 1, 1, 1, 1, 1, 1, 1, 1, 1, 1, 1, 1, 1, 1, 1, 1, 1, 1, 1, 1, 1, 1, 1, 1, 1, 1, 1, 1, 1, 1, 1, 1, 1, 1, 1, 1, 1, 1, 1, 1
-999999, -999999, -999999, -999999, -999999, -999999, -999999, -999999, -999999, -999999, -999999, -999999, -999999, -999999, -999999, -999999, -999999, -999999, -999999, -999999, -999999, -999999, -999999, -999999, -999999, -999999, -999999, -999999, -999999, -999999, -999999, -999999, -999999, -999999, -999999, -999999, -999999, -999999, -999999, -999999, -999999, -999999, -999999, -999999, -999999, -999999, -999999, -999999, -999999, -999999, -999999, -999999, -999999, -999999, -999999, -999999, -999999, -999999, -999999, -999999, -999999, -999999, -999999, -999999, -999999, -999999, -999999, -999999, -999999, -999999, -999999, -999999, -999999, -999999, -999999, -999999, -999999, -999999, -999999, -999999, -999999, -999999, -999999, -999999, -999999, -999999, -999999, -999999, -999999, -999999, -999999, -999999, -999999, -999999, -999999, -999999, -999999, -999999, -999999, -999999, -999999, -999999
JDAY, days
INDEX, none
FLIGHT, none
LOCAL_SUN_TIME, hour
LATITUDE, degs
LONGITUDE, degs
ALTP, km
PRESSURE, hPa
TEMPERATURE, K
THETA, K, calculated from ambient temperature and pressure
O3COLUMN, DU, OMI ozone column data extracted along flight track
SZA, deg
WNS, m/s
WND, Degs
GPS_ALT, km
GRD_SPD, m/s
TAS, m/s
IAS, m/s
MachNumber, mach
VerticalSpeed, ft min-1
HDG, degs
TRK, degs
DifferentialPressure, hPa
DriftAngle, degs
PITCH, degs
ROLL, degs
PotentialTemp_Nav, K
Dewpoint, K
TotalAirTemp, K
StaticPressure, hPa
CabinPressure, hPa
SolarZenithAngle, degs
AircraftSunElevation, degs
SunAzimuth, degs
AircraftSunAzimuth, degs
H2O_MixingRatio_Nav, g kg-1
H2O_VaporPressure_Nav, hPa
H2O_SatVaporPressureWater_Nav, hPa
H2O_SatVaporPressureIce_Nav, hPa
H2O_RelativeHumidity_Nav, %
ManeuverFlag, none
U_WINDS, m s-1
V_WINDS, m s-1
GroundElevation-AMSL_GoogleMaps, km
Altitude-AGL_GoogleMaps, km
O3_MixingRatio, ppbv
CO2_DryMoleFrac_PICARRO, ppm
CH4_DryMoleFrac_PICARRO, ppm
CO_DryMoleFrac_PICARRO, ppm
CO2_MoleFraction_PFP, ppm
CH4_MoleFraction_PFP, ppb
CO_MoleFraction_PFP, ppb
N2O_MoleFraction_PFP, ppb
SF6_CCGG_MoleFraction_PFP, ppt
H2_MoleFraction_PFP, ppb
CH4C13_MoleFraction_PFP, permil
CO2C14_MoleFraction_PFP, permil
F11B_MoleFraction_PFP, ppt
FC12_MoleFraction_PFP, ppt
F13_MoleFraction_PFP, ppt
F113_MoleFraction_PFP, ppt
F115_MoleFraction_PFP, ppt
HF133a_MoleFraction_PFP, ppt
F23_MoleFraction_PFP, ppt
F32_MoleFraction_PFP, ppt
F134A_MoleFraction_PFP, ppt
F152A_MoleFraction_PFP, ppt
F125_MoleFraction_PFP, ppt
F143a_MoleFraction_PFP, ppt
F227e_MoleFraction_PFP, ppt
F365m_MoleFraction_PFP, ppt
H1211_MoleFraction_PFP, ppt
H1301_MoleFraction_PFP, ppt
H2402_MoleFraction_PFP, ppt
MCFA_MoleFraction_PFP, ppt
CF4_MoleFraction_PFP, ppt
C2F6_MoleFraction_PFP, ppt
SO2F2_MoleFraction_PFP, ppt
MEBR_MoleFraction_PFP, ppt
[...]
[from data line 471]
60007,   138,          2500472.0,         25.000000,  11.40697957,   37.8068282,   281.0651102,   4.218517396,   598.912,   271.6359939,   314.4835164,   307,   19.88403848,   7.495638944,   217.0179769,   4.4256,   112.8578472,   113.4216735,    -999999,  0.3433,    -999999,  300.814,   304.6,   50.88,    -999999,  -3.536,   0.518,   314.4839939,   270.9459939,   278.0359939,   598.912,   974.506,    -999999,   -999999,   -999999,   -999999,  5.463214,   5.2148,   5.48698,   5.4067,   96.452,    -999999,   -999999,   -999999,  0.35602,   4.06958,   54,   413.475,   1.88535,   0.0914,    -999999,   -999999,   -999999,   -999999,   -999999,   -999999,   -999999,   -999999,   -999999,   -999999,   -999999,   -999999,   -999999,   -999999,   -999999,   -999999,   -999999,   -999999,   -999999,   -999999,   -999999,   -999999,   -999999,   -999999,   -999999,   -999999,   -999999,   -999999,   -999999,   -999999,   -999999,   -999999,   -999999,   -999999,   -999999,   -999999,   -999999,   -999999,   -999999,   -999999,   -999999,   -999999,   -999999,   -999999,   -999999,   -999999,   -999999,   -999999,   -999999,   -999999,   -999999,   -999999,        0.76920000  
60012,   138,          2500473.0,         25.000000,  11.40801736,   37.809706,   281.0598438,   4.221327652,   598.692,   271.5719939,   314.4424269,   307,   19.88137221,   7.657192246,   214.8319005,   4.42574,   112.6314936,   112.9298688,    -999999,  0.34184,    -999999,  300.656,   304.544,   50.42,    -999999,  -3.434,   0.572,   314.4459939,   271.1259939,   277.9179939,   598.692,   974.52,    -999999,   -999999,   -999999,   -999999,  5.538996,   5.28454,   5.4612,   5.3779,   98.264,    -999999,   -999999,   -999999,  0.28754,   4.1382,   53.08,   413.4771429,   1.8852,   0.09595,    -999999,   -999999,   -999999,   -999999,   -999999,   -999999,   -999999,   -999999,   -999999,   -999999,   -999999,   -999999,   -999999,   -999999,   -999999,   -999999,   -999999,   -999999,   -999999,   -999999,   -999999,   -999999,   -999999,   -999999,   -999999,   -999999,   -999999,   -999999,   -999999,   -999999,   -999999,   -999999,   -999999,   -999999,   -999999,   -999999,   -999999,   -999999,   -999999,   -999999,   -999999,   -999999,   -999999,   -999999,   -999999,   -999999,   -999999,   -999999,   -999999,   -999999,   -999999,   -999999,        0.74260000  
60017,   138,          2500474.0,         25.000000,  11.40905563,   37.81258,   281.0545844,   4.21296394,   599.348,   271.5639939,   314.3347957,   307,   19.87870976,   7.643872872,   215.1192455,   4.4249,   112.4874504,   112.8238942,    -999999,  0.34154,    -999999,  300.654,   304.538,   50.38,    -999999,  -3.378,   0.584,   314.3379939,   271.1359939,   277.8999939,   599.348,   974.524,    -999999,   -999999,   -999999,   -999999,  5.537012,   5.28844,   5.45798,   5.37436,   98.402,    -999999,   -999999,   -999999,  0.31268,   4.11222,   54.78,   413.47875,   1.885222222,   0.09240526316,   412.93,   1884.62,   95.53,   331.72,   9.79,   542.67,    -999999,  5.75,   231.36,   511.2,   3.24,   70.11,   8.74,   0.53,   31.7,   19,   108.22,   9.81,   28.21,   23.13,   1.43,   1.11,   4.05,   3.34,   0.41,   2.18,   85.14,   5.83,   2.33,   7.62,   0.55,   1.09,   538.6,   608.23,   59.02,   11.68,   2.78,   72.86,   781.71,   122.34,   22.08,   11.14,   8.64,   14.09,   16.54,    -999999,  0.17,   0.21,   0.37,   0.6,   5.57,   251.43,         0.77560000  
60022,   138,          2500475.0,         25.000000,  11.41009424,   37.8154444,   281.0493302,   4.217243332,   599.012,   271.6279939,   314.4592539,   307,   19.87604651,   7.83562923,   219.0800014,   4.42434,   112.250808,   113.151078,    -999999,  0.34246,    -999999,  300.51,   304.468,   50.64,    -999999,  -3.45,   0.542,   314.4639939,   270.7739939,   277.9999939,   599.012,   974.6,    -999999,   -999999,   -999999,   -999999,  5.392692,   5.14892,   5.48376,   5.40308,   95.3,    -999999,   -999999,   -999999,  0.36722,   4.05712,   55.26,   413.395,   1.883254545,   0.09025,   412.93,   1884.62,   95.53,   331.72,   9.79,   542.67,    -999999,  5.75,   231.36,   511.2,   3.24,   70.11,   8.74,   0.53,   31.7,   19,   108.22,   9.81,   28.21,   23.13,   1.43,   1.11,   4.05,   3.34,   0.41,   2.18,   85.14,   5.83,   2.33,   7.62,   0.55,   1.09,   538.6,   608.23,   59.02,   11.68,   2.78,   72.86,   781.71,   122.34,   22.08,   11.14,   8.64,   14.09,   16.54,    -999999,  0.17,   0.21,   0.37,   0.6,   5.57,   251.43,         0.76420000  
60027,   138,          2500476.0,         25.000000,  11.41113355,   37.8183026,   281.0440866,   4.222242052,   598.62,   271.6419939,   314.5342851,   307,   19.87338371,   8.149549784,   218.7537488,   4.4253,   112.0141656,   112.9082623,    -999999,  0.34174,    -999999,  300.396,   304.524,   50.38,    -999999,  -3.398,   0.404,   314.5379939,   270.5119939,   277.9859939,   598.62,   974.464,    -999999,   -999999,   -999999,   -999999,  5.291358,   5.04968,   5.4894,   5.40936,   93.352,    -999999,   -999999,   -999999,  0.43182,   3.99348,   56.54,   413.328,   1.882736364,   0.09264736842,   412.93,   1884.62,   95.53,   331.72,   9.79,   542.67,    -999999,  5.75,   231.36,   511.2,   3.24,   70.11,   8.74,   0.53,   31.7,   19,   108.22,   9.81,   28.21,   23.13,   1.43,   1.11,   4.05,   3.34,   0.41,   2.18,   85.14,   5.83,   2.33,   7.62,   0.55,   1.09,   538.6,   608.23,   59.02,   11.68,   2.78,   72.86,   781.71,   122.34,   22.08,   11.14,   8.64,   14.09,   16.54,    -999999,  0.17,   0.21,   0.37,   0.6,   5.57,   251.43,         0.78340000  
60032,   138,          2500477.0,         25.000000,  11.41217376,   37.8211592,   281.0388564,   4.221211828,   598.7,   271.6659939,   314.5500648,   307,   19.8707246,   8.59278224,   217.2302111,   4.42636,   111.8289672,   112.5563854,    -999999,  0.34066,    -999999,  300.196,   304.57,   50.06,    -999999,  -3.36,   0.456,   314.5519939,   270.4819939,   277.9679939,   598.7,   974.66,    -999999,   -999999,   -999999,   -999999,  5.27881,   5.03848,   5.49912,   5.42018,   92.958,    -999999,   -999999,   -999999,  0.60476,   3.8216,   54.98,   413.314,   1.882791667,   0.09745,   412.93,   1884.62,   95.53,   331.72,   9.79,   542.67,    -999999,  5.75,   231.36,   511.2,   3.24,   70.11,   8.74,   0.53,   31.7,   19,   108.22,   9.81,   28.21,   23.13,   1.43,   1.11,   4.05,   3.34,   0.41,   2.18,   85.14,   5.83,   2.33,   7.62,   0.55,   1.09,   538.6,   608.23,   59.02,   11.68,   2.78,   72.86,   781.71,   122.34,   22.08,   11.14,   8.64,   14.09,   16.54,    -999999,  0.17,   0.21,   0.37,   0.6,   5.57,   251.43,         0.71840000  
60037,   138,          2500478.0,         25.000000,  11.41321458,   37.8240162,   281.0336354,   4.21781026,   598.968,   271.6959939,   314.5445779,   307,   19.86807243,   9.030027385,   216.5481801,   4.42676,   111.7157904,   112.3835335,    -999999,  0.3401,    -999999,  300.01,   304.616,   49.92,    -999999,  -3.262,   0.592,   314.5459939,   270.3019939,   277.9799939,   598.968,   974.544,    -999999,   -999999,   -999999,   -999999,  5.20569,   4.97146,   5.51124,   5.43372,   91.494,    -999999,   -999999,   -999999,  0.54426,   3.8825,   51.68,   413.275,   1.88226,   0.08705,    -999999,   -999999,   -999999,   -999999,   -999999,   -999999,   -999999,   -999999,   -999999,   -999999,   -999999,   -999999,   -999999,   -999999,   -999999,   -999999,   -999999,   -999999,   -999999,   -999999,   -999999,   -999999,   -999999,   -999999,   -999999,   -999999,   -999999,   -999999,   -999999,   -999999,   -999999,   -999999,   -999999,   -999999,   -999999,   -999999,   -999999,   -999999,   -999999,   -999999,   -999999,   -999999,   -999999,   -999999,   -999999,   -999999,   -999999,   -999999,   -999999,   -999999,   -999999,   -999999,        0.74360000  
60042,   138,          2500479.0,         25.000000,  11.41425574,   37.8268712,   281.0284194,   4.221760468,   598.658,   271.7839939,   314.6929995,   307,   19.86542644,   9.369611853,   214.4471865,   4.42624,   111.6437688,   112.0141656,    -999999,  0.33896,    -999999,  299.784,   304.582,   49.54,    -999999,  -3.2,   0.51,   314.6959939,   270.1019939,   278.0279939,   598.658,   974.582,    -999999,   -999999,   -999999,   -999999,  5.130908,   4.89812,   5.547,   5.47366,   89.49,    -999999,   -999999,   -999999,  0.3998,   4.02644,   52.88,   413.095,   1.8818,   0.09451,    -999999,   -999999,   -999999,   -999999,   -999999,   -999999,   -999999,   -999999,   -999999,   -999999,   -999999,   -999999,   -999999,   -999999,   -999999,   -999999,   -999999,   -999999,   -999999,   -999999,   -999999,   -999999,   -999999,   -999999,   -999999,   -999999,   -999999,   -999999,   -999999,   -999999,   -999999,   -999999,   -999999,   -999999,   -999999,   -999999,   -999999,   -999999,   -999999,   -999999,   -999999,   -999999,   -999999,   -999999,   -999999,   -999999,   -999999,   -999999,   -999999,   -999999,   -999999,   -999999,        0.69220000  
60047,   138,          2500480.0,         25.000000,  11.41529685,   37.829722,   281.0232028,   4.22451586,   598.442,   271.7719939,   314.711552,   307,   19.86278653,   8.960892853,   215.3902645,   4.4252,   111.6026136,   112.0975049,    -999999,  0.3392,    -999999,  299.934,   304.518,   49.6,    -999999,  -3.216,   0.55,   314.7119939,   269.9139939,   278.0239939,   598.442,   974.472,    -999999,   -999999,   -999999,   -999999,  5.060672,   4.82984,   5.54214,   5.46822,   88.33,    -999999,   -999999,   -999999,  0.33836,   4.08684,   52.78,   413.155,   1.88205,   0.09554736842,    -999999,   -999999,   -999999,   -999999,   -999999,   -999999,   -999999,   -999999,   -999999,   -999999,   -999999,   -999999,   -999999,   -999999,   -999999,   -999999,   -999999,   -999999,   -999999,   -999999,   -999999,   -999999,   -999999,   -999999,   -999999,   -999999,   -999999,   -999999,   -999999,   -999999,   -999999,   -999999,   -999999,   -999999,   -999999,   -999999,   -999999,   -999999,   -999999,   -999999,   -999999,   -999999,   -999999,   -999999,   -999999,   -999999,   -999999,   -999999,   -999999,   -999999,   -999999,   -999999,        0.73240000  
60052,   138,          2500481.0,         25.000000,  11.41633773,   37.832561,   281.0179826,   4.215030484,   599.186,   271.7939939,   314.6253201,   307,   19.86014681,   8.527235328,   216.9050693,   4.42522,   111.4688592,   112.165411,    -999999,  0.3394,    -999999,  300.046,   304.402,   49.72,    -999999,  -3.28,   0.742,   314.6239939,   270.1959939,   278.0519939,   599.186,   974.668,    -999999,   -999999,   -999999,   -999999,  5.162594,   4.93248,   5.55108,   5.47824,   90.038,    -999999,   -999999,   -999999,  0.35838,   4.06684,   52.18,   413.355,   1.88345,   0.09296842105,    -999999,   -999999,   -999999,   -999999,   -999999,   -999999,   -999999,   -999999,   -999999,   -999999,   -999999,   -999999,   -999999,   -999999,   -999999,   -999999,   -999999,   -999999,   -999999,   -999999,   -999999,   -999999,   -999999,   -999999,   -999999,   -999999,   -999999,   -999999,   -999999,   -999999,   -999999,   -999999,   -999999,   -999999,   -999999,   -999999,   -999999,   -999999,   -999999,   -999999,   -999999,   -999999,   -999999,   -999999,   -999999,   -999999,   -999999,   -999999,   -999999,   -999999,   -999999,   -999999,        0.70800000  
60057,   138,          2500482.0,         25.000000,  11.41737863,   37.8353954,   281.0127628,   4.226088628,   598.318,   271.9179939,   314.8992636,   307,   19.85751245,   7.775052793,   218.6929667,   4.42502,   111.4585704,   112.3125408,    -999999,  0.33976,    -999999,  300.414,   304.372,   49.76,    -999999,  -3.136,   0.496,   314.8999939,   270.1479939,   278.1939939,   598.318,   974.848,    -999999,   -999999,   -999999,   -999999,  5.151496,   4.9148,   5.60184,   5.535,   88.8,    -999999,   -999999,   -999999,  0.41914,   4.00588,   52.5,   413.455,   1.88375,   0.091365,    -999999,   -999999,   -999999,   -999999,   -999999,   -999999,   -999999,   -999999,   -999999,   -999999,   -999999,   -999999,   -999999,   -999999,   -999999,   -999999,   -999999,   -999999,   -999999,   -999999,   -999999,   -999999,   -999999,   -999999,   -999999,   -999999,   -999999,   -999999,   -999999,   -999999,   -999999,   -999999,   -999999,   -999999,   -999999,   -999999,   -999999,   -999999,   -999999,   -999999,   -999999,   -999999,   -999999,   -999999,   -999999,   -999999,   -999999,   -999999,   -999999,   -999999,   -999999,   -999999,     -999999  
60062,   138,          2500483.0,         25.000000,  11.41841893,   37.8382298,   281.007534,   4.221961636,   598.642,   271.9199939,   314.8528753,   307,   19.85489076,   6.590015361,   217.5280147,   4.42384,   111.7055016,   112.2631546,    -999999,  0.3396,    -999999,  300.998,   304.358,   49.74,    -999999,  -2.8,   0.468,   314.8539939,   270.1419939,   278.1899939,   598.642,   975.242,    -999999,   -999999,   -999999,   -999999,  5.146384,   4.91264,   5.60266,   5.53592,   88.742,    -999999,   -999999,   -999999,  0.5449,   3.87894,   52.38,   413.4,   1.883233333,   0.090425,    -999999,   -999999,   -999999,   -999999,   -999999,   -999999,   -999999,   -999999,   -999999,   -999999,   -999999,   -999999,   -999999,   -999999,   -999999,   -999999,   -999999,   -999999,   -999999,   -999999,   -999999,   -999999,   -999999,   -999999,   -999999,   -999999,   -999999,   -999999,   -999999,   -999999,   -999999,   -999999,   -999999,   -999999,   -999999,   -999999,   -999999,   -999999,   -999999,   -999999,   -999999,   -999999,   -999999,   -999999,   -999999,   -999999,   -999999,   -999999,   -999999,   -999999,   -999999,   -999999,     -999999  
