inputs/ACTAMERICA_Merge/B200/ACTAMERICA-mrg05-b200_merge_20171024_R0.ict
138, 1001
Shook, Michael
NASA Atmospheric Composition Branch, NASA Langley Research Center (SSAI)
Merged data file for ACT-AMERICA Fall 2017, Flight 13 (20171024), on the b200 platform. Data is merged to 05 seconds.
NASA ACT-AMERICA Fall 2017
1, 1
2017, 10, 24, 2018, 07, 11
05
UTC,s
99
1, 1, 1, 1, 1, 1, 1, 1, 1, 1, 1, 1, 1, 1, 1, 1, 1, 1, 1, 1, 1, 1, 1, 1, 1, 1, 1, 1, 1, 1, 1, 1, 1, 1, 1, 1, 1, 1, 1, 1, 1, 1, 1, 1, 1, 1, 1, 1, 1, 1, 1, 1, 1, 1, 1, 1, 1, 1, 1, 1, 1, 1, 1, 1, 1, 1, 1, 1, 1, 1, 1, 1, 1, 1, 1, 1, 1, 1, 1, 1, 1, 1, 1, 1, 1, 1, 1, 1, 1, 1, 1, 1, 1, 1, 1, 1, 1, 1, 1
-999999, -999999, -999999, -999999, -999999, -999999, -999999, -999999, -999999, -999999, -999999, -999999, -999999, -999999, -999999, -999999, -999999, -999999, -999999, -999999, -999999, -999999, -999999, -999999, -999999, -999999, -999999, -999999, -999999, -999999, -999999, -999999, -999999, -999999, -999999, -999999, -999999, -999999, -999999, -999999, -999999, -999999, -999999, -999999, -999999, -999999, -999999, -999999, -999999, -999999, -999999, -999999, -999999, -999999, -999999, -999999, -999999, -999999, -999999, -999999, -999999, -999999, -999999, -999999, -999999, -999999, -999999, -999999, -999999, -999999, -999999, -999999, -999999, -999999, -999999, -999999, -999999, -999999, -999999, -999999, -999999, -999999, -999999, -999999, -999999, -999999, -999999, -999999, -999999, -999999, -999999, -999999, -999999, -999999, -999999, -999999, -999999, -999999, -999999
JDAY, days
INDEX, none
FLIGHT, none
LOCAL_SUN_TIME, hour
LATITUDE, degs
LONGITUDE, degs
ALTP, km
PRESSURE, hPa
TEMPERATURE, K
THETA, K, calculated from ambient temperature and pressure
O3COLUMN, DU, OMI ozone column data extracted along flight track
SZA, deg
WNS, m/s
WND, Degs
GPS_ALT, km
GRD_SPD, m/s
TAS, m/s
IAS, m/s
MachNumber, mach
VerticalSpeed, ft min-1
HDG, degs
TRK, degs
DifferentialPressure, hPa
PITCH, degs
ROLL, degs
PotentialTemp_Nav, K
Dewpoint, K
TotalAirTemp, K
CabinPressure, hPa
SolarZenithAngle, degs
AircraftSunElevation, degs
SunAzimuth, degs
AircraftSunAzimuth, degs
H2O_MixingRatio_Nav, g kg-1
H2O_VaporPressure_Nav, hPa
H2O_SatVaporPressureWater_Nav, hPa
H2O_SatVaporPressureIce_Nav, hPa
H2O_RelativeHumidity_Nav, %
U_WINDS, m s-1
V_WINDS, m s-1
GroundElevation-AMSL_GoogleMaps, km
Altitude-AGL_GoogleMaps, km
O3_MixingRatio, ppbv
CO2_DryMoleFrac_PICARRO, ppm
CH4_DryMoleFrac_PICARRO, ppm
CO_DryMoleFrac_PICARRO, ppm
CO2_MoleFraction_PFP, ppm
CH4_MoleFraction_PFP, ppb
CO_MoleFraction_PFP, ppb
N2O_MoleFraction_PFP, ppb
SF6_CCGG_MoleFraction_PFP, ppt
H2_MoleFraction_PFP, ppb
CH4C13_MoleFraction_PFP, permil
CO2C14_MoleFraction_PFP, permil
F11B_MoleFraction_PFP, ppt
FC12_MoleFraction_PFP, ppt
F13_MoleFraction_PFP, ppt
F113_MoleFraction_PFP, ppt
F115_MoleFraction_PFP, ppt
HF133a_MoleFraction_PFP, ppt
F23_MoleFraction_PFP, ppt
F32_MoleFraction_PFP, ppt
F134A_MoleFraction_PFP, ppt
F152A_MoleFraction_PFP, ppt
F125_MoleFraction_PFP, ppt
F143a_MoleFraction_PFP, ppt
F227e_MoleFraction_PFP, ppt
F365m_MoleFraction_PFP, ppt
H1211_MoleFraction_PFP, ppt
H1301_MoleFraction_PFP, ppt
H2402_MoleFraction_PFP, ppt
MCFA_MoleFraction_PFP, ppt
CF4_MoleFraction_PFP, ppt
C2F6_MoleFraction_PFP, ppt
SO2F2_MoleFraction_PFP, ppt
MEBR_MoleFraction_PFP, ppt
CH3I_MoleFraction_PFP, ppt
DIBR_MoleFraction_PFP, ppt
OCS_MoleFraction_PFP, ppt
[...]
[from data line 1717]
76082,   297,          1301718.0,         13.000000,  14.74822879,   41.3249758,   264.2046818,   4.520245016,   575.594,   255.7039939,   299.4164979,   303.6669922,   65.24953151,   17.92503847,   349.629827,   4.52558,   132.6843648,   126.9432144,    -999999,  0.396,    -999999,  244.742,   237.24,   65.74,   -0.084,   -1.24,   300.5939939,   234.2019939,   263.7259939,   964.456,    -999999,   -999999,   -999999,   -999999,  0.22926,   0.2121,   1.5653,   1.32004,   16.068,   3.214,   -17.618,   0.3706,   4.15498,   51.58,   404.635,   1.913183333,   0.0947,    -999999,   -999999,   -999999,   -999999,   -999999,   -999999,   -999999,   -999999,   -999999,   -999999,   -999999,   -999999,   -999999,   -999999,   -999999,   -999999,   -999999,   -999999,   -999999,   -999999,   -999999,   -999999,   -999999,   -999999,   -999999,   -999999,   -999999,   -999999,   -999999,   -999999,   -999999,   -999999,   -999999,   -999999,   -999999,   -999999,   -999999,   -999999,   -999999,   -999999,   -999999,   -999999,   -999999,   -999999,   -999999,   -999999,   -999999,   -999999,   -999999,   -999999,   -999999,   -999999,        0.92380000  
76087,   297,          1301719.0,         13.000000,  14.7491733,   41.321747,   264.1980162,   4.522256696,   575.442,   255.6679939,   299.3969354,   303.6669922,   65.2548199,   17.80269197,   349.8942032,   4.52764,   132.7975416,   127.0255248,    -999999,  0.396,    -999999,  244.734,   237.3,   65.8,   -0.222,   -1.13,   300.5759939,   234.1899939,   263.6999939,   964.522,    -999999,   -999999,   -999999,   -999999,  0.229038,   0.21182,   1.56056,   1.31562,   16.102,   3.1,   -17.498,   0.37034,   4.1573,   53.2,   404.635,   1.9124,   0.09688947368,    -999999,   -999999,   -999999,   -999999,   -999999,   -999999,   -999999,   -999999,   -999999,   -999999,   -999999,   -999999,   -999999,   -999999,   -999999,   -999999,   -999999,   -999999,   -999999,   -999999,   -999999,   -999999,   -999999,   -999999,   -999999,   -999999,   -999999,   -999999,   -999999,   -999999,   -999999,   -999999,   -999999,   -999999,   -999999,   -999999,   -999999,   -999999,   -999999,   -999999,   -999999,   -999999,   -999999,   -999999,   -999999,   -999999,   -999999,   -999999,   -999999,   -999999,   -999999,   -999999,        0.94220000  
76092,   297,          1301720.0,         13.000000,  14.75011688,   41.31852,   264.1913366,   4.524207416,   575.298,   255.5999939,   299.3387088,   303.6669922,   65.26010482,   18.2682836,   349.6959828,   4.52938,   133.0650504,   127.2621672,    -999999,  0.3972,    -999999,  245.032,   237.4,   66.02,   -0.5,   -1.196,   300.5139939,   234.1359939,   263.6579939,   964.546,    -999999,   -999999,   -999999,   -999999,  0.22783,   0.21066,   1.55162,   1.3072,   16.114,   3.312,   -18.016,   0.34904,   4.18034,   54.56,   404.73,   1.9113,   0.09331,    -999999,   -999999,   -999999,   -999999,   -999999,   -999999,   -999999,   -999999,   -999999,   -999999,   -999999,   -999999,   -999999,   -999999,   -999999,   -999999,   -999999,   -999999,   -999999,   -999999,   -999999,   -999999,   -999999,   -999999,   -999999,   -999999,   -999999,   -999999,   -999999,   -999999,   -999999,   -999999,   -999999,   -999999,   -999999,   -999999,   -999999,   -999999,   -999999,   -999999,   -999999,   -999999,   -999999,   -999999,   -999999,   -999999,   -999999,   -999999,   -999999,   -999999,   -999999,   -999999,        0.94940000  
76097,   297,          1301721.0,         13.000000,  14.75105904,   41.3152888,   264.1846356,   4.523719736,   575.338,   255.4939939,   299.2086261,   303.6669922,   65.2653781,   19.14698865,   349.1174837,   4.52842,   133.5074688,   127.6737192,    -999999,  0.3982,    -999999,  245.43,   237.42,   66.52,   -0.824,   -1.256,   300.3839939,   234.0959939,   263.6079939,   964.498,    -999999,   -999999,   -999999,   -999999,  0.226882,   0.20978,   1.53782,   1.29424,   16.208,   3.626,   -18.766,   0.36888,   4.15954,   52.42,   404.912,   1.9129,   0.09898,    -999999,   -999999,   -999999,   -999999,   -999999,   -999999,   -999999,   -999999,   -999999,   -999999,   -999999,   -999999,   -999999,   -999999,   -999999,   -999999,   -999999,   -999999,   -999999,   -999999,   -999999,   -999999,   -999999,   -999999,   -999999,   -999999,   -999999,   -999999,   -999999,   -999999,   -999999,   -999999,   -999999,   -999999,   -999999,   -999999,   -999999,   -999999,   -999999,   -999999,   -999999,   -999999,   -999999,   -999999,   -999999,   -999999,   -999999,   -999999,   -999999,   -999999,   -999999,   -999999,        0.97660000  
76102,   297,          1301722.0,         13.000000,  14.75199906,   41.3120514,   264.1779026,   4.519513496,   575.654,   255.4859939,   299.1523216,   303.6669922,   65.27063266,   19.63200417,   350.4984911,   4.52444,   134.1247968,   127.7457408,    -999999,  0.3986,    -999999,  245.654,   237.52,   66.62,   -0.84,   -1.226,   300.3319939,   234.1239939,   263.6099939,   964.446,    -999999,   -999999,   -999999,   -999999,  0.227406,   0.21038,   1.53678,   1.29326,   16.268,   3.286,   -19.35,   0.34662,   4.17782,   57.1,   405.075,   1.9145,   0.10081,   404.04,   1913.88,   101.69,   330.38,   9.55,   504.84,   -47.61,    -999999,  232.91,   513.03,   3.32,   69.96,   8.6,   0.52,   31.52,   16.32,   106.11,   9.14,   25.72,   22.09,   1.4,   1.07,    -999999,  3.3,   0.41,   2.11,   84.42,   5.13,   2.12,   7.38,   0.48,   0.88,   485.69,   523.98,   62.09,   14.79,   5.56,   126.96,   1044.85,   235.26,   47.06,   28.86,   9.74,   11.5,   30.1,    -999999,  0.19,   0.17,   0.26,   0.69,   3.74,   253.84,          1.0722000  
76107,   297,          1301723.0,         13.000000,  14.75293679,   41.3088066,   264.1711352,   4.515673016,   575.946,   255.4559939,   299.0738578,   303.6669922,   65.27586636,   19.99008606,   350.8338927,   4.52036,   134.5877928,   128.0132496,    -999999,  0.3998,    -999999,  245.808,   237.56,   66.98,   -0.612,   -1.512,   300.2519939,   234.2399939,   263.6139939,   964.382,    -999999,   -999999,   -999999,   -999999,  0.230014,   0.2129,   1.53288,   1.2896,   16.51,   3.224,   -19.748,   0.35416,   4.1662,   58,   405.105,   1.9147,   0.102195,   404.04,   1913.88,   101.69,   330.38,   9.55,   504.84,   -47.61,    -999999,  232.91,   513.03,   3.32,   69.96,   8.6,   0.52,   31.52,   16.32,   106.11,   9.14,   25.72,   22.09,   1.4,   1.07,    -999999,  3.3,   0.41,   2.11,   84.42,   5.13,   2.12,   7.38,   0.48,   0.88,   485.69,   523.98,   62.09,   14.79,   5.56,   126.96,   1044.85,   235.26,   47.06,   28.86,   9.74,   11.5,   30.1,    -999999,  0.19,   0.17,   0.26,   0.69,   3.74,   253.84,          1.1096000  
76112,   297,          1301724.0,         13.000000,  14.75387351,   41.3055492,   264.1643526,   4.511283896,   576.278,   255.4779939,   299.0503713,   303.6669922,   65.28108579,   20.15469229,   350.9115396,   4.5159,   134.8758792,   128.1881592,    -999999,  0.4,    -999999,  245.732,   237.44,   67.18,   -0.392,   -1.742,   300.2259939,   234.3999939,   263.6559939,   964.406,    -999999,   -999999,   -999999,   -999999,  0.233684,   0.21642,   1.53574,   1.29226,   16.748,   3.172,   -19.872,   0.3518,   4.1641,   58.64,   405.14,   1.9148,   0.1014,   404.04,   1913.88,   101.69,   330.38,   9.55,   504.84,   -47.61,    -999999,  232.91,   513.03,   3.32,   69.96,   8.6,   0.52,   31.52,   16.32,   106.11,   9.14,   25.72,   22.09,   1.4,   1.07,    -999999,  3.3,   0.41,   2.11,   84.42,   5.13,   2.12,   7.38,   0.48,   0.88,   485.69,   523.98,   62.09,   14.79,   5.56,   126.96,   1044.85,   235.26,   47.06,   28.86,   9.74,   11.5,   30.1,    -999999,  0.19,   0.17,   0.26,   0.69,   3.74,   253.84,          1.1186000  
76117,   297,          1301725.0,         13.000000,  14.75481029,   41.3022774,   264.157571,   4.507809176,   576.544,   255.5399939,   299.0835087,   303.6669922,   65.28629835,   19.78838157,   351.0098278,   4.51222,   134.8758792,   128.2190256,    -999999,  0.4,    -999999,  245.466,   237.34,   67.26,   0.11,   -1.618,   300.2599939,   234.5479939,   263.7199939,   964.448,    -999999,   -999999,   -999999,   -999999,  0.237138,   0.21974,   1.5438,   1.29984,   16.904,   3.082,   -19.572,   0.35826,   4.15396,   60.12,   405.115,   1.9148,   0.09955,   404.04,   1913.88,   101.69,   330.38,   9.55,   504.84,   -47.61,    -999999,  232.91,   513.03,   3.32,   69.96,   8.6,   0.52,   31.52,   16.32,   106.11,   9.14,   25.72,   22.09,   1.4,   1.07,    -999999,  3.3,   0.41,   2.11,   84.42,   5.13,   2.12,   7.38,   0.48,   0.88,   485.69,   523.98,   62.09,   14.79,   5.56,   126.96,   1044.85,   235.26,   47.06,   28.86,   9.74,   11.5,   30.1,    -999999,  0.19,   0.17,   0.26,   0.69,   3.74,   253.84,          1.1094000  
76122,   297,          1301726.0,         13.000000,  14.75574854,   41.2989996,   264.1508114,   4.507748216,   576.556,   255.6279939,   299.1847245,   303.6669922,   65.29152119,   19.58985388,   351.2417229,   4.51352,   134.4334608,   127.7045856,    -999999,  0.3984,    -999999,  245.232,   237.18,   66.64,   0.722,   -1.562,   300.3599939,   234.7299939,   263.7439939,   964.512,    -999999,   -999999,   -999999,   -999999,  0.241584,   0.22386,   1.55532,   1.31066,   17.08,   2.926,   -19.37,   0.34538,   4.16814,   57.56,   405.055,   1.914677778,   0.10245,    -999999,   -999999,   -999999,   -999999,   -999999,   -999999,   -999999,   -999999,   -999999,   -999999,   -999999,   -999999,   -999999,   -999999,   -999999,   -999999,   -999999,   -999999,   -999999,   -999999,   -999999,   -999999,   -999999,   -999999,   -999999,   -999999,   -999999,   -999999,   -999999,   -999999,   -999999,   -999999,   -999999,   -999999,   -999999,   -999999,   -999999,   -999999,   -999999,   -999999,   -999999,   -999999,   -999999,   -999999,   -999999,   -999999,   -999999,   -999999,   -999999,   -999999,   -999999,   -999999,         1.1134000  
76127,   297,          1301727.0,         13.000000,  14.75668941,   41.295728,   264.1440912,   4.512442136,   576.188,   255.5919939,   299.1971656,   303.6669922,   65.29677217,   19.32641748,   351.4390145,   4.51904,   133.7132448,   126.9946584,    -999999,  0.3962,    -999999,  245.134,   237.16,   65.88,   0.768,   -1.136,   300.3719939,   234.8679939,   263.6199939,   964.38,    -999999,   -999999,   -999999,   -999999,  0.245166,   0.22702,   1.55056,   1.3062,   17.38,   2.826,   -19.142,   0.34194,   4.1771,   56.32,   405.06,   1.9144,   0.10165,    -999999,   -999999,   -999999,   -999999,   -999999,   -999999,   -999999,   -999999,   -999999,   -999999,   -999999,   -999999,   -999999,   -999999,   -999999,   -999999,   -999999,   -999999,   -999999,   -999999,   -999999,   -999999,   -999999,   -999999,   -999999,   -999999,   -999999,   -999999,   -999999,   -999999,   -999999,   -999999,   -999999,   -999999,   -999999,   -999999,   -999999,   -999999,   -999999,   -999999,   -999999,   -999999,   -999999,   -999999,   -999999,   -999999,   -999999,   -999999,   -999999,   -999999,   -999999,   -999999,         1.0582000  
76132,   297,          1301728.0,         13.000000,  14.7576323,   41.2924748,   264.1374012,   4.513783256,   576.094,   255.6099939,   299.232185,   303.6669922,   65.30205497,   19.10216469,   351.5919568,   4.523,   133.2090936,   126.5213736,    -999999,  0.3946,    -999999,  245.104,   237.2,   65.36,   0.45,   -1.218,   300.4059939,   234.9739939,   263.5759939,   964.282,    -999999,   -999999,   -999999,   -999999,  0.247868,   0.2295,   1.55296,   1.30844,   17.542,   2.738,   -18.884,   0.29744,   4.22556,   56.4,   405.065,   1.914266667,   0.10345,    -999999,   -999999,   -999999,   -999999,   -999999,   -999999,   -999999,   -999999,   -999999,   -999999,   -999999,   -999999,   -999999,   -999999,   -999999,   -999999,   -999999,   -999999,   -999999,   -999999,   -999999,   -999999,   -999999,   -999999,   -999999,   -999999,   -999999,   -999999,   -999999,   -999999,   -999999,   -999999,   -999999,   -999999,   -999999,   -999999,   -999999,   -999999,   -999999,   -999999,   -999999,   -999999,   -999999,   -999999,   -999999,   -999999,   -999999,   -999999,   -999999,   -999999,   -999999,   -999999,         1.0990000  
76137,   297,          1301729.0,         13.000000,  14.75857614,   41.2892342,   264.1307254,   4.518355256,   575.738,   255.5819939,   299.2522538,   303.6669922,   65.30735695,   18.91274233,   351.7340628,   4.52492,   132.98274,   126.3258864,    -999999,  0.394,    -999999,  245.092,   237.26,   65.06,   0.35,   -1.304,   300.4279939,   235.0579939,   263.5219939,   964.216,    -999999,   -999999,   -999999,   -999999,  0.25015,   0.23146,   1.54926,   1.30498,   17.736,   2.714,   -18.738,   0.29898,   4.22594,   60.84,   405.0975,   1.914633333,   0.1011176471,    -999999,   -999999,   -999999,   -999999,   -999999,   -999999,   -999999,   -999999,   -999999,   -999999,   -999999,   -999999,   -999999,   -999999,   -999999,   -999999,   -999999,   -999999,   -999999,   -999999,   -999999,   -999999,   -999999,   -999999,   -999999,   -999999,   -999999,   -999999,   -999999,   -999999,   -999999,   -999999,   -999999,   -999999,   -999999,   -999999,   -999999,   -999999,   -999999,   -999999,   -999999,   -999999,   -999999,   -999999,   -999999,   -999999,   -999999,   -999999,   -999999,   -999999,   -999999,   -999999,     -999999  
76142,   297,          1301730.0,         13.000000,  14.7595206,   41.285998,   264.124059,   4.519757336,   575.638,   255.5739939,   299.2577386,   303.6669922,   65.31266978,   18.6288458,   351.6897854,   4.52702,   132.828408,   126.243576,    -999999,  0.394,    -999999,  244.896,   237.18,   65,   0.332,   -1.624,   300.4339939,   235.1059939,   263.5079939,   964.362,    -999999,   -999999,   -999999,   -999999,  0.251416,   0.23258,   1.54824,   1.30402,   17.836,   2.66,   -18.412,   0.29336,   4.23366,   57.56,   405.0171429,   1.914009091,   0.09915,    -999999,   -999999,   -999999,   -999999,   -999999,   -999999,   -999999,   -999999,   -999999,   -999999,   -999999,   -999999,   -999999,   -999999,   -999999,   -999999,   -999999,   -999999,   -999999,   -999999,   -999999,   -999999,   -999999,   -999999,   -999999,   -999999,   -999999,   -999999,   -999999,   -999999,   -999999,   -999999,   -999999,   -999999,   -999999,   -999999,   -999999,   -999999,   -999999,   -999999,   -999999,   -999999,   -999999,   -999999,   -999999,   -999999,   -999999,   -999999,   -999999,   -999999,   -999999,   -999999,     -999999  
