inputs/ACTAMERICA_Merge/B200/ACTAMERICA-mrg05-b200_merge_20160828_R0.ict
142, 1001
Shook, Michael
NASA Atmospheric Composition Branch, NASA Langley Research Center (SSAI)
Merged data file for ACT-AMERICA 2016, Flight 25 (20160828), on the b200 platform. Data is merged to 05 seconds.
ACTAmerica - 2016
1, 1
2016, 08, 28, 2018, 09, 19
05
UTC,s
102
1, 1, 1, 1, 1, 1, 1, 1, 1, 1, 1, 1, 1, 1, 1, 1, 1, 1, 1, 1, 1, 1, 1, 1, 1, 1, 1, 1, 1, 1, 1, 1, 1, 1, 1, 1, 1, 1, 1, 1, 1, 1, 1, 1, 1, 1, 1, 1, 1, 1, 1, 1, 1, 1, 1, 1, 1, 1, 1, 1, 1, 1, 1, 1, 1, 1, 1, 1, 1, 1, 1, 1, 1, 1, 1, 1, 1, 1, 1, 1, 1, 1, 1, 1, 1, 1, 1, 1, 1, 1, 1, 1, 1, 1, 1, 1, 1, 1, 1, 1, 1, 1
-999999, -999999, -999999, -999999, -999999, -999999, -999999, -999999, -999999, -999999, -999999, -999999, -999999, -999999, -999999, -999999, -999999, -999999, -999999, -999999, -999999, -999999, -999999, -999999, -999999, -999999, -999999, -999999, -999999, -999999, -999999, -999999, -999999, -999999, -999999, -999999, -999999, -999999, -999999, -999999, -999999, -999999, -999999, -999999, -999999, -999999, -999999, -999999, -999999, -999999, -999999, -999999, -999999, -999999, -999999, -999999, -999999, -999999, -999999, -999999, -999999, -999999, -999999, -999999, -999999, -999999, -999999, -999999, -999999, -999999, -999999, -999999, -999999, -999999, -999999, -999999, -999999, -999999, -999999, -999999, -999999, -999999, -999999, -999999, -999999, -999999, -999999, -999999, -999999, -999999, -999999, -999999, -999999, -999999, -999999, -999999, -999999, -999999, -999999, -999999, -999999, -999999
JDAY, days
INDEX, none
FLIGHT, none
LOCAL_SUN_TIME, hour
LATITUDE, degs
LONGITUDE, degs
ALTP, km
PRESSURE, hPa
TEMPERATURE, K
THETA, K, calculated from ambient temperature and pressure
O3COLUMN, DU, OMI ozone column data extracted along flight track
SZA, deg
WNS, m s-1
WND, Degs
GPS_ALT, km
GRD_SPD, m/s
TAS, m/s
IAS, m/s
MachNumber, mach
VerticalSpeed, ft min-1
HDG, degs
TRK, degs
DifferentialPressure, hPa
DriftAngle, degs
PITCH, degs
ROLL, degs
PotentialTemp_Nav, K
Dewpoint, K
TotalAirTemp, K
StaticPressure, hPa
CabinPressure, hPa
SolarZenithAngle, degs
AircraftSunElevation, degs
SunAzimuth, degs
AircraftSunAzimuth, degs
H2O_MixingRatio_Nav, g kg-1
H2O_VaporPressure_Nav, hPa
H2O_SatVaporPressureWater_Nav, hPa
H2O_SatVaporPressureIce_Nav, hPa
H2O_RelativeHumidity_Nav, %
ManeuverFlag, none
U_WINDS, m s-1
V_WINDS, m s-1
GroundElevation-AMSL_GoogleMaps, km
Altitude-AGL_GoogleMaps, km
O3_MoleFraction, ppb
CO2_DryMoleFrac_PICARRO, ppm
CH4_DryMoleFrac_PICARRO, ppm
CO_DryMoleFrac_PICARRO, ppm
CO2_MoleFraction_PFP, ppm
CH4_MoleFraction_PFP, ppb
CO_MoleFraction_PFP, ppb
N2O_MoleFraction_PFP, ppb
SF6_CCGG_MoleFraction_PFP, ppt
H2_MoleFraction_PFP, ppb
CH4C13_MoleFraction_PFP, permil
CO2C14_MoleFraction_PFP, permil
F11B_MoleFraction_PFP, ppt
FC12_MoleFraction_PFP, ppt
F13_MoleFraction_PFP, ppt
F113_MoleFraction_PFP, ppt
F115_MoleFraction_PFP, ppt
HF133a_MoleFraction_PFP, ppt
F23_MoleFraction_PFP, ppt
F32_MoleFraction_PFP, ppt
F134A_MoleFraction_PFP, ppt
F152A_MoleFraction_PFP, ppt
F125_MoleFraction_PFP, ppt
F143a_MoleFraction_PFP, ppt
F227e_MoleFraction_PFP, ppt
F365m_MoleFraction_PFP, ppt
H1211_MoleFraction_PFP, ppt
H1301_MoleFraction_PFP, ppt
H2402_MoleFraction_PFP, ppt
MCFA_MoleFraction_PFP, ppt
CF4_MoleFraction_PFP, ppt
C2F6_MoleFraction_PFP, ppt
SO2F2_MoleFraction_PFP, ppt
MEBR_MoleFraction_PFP, ppt
[...]
[from data line 1510]
69062,   241,          2501511.0,         25.000000,  12.94907667,   33.9646,   266.4674,   4.495129496,   577.5,   272.2499939,   318.4900617,   290,   27.61952376,    -999999,   -999999,  4.64594,   120.2966496,   119.2780584,    -999999,  0.3606,    -999999,  277.42,   279.66,    -999999,   -999999,  0.896,   -0.156,   319.7499939,   267.8299939,   279.3299939,   577.5,   940.72,    -999999,   -999999,   -999999,   -999999,  4.47846,   4.12848,   5.7394,   5.68902,   72.57,   3,   -1.918,   3.588,   0.08722,   4.55872,   58.44,   401.132,   1.858688889,   0.07345454545,   401.1,   1866.96,   74.55,   328.9,   9.14,   527.88,   -49.26,    -999999,  233.02,   517.5,   3.34,   71.37,   8.56,   0.52,   29.73,   14.17,   99.26,   8.89,   22.91,   20.14,   1.22,   0.98,    -999999,  3.34,   0.41,   2.63,   83.18,   4.61,   2.15,   7.18,   0.3,   0.73,    -999999,  562.83,   42.62,   9.23,   1.69,   28.18,   826.26,   104.76,   11.86,   7.15,   2.99,   5.16,   8.58,   136.9,   0.16,   0.15,   0.51,   0.62,   3.75,   249.16,         0.89320000  
69067,   241,          2501512.0,         25.000000,  12.95003756,   33.9655,   266.46098,   4.494824696,   577.5,   272.2499939,   318.4900617,   290,   27.62654492,    -999999,   -999999,  4.64616,   120.2554944,   119.4838344,    -999999,  0.361,    -999999,  277.26,   279.46,    -999999,   -999999,  0.612,   -0.646,   319.7499939,   267.6699939,   279.3499939,   577.5,   940.38,    -999999,   -999999,   -999999,   -999999,  4.424058,   4.07868,   5.73944,   5.6891,   71.694,   3,   -1.702,   3.494,   0.08826,   4.5579,   58.86,   401.115,   1.85925,   0.07880952381,   401.1,   1866.96,   74.55,   328.9,   9.14,   527.88,   -49.26,    -999999,  233.02,   517.5,   3.34,   71.37,   8.56,   0.52,   29.73,   14.17,   99.26,   8.89,   22.91,   20.14,   1.22,   0.98,    -999999,  3.34,   0.41,   2.63,   83.18,   4.61,   2.15,   7.18,   0.3,   0.73,    -999999,  562.83,   42.62,   9.23,   1.69,   28.18,   826.26,   104.76,   11.86,   7.15,   2.99,   5.16,   8.58,   136.9,   0.16,   0.15,   0.51,   0.62,   3.75,   249.16,         0.89400000  
69072,   241,          2501513.0,         25.000000,  12.95099978,   33.96638,   266.45458,   4.495556216,   577.46,   272.2299939,   318.4729675,   290,   27.63356217,    -999999,   -999999,  4.64728,   120.1320288,   119.3397912,    -999999,  0.3606,    -999999,  277.3,   279.46,    -999999,   -999999,  0.47,   -1.166,   319.7299939,   267.7299939,   279.2899939,   577.46,   940.18,    -999999,   -999999,   -999999,   -999999,  4.44469,   4.09728,   5.73102,   5.67962,   72.142,   3,   -1.726,   3.424,   0.086,   4.56128,   60.54,   401.114,   1.8596,   0.07366666667,   401.1,   1866.96,   74.55,   328.9,   9.14,   527.88,   -49.26,    -999999,  233.02,   517.5,   3.34,   71.37,   8.56,   0.52,   29.73,   14.17,   99.26,   8.89,   22.91,   20.14,   1.22,   0.98,    -999999,  3.34,   0.41,   2.63,   83.18,   4.61,   2.15,   7.18,   0.3,   0.73,    -999999,  562.83,   42.62,   9.23,   1.69,   28.18,   826.26,   104.76,   11.86,   7.15,   2.99,   5.16,   8.58,   136.9,   0.16,   0.15,   0.51,   0.62,   3.75,   249.16,         0.82660000  
69077,   241,          2501514.0,         25.000000,  12.951962,   33.96728,   266.44818,   4.494702776,   577.54,   272.3499939,   318.6007413,   290,   27.64060091,    -999999,   -999999,  4.64544,   120.276072,   119.1031488,    -999999,  0.36,    -999999,  277.16,   279.58,    -999999,   -999999,  0.544,   -1.894,   319.8499939,   267.9699939,   279.3899939,   577.54,   939.94,    -999999,   -999999,   -999999,   -999999,  4.526598,   4.17282,   5.7815,   5.7364,   72.744,   3,   -2.002,   3.988,   0.08444,   4.561,   59.58,   401.075,   1.8612,   0.07095238095,   401.1,   1866.96,   74.55,   328.9,   9.14,   527.88,   -49.26,    -999999,  233.02,   517.5,   3.34,   71.37,   8.56,   0.52,   29.73,   14.17,   99.26,   8.89,   22.91,   20.14,   1.22,   0.98,    -999999,  3.34,   0.41,   2.63,   83.18,   4.61,   2.15,   7.18,   0.3,   0.73,    -999999,  562.83,   42.62,   9.23,   1.69,   28.18,   826.26,   104.76,   11.86,   7.15,   2.99,   5.16,   8.58,   136.9,   0.16,   0.15,   0.51,   0.62,   3.75,   249.16,         0.66040000  
69082,   241,          2501515.0,         25.000000,  12.95292289,   33.9682,   266.44176,   4.491959576,   577.74,   272.3899939,   318.6160136,   290,   27.64765244,    -999999,   -999999,  4.64368,   120.4406928,   119.0208384,    -999999,  0.36,    -999999,  277.32,   279.82,    -999999,   -999999,  0.71,   -2.146,   319.8699939,   268.8099939,   279.4499939,   577.74,   939.8,    -999999,   -999999,   -999999,   -999999,  4.824486,   4.4468,   5.79846,   5.75548,   77.262,   3,   -2.214,   4.246,   0.08542,   4.55826,   59.14,   401.12,   1.8612,   0.07077272727,    -999999,   -999999,   -999999,   -999999,   -999999,   -999999,   -999999,   -999999,   -999999,   -999999,   -999999,   -999999,   -999999,   -999999,   -999999,   -999999,   -999999,   -999999,   -999999,   -999999,   -999999,   -999999,   -999999,   -999999,   -999999,   -999999,   -999999,   -999999,   -999999,   -999999,   -999999,   -999999,   -999999,   -999999,   -999999,   -999999,   -999999,   -999999,   -999999,   -999999,   -999999,   -999999,   -999999,   -999999,   -999999,   -999999,   -999999,   -999999,   -999999,   -999999,   -999999,   -999999,        0.58760000  
69087,   241,          2501516.0,         25.000000,  12.95388378,   33.96912,   266.43534,   4.493788376,   577.6,   272.3899939,   318.6380765,   290,   27.65470839,    -999999,   -999999,  4.64608,   120.2863608,   118.8767952,    -999999,  0.3592,    -999999,  277.56,   280.16,    -999999,   -999999,  0.918,   -1.28,   319.8699939,   268.8099939,   279.3899939,   577.6,   939.6,    -999999,   -999999,   -999999,   -999999,  4.8249,   4.44612,   5.79846,   5.75548,   77.254,   3,   -2.164,   4.39,   0.0853,   4.56078,   55.86,   401.045,   1.8615,   0.06814285714,    -999999,   -999999,   -999999,   -999999,   -999999,   -999999,   -999999,   -999999,   -999999,   -999999,   -999999,   -999999,   -999999,   -999999,   -999999,   -999999,   -999999,   -999999,   -999999,   -999999,   -999999,   -999999,   -999999,   -999999,   -999999,   -999999,   -999999,   -999999,   -999999,   -999999,   -999999,   -999999,   -999999,   -999999,   -999999,   -999999,   -999999,   -999999,   -999999,   -999999,   -999999,   -999999,   -999999,   -999999,   -999999,   -999999,   -999999,   -999999,   -999999,   -999999,   -999999,   -999999,        0.47420000  
69092,   241,          2501517.0,         25.000000,  12.95484733,   33.9701,   266.42896,   4.496409656,   577.4,   272.3099939,   318.5760147,   290,   27.66183724,    -999999,   -999999,  4.64788,   120.173184,   118.8562176,    -999999,  0.3592,    -999999,  278.02,   280.48,    -999999,   -999999,  0.876,   -0.62,   319.8299939,   269.2699939,   279.3499939,   577.4,   939.34,    -999999,   -999999,   -999999,   -999999,  4.99833,   4.60306,   5.76466,   5.71744,   80.516,   3,   -2.086,   4.05,   0.08576,   4.56212,   56.42,   401.064,   1.862444444,   0.0675,    -999999,   -999999,   -999999,   -999999,   -999999,   -999999,   -999999,   -999999,   -999999,   -999999,   -999999,   -999999,   -999999,   -999999,   -999999,   -999999,   -999999,   -999999,   -999999,   -999999,   -999999,   -999999,   -999999,   -999999,   -999999,   -999999,   -999999,   -999999,   -999999,   -999999,   -999999,   -999999,   -999999,   -999999,   -999999,   -999999,   -999999,   -999999,   -999999,   -999999,   -999999,   -999999,   -999999,   -999999,   -999999,   -999999,   -999999,   -999999,   -999999,   -999999,   -999999,   -999999,        0.41680000  
69097,   241,          2501518.0,         25.000000,  12.95580956,   33.9711,   266.42256,   4.496409656,   577.4,   272.2899939,   318.5526166,   290,   27.66897881,    -999999,   -999999,  4.64762,   120.224628,   119.1134376,    -999999,  0.36,    -999999,  278.16,   280.6,    -999999,   -999999,  0.558,   -0.528,   319.8099939,   269.9899939,   279.3499939,   577.4,   939.06,    -999999,   -999999,   -999999,   -999999,  5.276656,   4.85726,   5.75624,   5.70796,   85.102,   3,   -1.892,   3.976,   0.0862,   4.56142,   57.06,   401.022,   1.8623,   0.0735,    -999999,   -999999,   -999999,   -999999,   -999999,   -999999,   -999999,   -999999,   -999999,   -999999,   -999999,   -999999,   -999999,   -999999,   -999999,   -999999,   -999999,   -999999,   -999999,   -999999,   -999999,   -999999,   -999999,   -999999,   -999999,   -999999,   -999999,   -999999,   -999999,   -999999,   -999999,   -999999,   -999999,   -999999,   -999999,   -999999,   -999999,   -999999,   -999999,   -999999,   -999999,   -999999,   -999999,   -999999,   -999999,   -999999,   -999999,   -999999,   -999999,   -999999,   -999999,   -999999,        0.42420000  
69102,   241,          2501519.0,         25.000000,  12.95677311,   33.9721,   266.41618,   4.494276056,   577.58,   272.1099939,   318.3136855,   290,   27.67613349,    -999999,   -999999,  4.64612,   120.3892488,   119.0619936,    -999999,  0.3602,    -999999,  278.12,   280.5,    -999999,   -999999,  0.394,   -0.51,   319.5899939,   269.6899939,   279.1899939,   577.58,   938.82,    -999999,   -999999,   -999999,   -999999,  5.157796,   4.7502,   5.68092,   5.62352,   84.464,   3,   -2.134,   3.876,   0.08688,   4.55924,   58.46,   400.982,   1.862333333,   0.0745,    -999999,   -999999,   -999999,   -999999,   -999999,   -999999,   -999999,   -999999,   -999999,   -999999,   -999999,   -999999,   -999999,   -999999,   -999999,   -999999,   -999999,   -999999,   -999999,   -999999,   -999999,   -999999,   -999999,   -999999,   -999999,   -999999,   -999999,   -999999,   -999999,   -999999,   -999999,   -999999,   -999999,   -999999,   -999999,   -999999,   -999999,   -999999,   -999999,   -999999,   -999999,   -999999,   -999999,   -999999,   -999999,   -999999,   -999999,   -999999,   -999999,   -999999,   -999999,   -999999,        0.32240000  
69107,   241,          2501520.0,         25.000000,  12.957734,   33.97308,   266.40976,   4.494276056,   577.56,   271.9499939,   318.1296653,   290,   27.68325809,    -999999,   -999999,  4.64534,   120.4715592,   119.5249896,    -999999,  0.3616,    -999999,  277.9,   280.1,    -999999,   -999999,  0.674,   -1.218,   319.4099939,   269.2299939,   279.0899939,   577.56,   938.78,    -999999,   -999999,   -999999,   -999999,  4.981282,   4.58876,   5.6146,   5.5492,   82.694,   3,   -1.818,   3.562,   0.08732,   4.55802,   59.8,   401.03,   1.86215,   0.0715,    -999999,   -999999,   -999999,   -999999,   -999999,   -999999,   -999999,   -999999,   -999999,   -999999,   -999999,   -999999,   -999999,   -999999,   -999999,   -999999,   -999999,   -999999,   -999999,   -999999,   -999999,   -999999,   -999999,   -999999,   -999999,   -999999,   -999999,   -999999,   -999999,   -999999,   -999999,   -999999,   -999999,   -999999,   -999999,   -999999,   -999999,   -999999,   -999999,   -999999,   -999999,   -999999,   -999999,   -999999,   -999999,   -999999,   -999999,   -999999,   -999999,   -999999,   -999999,   -999999,        0.32040000  
69112,   241,          2501521.0,         25.000000,  12.95869622,   33.974,   266.40336,   4.494154136,   577.58,   272.0099939,   318.1967057,   290,   27.69034482,    -999999,   -999999,  4.64552,   120.37896,   119.2369032,    -999999,  0.3606,    -999999,  277.34,   279.7,    -999999,   -999999,  0.658,   -1.518,   319.4499939,   269.7499939,   279.0899939,   577.58,   938.64,    -999999,   -999999,   -999999,   -999999,  5.186638,   4.77642,   5.63938,   5.57698,   85.664,   3,   -2.002,   3.84,   0.0897,   4.55582,   60.76,   400.995,   1.8637,   0.074,    -999999,   -999999,   -999999,   -999999,   -999999,   -999999,   -999999,   -999999,   -999999,   -999999,   -999999,   -999999,   -999999,   -999999,   -999999,   -999999,   -999999,   -999999,   -999999,   -999999,   -999999,   -999999,   -999999,   -999999,   -999999,   -999999,   -999999,   -999999,   -999999,   -999999,   -999999,   -999999,   -999999,   -999999,   -999999,   -999999,   -999999,   -999999,   -999999,   -999999,   -999999,   -999999,   -999999,   -999999,   -999999,   -999999,   -999999,   -999999,   -999999,   -999999,   -999999,   -999999,        0.38820000  
69117,   241,          2501522.0,         25.000000,  12.95965711,   33.9749,   266.39694,   4.495921976,   577.42,   271.9899939,   318.198497,   290,   27.69741023,    -999999,   -999999,  4.64726,   120.1937616,   119.0517048,    -999999,  0.3602,    -999999,  277.14,   279.56,    -999999,   -999999,  0.504,   -1.692,   319.4499939,   270.7099939,   279.0499939,   577.42,   938.58,    -999999,   -999999,   -999999,   -999999,  5.569026,   5.12414,   5.63112,   5.56772,   92.038,   3,   -1.998,   3.93,   0.09152,   4.55574,   61.62,    -999999,   -999999,   -999999,   -999999,   -999999,   -999999,   -999999,   -999999,   -999999,   -999999,   -999999,   -999999,   -999999,   -999999,   -999999,   -999999,   -999999,   -999999,   -999999,   -999999,   -999999,   -999999,   -999999,   -999999,   -999999,   -999999,   -999999,   -999999,   -999999,   -999999,   -999999,   -999999,   -999999,   -999999,   -999999,   -999999,   -999999,   -999999,   -999999,   -999999,   -999999,   -999999,   -999999,   -999999,   -999999,   -999999,   -999999,   -999999,   -999999,   -999999,   -999999,   -999999,   -999999,   -999999,   -999999,        0.37840000  
69122,   241,          2501523.0,         25.000000,  12.96061933,   33.9758,   266.39054,   4.496836376,   577.38,   271.9099939,   318.1112021,   290,   27.7044888,    -999999,   -999999,  4.64856,   120.070296,   118.8973728,    -999999,  0.36,    -999999,  277.26,   279.66,    -999999,   -999999,  -1.614,   -1.818,   319.3899939,   270.8899939,   278.9499939,   577.38,   938.24,    -999999,   -999999,   -999999,   -999999,  5.64466,   5.1928,   5.59816,   5.53084,   93.89,   3,   -2.01,   3.968,   0.09006,   4.5585,   59.62,    -999999,   -999999,   -999999,   -999999,   -999999,   -999999,   -999999,   -999999,   -999999,   -999999,   -999999,   -999999,   -999999,   -999999,   -999999,   -999999,   -999999,   -999999,   -999999,   -999999,   -999999,   -999999,   -999999,   -999999,   -999999,   -999999,   -999999,   -999999,   -999999,   -999999,   -999999,   -999999,   -999999,   -999999,   -999999,   -999999,   -999999,   -999999,   -999999,   -999999,   -999999,   -999999,   -999999,   -999999,   -999999,   -999999,   -999999,   -999999,   -999999,   -999999,   -999999,   -999999,   -999999,   -999999,   -999999,        0.36620000  
