inputs/ACTAMERICA_Merge/B200/ACTAMERICA-mrg05-b200_merge_20160822_R0.ict
142, 1001
Shook, Michael
NASA Atmospheric Composition Branch, NASA Langley Research Center (SSAI)
Merged data file for ACT-AMERICA 2016, Flight 21 (20160822), on the b200 platform. Data is merged to 05 seconds.
ACTAmerica - 2016
1, 1
2016, 08, 22, 2018, 09, 19
05
UTC,s
102
1, 1, 1, 1, 1, 1, 1, 1, 1, 1, 1, 1, 1, 1, 1, 1, 1, 1, 1, 1, 1, 1, 1, 1, 1, 1, 1, 1, 1, 1, 1, 1, 1, 1, 1, 1, 1, 1, 1, 1, 1, 1, 1, 1, 1, 1, 1, 1, 1, 1, 1, 1, 1, 1, 1, 1, 1, 1, 1, 1, 1, 1, 1, 1, 1, 1, 1, 1, 1, 1, 1, 1, 1, 1, 1, 1, 1, 1, 1, 1, 1, 1, 1, 1, 1, 1, 1, 1, 1, 1, 1, 1, 1, 1, 1, 1, 1, 1, 1, 1, 1, 1
-999999, -999999, -999999, -999999, -999999, -999999, -999999, -999999, -999999, -999999, -999999, -999999, -999999, -999999, -999999, -999999, -999999, -999999, -999999, -999999, -999999, -999999, -999999, -999999, -999999, -999999, -999999, -999999, -999999, -999999, -999999, -999999, -999999, -999999, -999999, -999999, -999999, -999999, -999999, -999999, -999999, -999999, -999999, -999999, -999999, -999999, -999999, -999999, -999999, -999999, -999999, -999999, -999999, -999999, -999999, -999999, -999999, -999999, -999999, -999999, -999999, -999999, -999999, -999999, -999999, -999999, -999999, -999999, -999999, -999999, -999999, -999999, -999999, -999999, -999999, -999999, -999999, -999999, -999999, -999999, -999999, -999999, -999999, -999999, -999999, -999999, -999999, -999999, -999999, -999999, -999999, -999999, -999999, -999999, -999999, -999999, -999999, -999999, -999999, -999999, -999999, -999999
JDAY, days
INDEX, none
FLIGHT, none
LOCAL_SUN_TIME, hour
LATITUDE, degs
LONGITUDE, degs
ALTP, km
PRESSURE, hPa
TEMPERATURE, K
THETA, K, calculated from ambient temperature and pressure
O3COLUMN, DU, OMI ozone column data extracted along flight track
SZA, deg
WNS, m s-1
WND, Degs
GPS_ALT, km
GRD_SPD, m/s
TAS, m/s
IAS, m/s
MachNumber, mach
VerticalSpeed, ft min-1
HDG, degs
TRK, degs
DifferentialPressure, hPa
DriftAngle, degs
PITCH, degs
ROLL, degs
PotentialTemp_Nav, K
Dewpoint, K
TotalAirTemp, K
StaticPressure, hPa
CabinPressure, hPa
SolarZenithAngle, degs
AircraftSunElevation, degs
SunAzimuth, degs
AircraftSunAzimuth, degs
H2O_MixingRatio_Nav, g kg-1
H2O_VaporPressure_Nav, hPa
H2O_SatVaporPressureWater_Nav, hPa
H2O_SatVaporPressureIce_Nav, hPa
H2O_RelativeHumidity_Nav, %
ManeuverFlag, none
U_WINDS, m s-1
V_WINDS, m s-1
GroundElevation-AMSL_GoogleMaps, km
Altitude-AGL_GoogleMaps, km
O3_MoleFraction, ppb
CO2_DryMoleFrac_PICARRO, ppm
CH4_DryMoleFrac_PICARRO, ppm
CO_DryMoleFrac_PICARRO, ppm
CO2_MoleFraction_PFP, ppm
CH4_MoleFraction_PFP, ppb
CO_MoleFraction_PFP, ppb
N2O_MoleFraction_PFP, ppb
SF6_CCGG_MoleFraction_PFP, ppt
H2_MoleFraction_PFP, ppb
CH4C13_MoleFraction_PFP, permil
CO2C14_MoleFraction_PFP, permil
F11B_MoleFraction_PFP, ppt
FC12_MoleFraction_PFP, ppt
F13_MoleFraction_PFP, ppt
F113_MoleFraction_PFP, ppt
F115_MoleFraction_PFP, ppt
HF133a_MoleFraction_PFP, ppt
F23_MoleFraction_PFP, ppt
F32_MoleFraction_PFP, ppt
F134A_MoleFraction_PFP, ppt
F152A_MoleFraction_PFP, ppt
F125_MoleFraction_PFP, ppt
F143a_MoleFraction_PFP, ppt
F227e_MoleFraction_PFP, ppt
F365m_MoleFraction_PFP, ppt
H1211_MoleFraction_PFP, ppt
H1301_MoleFraction_PFP, ppt
H2402_MoleFraction_PFP, ppt
MCFA_MoleFraction_PFP, ppt
CF4_MoleFraction_PFP, ppt
C2F6_MoleFraction_PFP, ppt
SO2F2_MoleFraction_PFP, ppt
MEBR_MoleFraction_PFP, ppt
[...]
[from data line 304]
62902,   235,          2100305.0,         21.000000,  11.18629622,   33.60466,   265.69236,   3.381999882,   667.56,   278.6499939,   312.755292,   286,   24.57961257,    -999999,   -999999,  3.49974,   119.4735456,   116.1296856,    -999999,  0.347,    -999999,  339.28,   343.9,    -999999,   -999999,  -0.052,   -1.992,   313.9899939,   277.7499939,   285.3699939,   667.56,   971.14,    -999999,   -999999,   -999999,   -999999,  8.030986,   8.50966,   9.0605,   9.5543,   93.92,   6,   6.136,   6.97,   0.09208,   3.40766,   42.1,   401.55,   1.840336364,   0.0735,    -999999,   -999999,   -999999,   -999999,   -999999,   -999999,   -999999,   -999999,   -999999,   -999999,   -999999,   -999999,   -999999,   -999999,   -999999,   -999999,   -999999,   -999999,   -999999,   -999999,   -999999,   -999999,   -999999,   -999999,   -999999,   -999999,   -999999,   -999999,   -999999,   -999999,   -999999,   -999999,   -999999,   -999999,   -999999,   -999999,   -999999,   -999999,   -999999,   -999999,   -999999,   -999999,   -999999,   -999999,   -999999,   -999999,   -999999,   -999999,   -999999,   -999999,   -999999,   -999999,     -999999  
62907,   235,          2100306.0,         21.000000,  11.18756511,   33.60984,   265.69056,   3.376696362,   668,   278.7099939,   312.7637502,   286,   24.57622237,    -999999,   -999999,  3.493,   119.8027872,   116.1811296,    -999999,  0.347,    -999999,  339.24,   343.74,    -999999,   -999999,  0.57,   -1.914,   313.9699939,   277.8899939,   285.4499939,   668,   971.18,    -999999,   -999999,   -999999,   -999999,  8.10559,   8.59334,   9.09836,   9.59988,   94.448,   6,   5.872,   7.214,   0.0937,   3.3993,   39.54,   401.502,   1.8401,   0.07009090909,    -999999,   -999999,   -999999,   -999999,   -999999,   -999999,   -999999,   -999999,   -999999,   -999999,   -999999,   -999999,   -999999,   -999999,   -999999,   -999999,   -999999,   -999999,   -999999,   -999999,   -999999,   -999999,   -999999,   -999999,   -999999,   -999999,   -999999,   -999999,   -999999,   -999999,   -999999,   -999999,   -999999,   -999999,   -999999,   -999999,   -999999,   -999999,   -999999,   -999999,   -999999,   -999999,   -999999,   -999999,   -999999,   -999999,   -999999,   -999999,   -999999,   -999999,   -999999,   -999999,     -999999  
62912,   235,          2100307.0,         21.000000,  11.18883267,   33.615,   265.68874,   3.377732682,   667.92,   278.7299939,   312.7968974,   286,   24.57283672,    -999999,   -999999,  3.49112,   119.6793216,   115.9753536,    -999999,  0.3468,    -999999,  339.12,   343.62,    -999999,   -999999,  0.968,   -1.832,   314.0099939,   277.8899939,   285.4299939,   667.92,   971.1,    -999999,   -999999,   -999999,   -999999,  8.10657,   8.59334,   9.11098,   9.61504,   94.316,   6,   5.84,   7.29,   0.09304,   3.39808,   42.76,   401.53,   1.8401,   0.06295238095,    -999999,   -999999,   -999999,   -999999,   -999999,   -999999,   -999999,   -999999,   -999999,   -999999,   -999999,   -999999,   -999999,   -999999,   -999999,   -999999,   -999999,   -999999,   -999999,   -999999,   -999999,   -999999,   -999999,   -999999,   -999999,   -999999,   -999999,   -999999,   -999999,   -999999,   -999999,   -999999,   -999999,   -999999,   -999999,   -999999,   -999999,   -999999,   -999999,   -999999,   -999999,   -999999,   -999999,   -999999,   -999999,   -999999,   -999999,   -999999,   -999999,   -999999,   -999999,   -999999,     -999999  
62917,   235,          2100308.0,         21.000000,  11.19010156,   33.62016,   265.68694,   3.379805322,   667.76,   278.7299939,   312.8183094,   286,   24.56945643,    -999999,   -999999,  3.49272,   119.3089248,   115.5638016,    -999999,  0.3454,    -999999,  339.14,   343.6,    -999999,   -999999,  1.156,   -1.774,   314.0699939,   277.7899939,   285.3899939,   667.76,   971.22,    -999999,   -999999,   -999999,   -999999,  8.051314,   8.53348,   9.11098,   9.61502,   93.66,   6,   5.646,   7.286,   0.09196,   3.40076,   45.32,   401.6,   1.8411,   0.0669,    -999999,   -999999,   -999999,   -999999,   -999999,   -999999,   -999999,   -999999,   -999999,   -999999,   -999999,   -999999,   -999999,   -999999,   -999999,   -999999,   -999999,   -999999,   -999999,   -999999,   -999999,   -999999,   -999999,   -999999,   -999999,   -999999,   -999999,   -999999,   -999999,   -999999,   -999999,   -999999,   -999999,   -999999,   -999999,   -999999,   -999999,   -999999,   -999999,   -999999,   -999999,   -999999,   -999999,   -999999,   -999999,   -999999,   -999999,   -999999,   -999999,   -999999,   -999999,   -999999,     -999999  
62922,   235,          2100309.0,         21.000000,  11.19136911,   33.62534,   265.68512,   3.383889642,   667.42,   278.7499939,   312.886281,   286,   24.56611541,    -999999,   -999999,  3.4966,   118.9179504,   115.0905168,    -999999,  0.3438,    -999999,  339.14,   343.6,    -999999,   -999999,  1.244,   -1.662,   314.1299939,   277.4099939,   285.3499939,   667.42,   971.2,    -999999,   -999999,   -999999,   -999999,  7.84128,   8.3094,   9.1236,   9.63016,   91.074,   6,   5.524,   7.306,   0.0934,   3.4032,   42.76,   401.558,   1.8406,   0.06533333333,    -999999,   -999999,   -999999,   -999999,   -999999,   -999999,   -999999,   -999999,   -999999,   -999999,   -999999,   -999999,   -999999,   -999999,   -999999,   -999999,   -999999,   -999999,   -999999,   -999999,   -999999,   -999999,   -999999,   -999999,   -999999,   -999999,   -999999,   -999999,   -999999,   -999999,   -999999,   -999999,   -999999,   -999999,   -999999,   -999999,   -999999,   -999999,   -999999,   -999999,   -999999,   -999999,   -999999,   -999999,   -999999,   -999999,   -999999,   -999999,   -999999,   -999999,   -999999,   -999999,     -999999  
62927,   235,          2100310.0,         21.000000,  11.19263667,   33.63046,   265.6833,   3.385596522,   667.22,   278.7699939,   312.9355258,   286,   24.56273587,    -999999,   -999999,  3.49988,   118.6195752,   114.9156072,    -999999,  0.343,    -999999,  339.18,   343.62,    -999999,   -999999,  1.012,   -1.322,   314.1499939,   277.6899939,   285.3499939,   667.22,   971.32,    -999999,   -999999,   -999999,   -999999,  8.001078,   8.47404,   9.1363,   9.64538,   92.754,   6,   5.69,   7.226,   0.09346,   3.40642,   39.88,   401.57,   1.8407,   0.07359090909,   401.6,   1847.58,   69.21,   328.92,   9,   529,   -45.67,    -999999,  232.94,   518.13,   3.26,   71.81,   8.51,   0.48,   29.21,   12.92,   96.95,   7.84,   21.87,   19.97,   1.21,   0.93,    -999999,  3.32,   0.41,   2.71,   82.62,   4.63,   2.09,   7.35,   0.52,   0.85,    -999999,  616.07,   33.64,   7.5,   1.89,   27.83,   476.88,   55.14,   9.48,   8.04,   3.22,   5.93,   9.06,   194.34,   0.19,   0.15,   0.61,   0.66,   3.98,   243.08,      -999999  
62932,   235,          2100311.0,         21.000000,  11.19390689,   33.63558,   265.68152,   3.384986922,   667.3,   278.8299939,   312.9921575,   286,   24.55935349,    -999999,   -999999,  3.50012,   118.5989976,   114.9361848,    -999999,  0.343,    -999999,  339.42,   343.92,    -999999,   -999999,  0.776,   -0.618,   314.2299939,   277.8299939,   285.4099939,   667.3,   971.1,    -999999,   -999999,   -999999,   -999999,  8.07999,   8.55758,   9.1744,   9.69122,   93.276,   6,   5.78,   7.172,   0.09234,   3.40778,   43.08,   401.56,   1.840122222,   0.06719047619,   401.6,   1847.58,   69.21,   328.92,   9,   529,   -45.67,    -999999,  232.94,   518.13,   3.26,   71.81,   8.51,   0.48,   29.21,   12.92,   96.95,   7.84,   21.87,   19.97,   1.21,   0.93,    -999999,  3.32,   0.41,   2.71,   82.62,   4.63,   2.09,   7.35,   0.52,   0.85,    -999999,  616.07,   33.64,   7.5,   1.89,   27.83,   476.88,   55.14,   9.48,   8.04,   3.22,   5.93,   9.06,   194.34,   0.19,   0.15,   0.61,   0.66,   3.98,   243.08,      -999999  
62937,   235,          2100312.0,         21.000000,  11.19517978,   33.64074,   265.67978,   3.384560202,   667.34,   278.9299939,   313.0990473,   286,   24.55600316,    -999999,   -999999,  3.49898,   118.7121744,   114.9567624,    -999999,  0.343,    -999999,  339.96,   344.38,    -999999,   -999999,  0.848,   -0.404,   314.3099939,   277.4299939,   285.4899939,   667.34,   971.06,    -999999,   -999999,   -999999,   -999999,  7.854356,   8.32204,   9.2383,   9.76814,   90.09,   6,   5.656,   7.166,   0.09092,   3.40806,   45.8,   401.59,   1.8409,   0.06628571429,   401.6,   1847.58,   69.21,   328.92,   9,   529,   -45.67,    -999999,  232.94,   518.13,   3.26,   71.81,   8.51,   0.48,   29.21,   12.92,   96.95,   7.84,   21.87,   19.97,   1.21,   0.93,    -999999,  3.32,   0.41,   2.71,   82.62,   4.63,   2.09,   7.35,   0.52,   0.85,    -999999,  616.07,   33.64,   7.5,   1.89,   27.83,   476.88,   55.14,   9.48,   8.04,   3.22,   5.93,   9.06,   194.34,   0.19,   0.15,   0.61,   0.66,   3.98,   243.08,      -999999  
62942,   235,          2100313.0,         21.000000,  11.196454,   33.6459,   265.67806,   3.385169802,   667.28,   278.9699939,   313.1519919,   286,   24.55265836,    -999999,   -999999,  3.49916,   118.7739072,   114.8950296,    -999999,  0.343,    -999999,  340.5,   344.86,    -999999,   -999999,  0.866,   -0.584,   314.3299939,   276.8299939,   285.5099939,   667.28,   970.96,    -999999,   -999999,   -999999,   -999999,  7.525848,   7.97744,   9.26386,   9.7989,   86.116,   6,   5.534,   7.19,   0.09056,   3.4086,   46.28,   401.642,   1.840311111,   0.07038095238,   401.6,   1847.58,   69.21,   328.92,   9,   529,   -45.67,    -999999,  232.94,   518.13,   3.26,   71.81,   8.51,   0.48,   29.21,   12.92,   96.95,   7.84,   21.87,   19.97,   1.21,   0.93,    -999999,  3.32,   0.41,   2.71,   82.62,   4.63,   2.09,   7.35,   0.52,   0.85,    -999999,  616.07,   33.64,   7.5,   1.89,   27.83,   476.88,   55.14,   9.48,   8.04,   3.22,   5.93,   9.06,   194.34,   0.19,   0.15,   0.61,   0.66,   3.98,   243.08,      -999999  
62947,   235,          2100314.0,         21.000000,  11.19773489,   33.65106,   265.67644,   3.385596522,   667.24,   279.0299939,   313.2247084,   286,   24.54928643,    -999999,   -999999,  3.49924,   118.83564,   114.9464736,    -999999,  0.343,    -999999,  340.94,   345.16,    -999999,   -999999,  0.782,   -1.048,   314.4299939,   276.7899939,   285.5699939,   667.24,   971.16,    -999999,   -999999,   -999999,   -999999,  7.50466,   7.95478,   9.30244,   9.8454,   85.514,   6,   5.382,   7.104,   0.09108,   3.40816,   46.72,   401.53,   1.84035,   0.071,    -999999,   -999999,   -999999,   -999999,   -999999,   -999999,   -999999,   -999999,   -999999,   -999999,   -999999,   -999999,   -999999,   -999999,   -999999,   -999999,   -999999,   -999999,   -999999,   -999999,   -999999,   -999999,   -999999,   -999999,   -999999,   -999999,   -999999,   -999999,   -999999,   -999999,   -999999,   -999999,   -999999,   -999999,   -999999,   -999999,   -999999,   -999999,   -999999,   -999999,   -999999,   -999999,   -999999,   -999999,   -999999,   -999999,   -999999,   -999999,   -999999,   -999999,   -999999,   -999999,     -999999  
62952,   235,          2100315.0,         21.000000,  11.19901311,   33.65624,   265.67478,   3.383889642,   667.38,   278.9499939,   313.1161351,   286,   24.54596214,    -999999,   -999999,  3.49828,   118.938528,   114.97734,    -999999,  0.3432,    -999999,  341.12,   345.3,    -999999,   -999999,  0.672,   -1.61,   314.3499939,   276.8299939,   285.5499939,   667.38,   971.08,    -999999,   -999999,   -999999,   -999999,  7.524716,   7.97744,   9.25108,   9.78352,   86.238,   6,   5.31,   7.134,   0.09352,   3.40476,   45.36,   401.644,   1.8405,   0.064,    -999999,   -999999,   -999999,   -999999,   -999999,   -999999,   -999999,   -999999,   -999999,   -999999,   -999999,   -999999,   -999999,   -999999,   -999999,   -999999,   -999999,   -999999,   -999999,   -999999,   -999999,   -999999,   -999999,   -999999,   -999999,   -999999,   -999999,   -999999,   -999999,   -999999,   -999999,   -999999,   -999999,   -999999,   -999999,   -999999,   -999999,   -999999,   -999999,   -999999,   -999999,   -999999,   -999999,   -999999,   -999999,   -999999,   -999999,   -999999,   -999999,   -999999,   -999999,   -999999,     -999999  
62957,   235,          2100316.0,         21.000000,  11.200294,   33.66142,   265.67316,   3.382914282,   667.48,   278.9499939,   313.1027315,   286,   24.54263541,    -999999,   -999999,  3.4967,   119.0208384,   114.9876288,    -999999,  0.3436,    -999999,  340.92,   345.12,    -999999,   -999999,  0.776,   -2.366,   314.3099939,   276.5699939,   285.5099939,   667.48,   971.3,    -999999,   -999999,   -999999,   -999999,  7.384988,   7.8322,   9.251,   9.7834,   84.66,   6,   5.284,   7.224,   0.09472,   3.40198,   47.72,   401.57,   1.84115,   0.069,    -999999,   -999999,   -999999,   -999999,   -999999,   -999999,   -999999,   -999999,   -999999,   -999999,   -999999,   -999999,   -999999,   -999999,   -999999,   -999999,   -999999,   -999999,   -999999,   -999999,   -999999,   -999999,   -999999,   -999999,   -999999,   -999999,   -999999,   -999999,   -999999,   -999999,   -999999,   -999999,   -999999,   -999999,   -999999,   -999999,   -999999,   -999999,   -999999,   -999999,   -999999,   -999999,   -999999,   -999999,   -999999,   -999999,   -999999,   -999999,   -999999,   -999999,   -999999,   -999999,     -999999  
62962,   235,          2100317.0,         21.000000,  11.20157222,   33.6666,   265.6715,   3.382975242,   667.48,   279.0299939,   313.1925262,   286,   24.53933888,    -999999,   -999999,  3.49626,   118.887084,   114.771564,    -999999,  0.3428,    -999999,  340.54,   344.7,    -999999,   -999999,  1.056,   -2.8,   314.4099939,   276.5699939,   285.6099939,   667.48,   971.06,    -999999,   -999999,   -999999,   -999999,  7.385054,   7.8323,   9.30244,   9.8454,   84.198,   6,   5.182,   7.328,   0.1004,   3.39586,   47.88,   401.55,   1.84095,   0.068,    -999999,   -999999,   -999999,   -999999,   -999999,   -999999,   -999999,   -999999,   -999999,   -999999,   -999999,   -999999,   -999999,   -999999,   -999999,   -999999,   -999999,   -999999,   -999999,   -999999,   -999999,   -999999,   -999999,   -999999,   -999999,   -999999,   -999999,   -999999,   -999999,   -999999,   -999999,   -999999,   -999999,   -999999,   -999999,   -999999,   -999999,   -999999,   -999999,   -999999,   -999999,   -999999,   -999999,   -999999,   -999999,   -999999,   -999999,   -999999,   -999999,   -999999,   -999999,   -999999,     -999999  
