inputs/ACTAMERICA_Merge/B200/ACTAMERICA-mrg05-b200_merge_20180501_R0.ict
141, 1001
Shook, Michael
NASA Chemistry and Dynamics Branch, NASA Langley Research Center
Merged data file for ACT-AMERICA 2018, Flight 16 (20180501), on the b200 platform. Data is merged to 05 seconds.
NASA ACT-AMERICA 2018
1, 1
2018, 05, 01, 2018, 10, 15
05
UTC,s
102
1, 1, 1, 1, 1, 1, 1, 1, 1, 1, 1, 1, 1, 1, 1, 1, 1, 1, 1, 1, 1, 1, 1, 1, 1, 1, 1, 1, 1, 1, 1, 1, 1, 1, 1, 1, 1, 1, 1, 1, 1, 1, 1, 1, 1, 1, 1, 1, 1, 1, 1, 1, 1, 1, 1, 1, 1, 1, 1, 1, 1, 1, 1, 1, 1, 1, 1, 1, 1, 1, 1, 1, 1, 1, 1, 1, 1, 1, 1, 1, 1, 1, 1, 1, 1, 1, 1, 1, 1, 1, 1, 1, 1, 1, 1, 1, 1, 1, 1, 1, 1, 1
-999999, -999999, -999999, -999999, -999999, -999999, -999999, -999999, -999999, -999999, -999999, -999999, -999999, -999999, -999999, -999999, -999999, -999999, -999999, -999999, -999999, -999999, -999999, -999999, -999999, -999999, -999999, -999999, -999999, -999999, -999999, -999999, -999999, -999999, -999999, -999999, -999999, -999999, -999999, -999999, -999999, -999999, -999999, -999999, -999999, -999999, -999999, -999999, -999999, -999999, -999999, -999999, -999999, -999999, -999999, -999999, -999999, -999999, -999999, -999999, -999999, -999999, -999999, -999999, -999999, -999999, -999999, -999999, -999999, -999999, -999999, -999999, -999999, -999999, -999999, -999999, -999999, -999999, -999999, -999999, -999999, -999999, -999999, -999999, -999999, -999999, -999999, -999999, -999999, -999999, -999999, -999999, -999999, -999999, -999999, -999999, -999999, -999999, -999999, -999999, -999999, -999999
JDAY, days
INDEX, none
FLIGHT, none
LOCAL_SUN_TIME, hour
LATITUDE, degs
LONGITUDE, degs
ALTP, km
PRESSURE, hPa
TEMPERATURE, K
THETA, K, calculated from ambient temperature and pressure
O3COLUMN, DU, OMI ozone column data extracted along flight track
SZA, deg
WNS, m/s
WND, Degs
GPS_ALT, km
GRD_SPD, m/s
TAS, m/s
IAS, m/s
MachNumber, mach
VerticalSpeed, ft min-1
HDG, degs
TRK, degs
DifferentialPressure, hPa
DriftAngle, degs
PITCH, degs
ROLL, degs
PotentialTemp_Nav, K
Dewpoint, K
TotalAirTemp, K
StaticPressure, hPa
CabinPressure, hPa
SolarZenithAngle, degs
AircraftSunElevation, degs
SunAzimuth, degs
AircraftSunAzimuth, degs
H2O_MixingRatio_Nav, g kg-1
H2O_VaporPressure_Nav, hPa
H2O_SatVaporPressureWater_Nav, hPa
H2O_SatVaporPressureIce_Nav, hPa
H2O_RelativeHumidity_Nav, %
ManeuverFlag, none
U_WINDS, m s-1
V_WINDS, m s-1
GroundElevation-AMSL_GoogleMaps, km
Altitude-AGL_GoogleMaps, km
O3_MixingRatio, ppbv
CO2_DryMoleFrac_PICARRO, ppm
CH4_DryMoleFrac_PICARRO, ppm
CO_DryMoleFrac_PICARRO, ppm
CO2_MoleFraction_PFP, ppm
CH4_MoleFraction_PFP, ppb
CO_MoleFraction_PFP, ppb
N2O_MoleFraction_PFP, ppb
SF6_CCGG_MoleFraction_PFP, ppt
H2_MoleFraction_PFP, ppb
CH4C13_MoleFraction_PFP, permil
CO2C14_MoleFraction_PFP, permil
F11B_MoleFraction_PFP, ppt
FC12_MoleFraction_PFP, ppt
F13_MoleFraction_PFP, ppt
F113_MoleFraction_PFP, ppt
F115_MoleFraction_PFP, ppt
HF133a_MoleFraction_PFP, ppt
F23_MoleFraction_PFP, ppt
F32_MoleFraction_PFP, ppt
F134A_MoleFraction_PFP, ppt
F152A_MoleFraction_PFP, ppt
F125_MoleFraction_PFP, ppt
F143a_MoleFraction_PFP, ppt
F227e_MoleFraction_PFP, ppt
F365m_MoleFraction_PFP, ppt
H1211_MoleFraction_PFP, ppt
H1301_MoleFraction_PFP, ppt
H2402_MoleFraction_PFP, ppt
MCFA_MoleFraction_PFP, ppt
CF4_MoleFraction_PFP, ppt
C2F6_MoleFraction_PFP, ppt
SO2F2_MoleFraction_PFP, ppt
MEBR_MoleFraction_PFP, ppt
[...]
[from data line 659]
57227,   121,          1600660.0,         16.000000,  9.749692027,   40.4353932,   267.7891304,   4.589757705,   570.334,   264.5799939,   310.6235357,   358,   38.82106976,   14.53780004,   199.9217292,   4.73138,   118.83564,   117.5587999,    -999999,  0.36054,    -999999,  108.404,   101.38,   53.6,    -999999,  -3.432,   0.332,   310.6239939,   262.6719939,   271.4559939,   570.334,   950.726,    -999999,   -999999,   -999999,   -999999,  3.031834,   2.76658,   3.21462,   2.9572,   93.556,    -999999,   -999999,   -999999,  0.24296,   4.48842,   65.96,   412.045,   1.88942,   0.1139,    -999999,   -999999,   -999999,   -999999,   -999999,   -999999,   -999999,   -999999,   -999999,   -999999,   -999999,   -999999,   -999999,   -999999,   -999999,   -999999,   -999999,   -999999,   -999999,   -999999,   -999999,   -999999,   -999999,   -999999,   -999999,   -999999,   -999999,   -999999,   -999999,   -999999,   -999999,   -999999,   -999999,   -999999,   -999999,   -999999,   -999999,   -999999,   -999999,   -999999,   -999999,   -999999,   -999999,   -999999,   -999999,   -999999,   -999999,   -999999,   -999999,   -999999,   -999999,   -999999,         1.4774000  
57232,   121,          1600661.0,         16.000000,  9.751538142,   40.4343336,   267.7959888,   4.589440713,   570.358,   264.7039939,   310.7653785,   358,   38.80247947,   14.36198835,   200.1579963,   4.7317,   118.83564,   117.5197025,    -999999,  0.36032,    -999999,  108.38,   101.442,   53.54,    -999999,  -3.448,   0.284,   310.7679939,   262.3679939,   271.5759939,   570.358,   950.61,    -999999,   -999999,   -999999,   -999999,  2.959116,   2.70066,   3.24588,   2.98952,   90.338,    -999999,   -999999,   -999999,  0.24552,   4.48618,   59.3,   412.085,   1.89015,   0.111465,    -999999,   -999999,   -999999,   -999999,   -999999,   -999999,   -999999,   -999999,   -999999,   -999999,   -999999,   -999999,   -999999,   -999999,   -999999,   -999999,   -999999,   -999999,   -999999,   -999999,   -999999,   -999999,   -999999,   -999999,   -999999,   -999999,   -999999,   -999999,   -999999,   -999999,   -999999,   -999999,   -999999,   -999999,   -999999,   -999999,   -999999,   -999999,   -999999,   -999999,   -999999,   -999999,   -999999,   -999999,   -999999,   -999999,   -999999,   -999999,   -999999,   -999999,   -999999,   -999999,         1.4478000  
57237,   121,          1600662.0,         16.000000,  9.753384204,   40.4332744,   267.8028464,   4.590160041,   570.304,   264.6839939,   310.7503046,   358,   38.78389492,   14.16244558,   201.0201335,   4.73184,   118.83564,   117.3067243,    -999999,  0.3597,    -999999,  108.252,   101.416,   53.34,    -999999,  -3.448,   0.372,   310.7479939,   262.3079939,   271.5279939,   570.304,   950.59,    -999999,   -999999,   -999999,   -999999,  2.945176,   2.68776,   3.24084,   2.9843,   90.066,    -999999,   -999999,   -999999,  0.23412,   4.49772,   60.38,   412.045,   1.89,   0.109995,    -999999,   -999999,   -999999,   -999999,   -999999,   -999999,   -999999,   -999999,   -999999,   -999999,   -999999,   -999999,   -999999,   -999999,   -999999,   -999999,   -999999,   -999999,   -999999,   -999999,   -999999,   -999999,   -999999,   -999999,   -999999,   -999999,   -999999,   -999999,   -999999,   -999999,   -999999,   -999999,   -999999,   -999999,   -999999,   -999999,   -999999,   -999999,   -999999,   -999999,   -999999,   -999999,   -999999,   -999999,   -999999,   -999999,   -999999,   -999999,   -999999,   -999999,   -999999,   -999999,         1.5482000  
57242,   121,          1600663.0,         16.000000,  9.755230933,   40.4322372,   267.809714,   4.589495577,   570.354,   264.6259939,   310.6744282,   358,   38.76532028,   14.54410553,   200.3650431,   4.73194,   119.0002608,   117.4178434,    -999999,  0.36006,    -999999,  107.63,   100.618,   53.46,    -999999,  -3.472,   -0.008,   310.6759939,   262.3019939,   271.4859939,   570.354,   950.562,    -999999,   -999999,   -999999,   -999999,  2.943522,   2.68648,   3.2262,   2.96916,   90.48,    -999999,   -999999,   -999999,  0.23212,   4.49982,   64.84,   412.055,   1.88965,   0.109815,    -999999,   -999999,   -999999,   -999999,   -999999,   -999999,   -999999,   -999999,   -999999,   -999999,   -999999,   -999999,   -999999,   -999999,   -999999,   -999999,   -999999,   -999999,   -999999,   -999999,   -999999,   -999999,   -999999,   -999999,   -999999,   -999999,   -999999,   -999999,   -999999,   -999999,   -999999,   -999999,   -999999,   -999999,   -999999,   -999999,   -999999,   -999999,   -999999,   -999999,   -999999,   -999999,   -999999,   -999999,   -999999,   -999999,   -999999,   -999999,   -999999,   -999999,   -999999,   -999999,         1.5876000  
57247,   121,          1600664.0,         16.000000,  9.757082182,   40.4313704,   267.8166494,   4.590099081,   570.308,   264.5879939,   310.636974,   358,   38.74679494,   14.02679729,   200.7642573,   4.73364,   119.6793216,   117.3283308,    -999999,  0.35984,    -999999,  104.46,   97.772,   53.38,    -999999,  -3.424,   0.172,   310.6399939,   262.4759939,   271.4379939,   570.308,   950.714,    -999999,   -999999,   -999999,   -999999,  2.984986,   2.72392,   3.21662,   2.95928,   92.048,    -999999,   -999999,   -999999,  0.21572,   4.51792,   63.52,   412.042,   1.88955,   0.11419,    -999999,   -999999,   -999999,   -999999,   -999999,   -999999,   -999999,   -999999,   -999999,   -999999,   -999999,   -999999,   -999999,   -999999,   -999999,   -999999,   -999999,   -999999,   -999999,   -999999,   -999999,   -999999,   -999999,   -999999,   -999999,   -999999,   -999999,   -999999,   -999999,   -999999,   -999999,   -999999,   -999999,   -999999,   -999999,   -999999,   -999999,   -999999,   -999999,   -999999,   -999999,   -999999,   -999999,   -999999,   -999999,   -999999,   -999999,   -999999,   -999999,   -999999,   -999999,   -999999,         1.5608000  
57252,   121,          1600665.0,         16.000000,  9.758939724,   40.4307758,   267.8236792,   4.592147337,   570.154,   264.5899939,   310.6632925,   358,   38.7283547,   13.68063507,   202.3978858,   4.73516,   120.4406928,   117.0886018,    -999999,  0.3591,    -999999,  101.436,   95.034,   53.14,    -999999,  -3.474,   0.452,   310.6659939,   262.5159939,   271.4119939,   570.154,   950.682,    -999999,   -999999,   -999999,   -999999,  2.99531,   2.73256,   3.21712,   2.9598,   92.324,    -999999,   -999999,   -999999,  0.2107,   4.52446,   60.88,   412.08,   1.8904,   0.11085,   411.5,   1891.23,   113.43,   331.14,   9.69,   541.4,    -999999,   -999999,  231.19,   511.77,   3.37,   72.04,   8.77,   0.52,   31.49,   16.57,   105.97,   8.57,   26.51,   22.7,   1.45,   1,   3.98,   3.32,   0.38,   1.95,   84.76,   5.15,   2.2,   7.58,   0.36,   0.79,   543.65,   600.46,   66.45,   12.12,   2.27,   131.04,   1579.56,   502.67,   120.07,   47.8,   23.14,   23.11,   27.05,    -999999,  0.16,   0.2,   0.2,   0.65,   8.04,   249.36,          1.6186000  
57257,   121,          1600666.0,         16.000000,  9.76080184,   40.4303998,   267.8307776,   4.592464329,   570.13,   264.5819939,   310.6576357,   358,   38.70998895,   13.92484298,   203.0502538,   4.73424,   121.1300424,   117.0896307,    -999999,  0.35908,    -999999,  99.418,   93.004,   53.14,    -999999,  -3.454,   0.33,   310.6639939,   262.6459939,   271.4059939,   570.13,   950.698,    -999999,   -999999,   -999999,   -999999,  3.02668,   2.76096,   3.21512,   2.95772,   93.348,    -999999,   -999999,   -999999,  0.2096,   4.52464,   60.56,   412.105,   1.890911111,   0.1097315789,   411.5,   1891.23,   113.43,   331.14,   9.69,   541.4,    -999999,   -999999,  231.19,   511.77,   3.37,   72.04,   8.77,   0.52,   31.49,   16.57,   105.97,   8.57,   26.51,   22.7,   1.45,   1,   3.98,   3.32,   0.38,   1.95,   84.76,   5.15,   2.2,   7.58,   0.36,   0.79,   543.65,   600.46,   66.45,   12.12,   2.27,   131.04,   1579.56,   502.67,   120.07,   47.8,   23.14,   23.11,   27.05,    -999999,  0.16,   0.2,   0.2,   0.65,   8.04,   249.36,          1.6132000  
57262,   121,          1600667.0,         16.000000,  9.762667356,   40.430192,   267.837927,   4.589337081,   570.366,   264.5879939,   310.6279484,   358,   38.69168329,   14.09010235,   203.7967542,   4.73166,   121.7576592,   117.1307859,    -999999,  0.35924,    -999999,  97.852,   91.464,   53.2,    -999999,  -3.412,   0.252,   310.6319939,   262.7499939,   271.4139939,   570.366,   950.618,    -999999,   -999999,   -999999,   -999999,  3.050604,   2.7838,   3.21664,   2.95928,   94.072,    -999999,   -999999,   -999999,  0.20898,   4.52268,   65.1,   412.145,   1.8918,   0.112,   411.5,   1891.23,   113.43,   331.14,   9.69,   541.4,    -999999,   -999999,  231.19,   511.77,   3.37,   72.04,   8.77,   0.52,   31.49,   16.57,   105.97,   8.57,   26.51,   22.7,   1.45,   1,   3.98,   3.32,   0.38,   1.95,   84.76,   5.15,   2.2,   7.58,   0.36,   0.79,   543.65,   600.46,   66.45,   12.12,   2.27,   131.04,   1579.56,   502.67,   120.07,   47.8,   23.14,   23.11,   27.05,    -999999,  0.16,   0.2,   0.2,   0.65,   8.04,   249.36,          1.7608000  
57267,   121,          1600668.0,         16.000000,  9.764535164,   40.4301028,   267.8451108,   4.587374169,   570.514,   264.5599939,   310.5720532,   358,   38.67342298,   14.439556,   205.5638483,   4.73058,   122.1897888,   116.8108042,    -999999,  0.35826,    -999999,  96.946,   90.516,   52.92,    -999999,  -3.336,   0.294,   310.5719939,   262.9119939,   271.3479939,   570.514,   950.644,    -999999,   -999999,   -999999,   -999999,  3.089338,   2.8197,   3.20962,   2.952,   95.518,    -999999,   -999999,   -999999,  0.21142,   4.51916,   63.82,   412.115,   1.8924,   0.1103578947,   411.5,   1891.23,   113.43,   331.14,   9.69,   541.4,    -999999,   -999999,  231.19,   511.77,   3.37,   72.04,   8.77,   0.52,   31.49,   16.57,   105.97,   8.57,   26.51,   22.7,   1.45,   1,   3.98,   3.32,   0.38,   1.95,   84.76,   5.15,   2.2,   7.58,   0.36,   0.79,   543.65,   600.46,   66.45,   12.12,   2.27,   131.04,   1579.56,   502.67,   120.07,   47.8,   23.14,   23.11,   27.05,    -999999,  0.16,   0.2,   0.2,   0.65,   8.04,   249.36,          1.7192000  
57272,   121,          1600669.0,         16.000000,  9.766404387,   40.4300854,   267.8523158,   4.589233449,   570.374,   264.5979939,   310.6384436,   358,   38.65519241,   14.69233065,   206.9961225,   4.73226,   122.488164,   116.5103712,    -999999,  0.3573,    -999999,  96.246,   89.806,   52.62,    -999999,  -3.31,   0.214,   310.6379939,   262.9059939,   271.3499939,   570.374,   950.642,    -999999,   -999999,   -999999,   -999999,  3.088668,   2.81842,   3.21916,   2.96188,   95.158,    -999999,   -999999,   -999999,  0.22024,   4.51202,   63.18,   412.1775,   1.8915,   0.11395,    -999999,   -999999,   -999999,   -999999,   -999999,   -999999,   -999999,   -999999,   -999999,   -999999,   -999999,   -999999,   -999999,   -999999,   -999999,   -999999,   -999999,   -999999,   -999999,   -999999,   -999999,   -999999,   -999999,   -999999,   -999999,   -999999,   -999999,   -999999,   -999999,   -999999,   -999999,   -999999,   -999999,   -999999,   -999999,   -999999,   -999999,   -999999,   -999999,   -999999,   -999999,   -999999,   -999999,   -999999,   -999999,   -999999,   -999999,   -999999,   -999999,   -999999,   -999999,   -999999,         1.7320000  
57277,   121,          1600670.0,         16.000000,  9.768274782,   40.4301524,   267.8595384,   4.591671849,   570.19,   264.5439939,   310.6036792,   358,   38.63700063,   14.60776817,   207.4358145,   4.73452,   122.8071168,   116.5175734,    -999999,  0.35736,    -999999,  95.132,   88.814,   52.62,    -999999,  -3.358,   0.368,   310.6019939,   262.9039939,   271.2959939,   570.19,   950.718,    -999999,   -999999,   -999999,   -999999,  3.089162,   2.81794,   3.2056,   2.94786,   95.594,    -999999,   -999999,   -999999,  0.23406,   4.50046,   63.06,   412.1785714,   1.892881818,   0.11415,    -999999,   -999999,   -999999,   -999999,   -999999,   -999999,   -999999,   -999999,   -999999,   -999999,   -999999,   -999999,   -999999,   -999999,   -999999,   -999999,   -999999,   -999999,   -999999,   -999999,   -999999,   -999999,   -999999,   -999999,   -999999,   -999999,   -999999,   -999999,   -999999,   -999999,   -999999,   -999999,   -999999,   -999999,   -999999,   -999999,   -999999,   -999999,   -999999,   -999999,   -999999,   -999999,   -999999,   -999999,   -999999,   -999999,   -999999,   -999999,   -999999,   -999999,   -999999,   -999999,         1.7752000  
57282,   121,          1600671.0,         16.000000,  9.770146431,   40.4303044,   267.8667798,   4.594262649,   569.994,   264.4279939,   310.4979811,   358,   38.6188473,   15.17588997,   209.0366509,   4.73646,   123.1878024,   116.1255701,    -999999,  0.35624,    -999999,  94.572,   88.134,   52.26,    -999999,  -3.228,   0.372,   310.4979939,   262.6599939,   271.1379939,   569.994,   950.72,    -999999,   -999999,   -999999,   -999999,  3.030922,   2.76414,   3.17674,   2.91794,   94.728,    -999999,   -999999,   -999999,  0.23612,   4.50034,   62.08,   412.26,   1.89595,   0.11315,    -999999,   -999999,   -999999,   -999999,   -999999,   -999999,   -999999,   -999999,   -999999,   -999999,   -999999,   -999999,   -999999,   -999999,   -999999,   -999999,   -999999,   -999999,   -999999,   -999999,   -999999,   -999999,   -999999,   -999999,   -999999,   -999999,   -999999,   -999999,   -999999,   -999999,   -999999,   -999999,   -999999,   -999999,   -999999,   -999999,   -999999,   -999999,   -999999,   -999999,   -999999,   -999999,   -999999,   -999999,   -999999,   -999999,   -999999,   -999999,   -999999,   -999999,   -999999,   -999999,         1.9888000  
57287,   121,          1600672.0,         16.000000,  9.77201952,   40.4305062,   267.8740428,   4.595743977,   569.882,   264.3619939,   310.4379118,   358,   38.60071237,   15.91468514,   208.7735183,   4.73834,   123.619932,   116.2089094,    -999999,  0.35652,    -999999,  94.44,   87.704,   52.34,    -999999,  -3.3,   0.206,   310.4399939,   262.4299939,   271.0819939,   569.882,   950.698,    -999999,   -999999,   -999999,   -999999,  2.97623,   2.71394,   3.16036,   2.90104,   93.552,    -999999,   -999999,   -999999,  0.22722,   4.51112,   60.92,   412.24,   1.896281818,   0.1162,    -999999,   -999999,   -999999,   -999999,   -999999,   -999999,   -999999,   -999999,   -999999,   -999999,   -999999,   -999999,   -999999,   -999999,   -999999,   -999999,   -999999,   -999999,   -999999,   -999999,   -999999,   -999999,   -999999,   -999999,   -999999,   -999999,   -999999,   -999999,   -999999,   -999999,   -999999,   -999999,   -999999,   -999999,   -999999,   -999999,   -999999,   -999999,   -999999,   -999999,   -999999,   -999999,   -999999,   -999999,   -999999,   -999999,   -999999,   -999999,   -999999,   -999999,   -999999,   -999999,         2.0568000  
