inputs/ACTAMERICA_Merge/B200/ACTAMERICA-mrg05-b200_merge_20170308_R0_L1.ict
136, 1001
Shook, Michael
NASA Atmospheric Composition Branch, NASA Langley Research Center (SSAI)
Merged data file for ACT-AMERICA 2017, Flight 23 (20170308), on the b200 platform. Data is merged to 05 seconds.
NASA ACT-AMERICA 2017
1, 1
2017, 03, 08, 2018, 02, 22
05
UTC,s
97
1, 1, 1, 1, 1, 1, 1, 1, 1, 1, 1, 1, 1, 1, 1, 1, 1, 1, 1, 1, 1, 1, 1, 1, 1, 1, 1, 1, 1, 1, 1, 1, 1, 1, 1, 1, 1, 1, 1, 1, 1, 1, 1, 1, 1, 1, 1, 1, 1, 1, 1, 1, 1, 1, 1, 1, 1, 1, 1, 1, 1, 1, 1, 1, 1, 1, 1, 1, 1, 1, 1, 1, 1, 1, 1, 1, 1, 1, 1, 1, 1, 1, 1, 1, 1, 1, 1, 1, 1, 1, 1, 1, 1, 1, 1, 1, 1
-999999, -999999, -999999, -999999, -999999, -999999, -999999, -999999, -999999, -999999, -999999, -999999, -999999, -999999, -999999, -999999, -999999, -999999, -999999, -999999, -999999, -999999, -999999, -999999, -999999, -999999, -999999, -999999, -999999, -999999, -999999, -999999, -999999, -999999, -999999, -999999, -999999, -999999, -999999, -999999, -999999, -999999, -999999, -999999, -999999, -999999, -999999, -999999, -999999, -999999, -999999, -999999, -999999, -999999, -999999, -999999, -999999, -999999, -999999, -999999, -999999, -999999, -999999, -999999, -999999, -999999, -999999, -999999, -999999, -999999, -999999, -999999, -999999, -999999, -999999, -999999, -999999, -999999, -999999, -999999, -999999, -999999, -999999, -999999, -999999, -999999, -999999, -999999, -999999, -999999, -999999, -999999, -999999, -999999, -999999, -999999, -999999
JDAY, days
INDEX, none
FLIGHT, none
LOCAL_SUN_TIME, hour
LATITUDE, degs
LONGITUDE, degs
ALTP, km
PRESSURE, hPa
TEMPERATURE, K
THETA, K
O3COLUMN, DU
SZA, deg
GPS_ALT, km
GRD_SPD, m/s
TAS, m/s
IAS, m/s
MachNumber, mach
VerticalSpeed, ft min-1
HDG, degs
TRK, degs
PITCH, degs
ROLL, degs
PotentialTemp, K
Dewpoint, K
TotalAirTemp, K
CabinPressure, hPa
SolarZenithAngle, degs
AircraftSunElevation, degs
SunAzimuth, degs
AircraftSunAzimuth, degs
H2O_MixingRatio, g kg-1
H2O_VaporPressure, hPa
H2O_SatVaporPressureWater, hPa
H2O_SatVaporPressureIce, hPa
H2O_RelativeHumidity, %
DifferentialPressure, hPa
U_WINDS, m s-1
V_WINDS, m s-1
Ground_Elevation, km
Altitude_AGL, km
O3_MixingRatio, ppbv
CO2_MixingRatio_PICARRO, ppmv
CH4_MixingRatio_PICARRO, ppmv
CO_MixingRatio_PICARRO, ppmv
CO2_MoleFraction_PFP, ppm
CH4_MoleFraction_PFP, ppb
CO_MoleFraction_PFP, ppb
N2O_MoleFraction_PFP, ppb
SF6_MoleFraction_PFP, ppt
H2_MoleFraction_PFP, ppb
CH4C13_PFP, per mil
CO2C14_PFP, per mil
F11B_MoleFraction_PFP, ppt
FC12_MoleFraction_PFP, ppt
F13_MoleFraction_PFP, ppt
F113_MoleFraction_PFP, ppt
F115_MoleFraction_PFP, ppt
HF133a_MoleFraction_PFP, ppt
F23_MoleFraction_PFP, ppt
F32_MoleFraction_PFP, ppt
F134A_MoleFraction_PFP, ppt
F152A_MoleFraction_PFP, ppt
F125_MoleFraction_PFP, ppt
F143a_MoleFraction_PFP, ppt
F227e_MoleFraction_PFP, ppt
F365m_MoleFraction_PFP, ppt
H1211_MoleFraction_PFP, ppt
H1301_MoleFraction_PFP, ppt
H2402_MoleFraction_PFP, ppt
MCFA_MoleFraction_PFP, ppt
CF4_MoleFraction_PFP, ppt
C2F6_MoleFraction_PFP, ppt
SO2F2_MoleFraction_PFP, ppt
MEBR_MoleFraction_PFP, ppt
CH3I_MoleFraction_PFP, ppt
DIBR_MoleFraction_PFP, ppt
OCS_MoleFraction_PFP, ppt
MECL_MoleFraction_PFP, ppt
DICL_MoleFraction_PFP, ppt
CLHF_MoleFraction_PFP, ppt
PCE_MoleFraction_PFP, ppt
C2H2_MoleFraction_PFP, ppt
C2H6_MoleFraction_PFP, ppt
C3H8_MoleFraction_PFP, ppt
nC4H10_MoleFraction_PFP, ppt
[...]
[from data line 1497]
70062,   67,          2301498.0,         23.000000,  14.26867274,   40.308762,   282.0946744,   0.810865546,   919.52,   281.8919939,   288.7312782,   338.6669922,   54.93881882,   0.74162,   82.94830561,   85.24888129,    -999999,  0.25328,    -999999,  336.94,   345.18,   5.2,   -4,   288.7319939,   262.6499939,   285.5099939,   954.22,    -999999,   -999999,   -999999,   -999999,  1.876136,   2.76524,   11.32534,   12.32216,   24.416,   41.964,   11.282,   2.706,   0.20336,   0.53826,   48.8,   412.435,   1.95035,   0.1272,    -999999,   -999999,   -999999,   -999999,   -999999,   -999999,   -999999,   -999999,   -999999,   -999999,   -999999,   -999999,   -999999,   -999999,   -999999,   -999999,   -999999,   -999999,   -999999,   -999999,   -999999,   -999999,   -999999,   -999999,   -999999,   -999999,   -999999,   -999999,   -999999,   -999999,   -999999,   -999999,   -999999,   -999999,   -999999,   -999999,   -999999,   -999999,   -999999,   -999999,   -999999,   -999999,   -999999,   -999999,   -999999,   -999999,   -999999,   -999999,   -999999,   -999999,   -999999,   -999999,     -999999  
70067,   67,          2301499.0,         23.000000,  14.26998108,   40.312361,   282.0934662,   0.8406140264,   916.22,   281.6959939,   288.8270606,   338.6669922,   54.95164923,   0.76854,   82.48530961,   84.24057889,    -999999,  0.25038,    -999999,  338.12,   346.68,   4.52,   3.02,   288.8299939,   263.2299939,   285.2299939,   954.12,    -999999,   -999999,   -999999,   -999999,  1.971648,   2.89518,   11.17648,   12.13756,   25.912,   40.85,   13.99333333,   3.16,   0.22104,   0.5475,   50.08,   412.365,   1.950688889,   0.1320789474,    -999999,   -999999,   -999999,   -999999,   -999999,   -999999,   -999999,   -999999,   -999999,   -999999,   -999999,   -999999,   -999999,   -999999,   -999999,   -999999,   -999999,   -999999,   -999999,   -999999,   -999999,   -999999,   -999999,   -999999,   -999999,   -999999,   -999999,   -999999,   -999999,   -999999,   -999999,   -999999,   -999999,   -999999,   -999999,   -999999,   -999999,   -999999,   -999999,   -999999,   -999999,   -999999,   -999999,   -999999,   -999999,   -999999,   -999999,   -999999,   -999999,   -999999,   -999999,   -999999,     -999999  
70072,   67,          2301500.0,         23.000000,  14.27129992,   40.3159574,   282.0924154,   0.8635593707,   913.68,   281.2159939,   288.5637001,   338.6669922,   54.96456177,   0.79212,   80.95227841,   84.52763641,    -999999,  0.25144,    -999999,  334.76,   347.52,   5.82,   -2.66,   288.5619939,   263.6699939,   284.7699939,   954.04,    -999999,   -999999,   -999999,   -999999,  2.046946,   2.99706,   10.81814,   11.69456,   27.712,   41.082,   18.934,   4.028,   0.25642,   0.5357,   51.18,   412.334,   1.9499,   0.1354,    -999999,   -999999,   -999999,   -999999,   -999999,   -999999,   -999999,   -999999,   -999999,   -999999,   -999999,   -999999,   -999999,   -999999,   -999999,   -999999,   -999999,   -999999,   -999999,   -999999,   -999999,   -999999,   -999999,   -999999,   -999999,   -999999,   -999999,   -999999,   -999999,   -999999,   -999999,   -999999,   -999999,   -999999,   -999999,   -999999,   -999999,   -999999,   -999999,   -999999,   -999999,   -999999,   -999999,   -999999,   -999999,   -999999,   -999999,   -999999,   -999999,   -999999,   -999999,   -999999,     -999999  
70077,   67,          2301501.0,         23.000000,  14.27261926,   40.3194674,   282.0913722,   0.887845835,   911,   280.8559939,   288.4362731,   338.6669922,   54.97741733,   0.81544,   79.19289361,   84.01834081,    -999999,  0.2501,    -999999,  332.04,   346.8,   4.9,   -3.5,   288.4379939,   263.6299939,   284.3699939,   953.98,    -999999,   -999999,   -999999,   -999999,  2.046522,   2.98768,   10.55532,   11.37092,   28.306,   40.512,   21.25,   4.042,   0.30428,   0.51116,   52.22,   412.3,   1.94885,   0.1315578947,    -999999,   -999999,   -999999,   -999999,   -999999,   -999999,   -999999,   -999999,   -999999,   -999999,   -999999,   -999999,   -999999,   -999999,   -999999,   -999999,   -999999,   -999999,   -999999,   -999999,   -999999,   -999999,   -999999,   -999999,   -999999,   -999999,   -999999,   -999999,   -999999,   -999999,   -999999,   -999999,   -999999,   -999999,   -999999,   -999999,   -999999,   -999999,   -999999,   -999999,   -999999,   -999999,   -999999,   -999999,   -999999,   -999999,   -999999,   -999999,   -999999,   -999999,   -999999,   -999999,     -999999  
70082,   67,          2301502.0,         23.000000,  14.27393464,   40.322914,   282.0902696,   0.9052682032,   909.08,   280.6939939,   288.443722,   338.6669922,   54.99019796,   0.83318,   78.69903121,   84.04612057,    -999999,  0.25022,    -999999,  331.98,   345.7,   3.7,   -2.6,   288.4459939,   263.0099939,   284.2099939,   953.92,    -999999,   -999999,   -999999,   -999999,  1.952902,   2.84544,   10.43906,   11.22816,   27.258,   40.48,   19.664,   2.892,   0.27916,   0.55402,   51.22,   412.245,   1.949516667,   0.1266,   412.16,   1952.15,   132.8,   330.02,   9.39,   502.74,   -47.34,   6.32,   230.68,   515.45,   3.42,   70.3,   8.68,   0.54,   34.11,   16.35,   103.11,   13.05,   24.29,   21.59,   1.32,   1.13,   4.36,   3.31,   0.42,   2.52,   88.14,   4.8,   2.43,   6.77,   0.28,   1.14,   551.45,   565.54,   73.89,   15.03,   4.01,   341.65,   2943,   1029.27,   285.12,   143.53,   71,   79.69,   85.76,   47.25,   0.23,   0.17,   0.96,   0.62,   29.05,   253.53,      -999999  
70087,   67,          2301503.0,         23.000000,  14.27524445,   40.3263368,   282.0890834,   0.9205386834,   907.4,   280.5839939,   288.4831066,   338.6669922,   55.00292002,   0.84696,   78.59614321,   82.23632065,    -999999,  0.2449,    -999999,  330.02,   344.62,   3.98,   -3.38,   288.4839939,   261.9499939,   283.9499939,   953.92,    -999999,   -999999,   -999999,   -999999,  1.798176,   2.6158,   10.36082,   11.13228,   25.244,   38.672,   19.842,   5.37,   0.23406,   0.6129,   49.98,   412.25,   1.949191667,   0.1228421053,   412.16,   1952.15,   132.8,   330.02,   9.39,   502.74,   -47.34,   6.32,   230.68,   515.45,   3.42,   70.3,   8.68,   0.54,   34.11,   16.35,   103.11,   13.05,   24.29,   21.59,   1.32,   1.13,   4.36,   3.31,   0.42,   2.52,   88.14,   4.8,   2.43,   6.77,   0.28,   1.14,   551.45,   565.54,   73.89,   15.03,   4.01,   341.65,   2943,   1029.27,   285.12,   143.53,   71,   79.69,   85.76,   47.25,   0.23,   0.17,   0.96,   0.62,   29.05,   253.53,      -999999  
70092,   67,          2301504.0,         23.000000,  14.27655234,   40.3297618,   282.0878684,   0.9232696914,   907.1,   280.4419939,   288.3643515,   338.6669922,   55.01563099,   0.8488,   79.20318241,   81.51610465,    -999999,  0.24282,    -999999,  330.9,   345.22,   4.32,   0.42,   288.3639939,   261.0499939,   283.7499939,   953.94,    -999999,   -999999,   -999999,   -999999,  1.673186,   2.43364,   10.26062,   11.00962,   23.718,   37.996,   18.76,   5.928,   0.23454,   0.61426,   48.14,   412.282,   1.9499,   0.12995,   412.16,   1952.15,   132.8,   330.02,   9.39,   502.74,   -47.34,   6.32,   230.68,   515.45,   3.42,   70.3,   8.68,   0.54,   34.11,   16.35,   103.11,   13.05,   24.29,   21.59,   1.32,   1.13,   4.36,   3.31,   0.42,   2.52,   88.14,   4.8,   2.43,   6.77,   0.28,   1.14,   551.45,   565.54,   73.89,   15.03,   4.01,   341.65,   2943,   1029.27,   285.12,   143.53,   71,   79.69,   85.76,   47.25,   0.23,   0.17,   0.96,   0.62,   29.05,   253.53,      -999999  
70097,   67,          2301505.0,         23.000000,  14.27786164,   40.3332236,   282.0866746,   0.9260067954,   906.8,   280.4719939,   288.422456,   338.6669922,   55.02838217,   0.85008,   79.84108801,   80.16209857,    -999999,  0.23876,    -999999,  331.6,   344.98,   4.34,   -2.16,   288.4219939,   260.6699939,   283.6699939,   953.94,    -999999,   -999999,   -999999,   -999999,  1.62292,   2.35992,   10.28174,   11.03544,   22.952,   36.708,   16.912,   7.262,   0.22882,   0.62126,   52.82,   412.298,   1.949677778,   0.1308454545,   412.16,   1952.15,   132.8,   330.02,   9.39,   502.74,   -47.34,   6.32,   230.68,   515.45,   3.42,   70.3,   8.68,   0.54,   34.11,   16.35,   103.11,   13.05,   24.29,   21.59,   1.32,   1.13,   4.36,   3.31,   0.42,   2.52,   88.14,   4.8,   2.43,   6.77,   0.28,   1.14,   551.45,   565.54,   73.89,   15.03,   4.01,   341.65,   2943,   1029.27,   285.12,   143.53,   71,   79.69,   85.76,   47.25,   0.23,   0.17,   0.96,   0.62,   29.05,   253.53,      -999999  
70102,   67,          2301506.0,         23.000000,  14.27916821,   40.3367042,   282.0854398,   0.9278234035,   906.6,   280.5139939,   288.4838271,   338.6669922,   55.04112801,   0.85226,   80.32466161,   82.34538193,    -999999,  0.24526,    -999999,  332.04,   344.86,   4.54,   -0.68,   288.4859939,   261.1699939,   283.8899939,   954.04,    -999999,   -999999,   -999999,   -999999,  1.690458,   2.45732,   10.3114,   11.07176,   23.83,   38.756,   17.516,   5.718,   0.255,   0.59726,   50,   412.295,   1.9495,   0.1209952381,   412.16,   1952.15,   132.8,   330.02,   9.39,   502.74,   -47.34,   6.32,   230.68,   515.45,   3.42,   70.3,   8.68,   0.54,   34.11,   16.35,   103.11,   13.05,   24.29,   21.59,   1.32,   1.13,   4.36,   3.31,   0.42,   2.52,   88.14,   4.8,   2.43,   6.77,   0.28,   1.14,   551.45,   565.54,   73.89,   15.03,   4.01,   341.65,   2943,   1029.27,   285.12,   143.53,   71,   79.69,   85.76,   47.25,   0.23,   0.17,   0.96,   0.62,   29.05,   253.53,      -999999  
70107,   67,          2301507.0,         23.000000,  14.28047334,   40.3401924,   282.0841834,   0.9391192916,   905.36,   280.5079939,   288.5904886,   338.6669922,   55.0538704,   0.86592,   80.38639441,   81.45231409,    -999999,  0.24262,    -999999,  331.28,   343.92,   6.64,   -3.74,   288.5899939,   262.1699939,   283.8099939,   954.38,    -999999,   -999999,   -999999,   -999999,  1.83425,   2.66208,   10.30726,   11.06674,   25.826,   37.86,   16.97,   6.02,   0.27516,   0.59076,   50.24,   412.29,   1.950322222,   0.1306454545,   412.16,   1952.15,   132.8,   330.02,   9.39,   502.74,   -47.34,   6.32,   230.68,   515.45,   3.42,   70.3,   8.68,   0.54,   34.11,   16.35,   103.11,   13.05,   24.29,   21.59,   1.32,   1.13,   4.36,   3.31,   0.42,   2.52,   88.14,   4.8,   2.43,   6.77,   0.28,   1.14,   551.45,   565.54,   73.89,   15.03,   4.01,   341.65,   2943,   1029.27,   285.12,   143.53,   71,   79.69,   85.76,   47.25,   0.23,   0.17,   0.96,   0.62,   29.05,   253.53,      -999999  
70112,   67,          2301508.0,         23.000000,  14.28176951,   40.3436538,   282.0827926,   0.9633935639,   902.7,   280.3819939,   288.7034635,   338.6669922,   55.06652544,   0.8907,   80.60245921,   83.66749273,    -999999,  0.24924,    -999999,  333.28,   342.34,   5.82,   -2.5,   288.7079939,   262.9299939,   283.8699939,   954.44,    -999999,   -999999,   -999999,   -999999,  1.954154,   2.82718,   10.219,   10.95878,   27.674,   39.886,   13.304,   3.188,   0.30446,   0.58624,   52.3,   412.3,   1.9504,   0.133,   412.16,   1952.15,   132.8,   330.02,   9.39,   502.74,   -47.34,   6.32,   230.68,   515.45,   3.42,   70.3,   8.68,   0.54,   34.11,   16.35,   103.11,   13.05,   24.29,   21.59,   1.32,   1.13,   4.36,   3.31,   0.42,   2.52,   88.14,   4.8,   2.43,   6.77,   0.28,   1.14,   551.45,   565.54,   73.89,   15.03,   4.01,   341.65,   2943,   1029.27,   285.12,   143.53,   71,   79.69,   85.76,   47.25,   0.23,   0.17,   0.96,   0.62,   29.05,   253.53,      -999999  
70117,   67,          2301509.0,         23.000000,  14.28306052,   40.347121,   282.0813244,   0.9890089562,   899.9,   280.1479939,   288.7186738,   338.6669922,   55.07914658,   0.91594,   81.24036481,   82.12520161,    -999999,  0.24478,    -999999,  330.66,   341.54,   6,   -3.18,   288.7239939,   263.3699939,   283.5099939,   954.38,    -999999,   -999999,   -999999,   -999999,  2.029626,   2.92694,   10.0561,   10.75986,   29.112,   38.35,   13.3825,   7.105,   0.37994,   0.536,   53.42,   412.31,   1.9507,   0.13325,    -999999,   -999999,   -999999,   -999999,   -999999,   -999999,   -999999,   -999999,   -999999,   -999999,   -999999,   -999999,   -999999,   -999999,   -999999,   -999999,   -999999,   -999999,   -999999,   -999999,   -999999,   -999999,   -999999,   -999999,   -999999,   -999999,   -999999,   -999999,   -999999,   -999999,   -999999,   -999999,   -999999,   -999999,   -999999,   -999999,   -999999,   -999999,   -999999,   -999999,   -999999,   -999999,   -999999,   -999999,   -999999,   -999999,   -999999,   -999999,   -999999,   -999999,   -999999,   -999999,     -999999  
70122,   67,          2301510.0,         23.000000,  14.28434102,   40.3505584,   282.0796986,   1.017818653,   896.76,   279.9339939,   288.7863879,   338.6669922,   55.091666,   0.9426,   81.03458881,   86.84878969,    -999999,  0.25896,    -999999,  327.68,   338.26,   4.82,   -8.36,   288.7879939,   263.3499939,   283.6899939,   954.24,    -999999,   -999999,   -999999,   -999999,  2.033482,   2.92232,   9.90906,   10.58068,   29.492,   42.81,   16.795,   2.8,   0.48318,   0.45942,   50.66,   412.34,   1.952,   0.131,    -999999,   -999999,   -999999,   -999999,   -999999,   -999999,   -999999,   -999999,   -999999,   -999999,   -999999,   -999999,   -999999,   -999999,   -999999,   -999999,   -999999,   -999999,   -999999,   -999999,   -999999,   -999999,   -999999,   -999999,   -999999,   -999999,   -999999,   -999999,   -999999,   -999999,   -999999,   -999999,   -999999,   -999999,   -999999,   -999999,   -999999,   -999999,   -999999,   -999999,   -999999,   -999999,   -999999,   -999999,   -999999,   -999999,   -999999,   -999999,   -999999,   -999999,   -999999,   -999999,     -999999  
70127,   67,          2301511.0,         23.000000,  14.28560493,   40.3539206,   282.077824,   1.043568157,   893.96,   279.5059939,   288.6026033,   338.6669922,   55.10400299,   0.96402,   81.47700721,   89.68129633,    -999999,  0.26762,    -999999,  324.92,   336.2,   3.16,   -1.74,   288.6019939,   263.0499939,   283.5099939,   953.74,    -999999,   -999999,   -999999,   -999999,  1.99203,   2.85398,   9.62132,   10.2313,   29.666,   45.622,   18.278,   2.048,   0.58366,   0.38036,   53.22,   412.2771429,   1.9512,   0.1280631579,    -999999,   -999999,   -999999,   -999999,   -999999,   -999999,   -999999,   -999999,   -999999,   -999999,   -999999,   -999999,   -999999,   -999999,   -999999,   -999999,   -999999,   -999999,   -999999,   -999999,   -999999,   -999999,   -999999,   -999999,   -999999,   -999999,   -999999,   -999999,   -999999,   -999999,   -999999,   -999999,   -999999,   -999999,   -999999,   -999999,   -999999,   -999999,   -999999,   -999999,   -999999,   -999999,   -999999,   -999999,   -999999,   -999999,   -999999,   -999999,   -999999,   -999999,   -999999,   -999999,         2.7722000  
