inputs/ACTAMERICA_Merge/B200/ACTAMERICA-mrg05-b200_merge_20170219_R0_L2.ict
136, 1001
Shook, Michael
NASA Atmospheric Composition Branch, NASA Langley Research Center (SSAI)
Merged data file for ACT-AMERICA 2017, Flight 15 (20170219), on the b200 platform. Data is merged to 05 seconds.
NASA ACT-AMERICA 2017
1, 1
2017, 02, 19, 2018, 02, 22
05
UTC,s
97
1, 1, 1, 1, 1, 1, 1, 1, 1, 1, 1, 1, 1, 1, 1, 1, 1, 1, 1, 1, 1, 1, 1, 1, 1, 1, 1, 1, 1, 1, 1, 1, 1, 1, 1, 1, 1, 1, 1, 1, 1, 1, 1, 1, 1, 1, 1, 1, 1, 1, 1, 1, 1, 1, 1, 1, 1, 1, 1, 1, 1, 1, 1, 1, 1, 1, 1, 1, 1, 1, 1, 1, 1, 1, 1, 1, 1, 1, 1, 1, 1, 1, 1, 1, 1, 1, 1, 1, 1, 1, 1, 1, 1, 1, 1, 1, 1
-999999, -999999, -999999, -999999, -999999, -999999, -999999, -999999, -999999, -999999, -999999, -999999, -999999, -999999, -999999, -999999, -999999, -999999, -999999, -999999, -999999, -999999, -999999, -999999, -999999, -999999, -999999, -999999, -999999, -999999, -999999, -999999, -999999, -999999, -999999, -999999, -999999, -999999, -999999, -999999, -999999, -999999, -999999, -999999, -999999, -999999, -999999, -999999, -999999, -999999, -999999, -999999, -999999, -999999, -999999, -999999, -999999, -999999, -999999, -999999, -999999, -999999, -999999, -999999, -999999, -999999, -999999, -999999, -999999, -999999, -999999, -999999, -999999, -999999, -999999, -999999, -999999, -999999, -999999, -999999, -999999, -999999, -999999, -999999, -999999, -999999, -999999, -999999, -999999, -999999, -999999, -999999, -999999, -999999, -999999, -999999, -999999
JDAY, days
INDEX, none
FLIGHT, none
LOCAL_SUN_TIME, hour
LATITUDE, degs
LONGITUDE, degs
ALTP, km
PRESSURE, hPa
TEMPERATURE, K
THETA, K
O3COLUMN, DU
SZA, deg
GPS_ALT, km
GRD_SPD, m/s
TAS, m/s
IAS, m/s
MachNumber, mach
VerticalSpeed, ft min-1
HDG, degs
TRK, degs
PITCH, degs
ROLL, degs
PotentialTemp, K
Dewpoint, K
TotalAirTemp, K
CabinPressure, hPa
SolarZenithAngle, degs
AircraftSunElevation, degs
SunAzimuth, degs
AircraftSunAzimuth, degs
H2O_MixingRatio, g kg-1
H2O_VaporPressure, hPa
H2O_SatVaporPressureWater, hPa
H2O_SatVaporPressureIce, hPa
H2O_RelativeHumidity, %
DifferentialPressure, hPa
U_WINDS, m s-1
V_WINDS, m s-1
Ground_Elevation, km
Altitude_AGL, km
O3_MixingRatio, ppbv
CO2_MixingRatio_PICARRO, ppmv
CH4_MixingRatio_PICARRO, ppmv
CO_MixingRatio_PICARRO, ppmv
CO2_MoleFraction_PFP, ppm
CH4_MoleFraction_PFP, ppb
CO_MoleFraction_PFP, ppb
N2O_MoleFraction_PFP, ppb
SF6_MoleFraction_PFP, ppt
H2_MoleFraction_PFP, ppb
CH4C13_PFP, per mil
CO2C14_PFP, per mil
F11B_MoleFraction_PFP, ppt
FC12_MoleFraction_PFP, ppt
F13_MoleFraction_PFP, ppt
F113_MoleFraction_PFP, ppt
F115_MoleFraction_PFP, ppt
HF133a_MoleFraction_PFP, ppt
F23_MoleFraction_PFP, ppt
F32_MoleFraction_PFP, ppt
F134A_MoleFraction_PFP, ppt
F152A_MoleFraction_PFP, ppt
F125_MoleFraction_PFP, ppt
F143a_MoleFraction_PFP, ppt
F227e_MoleFraction_PFP, ppt
F365m_MoleFraction_PFP, ppt
H1211_MoleFraction_PFP, ppt
H1301_MoleFraction_PFP, ppt
H2402_MoleFraction_PFP, ppt
MCFA_MoleFraction_PFP, ppt
CF4_MoleFraction_PFP, ppt
C2F6_MoleFraction_PFP, ppt
SO2F2_MoleFraction_PFP, ppt
MEBR_MoleFraction_PFP, ppt
CH3I_MoleFraction_PFP, ppt
DIBR_MoleFraction_PFP, ppt
OCS_MoleFraction_PFP, ppt
MECL_MoleFraction_PFP, ppt
DICL_MoleFraction_PFP, ppt
CLHF_MoleFraction_PFP, ppt
PCE_MoleFraction_PFP, ppt
C2H2_MoleFraction_PFP, ppt
C2H6_MoleFraction_PFP, ppt
C3H8_MoleFraction_PFP, ppt
nC4H10_MoleFraction_PFP, ppt
[...]
[from data line 786]
78022,   50,          1503701.0,         15.000000,  15.13290157,   38.9670914,   261.8914402,   3.265487032,   677.62,   275.7719939,   308.2050951,   291,   66.60821013,   3.21982,   100.0380024,   104.1668979,    -999999,  0.3129,    -999999,  266.46,   275.08,   5,   -0.88,   308.2039939,   262.8699939,   281.1699939,   862.62,    -999999,   -999999,   -999999,   -999999,  2.591472,   2.8116,   7.40194,   7.592,   37.982,   47.59,   3.212,   14.908,   0.42078,   2.79904,   47.5,   407.295,   1.8815,   0.10985,    -999999,   -999999,   -999999,   -999999,   -999999,   -999999,   -999999,   -999999,   -999999,   -999999,   -999999,   -999999,   -999999,   -999999,   -999999,   -999999,   -999999,   -999999,   -999999,   -999999,   -999999,   -999999,   -999999,   -999999,   -999999,   -999999,   -999999,   -999999,   -999999,   -999999,   -999999,   -999999,   -999999,   -999999,   -999999,   -999999,   -999999,   -999999,   -999999,   -999999,   -999999,   -999999,   -999999,   -999999,   -999999,   -999999,   -999999,   -999999,   -999999,   -999999,   -999999,   -999999,     -999999  
78027,   50,          1503702.0,         15.000000,  15.13390706,   38.9674802,   261.8856892,   3.296192585,   674.96,   275.5959939,   308.3547242,   291,   66.61761621,   3.25236,   100.1511792,   104.1278004,    -999999,  0.3129,    -999999,  266.18,   274.82,   5.12,   -1.04,   308.3519939,   262.0099939,   280.9899939,   862.58,    -999999,   -999999,   -999999,   -999999,  2.42946,   2.6262,   7.30976,   7.48464,   35.926,   47.398,   2.976,   15.006,   0.42384,   2.82852,   55.64,   407.275,   1.8819,   0.11085,   406.9,   1881.44,   104.79,   330.16,   9.34,   510.48,   -47.38,    -999999,  231.67,   516.98,   3.36,   71.2,   8.69,   0.49,    -999999,  13.46,   98,   8.17,   22.51,   20.52,   1.27,   0.99,   4.57,   3.35,   0.4,   2.53,   83.86,    -999999,  2.43,   7.23,   0.22,   0.99,   517.58,   588.73,   56.07,   11.12,   2.16,   154.7,   1146.21,   288.48,   50.96,   28.72,   9.34,   11.87,   33.53,   23.82,   0.19,   0.14,   0.39,    -999999,  4.42,   246.56,      -999999  
78032,   50,          1503703.0,         15.000000,  15.13491225,   38.9678478,   261.8799338,   3.329080505,   672.12,   275.3939939,   308.5001472,   291,   66.62700788,   3.28586,   100.1203128,   104.1350026,    -999999,  0.31302,    -999999,  266.04,   274.52,   5.32,   -0.86,   308.4999939,   261.0899939,   280.7899939,   862.58,    -999999,   -999999,   -999999,   -999999,  2.26589,   2.43972,   7.20532,   7.36336,   33.856,   47.24,   2.948,   14.942,   0.43178,   2.85408,   53.76,   407.28,   1.8816,   0.1013,   406.9,   1881.44,   104.79,   330.16,   9.34,   510.48,   -47.38,    -999999,  231.67,   516.98,   3.36,   71.2,   8.69,   0.49,    -999999,  13.46,   98,   8.17,   22.51,   20.52,   1.27,   0.99,   4.57,   3.35,   0.4,   2.53,   83.86,    -999999,  2.43,   7.23,   0.22,   0.99,   517.58,   588.73,   56.07,   11.12,   2.16,   154.7,   1146.21,   288.48,   50.96,   28.72,   9.34,   11.87,   33.53,   23.82,   0.19,   0.14,   0.39,    -999999,  4.42,   246.56,      -999999  
78037,   50,          1503704.0,         15.000000,  15.13591762,   38.968199,   261.874181,   3.362321994,   669.26,   275.2859939,   308.755111,   291,   66.63639239,   3.3201,   100.05858,   103.8232519,    -999999,  0.31214,    -999999,  266,   274.42,   5.32,   -0.7,   308.7559939,   259.9099939,   280.6499939,   862.66,    -999999,   -999999,   -999999,   -999999,  2.069022,   2.219,   7.14978,   7.29894,   31.036,   46.772,   2.702,   14.552,   0.43834,   2.88176,   53.14,   407.216,   1.88055,   0.10785,   406.9,   1881.44,   104.79,   330.16,   9.34,   510.48,   -47.38,    -999999,  231.67,   516.98,   3.36,   71.2,   8.69,   0.49,    -999999,  13.46,   98,   8.17,   22.51,   20.52,   1.27,   0.99,   4.57,   3.35,   0.4,   2.53,   83.86,    -999999,  2.43,   7.23,   0.22,   0.99,   517.58,   588.73,   56.07,   11.12,   2.16,   154.7,   1146.21,   288.48,   50.96,   28.72,   9.34,   11.87,   33.53,   23.82,   0.19,   0.14,   0.39,    -999999,  4.42,   246.56,      -999999  
78042,   50,          1503705.0,         15.000000,  15.13692306,   38.9685408,   261.8684292,   3.394740522,   666.48,   275.2559939,   309.0888394,   291,   66.64577314,   3.35396,   100.0380024,   103.5289923,    -999999,  0.31128,    -999999,  265.74,   274.32,   5.48,   -0.12,   309.0879939,   257.1699939,   280.5899939,   862.64,    -999999,   -999999,   -999999,   -999999,  1.659072,   1.77314,   7.13446,   7.28118,   24.85,   46.312,   2.366,   15.076,   0.4323,   2.92166,   53.22,   407.036,   1.878672727,   0.1077,   406.9,   1881.44,   104.79,   330.16,   9.34,   510.48,   -47.38,    -999999,  231.67,   516.98,   3.36,   71.2,   8.69,   0.49,    -999999,  13.46,   98,   8.17,   22.51,   20.52,   1.27,   0.99,   4.57,   3.35,   0.4,   2.53,   83.86,    -999999,  2.43,   7.23,   0.22,   0.99,   517.58,   588.73,   56.07,   11.12,   2.16,   154.7,   1146.21,   288.48,   50.96,   28.72,   9.34,   11.87,   33.53,   23.82,   0.19,   0.14,   0.39,    -999999,  4.42,   246.56,      -999999  
78047,   50,          1503706.0,         15.000000,  15.13792859,   38.9688886,   261.8626788,   3.42773817,   663.66,   275.0599939,   309.2431617,   291,   66.65515998,   3.38844,   100.05858,   103.2892632,    -999999,  0.31066,    -999999,  265.88,   274.54,   5.5,   0.24,   309.2459939,   255.3299939,   280.3699939,   862.68,    -999999,   -999999,   -999999,   -999999,  1.425688,   1.5178,   7.03524,   7.16632,   21.572,   45.93,   2.17,   15.376,   0.43346,   2.95498,   51.02,   407.085,   1.878391667,   0.1025,   406.9,   1881.44,   104.79,   330.16,   9.34,   510.48,   -47.38,    -999999,  231.67,   516.98,   3.36,   71.2,   8.69,   0.49,    -999999,  13.46,   98,   8.17,   22.51,   20.52,   1.27,   0.99,   4.57,   3.35,   0.4,   2.53,   83.86,    -999999,  2.43,   7.23,   0.22,   0.99,   517.58,   588.73,   56.07,   11.12,   2.16,   154.7,   1146.21,   288.48,   50.96,   28.72,   9.34,   11.87,   33.53,   23.82,   0.19,   0.14,   0.39,    -999999,  4.42,   246.56,      -999999  
78052,   50,          1503707.0,         15.000000,  15.13893409,   38.9692594,   261.856928,   3.462735307,   660.68,   274.8359939,   309.3888861,   291,   66.6645624,   3.42258,   100.1306016,   103.1246424,    -999999,  0.31032,    -999999,  266.14,   274.9,   5.52,   0.28,   309.3919939,   254.2299939,   280.1299939,   862.58,    -999999,   -999999,   -999999,   -999999,  1.303842,   1.3821,   6.92324,   7.03698,   19.962,   45.614,   2.004,   15.542,   0.42998,   2.9926,   52.42,   407.095,   1.878575,   0.1077,   406.9,   1881.44,   104.79,   330.16,   9.34,   510.48,   -47.38,    -999999,  231.67,   516.98,   3.36,   71.2,   8.69,   0.49,    -999999,  13.46,   98,   8.17,   22.51,   20.52,   1.27,   0.99,   4.57,   3.35,   0.4,   2.53,   83.86,    -999999,  2.43,   7.23,   0.22,   0.99,   517.58,   588.73,   56.07,   11.12,   2.16,   154.7,   1146.21,   288.48,   50.96,   28.72,   9.34,   11.87,   33.53,   23.82,   0.19,   0.14,   0.39,    -999999,  4.42,   246.56,      -999999  
78057,   50,          1503708.0,         15.000000,  15.1399394,   38.969658,   261.8511744,   3.495489115,   657.9,   274.5699939,   309.4620474,   291,   66.67398192,   3.45638,   100.1923344,   102.9888303,    -999999,  0.31006,    -999999,  266.34,   275.24,   5.6,   0.22,   309.4659939,   253.3899939,   279.8499939,   862.58,    -999999,   -999999,   -999999,   -999999,  1.218248,   1.28614,   6.79238,   6.88624,   18.934,   45.344,   1.872,   15.864,   0.43672,   3.01966,   52.16,   407.145,   1.879,   0.1034454545,   406.9,   1881.44,   104.79,   330.16,   9.34,   510.48,   -47.38,    -999999,  231.67,   516.98,   3.36,   71.2,   8.69,   0.49,    -999999,  13.46,   98,   8.17,   22.51,   20.52,   1.27,   0.99,   4.57,   3.35,   0.4,   2.53,   83.86,    -999999,  2.43,   7.23,   0.22,   0.99,   517.58,   588.73,   56.07,   11.12,   2.16,   154.7,   1146.21,   288.48,   50.96,   28.72,   9.34,   11.87,   33.53,   23.82,   0.19,   0.14,   0.39,    -999999,  4.42,   246.56,      -999999  
78062,   50,          1503709.0,         15.000000,  15.14094473,   38.9700812,   261.845421,   3.528590396,   655.1,   274.4099939,   309.6588307,   291,   66.68341835,   3.49008,   100.264356,   102.596827,    -999999,  0.30894,    -999999,  266.54,   275.52,   5.54,   -0.1,   309.6619939,   252.5299939,   279.6499939,   862.56,    -999999,   -999999,   -999999,   -999999,  1.135738,   1.19404,   6.71464,   6.79686,   17.78,   44.826,   1.488,   15.798,   0.43262,   3.05746,   50.68,   407.015,   1.8786,   0.1036454545,    -999999,   -999999,   -999999,   -999999,   -999999,   -999999,   -999999,   -999999,   -999999,   -999999,   -999999,   -999999,   -999999,   -999999,   -999999,   -999999,   -999999,   -999999,   -999999,   -999999,   -999999,   -999999,   -999999,   -999999,   -999999,   -999999,   -999999,   -999999,   -999999,   -999999,   -999999,   -999999,   -999999,   -999999,   -999999,   -999999,   -999999,   -999999,   -999999,   -999999,   -999999,   -999999,   -999999,   -999999,   -999999,   -999999,   -999999,   -999999,   -999999,   -999999,   -999999,   -999999,     -999999  
78067,   50,          1503710.0,         15.000000,  15.14194976,   38.9705174,   261.839663,   3.56040542,   652.42,   274.2319939,   309.8206305,   291,   66.69286153,   3.52318,   100.367244,   102.2212858,    -999999,  0.30794,    -999999,  266.66,   275.56,   5.58,   -0.54,   309.8179939,   252.1099939,   279.4299939,   862.66,    -999999,   -999999,   -999999,   -999999,  1.099364,   1.1511,   6.62912,   6.69874,   17.364,   44.34,   1.038,   15.604,   0.4429,   3.08028,   52.72,   406.835,   1.8777,   0.1062090909,    -999999,   -999999,   -999999,   -999999,   -999999,   -999999,   -999999,   -999999,   -999999,   -999999,   -999999,   -999999,   -999999,   -999999,   -999999,   -999999,   -999999,   -999999,   -999999,   -999999,   -999999,   -999999,   -999999,   -999999,   -999999,   -999999,   -999999,   -999999,   -999999,   -999999,   -999999,   -999999,   -999999,   -999999,   -999999,   -999999,   -999999,   -999999,   -999999,   -999999,   -999999,   -999999,   -999999,   -999999,   -999999,   -999999,   -999999,   -999999,   -999999,   -999999,   -999999,   -999999,     -999999  
78072,   50,          1503711.0,         15.000000,  15.14295452,   38.97095,   261.8339012,   3.593494508,   649.64,   273.9559939,   309.8866581,   291,   66.70230163,   3.55618,   100.3878216,   102.1513219,    -999999,  0.30786,    -999999,  266.42,   275.42,   5.64,   -0.98,   309.8899939,   252.0299939,   279.1499939,   862.78,    -999999,   -999999,   -999999,   -999999,  1.096394,   1.14312,   6.4987,   6.54948,   17.59,   44.134,   0.894,   15.432,   0.45784,   3.09834,   52.24,   406.865,   1.8771,   0.1039636364,    -999999,   -999999,   -999999,   -999999,   -999999,   -999999,   -999999,   -999999,   -999999,   -999999,   -999999,   -999999,   -999999,   -999999,   -999999,   -999999,   -999999,   -999999,   -999999,   -999999,   -999999,   -999999,   -999999,   -999999,   -999999,   -999999,   -999999,   -999999,   -999999,   -999999,   -999999,   -999999,   -999999,   -999999,   -999999,   -999999,   -999999,   -999999,   -999999,   -999999,   -999999,   -999999,   -999999,   -999999,   -999999,   -999999,   -999999,   -999999,   -999999,   -999999,   -999999,   -999999,     -999999  
78077,   50,          1503712.0,         15.000000,  15.14395917,   38.9713628,   261.8281376,   3.625266861,   646.98,   273.7219939,   309.9851444,   291,   66.71172976,   3.5894,   100.3260888,   102.1009068,    -999999,  0.30784,    -999999,  266.06,   275.1,   5.84,   -1.06,   309.9859939,   251.7499939,   278.9099939,   862.8,    -999999,   -999999,   -999999,   -999999,  1.074342,   1.1156,   6.3896,   6.4249,   17.46,   43.946,   0.816,   15.52,   0.45478,   3.13462,   54.5,   406.816,   1.877122222,   0.1044636364,    -999999,   -999999,   -999999,   -999999,   -999999,   -999999,   -999999,   -999999,   -999999,   -999999,   -999999,   -999999,   -999999,   -999999,   -999999,   -999999,   -999999,   -999999,   -999999,   -999999,   -999999,   -999999,   -999999,   -999999,   -999999,   -999999,   -999999,   -999999,   -999999,   -999999,   -999999,   -999999,   -999999,   -999999,   -999999,   -999999,   -999999,   -999999,   -999999,   -999999,   -999999,   -999999,   -999999,   -999999,   -999999,   -999999,   -999999,   -999999,   -999999,   -999999,   -999999,   -999999,     -999999  
78082,   50,          1503713.0,         15.000000,  15.14496412,   38.9717518,   261.8223784,   3.658343757,   644.22,   273.4619939,   310.0692042,   291,   66.72114723,   3.62314,   100.1717568,   101.928055,    -999999,  0.30748,    -999999,  265.92,   274.84,   5.88,   -0.48,   310.0679939,   251.3899939,   278.6299939,   862.8,    -999999,   -999999,   -999999,   -999999,  1.04551,   1.08108,   6.27042,   6.28918,   17.24,   43.65,   0.716,   15.652,   0.44658,   3.17656,   52.18,   406.885,   1.87795,   0.1034,    -999999,   -999999,   -999999,   -999999,   -999999,   -999999,   -999999,   -999999,   -999999,   -999999,   -999999,   -999999,   -999999,   -999999,   -999999,   -999999,   -999999,   -999999,   -999999,   -999999,   -999999,   -999999,   -999999,   -999999,   -999999,   -999999,   -999999,   -999999,   -999999,   -999999,   -999999,   -999999,   -999999,   -999999,   -999999,   -999999,   -999999,   -999999,   -999999,   -999999,   -999999,   -999999,   -999999,   -999999,   -999999,   -999999,   -999999,   -999999,   -999999,   -999999,   -999999,   -999999,     -999999  
78087,   50,          1503714.0,         15.000000,  15.14596944,   38.9721354,   261.816625,   3.69106099,   641.5,   273.2199939,   310.1695415,   291,   66.73056635,   3.65702,   100.1203128,   101.9383438,    -999999,  0.30762,    -999999,  266.1,   274.94,   5.9,   -0.1,   310.1679939,   250.7099939,   278.3899939,   862.76,    -999999,   -999999,   -999999,   -999999,  0.989008,   1.01844,   6.16122,   6.1652,   16.53,   43.514,   0.832,   15.58,   0.44854,   3.20848,   49.42,   406.985,   1.87775,   0.1015,    -999999,   -999999,   -999999,   -999999,   -999999,   -999999,   -999999,   -999999,   -999999,   -999999,   -999999,   -999999,   -999999,   -999999,   -999999,   -999999,   -999999,   -999999,   -999999,   -999999,   -999999,   -999999,   -999999,   -999999,   -999999,   -999999,   -999999,   -999999,   -999999,   -999999,   -999999,   -999999,   -999999,   -999999,   -999999,   -999999,   -999999,   -999999,   -999999,   -999999,   -999999,   -999999,   -999999,   -999999,   -999999,   -999999,   -999999,   -999999,   -999999,   -999999,   -999999,   -999999,        0.98200000  
78092,   50,          1503715.0,         15.000000,  15.14697509,   38.9725286,   261.8108764,   3.725820382,   638.62,   272.9459939,   310.2570955,   291,   66.73999584,   3.69118,   100.0174248,   102.0330007,    -999999,  0.3081,    -999999,  266.36,   275.1,   5.9,   -0.12,   310.2599939,   250.2299939,   278.1299939,   862.8,    -999999,   -999999,   -999999,   -999999,  0.95219,   0.97616,   6.03972,   6.02758,   16.194,   43.446,   1.068,   15.404,   0.44084,   3.25034,   50.22,   407.03,   1.87785,   0.1101,    -999999,   -999999,   -999999,   -999999,   -999999,   -999999,   -999999,   -999999,   -999999,   -999999,   -999999,   -999999,   -999999,   -999999,   -999999,   -999999,   -999999,   -999999,   -999999,   -999999,   -999999,   -999999,   -999999,   -999999,   -999999,   -999999,   -999999,   -999999,   -999999,   -999999,   -999999,   -999999,   -999999,   -999999,   -999999,   -999999,   -999999,   -999999,   -999999,   -999999,   -999999,   -999999,   -999999,   -999999,   -999999,   -999999,   -999999,   -999999,   -999999,   -999999,   -999999,   -999999,         1.0128000  
