inputs/ACTAMERICA_Merge/B200/ACTAMERICA-mrg05-b200_merge_20170206_R0.ict
136, 1001
Shook, Michael
NASA Atmospheric Composition Branch, NASA Langley Research Center (SSAI)
Merged data file for ACT-AMERICA 2017, Flight 06 (20170206), on the b200 platform. Data is merged to 05 seconds.
NASA ACT-AMERICA 2017
1, 1
2017, 02, 06, 2018, 02, 22
05
UTC,s
97
1, 1, 1, 1, 1, 1, 1, 1, 1, 1, 1, 1, 1, 1, 1, 1, 1, 1, 1, 1, 1, 1, 1, 1, 1, 1, 1, 1, 1, 1, 1, 1, 1, 1, 1, 1, 1, 1, 1, 1, 1, 1, 1, 1, 1, 1, 1, 1, 1, 1, 1, 1, 1, 1, 1, 1, 1, 1, 1, 1, 1, 1, 1, 1, 1, 1, 1, 1, 1, 1, 1, 1, 1, 1, 1, 1, 1, 1, 1, 1, 1, 1, 1, 1, 1, 1, 1, 1, 1, 1, 1, 1, 1, 1, 1, 1, 1
-999999, -999999, -999999, -999999, -999999, -999999, -999999, -999999, -999999, -999999, -999999, -999999, -999999, -999999, -999999, -999999, -999999, -999999, -999999, -999999, -999999, -999999, -999999, -999999, -999999, -999999, -999999, -999999, -999999, -999999, -999999, -999999, -999999, -999999, -999999, -999999, -999999, -999999, -999999, -999999, -999999, -999999, -999999, -999999, -999999, -999999, -999999, -999999, -999999, -999999, -999999, -999999, -999999, -999999, -999999, -999999, -999999, -999999, -999999, -999999, -999999, -999999, -999999, -999999, -999999, -999999, -999999, -999999, -999999, -999999, -999999, -999999, -999999, -999999, -999999, -999999, -999999, -999999, -999999, -999999, -999999, -999999, -999999, -999999, -999999, -999999, -999999, -999999, -999999, -999999, -999999, -999999, -999999, -999999, -999999, -999999, -999999
JDAY, days
INDEX, none
FLIGHT, none
LOCAL_SUN_TIME, hour
LATITUDE, degs
LONGITUDE, degs
ALTP, km
PRESSURE, hPa
TEMPERATURE, K
THETA, K
O3COLUMN, DU
SZA, deg
GPS_ALT, km
GRD_SPD, m/s
TAS, m/s
IAS, m/s
MachNumber, mach
VerticalSpeed, ft min-1
HDG, degs
TRK, degs
PITCH, degs
ROLL, degs
PotentialTemp, K
Dewpoint, K
TotalAirTemp, K
CabinPressure, hPa
SolarZenithAngle, degs
AircraftSunElevation, degs
SunAzimuth, degs
AircraftSunAzimuth, degs
H2O_MixingRatio, g kg-1
H2O_VaporPressure, hPa
H2O_SatVaporPressureWater, hPa
H2O_SatVaporPressureIce, hPa
H2O_RelativeHumidity, %
DifferentialPressure, hPa
U_WINDS, m s-1
V_WINDS, m s-1
Ground_Elevation, km
Altitude_AGL, km
O3_MixingRatio, ppbv
CO2_MixingRatio_PICARRO, ppmv
CH4_MixingRatio_PICARRO, ppmv
CO_MixingRatio_PICARRO, ppmv
CO2_MoleFraction_PFP, ppm
CH4_MoleFraction_PFP, ppb
CO_MoleFraction_PFP, ppb
N2O_MoleFraction_PFP, ppb
SF6_MoleFraction_PFP, ppt
H2_MoleFraction_PFP, ppb
CH4C13_PFP, per mil
CO2C14_PFP, per mil
F11B_MoleFraction_PFP, ppt
FC12_MoleFraction_PFP, ppt
F13_MoleFraction_PFP, ppt
F113_MoleFraction_PFP, ppt
F115_MoleFraction_PFP, ppt
HF133a_MoleFraction_PFP, ppt
F23_MoleFraction_PFP, ppt
F32_MoleFraction_PFP, ppt
F134A_MoleFraction_PFP, ppt
F152A_MoleFraction_PFP, ppt
F125_MoleFraction_PFP, ppt
F143a_MoleFraction_PFP, ppt
F227e_MoleFraction_PFP, ppt
F365m_MoleFraction_PFP, ppt
H1211_MoleFraction_PFP, ppt
H1301_MoleFraction_PFP, ppt
H2402_MoleFraction_PFP, ppt
MCFA_MoleFraction_PFP, ppt
CF4_MoleFraction_PFP, ppt
C2F6_MoleFraction_PFP, ppt
SO2F2_MoleFraction_PFP, ppt
MEBR_MoleFraction_PFP, ppt
CH3I_MoleFraction_PFP, ppt
DIBR_MoleFraction_PFP, ppt
OCS_MoleFraction_PFP, ppt
MECL_MoleFraction_PFP, ppt
DICL_MoleFraction_PFP, ppt
CLHF_MoleFraction_PFP, ppt
PCE_MoleFraction_PFP, ppt
C2H2_MoleFraction_PFP, ppt
C2H6_MoleFraction_PFP, ppt
C3H8_MoleFraction_PFP, ppt
nC4H10_MoleFraction_PFP, ppt
[...]
[from data line 940]
74522,   37,          600941.00,         6.0000000,  14.76034984,   32.4949086,   270.8864976,   0.5364358146,   950.42,   290.2779939,   294.5262117,   268,   62.31695125,   0.50318,   92.69179921,   97.28883505,    -999999,  0.28482,    -999999,  82.94,   268.92,   1.002,    -999999,  294.5259939,   284.7499939,   294.9899939,   972.58,    -999999,   -999999,   -999999,   -999999,  9.106004,   13.71368,   19.6118,   23.10846,   69.926,   55.086,   2.708,   10.812,   0.15062,   0.35256,   38.4,   409.04,   1.93415,   0.1195,    -999999,   -999999,   -999999,   -999999,   -999999,   -999999,   -999999,   -999999,   -999999,   -999999,   -999999,   -999999,   -999999,   -999999,   -999999,   -999999,   -999999,   -999999,   -999999,   -999999,   -999999,   -999999,   -999999,   -999999,   -999999,   -999999,   -999999,   -999999,   -999999,   -999999,   -999999,   -999999,   -999999,   -999999,   -999999,   -999999,   -999999,   -999999,   -999999,   -999999,   -999999,   -999999,   -999999,   -999999,   -999999,   -999999,   -999999,   -999999,   -999999,   -999999,   -999999,   -999999,         2.9290000  
74527,   37,          600942.00,         6.0000000,  14.76141057,   32.4948652,   270.8815752,   0.5367832866,   950.38,   290.2719939,   294.5236655,   268,   62.32657492,   0.50324,   92.49631201,   96.95033353,    -999999,  0.28386,    -999999,  84.02,   269.54,   0.88,    -999999,  294.5219939,   284.4299939,   294.9499939,   972.44,    -999999,   -999999,   -999999,   -999999,  8.912298,   13.42552,   19.60432,   23.09836,   68.482,   54.696,   2.8,   10.006,   0.1431,   0.36014,   38.32,   409.1066667,   1.93225,   0.12275,    -999999,   -999999,   -999999,   -999999,   -999999,   -999999,   -999999,   -999999,   -999999,   -999999,   -999999,   -999999,   -999999,   -999999,   -999999,   -999999,   -999999,   -999999,   -999999,   -999999,   -999999,   -999999,   -999999,   -999999,   -999999,   -999999,   -999999,   -999999,   -999999,   -999999,   -999999,   -999999,   -999999,   -999999,   -999999,   -999999,   -999999,   -999999,   -999999,   -999999,   -999999,   -999999,   -999999,   -999999,   -999999,   -999999,   -999999,   -999999,   -999999,   -999999,   -999999,   -999999,         2.9714000  
74532,   37,          600943.00,         6.0000000,  14.76247302,   32.4947988,   270.8766786,   0.5366065026,   950.4,   290.2359939,   294.4853676,   268,   62.33620047,   0.50336,   91.93042801,   96.26921497,    -999999,  0.2819,    -999999,  83.54,   268.84,   1.136,    -999999,  294.4859939,   284.8099939,   294.8499939,   972.46,    -999999,   -999999,   -999999,   -999999,  9.142534,   13.76762,   19.55966,   23.0379,   70.39,   53.92,   2.612,   9.52,   0.14666,   0.3567,   38.98,   409.275,   1.934725,   0.1343,    -999999,   -999999,   -999999,   -999999,   -999999,   -999999,   -999999,   -999999,   -999999,   -999999,   -999999,   -999999,   -999999,   -999999,   -999999,   -999999,   -999999,   -999999,   -999999,   -999999,   -999999,   -999999,   -999999,   -999999,   -999999,   -999999,   -999999,   -999999,   -999999,   -999999,   -999999,   -999999,   -999999,   -999999,   -999999,   -999999,   -999999,   -999999,   -999999,   -999999,   -999999,   -999999,   -999999,   -999999,   -999999,   -999999,   -999999,   -999999,   -999999,   -999999,   -999999,   -999999,         2.9958000  
74537,   37,          600944.00,         6.0000000,  14.76353739,   32.4946818,   270.8718108,   0.5362590306,   950.44,   290.2659939,   294.5122654,   268,   62.34581059,   0.50342,   91.46743201,   94.70017297,    -999999,  0.27728,    -999999,  83.66,   268.24,   1.412,    -999999,  294.5119939,   285.1299939,   294.7299939,   972.5,    -999999,   -999999,   -999999,   -999999,  9.340202,   14.06148,   19.5969,   23.0883,   71.752,   52.142,   1.576,   8.232,   0.14992,   0.3535,   38.3,   409.366,   1.936490909,   0.1294,    -999999,   -999999,   -999999,   -999999,   -999999,   -999999,   -999999,   -999999,   -999999,   -999999,   -999999,   -999999,   -999999,   -999999,   -999999,   -999999,   -999999,   -999999,   -999999,   -999999,   -999999,   -999999,   -999999,   -999999,   -999999,   -999999,   -999999,   -999999,   -999999,   -999999,   -999999,   -999999,   -999999,   -999999,   -999999,   -999999,   -999999,   -999999,   -999999,   -999999,   -999999,   -999999,   -999999,   -999999,   -999999,   -999999,   -999999,   -999999,   -999999,   -999999,   -999999,   -999999,         2.9908000  
74542,   37,          600945.00,         6.0000000,  14.76460222,   32.4945482,   270.86695,   0.5376611106,   950.28,   290.1679939,   294.4269939,   268,   62.35541568,   0.50502,   91.42627681,   95.30412553,    -999999,  0.2791,    -999999,  83.8,   268.12,   1.332,    -999999,  294.4299939,   285.2099939,   294.6899939,   972.6,    -999999,   -999999,   -999999,   -999999,  9.391954,   14.13586,   19.47554,   22.92412,   72.584,   52.832,   2.252,   7.928,   0.13478,   0.37024,   39.1,   409.31,   1.937081818,   0.1242666667,    -999999,   -999999,   -999999,   -999999,   -999999,   -999999,   -999999,   -999999,   -999999,   -999999,   -999999,   -999999,   -999999,   -999999,   -999999,   -999999,   -999999,   -999999,   -999999,   -999999,   -999999,   -999999,   -999999,   -999999,   -999999,   -999999,   -999999,   -999999,   -999999,   -999999,   -999999,   -999999,   -999999,   -999999,   -999999,   -999999,   -999999,   -999999,   -999999,   -999999,   -999999,   -999999,   -999999,   -999999,   -999999,   -999999,   -999999,   -999999,   -999999,   -999999,   -999999,   -999999,         2.9684000  
74547,   37,          600946.00,         6.0000000,  14.76566728,   32.4944066,   270.8620926,   0.5388985987,   950.14,   290.2339939,   294.5063599,   268,   62.36501954,   0.5063,   91.38512161,   94.41002881,    -999999,  0.27646,    -999999,  84.1,   267.9,   1.472,    -999999,  294.5039939,   285.2899939,   294.6699939,   972.44,    -999999,   -999999,   -999999,   -999999,  9.443738,   14.21054,   19.55718,   23.03452,   72.662,   51.808,   1.49,   7.006,   0.14072,   0.36558,   38.42,   409.295,   1.93695,   0.1288857143,    -999999,   -999999,   -999999,   -999999,   -999999,   -999999,   -999999,   -999999,   -999999,   -999999,   -999999,   -999999,   -999999,   -999999,   -999999,   -999999,   -999999,   -999999,   -999999,   -999999,   -999999,   -999999,   -999999,   -999999,   -999999,   -999999,   -999999,   -999999,   -999999,   -999999,   -999999,   -999999,   -999999,   -999999,   -999999,   -999999,   -999999,   -999999,   -999999,   -999999,   -999999,   -999999,   -999999,   -999999,   -999999,   -999999,   -999999,   -999999,   -999999,   -999999,   -999999,   -999999,         2.9816000  
74552,   37,          600947.00,         6.0000000,  14.76673127,   32.4942494,   270.857219,   0.5395935427,   950.06,   290.1579939,   294.4363245,   268,   62.37460497,   0.50748,   91.79667361,   95.24239273,    -999999,  0.27894,    -999999,  83.68,   267.82,   2.014,    -999999,  294.4319939,   285.3099939,   294.6699939,   972.58,    -999999,   -999999,   -999999,   -999999,  9.457184,   14.22926,   19.46318,   22.9074,   73.108,   52.754,   1.812,   7.592,   0.14424,   0.36324,   37.74,   409.362,   1.93725,   0.1311909091,    -999999,   -999999,   -999999,   -999999,   -999999,   -999999,   -999999,   -999999,   -999999,   -999999,   -999999,   -999999,   -999999,   -999999,   -999999,   -999999,   -999999,   -999999,   -999999,   -999999,   -999999,   -999999,   -999999,   -999999,   -999999,   -999999,   -999999,   -999999,   -999999,   -999999,   -999999,   -999999,   -999999,   -999999,   -999999,   -999999,   -999999,   -999999,   -999999,   -999999,   -999999,   -999999,   -999999,   -999999,   -999999,   -999999,   -999999,   -999999,   -999999,   -999999,   -999999,   -999999,         3.0016000  
74557,   37,          600948.00,         6.0000000,  14.76779301,   32.4941056,   270.8523118,   0.5397642307,   950.04,   290.1659939,   294.4462135,   268,   62.38418153,   0.50706,   92.42429041,   96.18690457,    -999999,  0.28168,    -999999,  83.46,   268.1,   1.67,    -999999,  294.4459939,   285.2499939,   294.7699939,   972.42,    -999999,   -999999,   -999999,   -999999,  9.41978,   14.17352,   19.47306,   22.92076,   72.786,   53.82,   2.044,   8.486,   0.1562,   0.35086,   39.3,   409.435,   1.93665,   0.1292272727,    -999999,   -999999,   -999999,   -999999,   -999999,   -999999,   -999999,   -999999,   -999999,   -999999,   -999999,   -999999,   -999999,   -999999,   -999999,   -999999,   -999999,   -999999,   -999999,   -999999,   -999999,   -999999,   -999999,   -999999,   -999999,   -999999,   -999999,   -999999,   -999999,   -999999,   -999999,   -999999,   -999999,   -999999,   -999999,   -999999,   -999999,   -999999,   -999999,   -999999,   -999999,   -999999,   -999999,   -999999,   -999999,   -999999,   -999999,   -999999,   -999999,   -999999,   -999999,   -999999,         2.9848000  
74562,   37,          600949.00,         6.0000000,  14.76885286,   32.4939934,   270.8473762,   0.5388985987,   950.14,   290.1119939,   294.3825641,   268,   62.39376497,   0.50626,   92.91815281,   96.72912433,    -999999,  0.2833,    -999999,  83.72,   268.7,   1.572,    -999999,  294.3839939,   285.2299939,   294.7699939,   972.54,    -999999,   -999999,   -999999,   -999999,  9.405984,   14.15458,   19.40654,   22.83084,   72.938,   54.456,   2.11,   9.132,   0.15162,   0.35464,   37.78,   409.355,   1.93755,   0.1253454545,    -999999,   -999999,   -999999,   -999999,   -999999,   -999999,   -999999,   -999999,   -999999,   -999999,   -999999,   -999999,   -999999,   -999999,   -999999,   -999999,   -999999,   -999999,   -999999,   -999999,   -999999,   -999999,   -999999,   -999999,   -999999,   -999999,   -999999,   -999999,   -999999,   -999999,   -999999,   -999999,   -999999,   -999999,   -999999,   -999999,   -999999,   -999999,   -999999,   -999999,   -999999,   -999999,   -999999,   -999999,   -999999,   -999999,   -999999,   -999999,   -999999,   -999999,   -999999,   -999999,         2.9874000  
74567,   37,          600950.00,         6.0000000,  14.76991189,   32.4939148,   270.8424284,   0.5411724067,   949.88,   290.1139939,   294.4076137,   268,   62.4033665,   0.50824,   93.04161841,   96.49762633,    -999999,  0.28262,    -999999,  84.6,   268.84,   1.058,    -999999,  294.4059939,   285.3299939,   294.7499939,   972.42,    -999999,   -999999,   -999999,   -999999,  9.471636,   14.24798,   19.40912,   22.83432,   73.408,   54.18,   1.922,   7.872,   0.15022,   0.35802,   38.42,   409.47,   1.9378,   0.13125,   409.49,   1940.33,   128.41,   329.68,   9.28,   504.09,   -47.43,    -999999,  231.62,   516.82,   3.37,   71.44,   8.54,   0.53,   30.16,   15.86,   103.46,   13.11,   24.89,   22.05,   1.34,   1.1,   4.95,   3.33,   0.42,   2.61,    -999999,   -999999,  2.12,   7.22,   0.78,   1.21,    -999999,  618.44,   62.44,   13.56,   3.55,   237.92,    -999999,  1247.49,   339.66,   158.7,   82.04,   106,   73.09,   77.31,   0.25,   0.17,   0.61,   0.64,   36.4,   252.36,          2.9840000  
74572,   37,          600951.00,         6.0000000,  14.77097114,   32.4938386,   270.8374838,   0.5409956227,   949.9,   290.1099939,   294.4017835,   268,   62.41297383,   0.50774,   92.94901921,   97.38246313,    -999999,  0.28522,    -999999,  85.32,   269.2,   0.882,    -999999,  294.3999939,   285.4099939,   294.8299939,   972.5,    -999999,   -999999,   -999999,   -999999,  9.522444,   14.32354,   19.404,   22.82742,   73.814,   55.198,   2.974,   7.272,   0.14968,   0.35806,   36.96,   409.45,   1.9377,   0.12985,   409.49,   1940.33,   128.41,   329.68,   9.28,   504.09,   -47.43,    -999999,  231.62,   516.82,   3.37,   71.44,   8.54,   0.53,   30.16,   15.86,   103.46,   13.11,   24.89,   22.05,   1.34,   1.1,   4.95,   3.33,   0.42,   2.61,    -999999,   -999999,  2.12,   7.22,   0.78,   1.21,    -999999,  618.44,   62.44,   13.56,   3.55,   237.92,    -999999,  1247.49,   339.66,   158.7,   82.04,   106,   73.09,   77.31,   0.25,   0.17,   0.61,   0.64,   36.4,   252.36,          3.1014000  
74577,   37,          600952.00,         6.0000000,  14.77203048,   32.4938132,   270.8325406,   0.5409895267,   949.9,   290.1999939,   294.4931149,   268,   62.42261941,   0.50768,   92.91815281,   95.81856553,    -999999,  0.2806,    -999999,  86.68,   269.64,   1.076,    -999999,  294.4939939,   285.9899939,   294.7699939,   972.44,    -999999,   -999999,   -999999,   -999999,  9.89773,   14.87922,   19.5151,   22.9776,   76.244,   53.39,   1.638,   5.6,   0.15616,   0.35152,   36.4,   409.37,   1.9396,   0.1325,   409.49,   1940.33,   128.41,   329.68,   9.28,   504.09,   -47.43,    -999999,  231.62,   516.82,   3.37,   71.44,   8.54,   0.53,   30.16,   15.86,   103.46,   13.11,   24.89,   22.05,   1.34,   1.1,   4.95,   3.33,   0.42,   2.61,    -999999,   -999999,  2.12,   7.22,   0.78,   1.21,    -999999,  618.44,   62.44,   13.56,   3.55,   237.92,    -999999,  1247.49,   339.66,   158.7,   82.04,   106,   73.09,   77.31,   0.25,   0.17,   0.61,   0.64,   36.4,   252.36,          3.1170000  
74582,   37,          600953.00,         6.0000000,  14.77308944,   32.4938014,   270.8275916,   0.5383682467,   950.2,   290.1559939,   294.4218998,   268,   62.43227306,   0.50468,   93.09306241,   96.48322201,    -999999,  0.28256,    -999999,  85.38,   270.18,   1.002,    -999999,  294.4219939,   285.6899939,   294.7899939,   972.44,    -999999,   -999999,   -999999,   -999999,  9.700376,   14.59158,   19.46074,   22.90408,   74.982,   54.172,   1.958,   8.692,   0.15384,   0.35084,   40.48,   409.3533333,   1.93865,   0.1314,    -999999,   -999999,   -999999,   -999999,   -999999,   -999999,   -999999,   -999999,   -999999,   -999999,   -999999,   -999999,   -999999,   -999999,   -999999,   -999999,   -999999,   -999999,   -999999,   -999999,   -999999,   -999999,   -999999,   -999999,   -999999,   -999999,   -999999,   -999999,   -999999,   -999999,   -999999,   -999999,   -999999,   -999999,   -999999,   -999999,   -999999,   -999999,   -999999,   -999999,   -999999,   -999999,   -999999,   -999999,   -999999,   -999999,   -999999,   -999999,   -999999,   -999999,   -999999,   -999999,         3.0758000  
74587,   37,          600954.00,         6.0000000,  14.7741482,   32.4939066,   270.8226396,   0.5378378946,   950.26,   290.1779939,   294.4389113,   268,   62.44200807,   0.50436,   93.10335121,   95.62204945,    -999999,  0.28004,    -999999,  86.98,   271.76,   1.11,    -999999,  294.4399939,   285.4299939,   294.7299939,   972.38,    -999999,   -999999,   -999999,   -999999,  9.531506,   14.34238,   19.48794,   22.94086,   73.598,   53.19,   1.332,   8.544,   0.15598,   0.34838,   38.12,   409.442,   1.9378,   0.1304,    -999999,   -999999,   -999999,   -999999,   -999999,   -999999,   -999999,   -999999,   -999999,   -999999,   -999999,   -999999,   -999999,   -999999,   -999999,   -999999,   -999999,   -999999,   -999999,   -999999,   -999999,   -999999,   -999999,   -999999,   -999999,   -999999,   -999999,   -999999,   -999999,   -999999,   -999999,   -999999,   -999999,   -999999,   -999999,   -999999,   -999999,   -999999,   -999999,   -999999,   -999999,   -999999,   -999999,   -999999,   -999999,   -999999,   -999999,   -999999,   -999999,   -999999,   -999999,   -999999,         3.0698000  
