inputs/ACTAMERICA_Merge/B200/ACTAMERICA-mrg05-b200_merge_20170209_R0_L2.ict
136, 1001
Shook, Michael
NASA Atmospheric Composition Branch, NASA Langley Research Center (SSAI)
Merged data file for ACT-AMERICA 2017, Flight 08 (20170209), on the b200 platform. Data is merged to 05 seconds.
NASA ACT-AMERICA 2017
1, 1
2017, 02, 09, 2018, 02, 22
05
UTC,s
97
1, 1, 1, 1, 1, 1, 1, 1, 1, 1, 1, 1, 1, 1, 1, 1, 1, 1, 1, 1, 1, 1, 1, 1, 1, 1, 1, 1, 1, 1, 1, 1, 1, 1, 1, 1, 1, 1, 1, 1, 1, 1, 1, 1, 1, 1, 1, 1, 1, 1, 1, 1, 1, 1, 1, 1, 1, 1, 1, 1, 1, 1, 1, 1, 1, 1, 1, 1, 1, 1, 1, 1, 1, 1, 1, 1, 1, 1, 1, 1, 1, 1, 1, 1, 1, 1, 1, 1, 1, 1, 1, 1, 1, 1, 1, 1, 1
-999999, -999999, -999999, -999999, -999999, -999999, -999999, -999999, -999999, -999999, -999999, -999999, -999999, -999999, -999999, -999999, -999999, -999999, -999999, -999999, -999999, -999999, -999999, -999999, -999999, -999999, -999999, -999999, -999999, -999999, -999999, -999999, -999999, -999999, -999999, -999999, -999999, -999999, -999999, -999999, -999999, -999999, -999999, -999999, -999999, -999999, -999999, -999999, -999999, -999999, -999999, -999999, -999999, -999999, -999999, -999999, -999999, -999999, -999999, -999999, -999999, -999999, -999999, -999999, -999999, -999999, -999999, -999999, -999999, -999999, -999999, -999999, -999999, -999999, -999999, -999999, -999999, -999999, -999999, -999999, -999999, -999999, -999999, -999999, -999999, -999999, -999999, -999999, -999999, -999999, -999999, -999999, -999999, -999999, -999999, -999999, -999999
JDAY, days
INDEX, none
FLIGHT, none
LOCAL_SUN_TIME, hour
LATITUDE, degs
LONGITUDE, degs
ALTP, km
PRESSURE, hPa
TEMPERATURE, K
THETA, K
O3COLUMN, DU
SZA, deg
GPS_ALT, km
GRD_SPD, m/s
TAS, m/s
IAS, m/s
MachNumber, mach
VerticalSpeed, ft min-1
HDG, degs
TRK, degs
PITCH, degs
ROLL, degs
PotentialTemp, K
Dewpoint, K
TotalAirTemp, K
CabinPressure, hPa
SolarZenithAngle, degs
AircraftSunElevation, degs
SunAzimuth, degs
AircraftSunAzimuth, degs
H2O_MixingRatio, g kg-1
H2O_VaporPressure, hPa
H2O_SatVaporPressureWater, hPa
H2O_SatVaporPressureIce, hPa
H2O_RelativeHumidity, %
DifferentialPressure, hPa
U_WINDS, m s-1
V_WINDS, m s-1
Ground_Elevation, km
Altitude_AGL, km
O3_MixingRatio, ppbv
CO2_MixingRatio_PICARRO, ppmv
CH4_MixingRatio_PICARRO, ppmv
CO_MixingRatio_PICARRO, ppmv
CO2_MoleFraction_PFP, ppm
CH4_MoleFraction_PFP, ppb
CO_MoleFraction_PFP, ppb
N2O_MoleFraction_PFP, ppb
SF6_MoleFraction_PFP, ppt
H2_MoleFraction_PFP, ppb
CH4C13_PFP, per mil
CO2C14_PFP, per mil
F11B_MoleFraction_PFP, ppt
FC12_MoleFraction_PFP, ppt
F13_MoleFraction_PFP, ppt
F113_MoleFraction_PFP, ppt
F115_MoleFraction_PFP, ppt
HF133a_MoleFraction_PFP, ppt
F23_MoleFraction_PFP, ppt
F32_MoleFraction_PFP, ppt
F134A_MoleFraction_PFP, ppt
F152A_MoleFraction_PFP, ppt
F125_MoleFraction_PFP, ppt
F143a_MoleFraction_PFP, ppt
F227e_MoleFraction_PFP, ppt
F365m_MoleFraction_PFP, ppt
H1211_MoleFraction_PFP, ppt
H1301_MoleFraction_PFP, ppt
H2402_MoleFraction_PFP, ppt
MCFA_MoleFraction_PFP, ppt
CF4_MoleFraction_PFP, ppt
C2F6_MoleFraction_PFP, ppt
SO2F2_MoleFraction_PFP, ppt
MEBR_MoleFraction_PFP, ppt
CH3I_MoleFraction_PFP, ppt
DIBR_MoleFraction_PFP, ppt
OCS_MoleFraction_PFP, ppt
MECL_MoleFraction_PFP, ppt
DICL_MoleFraction_PFP, ppt
CLHF_MoleFraction_PFP, ppt
PCE_MoleFraction_PFP, ppt
C2H2_MoleFraction_PFP, ppt
C2H6_MoleFraction_PFP, ppt
C3H8_MoleFraction_PFP, ppt
nC4H10_MoleFraction_PFP, ppt
[...]
[from data line 872]
82622,   40,          804299.00,         8.0000000,  16.82614951,   31.6919298,   268.1234926,   0.407029925,   965.28,   280.7599939,   283.6089903,   288,   83.34629973,   0.43838,   94.58493841,   98.92372537,    -999999,  0.2945,    -999999,  66.44,   67.42,   0.44,   -1.58,   283.6079939,   270.3499939,   285.6299939,   973.3,    -999999,   -999999,   -999999,   -999999,  3.235798,   4.99578,   10.48824,   11.28866,   47.632,   59.888,   -2.116,   -3.352,   0.01554,   0.42284,   36.68,   413.95,   1.9621,   0.1392,    -999999,   -999999,   -999999,   -999999,   -999999,   -999999,   -999999,   -999999,   -999999,   -999999,   -999999,   -999999,   -999999,   -999999,   -999999,   -999999,   -999999,   -999999,   -999999,   -999999,   -999999,   -999999,   -999999,   -999999,   -999999,   -999999,   -999999,   -999999,   -999999,   -999999,   -999999,   -999999,   -999999,   -999999,   -999999,   -999999,   -999999,   -999999,   -999999,   -999999,   -999999,   -999999,   -999999,   -999999,   -999999,   -999999,   -999999,   -999999,   -999999,   -999999,   -999999,   -999999,         2.3732000  
82627,   40,          804300.00,         8.0000000,  16.82784546,   31.693573,   268.1280986,   0.406505669,   965.34,   280.7639939,   283.6079942,   288,   83.36700517,   0.43774,   94.71869281,   99.04204657,    -999999,  0.29482,    -999999,  66.58,   67.24,   0.46,   -2.16,   283.6099939,   270.2699939,   285.6499939,   973.26,    -999999,   -999999,   -999999,   -999999,  3.216222,   4.96602,   10.49108,   11.29214,   47.334,   60.036,   -2.612,   -2.184,   0.01614,   0.4216,   35.66,   413.945,   1.9625,   0.13772,    -999999,   -999999,   -999999,   -999999,   -999999,   -999999,   -999999,   -999999,   -999999,   -999999,   -999999,   -999999,   -999999,   -999999,   -999999,   -999999,   -999999,   -999999,   -999999,   -999999,   -999999,   -999999,   -999999,   -999999,   -999999,   -999999,   -999999,   -999999,   -999999,   -999999,   -999999,   -999999,   -999999,   -999999,   -999999,   -999999,   -999999,   -999999,   -999999,   -999999,   -999999,   -999999,   -999999,   -999999,   -999999,   -999999,   -999999,   -999999,   -999999,   -999999,   -999999,   -999999,         2.3882000  
82632,   40,          804301.00,         8.0000000,  16.82954107,   31.6952396,   268.1326994,   0.405633941,   965.44,   280.7999939,   283.6359644,   288,   83.38771644,   0.43644,   94.75984801,   99.31058425,    -999999,  0.29564,    -999999,  65.66,   66.86,   0.56,   -2.04,   283.6359939,   270.3899939,   285.7099939,   973.42,    -999999,   -999999,   -999999,   -999999,  3.244868,   5.01052,   10.51688,   11.32384,   47.644,   60.37,   -2.596,   -2.676,   0.01636,   0.42008,   37.66,   413.93,   1.962388889,   0.1406666667,    -999999,   -999999,   -999999,   -999999,   -999999,   -999999,   -999999,   -999999,   -999999,   -999999,   -999999,   -999999,   -999999,   -999999,   -999999,   -999999,   -999999,   -999999,   -999999,   -999999,   -999999,   -999999,   -999999,   -999999,   -999999,   -999999,   -999999,   -999999,   -999999,   -999999,   -999999,   -999999,   -999999,   -999999,   -999999,   -999999,   -999999,   -999999,   -999999,   -999999,   -999999,   -999999,   -999999,   -999999,   -999999,   -999999,   -999999,   -999999,   -999999,   -999999,   -999999,   -999999,         2.3588000  
82637,   40,          804302.00,         8.0000000,  16.83123569,   31.6969308,   268.1372854,   0.405646133,   965.44,   280.7759939,   283.611722,   288,   83.40842639,   0.43678,   94.62609361,   99.97112521,    -999999,  0.29762,    -999999,  65.5,   66.58,   0.52,   -1.04,   283.6119939,   270.5299939,   285.7499939,   973.48,    -999999,   -999999,   -999999,   -999999,  3.278984,   5.06296,   10.4997,   11.30272,   48.222,   61.198,   -2.912,   -3.882,   0.01582,   0.42096,   39.38,   413.926,   1.96305,   0.143335,   414.11,   1965.5,   143.59,   330.41,   9.34,   487.72,   -47.49,    -999999,  232.52,   518.09,   3.4,   71.37,   8.66,   0.54,   36.03,   15.46,   105.08,   14.04,   24.15,   21.86,   1.35,   1.16,   4.49,   3.34,   0.43,   2.68,   84.59,   4.65,   2.49,   6.6,   0.43,   1.24,   498.72,   546.5,   74.4,   16.45,   4.31,   438.02,   2493.11,   1096.93,   298.96,   141.25,   78.49,   98.65,   114.59,   59.08,   0.37,   0.16,   1.14,   0.64,   39.84,   253.48,          2.3483333  
82642,   40,          804303.00,         8.0000000,  16.83292969,   31.6986224,   268.141862,   0.406334981,   965.36,   280.7999939,   283.6426799,   288,   83.42913028,   0.43768,   94.48205041,   99.30955537,    -999999,  0.29564,    -999999,  65.68,   66.64,   0.36,   -1.2,   283.6439939,   270.4899939,   285.7099939,   973.44,    -999999,   -999999,   -999999,   -999999,  3.269556,   5.04804,   10.51692,   11.32386,   48,   60.362,   -2.69,   -3.058,   0.0174,   0.42028,   40.26,   414.03,   1.963522222,   0.1436636364,   414.11,   1965.5,   143.59,   330.41,   9.34,   487.72,   -47.49,    -999999,  232.52,   518.09,   3.4,   71.37,   8.66,   0.54,   36.03,   15.46,   105.08,   14.04,   24.15,   21.86,   1.35,   1.16,   4.49,   3.34,   0.43,   2.68,   84.59,   4.65,   2.49,   6.6,   0.43,   1.24,   498.72,   546.5,   74.4,   16.45,   4.31,   438.02,   2493.11,   1096.93,   298.96,   141.25,   78.49,   98.65,   114.59,   59.08,   0.37,   0.16,   1.14,   0.64,   39.84,   253.48,      -999999  
82647,   40,          804304.00,         8.0000000,  16.83462384,   31.7003128,   268.146441,   0.405115781,   965.5,   280.8479939,   283.6794121,   288,   83.44983685,   0.43658,   94.62609361,   99.26016913,    -999999,  0.29546,    -999999,  65.48,   66.68,   0.38,   -1.46,   283.6759939,   270.3499939,   285.7499939,   973.46,    -999999,   -999999,   -999999,   -999999,  3.23506,   4.99578,   10.5514,   11.36626,   47.346,   60.3,   -2.546,   -3.01,   0.0173,   0.41928,   40.18,   414.02,   1.9641,   0.1446047619,   414.11,   1965.5,   143.59,   330.41,   9.34,   487.72,   -47.49,    -999999,  232.52,   518.09,   3.4,   71.37,   8.66,   0.54,   36.03,   15.46,   105.08,   14.04,   24.15,   21.86,   1.35,   1.16,   4.49,   3.34,   0.43,   2.68,   84.59,   4.65,   2.49,   6.6,   0.43,   1.24,   498.72,   546.5,   74.4,   16.45,   4.31,   438.02,   2493.11,   1096.93,   298.96,   141.25,   78.49,   98.65,   114.59,   59.08,   0.37,   0.16,   1.14,   0.64,   39.84,   253.48,      -999999  
82652,   40,          804305.00,         8.0000000,  16.83631825,   31.702007,   268.1510238,   0.404774405,   965.54,   280.8619939,   283.6901953,   288,   83.47054904,   0.43646,   94.74955921,   98.70663169,    -999999,  0.29378,    -999999,  64.96,   66.6,   0.34,   -1.14,   283.6879939,   270.4499939,   285.7099939,   973.56,    -999999,   -999999,   -999999,   -999999,  3.259082,   5.0329,   10.5616,   11.37874,   47.656,   59.614,   -1.62,   -3.462,   0.0175,   0.41896,   38.7,   414.14,   1.96435,   0.1456809524,   414.11,   1965.5,   143.59,   330.41,   9.34,   487.72,   -47.49,    -999999,  232.52,   518.09,   3.4,   71.37,   8.66,   0.54,   36.03,   15.46,   105.08,   14.04,   24.15,   21.86,   1.35,   1.16,   4.49,   3.34,   0.43,   2.68,   84.59,   4.65,   2.49,   6.6,   0.43,   1.24,   498.72,   546.5,   74.4,   16.45,   4.31,   438.02,   2493.11,   1096.93,   298.96,   141.25,   78.49,   98.65,   114.59,   59.08,   0.37,   0.16,   1.14,   0.64,   39.84,   253.48,      -999999  
82657,   40,          804306.00,         8.0000000,  16.83801337,   31.7037052,   268.1556172,   0.405115781,   965.5,   280.8379939,   283.6693113,   288,   83.49127231,   0.43664,   95.04793441,   98.74470025,    -999999,  0.29392,    -999999,  65.04,   66.66,   0.14,   -0.32,   283.6679939,   270.4499939,   285.6899939,   973.46,    -999999,   -999999,   -999999,   -999999,  3.259218,   5.03288,   10.5443,   11.35752,   47.73,   59.664,   -0.966,   -4.238,   0.018,   0.41864,   37.16,   413.992,   1.963377778,   0.1481545455,   414.11,   1965.5,   143.59,   330.41,   9.34,   487.72,   -47.49,    -999999,  232.52,   518.09,   3.4,   71.37,   8.66,   0.54,   36.03,   15.46,   105.08,   14.04,   24.15,   21.86,   1.35,   1.16,   4.49,   3.34,   0.43,   2.68,   84.59,   4.65,   2.49,   6.6,   0.43,   1.24,   498.72,   546.5,   74.4,   16.45,   4.31,   438.02,   2493.11,   1096.93,   298.96,   141.25,   78.49,   98.65,   114.59,   59.08,   0.37,   0.16,   1.14,   0.64,   39.84,   253.48,      -999999  
82662,   40,          804307.00,         8.0000000,  16.83971015,   31.705392,   268.1602356,   0.402518885,   965.8,   280.8519939,   283.6582729,   288,   83.51201234,   0.4344,   95.31544321,   99.19637857,    -999999,  0.29528,    -999999,  65.96,   67.14,   0.52,   -0.92,   283.6599939,   270.2499939,   285.7499939,   973.98,    -999999,   -999999,   -999999,   -999999,  3.209964,   4.95878,   10.55434,   11.36978,   46.982,   60.238,   -1.448,   -3.658,   0.01752,   0.41688,   37.48,   414.032,   1.96285,   0.1390631579,   414.11,   1965.5,   143.59,   330.41,   9.34,   487.72,   -47.49,    -999999,  232.52,   518.09,   3.4,   71.37,   8.66,   0.54,   36.03,   15.46,   105.08,   14.04,   24.15,   21.86,   1.35,   1.16,   4.49,   3.34,   0.43,   2.68,   84.59,   4.65,   2.49,   6.6,   0.43,   1.24,   498.72,   546.5,   74.4,   16.45,   4.31,   438.02,   2493.11,   1096.93,   298.96,   141.25,   78.49,   98.65,   114.59,   59.08,   0.37,   0.16,   1.14,   0.64,   39.84,   253.48,      -999999  
82667,   40,          804308.00,         8.0000000,  16.84140788,   31.7070592,   268.1648682,   0.402701765,   965.78,   280.8539939,   283.6619712,   288,   83.53275756,   0.43412,   95.23313281,   99.19740745,    -999999,  0.29528,    -999999,  65.98,   67.1,   0.76,   -1.92,   283.6579939,   270.2099939,   285.7499939,   974.1,    -999999,   -999999,   -999999,   -999999,  3.20033,   4.94384,   10.55578,   11.37156,   46.836,   60.238,   -1.848,   -2.906,   0.01788,   0.41624,   38.92,   414.13,   1.9637,   0.1393,   414.11,   1965.5,   143.59,   330.41,   9.34,   487.72,   -47.49,    -999999,  232.52,   518.09,   3.4,   71.37,   8.66,   0.54,   36.03,   15.46,   105.08,   14.04,   24.15,   21.86,   1.35,   1.16,   4.49,   3.34,   0.43,   2.68,   84.59,   4.65,   2.49,   6.6,   0.43,   1.24,   498.72,   546.5,   74.4,   16.45,   4.31,   438.02,   2493.11,   1096.93,   298.96,   141.25,   78.49,   98.65,   114.59,   59.08,   0.37,   0.16,   1.14,   0.64,   39.84,   253.48,      -999999  
82672,   40,          804309.00,         8.0000000,  16.84310458,   31.7087372,   268.1694854,   0.402707861,   965.78,   280.8019939,   283.6094513,   288,   83.55349584,   0.43456,   94.96562401,   99.70361641,    -999999,  0.2968,    -999999,  65.8,   66.86,   0.84,   -1.74,   283.6119939,   270.3299939,   285.7499939,   973.86,    -999999,   -999999,   -999999,   -999999,  3.229234,   4.9883,   10.51834,   11.32562,   47.424,   60.878,   -2.546,   -3.188,   0.01842,   0.41614,   38.96,   414.062,   1.96275,   0.13755,    -999999,   -999999,   -999999,   -999999,   -999999,   -999999,   -999999,   -999999,   -999999,   -999999,   -999999,   -999999,   -999999,   -999999,   -999999,   -999999,   -999999,   -999999,   -999999,   -999999,   -999999,   -999999,   -999999,   -999999,   -999999,   -999999,   -999999,   -999999,   -999999,   -999999,   -999999,   -999999,   -999999,   -999999,   -999999,   -999999,   -999999,   -999999,   -999999,   -999999,   -999999,   -999999,   -999999,   -999999,   -999999,   -999999,   -999999,   -999999,   -999999,   -999999,   -999999,   -999999,     -999999  
82677,   40,          804310.00,         8.0000000,  16.84479955,   31.7104272,   268.1740766,   0.403049237,   965.74,   280.8239939,   283.6350277,   288,   83.57421921,   0.43636,   94.57464961,   99.49475377,    -999999,  0.29616,    -999999,  65.44,   66.44,   0.6,   -2.22,   283.6339939,   270.2099939,   285.7499939,   973.8,    -999999,   -999999,   -999999,   -999999,  3.200562,   4.94402,   10.53422,   11.34512,   46.932,   60.61,   -2.86,   -2.792,   0.01848,   0.41788,   38.62,   414,   1.961866667,   0.1443,    -999999,   -999999,   -999999,   -999999,   -999999,   -999999,   -999999,   -999999,   -999999,   -999999,   -999999,   -999999,   -999999,   -999999,   -999999,   -999999,   -999999,   -999999,   -999999,   -999999,   -999999,   -999999,   -999999,   -999999,   -999999,   -999999,   -999999,   -999999,   -999999,   -999999,   -999999,   -999999,   -999999,   -999999,   -999999,   -999999,   -999999,   -999999,   -999999,   -999999,   -999999,   -999999,   -999999,   -999999,   -999999,   -999999,   -999999,   -999999,   -999999,   -999999,   -999999,   -999999,     -999999  
82682,   40,          804311.00,         8.0000000,  16.84649295,   31.712143,   268.1786442,   0.403744181,   965.66,   280.8099939,   283.6276006,   288,   83.59493465,   0.4371,   94.59522721,   98.81980849,    -999999,  0.29416,    -999999,  64.6,   66.1,   0.28,   -1.46,   283.6259939,   270.1899939,   285.6699939,   973.88,    -999999,   -999999,   -999999,   -999999,  3.195914,   4.93648,   10.52424,   11.33286,   46.906,   59.776,   -2.034,   -3.14,   0.01816,   0.41894,   38.5,   413.99,   1.9624,    -999999,   -999999,   -999999,   -999999,   -999999,   -999999,   -999999,   -999999,   -999999,   -999999,   -999999,   -999999,   -999999,   -999999,   -999999,   -999999,   -999999,   -999999,   -999999,   -999999,   -999999,   -999999,   -999999,   -999999,   -999999,   -999999,   -999999,   -999999,   -999999,   -999999,   -999999,   -999999,   -999999,   -999999,   -999999,   -999999,   -999999,   -999999,   -999999,   -999999,   -999999,   -999999,   -999999,   -999999,   -999999,   -999999,   -999999,   -999999,   -999999,   -999999,   -999999,   -999999,   -999999,     -999999  
82687,   40,          804312.00,         8.0000000,  16.84818645,   31.7138732,   268.1832134,   0.403573493,   965.68,   280.8659939,   283.6824839,   288,   83.61565787,   0.43628,   94.93475761,   98.65312993,    -999999,  0.29362,    -999999,  65.62,   66.24,   0.48,   -0.16,   283.6819939,   270.3299939,   285.7099939,   973.58,    -999999,   -999999,   -999999,   -999999,  3.229604,   4.98836,   10.5644,   11.38222,   47.22,   59.556,   -1.454,   -3.264,   0.017,   0.41928,   38.34,    -999999,   -999999,   -999999,   -999999,   -999999,   -999999,   -999999,   -999999,   -999999,   -999999,   -999999,   -999999,   -999999,   -999999,   -999999,   -999999,   -999999,   -999999,   -999999,   -999999,   -999999,   -999999,   -999999,   -999999,   -999999,   -999999,   -999999,   -999999,   -999999,   -999999,   -999999,   -999999,   -999999,   -999999,   -999999,   -999999,   -999999,   -999999,   -999999,   -999999,   -999999,   -999999,   -999999,   -999999,   -999999,   -999999,   -999999,   -999999,   -999999,   -999999,   -999999,   -999999,   -999999,   -999999,   -999999,     -999999  
