inputs/ACTAMERICA_Merge/B200/ACTAMERICA-mrg05-b200_merge_20170125_R0.ict
136, 1001
Shook, Michael
NASA Atmospheric Composition Branch, NASA Langley Research Center (SSAI)
Merged data file for ACT-AMERICA 2017, Flight 02 (20170125), on the b200 platform. Data is merged to 05 seconds.
NASA ACT-AMERICA 2017
1, 1
2017, 01, 25, 2018, 02, 22
05
UTC,s
97
1, 1, 1, 1, 1, 1, 1, 1, 1, 1, 1, 1, 1, 1, 1, 1, 1, 1, 1, 1, 1, 1, 1, 1, 1, 1, 1, 1, 1, 1, 1, 1, 1, 1, 1, 1, 1, 1, 1, 1, 1, 1, 1, 1, 1, 1, 1, 1, 1, 1, 1, 1, 1, 1, 1, 1, 1, 1, 1, 1, 1, 1, 1, 1, 1, 1, 1, 1, 1, 1, 1, 1, 1, 1, 1, 1, 1, 1, 1, 1, 1, 1, 1, 1, 1, 1, 1, 1, 1, 1, 1, 1, 1, 1, 1, 1, 1
-999999, -999999, -999999, -999999, -999999, -999999, -999999, -999999, -999999, -999999, -999999, -999999, -999999, -999999, -999999, -999999, -999999, -999999, -999999, -999999, -999999, -999999, -999999, -999999, -999999, -999999, -999999, -999999, -999999, -999999, -999999, -999999, -999999, -999999, -999999, -999999, -999999, -999999, -999999, -999999, -999999, -999999, -999999, -999999, -999999, -999999, -999999, -999999, -999999, -999999, -999999, -999999, -999999, -999999, -999999, -999999, -999999, -999999, -999999, -999999, -999999, -999999, -999999, -999999, -999999, -999999, -999999, -999999, -999999, -999999, -999999, -999999, -999999, -999999, -999999, -999999, -999999, -999999, -999999, -999999, -999999, -999999, -999999, -999999, -999999, -999999, -999999, -999999, -999999, -999999, -999999, -999999, -999999, -999999, -999999, -999999, -999999
JDAY, days
INDEX, none
FLIGHT, none
LOCAL_SUN_TIME, hour
LATITUDE, degs
LONGITUDE, degs
ALTP, km
PRESSURE, hPa
TEMPERATURE, K
THETA, K
O3COLUMN, DU
SZA, deg
GPS_ALT, km
GRD_SPD, m/s
TAS, m/s
IAS, m/s
MachNumber, mach
VerticalSpeed, ft min-1
HDG, degs
TRK, degs
PITCH, degs
ROLL, degs
PotentialTemp, K
Dewpoint, K
TotalAirTemp, K
CabinPressure, hPa
SolarZenithAngle, degs
AircraftSunElevation, degs
SunAzimuth, degs
AircraftSunAzimuth, degs
H2O_MixingRatio, g kg-1
H2O_VaporPressure, hPa
H2O_SatVaporPressureWater, hPa
H2O_SatVaporPressureIce, hPa
H2O_RelativeHumidity, %
DifferentialPressure, hPa
U_WINDS, m s-1
V_WINDS, m s-1
Ground_Elevation, km
Altitude_AGL, km
O3_MixingRatio, ppbv
CO2_MixingRatio_PICARRO, ppmv
CH4_MixingRatio_PICARRO, ppmv
CO_MixingRatio_PICARRO, ppmv
CO2_MoleFraction_PFP, ppm
CH4_MoleFraction_PFP, ppb
CO_MoleFraction_PFP, ppb
N2O_MoleFraction_PFP, ppb
SF6_MoleFraction_PFP, ppt
H2_MoleFraction_PFP, ppb
CH4C13_PFP, per mil
CO2C14_PFP, per mil
F11B_MoleFraction_PFP, ppt
FC12_MoleFraction_PFP, ppt
F13_MoleFraction_PFP, ppt
F113_MoleFraction_PFP, ppt
F115_MoleFraction_PFP, ppt
HF133a_MoleFraction_PFP, ppt
F23_MoleFraction_PFP, ppt
F32_MoleFraction_PFP, ppt
F134A_MoleFraction_PFP, ppt
F152A_MoleFraction_PFP, ppt
F125_MoleFraction_PFP, ppt
F143a_MoleFraction_PFP, ppt
F227e_MoleFraction_PFP, ppt
F365m_MoleFraction_PFP, ppt
H1211_MoleFraction_PFP, ppt
H1301_MoleFraction_PFP, ppt
H2402_MoleFraction_PFP, ppt
MCFA_MoleFraction_PFP, ppt
CF4_MoleFraction_PFP, ppt
C2F6_MoleFraction_PFP, ppt
SO2F2_MoleFraction_PFP, ppt
MEBR_MoleFraction_PFP, ppt
CH3I_MoleFraction_PFP, ppt
DIBR_MoleFraction_PFP, ppt
OCS_MoleFraction_PFP, ppt
MECL_MoleFraction_PFP, ppt
DICL_MoleFraction_PFP, ppt
CLHF_MoleFraction_PFP, ppt
PCE_MoleFraction_PFP, ppt
C2H2_MoleFraction_PFP, ppt
C2H6_MoleFraction_PFP, ppt
C3H8_MoleFraction_PFP, ppt
nC4H10_MoleFraction_PFP, ppt
[...]
[from data line 115]
68587,   25,          200116.00,         2.0000000,  13.94019226,   36.7250864,   283.3133006,   1.204703727,   876.6,   284.8679939,   295.7917768,   261,   62.09802855,   1.08486,   86.59054081,   99.67480777,    -999999,  0.2946,    -999999,  221.36,   216.26,   1.04,   -2.7,   295.7899939,   267.2499939,   289.8099939,   922.6,    -999999,   -999999,   -999999,   -999999,  2.81843,   3.95428,   13.81688,   15.46572,   28.62,   54.42,   13.874,   4.312,   0.02064,   1.06422,   37.94,   408.122,   1.9023,   0.09454285714,    -999999,   -999999,   -999999,   -999999,   -999999,   -999999,   -999999,   -999999,   -999999,   -999999,   -999999,   -999999,   -999999,   -999999,   -999999,   -999999,   -999999,   -999999,   -999999,   -999999,   -999999,   -999999,   -999999,   -999999,   -999999,   -999999,   -999999,   -999999,   -999999,   -999999,   -999999,   -999999,   -999999,   -999999,   -999999,   -999999,   -999999,   -999999,   -999999,   -999999,   -999999,   -999999,   -999999,   -999999,   -999999,   -999999,   -999999,   -999999,   -999999,   -999999,   -999999,   -999999,     -999999  
68592,   25,          200117.00,         2.0000000,  13.94139148,   36.7219238,   283.3104556,   1.205825391,   876.48,   284.8279939,   295.7618113,   261,   62.10283471,   1.08508,   86.79631681,   99.42890545,    -999999,  0.2939,    -999999,  220.9,   215.58,   1.06,   -2.4,   295.7619939,   267.4499939,   289.7499939,   922.52,    -999999,   -999999,   -999999,   -999999,  2.86232,   4.01504,   13.78044,   15.41902,   29.136,   54.146,   13.75,   3.922,   0.02142,   1.06366,   39.7,   408.114,   1.902488889,   0.1074380952,    -999999,   -999999,   -999999,   -999999,   -999999,   -999999,   -999999,   -999999,   -999999,   -999999,   -999999,   -999999,   -999999,   -999999,   -999999,   -999999,   -999999,   -999999,   -999999,   -999999,   -999999,   -999999,   -999999,   -999999,   -999999,   -999999,   -999999,   -999999,   -999999,   -999999,   -999999,   -999999,   -999999,   -999999,   -999999,   -999999,   -999999,   -999999,   -999999,   -999999,   -999999,   -999999,   -999999,   -999999,   -999999,   -999999,   -999999,   -999999,   -999999,   -999999,   -999999,   -999999,     -999999  
68597,   25,          200118.00,         2.0000000,  13.94259331,   36.718725,   283.3076496,   1.204697631,   876.6,   284.7339939,   295.6526383,   261,   62.10763099,   1.08398,   87.05353681,   99.39495241,    -999999,  0.29384,    -999999,  220.4,   214.8,   1.14,   -3.08,   295.6539939,   267.5299939,   289.6499939,   922.54,    -999999,   -999999,   -999999,   -999999,  2.879446,   4.03948,   13.69494,   15.30964,   29.496,   54.132,   13.948,   3.51,   0.02138,   1.0626,   39.48,   408.19,   1.90285,   0.1054,    -999999,   -999999,   -999999,   -999999,   -999999,   -999999,   -999999,   -999999,   -999999,   -999999,   -999999,   -999999,   -999999,   -999999,   -999999,   -999999,   -999999,   -999999,   -999999,   -999999,   -999999,   -999999,   -999999,   -999999,   -999999,   -999999,   -999999,   -999999,   -999999,   -999999,   -999999,   -999999,   -999999,   -999999,   -999999,   -999999,   -999999,   -999999,   -999999,   -999999,   -999999,   -999999,   -999999,   -999999,   -999999,   -999999,   -999999,   -999999,   -999999,   -999999,   -999999,   -999999,     -999999  
68602,   25,          200119.00,         2.0000000,  13.94379904,   36.7154806,   283.3049022,   1.203399183,   876.74,   284.7259939,   295.6308424,   261,   62.1124176,   1.08298,   87.25931281,   99.47932057,    -999999,  0.2941,    -999999,  219.5,   213.78,   1.24,   -3.02,   295.6319939,   267.5699939,   289.6499939,   922.56,    -999999,   -999999,   -999999,   -999999,  2.887832,   4.05184,   13.68768,   15.30038,   29.6,   54.238,   13.98,   3.472,   0.02144,   1.06154,   38.84,   408.205,   1.9031,   0.1037904762,    -999999,   -999999,   -999999,   -999999,   -999999,   -999999,   -999999,   -999999,   -999999,   -999999,   -999999,   -999999,   -999999,   -999999,   -999999,   -999999,   -999999,   -999999,   -999999,   -999999,   -999999,   -999999,   -999999,   -999999,   -999999,   -999999,   -999999,   -999999,   -999999,   -999999,   -999999,   -999999,   -999999,   -999999,   -999999,   -999999,   -999999,   -999999,   -999999,   -999999,   -999999,   -999999,   -999999,   -999999,   -999999,   -999999,   -999999,   -999999,   -999999,   -999999,   -999999,   -999999,     -999999  
68607,   25,          200120.00,         2.0000000,  13.94500883,   36.7121956,   283.3022158,   1.203588159,   876.72,   284.8579939,   295.7698257,   261,   62.11719988,   1.08334,   87.33133441,   99.75300265,    -999999,  0.29484,    -999999,  218.58,   213.02,   1.3,   -2.46,   295.7699939,   267.6899939,   289.8099939,   922.5,    -999999,   -999999,   -999999,   -999999,  2.914534,   4.08902,   13.80778,   15.45404,   29.612,   54.516,   13.844,   3.96,   0.02234,   1.061,   39.8,   408.102,   1.902533333,   0.1046,    -999999,   -999999,   -999999,   -999999,   -999999,   -999999,   -999999,   -999999,   -999999,   -999999,   -999999,   -999999,   -999999,   -999999,   -999999,   -999999,   -999999,   -999999,   -999999,   -999999,   -999999,   -999999,   -999999,   -999999,   -999999,   -999999,   -999999,   -999999,   -999999,   -999999,   -999999,   -999999,   -999999,   -999999,   -999999,   -999999,   -999999,   -999999,   -999999,   -999999,   -999999,   -999999,   -999999,   -999999,   -999999,   -999999,   -999999,   -999999,   -999999,   -999999,   -999999,   -999999,     -999999  
68612,   25,          200121.00,         2.0000000,  13.94622168,   36.708887,   283.2995752,   1.204331871,   876.64,   284.9379939,   295.8606039,   261,   62.12198603,   1.08396,   87.24902401,   99.75711817,    -999999,  0.2948,    -999999,  218.04,   212.52,   1.4,   -1.88,   295.8599939,   267.7299939,   289.8899939,   922.4,    -999999,   -999999,   -999999,   -999999,  2.923678,   4.10142,   13.88094,   15.54778,   29.55,   54.498,   13.624,   4.296,   0.02236,   1.0616,   40.08,   407.96,   1.9014,   0.1032,   407.96,   1903.58,   106.88,   330.15,   9.26,   507.81,    -999999,   -999999,  233.3,   517.51,   3.34,   71.09,   8.66,   0.51,   30.41,   14.28,   100,   9.07,   23.09,   20.81,   1.34,   1.04,   11.72,   3.34,   0.44,   2.55,   84.03,   4.65,   2.5,   7.33,   0.41,   1.12,   515.78,   568.51,   74.15,   14.05,   2.65,   197.4,   2291.92,   1066.62,   317.23,   134.78,   70.76,   70.74,   51.69,   100.5,   0.21,   0.16,   0.67,   0.6,   23.86,   249.32,      -999999  
68617,   25,          200122.00,         2.0000000,  13.94743673,   36.705569,   283.2969676,   1.204508655,   876.62,   284.8759939,   295.7981553,   261,   62.12678284,   1.08462,   87.10498081,   99.57089089,    -999999,  0.29426,    -999999,  217.8,   212.1,   1.38,   -2.26,   295.7979939,   267.7899939,   289.8099939,   922.3,    -999999,   -999999,   -999999,   -999999,  2.937142,   4.12012,   13.8242,   15.47506,   29.804,   54.302,   13.786,   4.18,   0.02212,   1.0625,   41.68,   408.076,   1.90215,   0.1077210526,   407.96,   1903.58,   106.88,   330.15,   9.26,   507.81,    -999999,   -999999,  233.3,   517.51,   3.34,   71.09,   8.66,   0.51,   30.41,   14.28,   100,   9.07,   23.09,   20.81,   1.34,   1.04,   11.72,   3.34,   0.44,   2.55,   84.03,   4.65,   2.5,   7.33,   0.41,   1.12,   515.78,   568.51,   74.15,   14.05,   2.65,   197.4,   2291.92,   1066.62,   317.23,   134.78,   70.76,   70.74,   51.69,   100.5,   0.21,   0.16,   0.67,   0.6,   23.86,   249.32,      -999999  
68622,   25,          200123.00,         2.0000000,  13.94865434,   36.7022336,   283.2943984,   1.205258463,   876.54,   284.9439939,   295.8764774,   261,   62.13158579,   1.0854,   87.16671361,   99.51121585,    -999999,  0.29408,    -999999,  217.16,   211.48,   1.2,   -2.62,   295.8739939,   267.8099939,   289.8699939,   922.26,    -999999,   -999999,   -999999,   -999999,  2.941988,   4.12654,   13.8864,   15.55478,   29.716,   54.218,   13.818,   4.206,   0.02204,   1.06336,   39.76,   408.062,   1.90225,   0.1039894737,   407.96,   1903.58,   106.88,   330.15,   9.26,   507.81,    -999999,   -999999,  233.3,   517.51,   3.34,   71.09,   8.66,   0.51,   30.41,   14.28,   100,   9.07,   23.09,   20.81,   1.34,   1.04,   11.72,   3.34,   0.44,   2.55,   84.03,   4.65,   2.5,   7.33,   0.41,   1.12,   515.78,   568.51,   74.15,   14.05,   2.65,   197.4,   2291.92,   1066.62,   317.23,   134.78,   70.76,   70.74,   51.69,   100.5,   0.21,   0.16,   0.67,   0.6,   23.86,   249.32,      -999999  
68627,   25,          200124.00,         2.0000000,  13.94987487,   36.6988708,   283.291873,   1.206014367,   876.46,   284.9279939,   295.867579,   261,   62.13638864,   1.08612,   87.32104561,   99.48343609,    -999999,  0.294,    -999999,  216.68,   210.94,   1.1,   -1.98,   295.8619939,   268.0099939,   289.8499939,   922.28,    -999999,   -999999,   -999999,   -999999,  2.987366,   4.18952,   13.8717,   15.53592,   30.202,   54.186,   13.678,   4.218,   0.0217,   1.06442,   38.56,   408.034,   1.901477778,   0.1076,   407.96,   1903.58,   106.88,   330.15,   9.26,   507.81,    -999999,   -999999,  233.3,   517.51,   3.34,   71.09,   8.66,   0.51,   30.41,   14.28,   100,   9.07,   23.09,   20.81,   1.34,   1.04,   11.72,   3.34,   0.44,   2.55,   84.03,   4.65,   2.5,   7.33,   0.41,   1.12,   515.78,   568.51,   74.15,   14.05,   2.65,   197.4,   2291.92,   1066.62,   317.23,   134.78,   70.76,   70.74,   51.69,   100.5,   0.21,   0.16,   0.67,   0.6,   23.86,   249.32,      -999999  
68632,   25,          200125.00,         2.0000000,  13.95109718,   36.695487,   283.2893744,   1.205825391,   876.48,   284.8459939,   295.7805023,   261,   62.14118977,   1.08608,   87.48566641,   99.24782257,    -999999,  0.29336,    -999999,  216.64,   210.56,   1.1,   -2.12,   295.7819939,   267.9099939,   289.7499939,   922.3,    -999999,   -999999,   -999999,   -999999,  2.964618,   4.15786,   13.79686,   15.44006,   30.136,   53.94,   13.842,   3.66,   0.01932,   1.06676,   38.16,   408.0533333,   1.90185,   0.10215,   407.96,   1903.58,   106.88,   330.15,   9.26,   507.81,    -999999,   -999999,  233.3,   517.51,   3.34,   71.09,   8.66,   0.51,   30.41,   14.28,   100,   9.07,   23.09,   20.81,   1.34,   1.04,   11.72,   3.34,   0.44,   2.55,   84.03,   4.65,   2.5,   7.33,   0.41,   1.12,   515.78,   568.51,   74.15,   14.05,   2.65,   197.4,   2291.92,   1066.62,   317.23,   134.78,   70.76,   70.74,   51.69,   100.5,   0.21,   0.16,   0.67,   0.6,   23.86,   249.32,      -999999  
68637,   25,          200126.00,         2.0000000,  13.95232122,   36.6920796,   283.2869016,   1.204697631,   876.6,   284.8719939,   295.7959302,   261,   62.14598658,   1.0847,   87.71202001,   99.40009681,    -999999,  0.29378,    -999999,  216.2,   210.04,   1.14,   -2.5,   295.7959939,   267.8499939,   289.7899939,   922.18,    -999999,   -999999,   -999999,   -999999,  2.950662,   4.1389,   13.82054,   15.47034,   29.946,   54.112,   13.972,   3.574,   0.01712,   1.06758,   37.66,   408.092,   1.9014,   0.1104,   407.96,   1903.58,   106.88,   330.15,   9.26,   507.81,    -999999,   -999999,  233.3,   517.51,   3.34,   71.09,   8.66,   0.51,   30.41,   14.28,   100,   9.07,   23.09,   20.81,   1.34,   1.04,   11.72,   3.34,   0.44,   2.55,   84.03,   4.65,   2.5,   7.33,   0.41,   1.12,   515.78,   568.51,   74.15,   14.05,   2.65,   197.4,   2291.92,   1066.62,   317.23,   134.78,   70.76,   70.74,   51.69,   100.5,   0.21,   0.16,   0.67,   0.6,   23.86,   249.32,      -999999  
68642,   25,          200127.00,         2.0000000,  13.95354797,   36.6886448,   283.2844696,   1.203210207,   876.76,   284.9079939,   295.8178849,   261,   62.15078214,   1.08358,   87.78404161,   99.63365257,    -999999,  0.29446,    -999999,  215.64,   209.42,   1.34,   -2,   295.8179939,   267.8699939,   289.8499939,   922.18,    -999999,   -999999,   -999999,   -999999,  2.954672,   4.14528,   13.85338,   15.51246,   29.922,   54.374,   14.056,   3.76,   0.01664,   1.06694,   37.62,   408.105,   1.902175,   0.11925,    -999999,   -999999,   -999999,   -999999,   -999999,   -999999,   -999999,   -999999,   -999999,   -999999,   -999999,   -999999,   -999999,   -999999,   -999999,   -999999,   -999999,   -999999,   -999999,   -999999,   -999999,   -999999,   -999999,   -999999,   -999999,   -999999,   -999999,   -999999,   -999999,   -999999,   -999999,   -999999,   -999999,   -999999,   -999999,   -999999,   -999999,   -999999,   -999999,   -999999,   -999999,   -999999,   -999999,   -999999,   -999999,   -999999,   -999999,   -999999,   -999999,   -999999,   -999999,   -999999,     -999999  
68647,   25,          200128.00,         2.0000000,  13.95477689,   36.685196,   283.28207,   1.203399183,   876.74,   284.7639939,   295.6702978,   261,   62.15558439,   1.0839,   87.72230881,   99.08731729,    -999999,  0.29292,    -999999,  215.68,   209.2,   1.38,   -1.42,   295.6699939,   267.7699939,   289.6499939,   922.02,    -999999,   -999999,   -999999,   -999999,  2.932374,   4.11404,   13.7223,   15.34464,   29.982,   53.794,   14.126,   3.174,   0.01898,   1.06492,   40.22,   408.125,   1.902654545,   0.10475,    -999999,   -999999,   -999999,   -999999,   -999999,   -999999,   -999999,   -999999,   -999999,   -999999,   -999999,   -999999,   -999999,   -999999,   -999999,   -999999,   -999999,   -999999,   -999999,   -999999,   -999999,   -999999,   -999999,   -999999,   -999999,   -999999,   -999999,   -999999,   -999999,   -999999,   -999999,   -999999,   -999999,   -999999,   -999999,   -999999,   -999999,   -999999,   -999999,   -999999,   -999999,   -999999,   -999999,   -999999,   -999999,   -999999,   -999999,   -999999,   -999999,   -999999,   -999999,   -999999,     -999999  
68652,   25,          200129.00,         2.0000000,  13.95600634,   36.6817454,   283.2796784,   1.204709823,   876.6,   284.6819939,   295.5986443,   261,   62.1603935,   1.08474,   87.77375281,   98.71177609,    -999999,  0.29184,    -999999,  215.52,   209.14,   1.26,   -1.44,   295.5979939,   267.7299939,   289.5299939,   922.12,    -999999,   -999999,   -999999,   -999999,  2.923842,   4.10146,   13.64794,   15.24958,   30.05,   53.386,   13.81,   2.948,   0.02188,   1.06286,   38.7,   408.176,   1.902654545,   0.10725,    -999999,   -999999,   -999999,   -999999,   -999999,   -999999,   -999999,   -999999,   -999999,   -999999,   -999999,   -999999,   -999999,   -999999,   -999999,   -999999,   -999999,   -999999,   -999999,   -999999,   -999999,   -999999,   -999999,   -999999,   -999999,   -999999,   -999999,   -999999,   -999999,   -999999,   -999999,   -999999,   -999999,   -999999,   -999999,   -999999,   -999999,   -999999,   -999999,   -999999,   -999999,   -999999,   -999999,   -999999,   -999999,   -999999,   -999999,   -999999,   -999999,   -999999,   -999999,   -999999,     -999999  
