inputs/ACTAMERICA_Merge/B200/ACTAMERICA-mrg05-b200_merge_20160827_R0.ict
142, 1001
Shook, Michael
NASA Atmospheric Composition Branch, NASA Langley Research Center (SSAI)
Merged data file for ACT-AMERICA 2016, Flight 24 (20160827), on the b200 platform. Data is merged to 05 seconds.
ACTAmerica - 2016
1, 1
2016, 08, 27, 2018, 09, 19
05
UTC,s
102
1, 1, 1, 1, 1, 1, 1, 1, 1, 1, 1, 1, 1, 1, 1, 1, 1, 1, 1, 1, 1, 1, 1, 1, 1, 1, 1, 1, 1, 1, 1, 1, 1, 1, 1, 1, 1, 1, 1, 1, 1, 1, 1, 1, 1, 1, 1, 1, 1, 1, 1, 1, 1, 1, 1, 1, 1, 1, 1, 1, 1, 1, 1, 1, 1, 1, 1, 1, 1, 1, 1, 1, 1, 1, 1, 1, 1, 1, 1, 1, 1, 1, 1, 1, 1, 1, 1, 1, 1, 1, 1, 1, 1, 1, 1, 1, 1, 1, 1, 1, 1, 1
-999999, -999999, -999999, -999999, -999999, -999999, -999999, -999999, -999999, -999999, -999999, -999999, -999999, -999999, -999999, -999999, -999999, -999999, -999999, -999999, -999999, -999999, -999999, -999999, -999999, -999999, -999999, -999999, -999999, -999999, -999999, -999999, -999999, -999999, -999999, -999999, -999999, -999999, -999999, -999999, -999999, -999999, -999999, -999999, -999999, -999999, -999999, -999999, -999999, -999999, -999999, -999999, -999999, -999999, -999999, -999999, -999999, -999999, -999999, -999999, -999999, -999999, -999999, -999999, -999999, -999999, -999999, -999999, -999999, -999999, -999999, -999999, -999999, -999999, -999999, -999999, -999999, -999999, -999999, -999999, -999999, -999999, -999999, -999999, -999999, -999999, -999999, -999999, -999999, -999999, -999999, -999999, -999999, -999999, -999999, -999999, -999999, -999999, -999999, -999999, -999999, -999999
JDAY, days
INDEX, none
FLIGHT, none
LOCAL_SUN_TIME, hour
LATITUDE, degs
LONGITUDE, degs
ALTP, km
PRESSURE, hPa
TEMPERATURE, K
THETA, K, calculated from ambient temperature and pressure
O3COLUMN, DU, OMI ozone column data extracted along flight track
SZA, deg
WNS, m s-1
WND, Degs
GPS_ALT, km
GRD_SPD, m/s
TAS, m/s
IAS, m/s
MachNumber, mach
VerticalSpeed, ft min-1
HDG, degs
TRK, degs
DifferentialPressure, hPa
DriftAngle, degs
PITCH, degs
ROLL, degs
PotentialTemp_Nav, K
Dewpoint, K
TotalAirTemp, K
StaticPressure, hPa
CabinPressure, hPa
SolarZenithAngle, degs
AircraftSunElevation, degs
SunAzimuth, degs
AircraftSunAzimuth, degs
H2O_MixingRatio_Nav, g kg-1
H2O_VaporPressure_Nav, hPa
H2O_SatVaporPressureWater_Nav, hPa
H2O_SatVaporPressureIce_Nav, hPa
H2O_RelativeHumidity_Nav, %
ManeuverFlag, none
U_WINDS, m s-1
V_WINDS, m s-1
GroundElevation-AMSL_GoogleMaps, km
Altitude-AGL_GoogleMaps, km
O3_MoleFraction, ppb
CO2_DryMoleFrac_PICARRO, ppm
CH4_DryMoleFrac_PICARRO, ppm
CO_DryMoleFrac_PICARRO, ppm
CO2_MoleFraction_PFP, ppm
CH4_MoleFraction_PFP, ppb
CO_MoleFraction_PFP, ppb
N2O_MoleFraction_PFP, ppb
SF6_CCGG_MoleFraction_PFP, ppt
H2_MoleFraction_PFP, ppb
CH4C13_MoleFraction_PFP, permil
CO2C14_MoleFraction_PFP, permil
F11B_MoleFraction_PFP, ppt
FC12_MoleFraction_PFP, ppt
F13_MoleFraction_PFP, ppt
F113_MoleFraction_PFP, ppt
F115_MoleFraction_PFP, ppt
HF133a_MoleFraction_PFP, ppt
F23_MoleFraction_PFP, ppt
F32_MoleFraction_PFP, ppt
F134A_MoleFraction_PFP, ppt
F152A_MoleFraction_PFP, ppt
F125_MoleFraction_PFP, ppt
F143a_MoleFraction_PFP, ppt
F227e_MoleFraction_PFP, ppt
F365m_MoleFraction_PFP, ppt
H1211_MoleFraction_PFP, ppt
H1301_MoleFraction_PFP, ppt
H2402_MoleFraction_PFP, ppt
MCFA_MoleFraction_PFP, ppt
CF4_MoleFraction_PFP, ppt
C2F6_MoleFraction_PFP, ppt
SO2F2_MoleFraction_PFP, ppt
MEBR_MoleFraction_PFP, ppt
[...]
[from data line 1118]
68792,   240,          2401119.0,         24.000000,  13.15109267,   32.05992,   270.62264,   0.5193182464,   952.36,   299.2299939,   303.432391,   291.6000061,   27.24428743,    -999999,   -999999,  0.485656,   98.30022409,   101.756232,    -999999,  0.2934,    -999999,  171.242,   172.428,    -999999,   -999999,  1.412,   -1.252,   304.5899939,   291.5299939,   304.4099939,   952.36,   965.4,    -999999,   -999999,   -999999,   -999999,  14.17594,   21.22212,   33.91876,   43.45664,   62.566,   6,   -1.602,   2.12,   0.10214,   0.3835,   42.48,   395.635,   1.94125,   0.157,    -999999,   -999999,   -999999,   -999999,   -999999,   -999999,   -999999,   -999999,   -999999,   -999999,   -999999,   -999999,   -999999,   -999999,   -999999,   -999999,   -999999,   -999999,   -999999,   -999999,   -999999,   -999999,   -999999,   -999999,   -999999,   -999999,   -999999,   -999999,   -999999,   -999999,   -999999,   -999999,   -999999,   -999999,   -999999,   -999999,   -999999,   -999999,   -999999,   -999999,   -999999,   -999999,   -999999,   -999999,   -999999,   -999999,   -999999,   -999999,   -999999,   -999999,   -999999,   -999999,     -999999  
68797,   240,          2401120.0,         24.000000,  13.15252689,   32.05556,   270.62332,   0.5263896065,   951.54,   299.4299939,   303.7099371,   291.6000061,   27.25258122,    -999999,   -999999,  0.4943376,   97.53988177,   98.30948401,    -999999,  0.2836,    -999999,  170.702,   172.452,    -999999,   -999999,  1.808,   -1.074,   304.8499939,   291.5099939,   304.2499939,   951.54,   965.04,    -999999,   -999999,   -999999,   -999999,  14.17034,   21.19566,   34.32204,   44.05502,   61.756,   6,   -1.69,   -0.532,   0.10376,   0.39056,   41.98,   395.728,   1.94195,   0.1538421053,    -999999,   -999999,   -999999,   -999999,   -999999,   -999999,   -999999,   -999999,   -999999,   -999999,   -999999,   -999999,   -999999,   -999999,   -999999,   -999999,   -999999,   -999999,   -999999,   -999999,   -999999,   -999999,   -999999,   -999999,   -999999,   -999999,   -999999,   -999999,   -999999,   -999999,   -999999,   -999999,   -999999,   -999999,   -999999,   -999999,   -999999,   -999999,   -999999,   -999999,   -999999,   -999999,   -999999,   -999999,   -999999,   -999999,   -999999,   -999999,   -999999,   -999999,   -999999,   -999999,         1.2954000  
68802,   240,          2401121.0,         24.000000,  13.15396111,   32.0512,   270.624,   0.5313883266,   950.98,   299.3699939,   303.700157,   291.6000061,   27.26088849,    -999999,   -999999,  0.4975536,   97.07482801,   99.59558401,    -999999,  0.2872,    -999999,  170.674,   172.168,    -999999,   -999999,  1.362,   -3.318,   304.8499939,   291.1899939,   304.2899939,   950.98,   964.8,    -999999,   -999999,   -999999,   -999999,  13.89176,   20.77572,   34.20016,   43.87398,   60.748,   6,   -1.284,   1.23,   0.1019,   0.39566,   41.86,   396.074,   1.93845,   0.1471578947,    -999999,   -999999,   -999999,   -999999,   -999999,   -999999,   -999999,   -999999,   -999999,   -999999,   -999999,   -999999,   -999999,   -999999,   -999999,   -999999,   -999999,   -999999,   -999999,   -999999,   -999999,   -999999,   -999999,   -999999,   -999999,   -999999,   -999999,   -999999,   -999999,   -999999,   -999999,   -999999,   -999999,   -999999,   -999999,   -999999,   -999999,   -999999,   -999999,   -999999,   -999999,   -999999,   -999999,   -999999,   -999999,   -999999,   -999999,   -999999,   -999999,   -999999,   -999999,   -999999,         1.1852000  
68807,   240,          2401122.0,         24.000000,  13.15540067,   32.0469,   270.62476,   0.5344363266,   950.62,   299.2899939,   303.651847,   291.6000061,   27.26929874,    -999999,   -999999,  0.5023426,   96.65607385,   99.34865281,    -999999,  0.2862,    -999999,  169.844,   171.054,    -999999,   -999999,  1.758,   -4.618,   304.7899939,   290.8899939,   304.2099939,   950.62,   964.98,    -999999,   -999999,   -999999,   -999999,  13.62996,   20.38502,   34.03912,   43.63508,   59.89,   6,   -1.3,   1.434,   0.1182,   0.38416,   42.78,   396.765,   1.9369,   0.148,    -999999,   -999999,   -999999,   -999999,   -999999,   -999999,   -999999,   -999999,   -999999,   -999999,   -999999,   -999999,   -999999,   -999999,   -999999,   -999999,   -999999,   -999999,   -999999,   -999999,   -999999,   -999999,   -999999,   -999999,   -999999,   -999999,   -999999,   -999999,   -999999,   -999999,   -999999,   -999999,   -999999,   -999999,   -999999,   -999999,   -999999,   -999999,   -999999,   -999999,   -999999,   -999999,   -999999,   -999999,   -999999,   -999999,   -999999,   -999999,   -999999,   -999999,   -999999,   -999999,         1.1916000  
68812,   240,          2401123.0,         24.000000,  13.15684822,   32.04262,   270.62564,   0.5424220867,   949.72,   299.2699939,   303.7137379,   291.6000061,   27.27780302,    -999999,   -999999,  0.5104128,   95.89676041,   98.89594561,    -999999,  0.285,    -999999,  168.308,   169.898,    -999999,   -999999,  2.01,   -2.034,   304.8699939,   290.9299939,   304.1699939,   949.72,   964.78,    -999999,   -999999,   -999999,   -999999,  13.67842,   20.43654,   33.99854,   43.57484,   60.112,   6,   -1.936,   1.642,   0.11446,   0.39592,   46.26,   396.4,   1.936877778,   0.1445,    -999999,   -999999,   -999999,   -999999,   -999999,   -999999,   -999999,   -999999,   -999999,   -999999,   -999999,   -999999,   -999999,   -999999,   -999999,   -999999,   -999999,   -999999,   -999999,   -999999,   -999999,   -999999,   -999999,   -999999,   -999999,   -999999,   -999999,   -999999,   -999999,   -999999,   -999999,   -999999,   -999999,   -999999,   -999999,   -999999,   -999999,   -999999,   -999999,   -999999,   -999999,   -999999,   -999999,   -999999,   -999999,   -999999,   -999999,   -999999,   -999999,   -999999,   -999999,   -999999,         1.2892000  
68817,   240,          2401124.0,         24.000000,  13.15829578,   32.0384,   270.62652,   0.5493715268,   948.92,   299.2699939,   303.786873,   291.6000061,   27.2863669,    -999999,   -999999,  0.517724,   95.17551553,   98.07284161,    -999999,  0.2828,    -999999,  168.374,   169.93,    -999999,   -999999,  1.95,   -0.87,   304.9299939,   290.8099939,   304.0499939,   948.92,   964.66,    -999999,   -999999,   -999999,   -999999,  13.58496,   20.28274,   33.99844,   43.5747,   59.658,   6,   -1.828,   1.528,   0.12984,   0.38788,   43.34,   396.476,   1.9357,   0.144,    -999999,   -999999,   -999999,   -999999,   -999999,   -999999,   -999999,   -999999,   -999999,   -999999,   -999999,   -999999,   -999999,   -999999,   -999999,   -999999,   -999999,   -999999,   -999999,   -999999,   -999999,   -999999,   -999999,   -999999,   -999999,   -999999,   -999999,   -999999,   -999999,   -999999,   -999999,   -999999,   -999999,   -999999,   -999999,   -999999,   -999999,   -999999,   -999999,   -999999,   -999999,   -999999,   -999999,   -999999,   -999999,   -999999,   -999999,   -999999,   -999999,   -999999,   -999999,   -999999,         1.2944000  
68822,   240,          2401125.0,         24.000000,  13.159742,   32.03418,   270.62738,   0.5547969669,   948.3,   299.2899939,   303.863913,   291.6000061,   27.2949334,    -999999,   -999999,  0.5231406,   94.71560617,   97.98024241,    -999999,  0.2824,    -999999,  168.654,   170.148,    -999999,   -999999,  1.82,   -1.93,   304.9899939,   290.5299939,   304.0299939,   948.3,   964.6,    -999999,   -999999,   -999999,   -999999,  13.35032,   19.92686,   34.03862,   43.6343,   58.54,   6,   -1.706,   1.9,   0.12076,   0.40238,   42.14,   396.585,   1.934908333,   0.148,   396.63,   1937.38,   148.97,   329.36,   9.13,   509.29,   -47.69,    -999999,  234.18,   517.24,   3.3,   71.79,   8.6,   0.54,   29.83,   18.38,   107.3,   13.13,   25.73,   21.47,   1.28,   1.11,    -999999,  3.38,   0.41,   2.69,   82.91,   4.66,   2.19,   7.98,   1.2,   0.85,    -999999,  550.76,   50.58,   14.41,   3.01,   222.44,   1487.42,   638.18,   237.36,   111.1,   179.03,   133.54,   61.35,   148.31,   0.19,   0.18,   0.78,   0.65,   50.11,   256.97,          1.2932000  
68827,   240,          2401126.0,         24.000000,  13.16119089,   32.03,   270.62828,   0.5589422469,   947.84,   299.2099939,   303.8248059,   291.6000061,   27.30356581,    -999999,   -999999,  0.528112,   94.23820585,   97.08511681,    -999999,  0.28,    -999999,  167.888,   169.468,    -999999,   -999999,  1.906,   -3.376,   304.9899939,   290.5699939,   303.9099939,   947.84,   964.54,    -999999,   -999999,   -999999,   -999999,  13.39168,   19.97754,   33.87796,   43.39614,   58.966,   6,   -1.674,   1.468,   0.1262,   0.40194,   43.44,   396.505,   1.936363636,   0.146,   396.63,   1937.38,   148.97,   329.36,   9.13,   509.29,   -47.69,    -999999,  234.18,   517.24,   3.3,   71.79,   8.6,   0.54,   29.83,   18.38,   107.3,   13.13,   25.73,   21.47,   1.28,   1.11,    -999999,  3.38,   0.41,   2.69,   82.91,   4.66,   2.19,   7.98,   1.2,   0.85,    -999999,  550.76,   50.58,   14.41,   3.01,   222.44,   1487.42,   638.18,   237.36,   111.1,   179.03,   133.54,   61.35,   148.31,   0.19,   0.18,   0.78,   0.65,   50.11,   256.97,          1.3626000  
68832,   240,          2401127.0,         24.000000,  13.16264111,   32.02584,   270.6292,   0.563819047,   947.3,   299.1499939,   303.8133441,   291.6000061,   27.31223791,    -999999,   -999999,  0.532438,   93.92131081,   96.81760801,    -999999,  0.2792,    -999999,  167.628,   168.938,    -999999,   -999999,  1.882,   -0.506,   304.9499939,   290.8099939,   303.7899939,   947.3,   964.6,    -999999,   -999999,   -999999,   -999999,  13.6083,   20.28222,   33.75778,   43.21804,   60.078,   6,   -1.536,   1.506,   0.1194,   0.41306,   44.24,   396.61,   1.938363636,   0.1485,   396.63,   1937.38,   148.97,   329.36,   9.13,   509.29,   -47.69,    -999999,  234.18,   517.24,   3.3,   71.79,   8.6,   0.54,   29.83,   18.38,   107.3,   13.13,   25.73,   21.47,   1.28,   1.11,    -999999,  3.38,   0.41,   2.69,   82.91,   4.66,   2.19,   7.98,   1.2,   0.85,    -999999,  550.76,   50.58,   14.41,   3.01,   222.44,   1487.42,   638.18,   237.36,   111.1,   179.03,   133.54,   61.35,   148.31,   0.19,   0.18,   0.78,   0.65,   50.11,   256.97,          1.3638000  
68837,   240,          2401128.0,         24.000000,  13.16409267,   32.0217,   270.63014,   0.567232807,   946.9,   299.1499939,   303.8500072,   291.6000061,   27.32094969,    -999999,   -999999,  0.5364736,   93.79372969,   96.48836641,    -999999,  0.2784,    -999999,  168.01,   169.576,    -999999,   -999999,  1.682,   -1.016,   304.9899939,   290.6699939,   303.7899939,   946.9,   964.54,    -999999,   -999999,   -999999,   -999999,  13.49208,   20.10418,   33.7577,   43.218,   59.552,   6,   -1.674,   1.246,   0.12306,   0.41344,   44.02,   396.57,   1.936918182,   0.145,   396.63,   1937.38,   148.97,   329.36,   9.13,   509.29,   -47.69,    -999999,  234.18,   517.24,   3.3,   71.79,   8.6,   0.54,   29.83,   18.38,   107.3,   13.13,   25.73,   21.47,   1.28,   1.11,    -999999,  3.38,   0.41,   2.69,   82.91,   4.66,   2.19,   7.98,   1.2,   0.85,    -999999,  550.76,   50.58,   14.41,   3.01,   222.44,   1487.42,   638.18,   237.36,   111.1,   179.03,   133.54,   61.35,   148.31,   0.19,   0.18,   0.78,   0.65,   50.11,   256.97,          1.3658000  
68842,   240,          2401129.0,         24.000000,  13.16554156,   32.01754,   270.63104,   0.569610247,   946.64,   299.0899939,   303.8129015,   291.6000061,   27.32963776,    -999999,   -999999,  0.5376888,   93.87398233,   96.24143521,    -999999,  0.2776,    -999999,  167.69,   169.412,    -999999,   -999999,  1.056,   -1.766,   304.9899939,   290.7099939,   303.6899939,   946.64,   964.64,    -999999,   -999999,   -999999,   -999999,  13.53086,   20.15518,   33.63818,   43.04102,   59.918,   6,   -1.784,   0.806,   0.1268,   0.41088,   42.06,   396.576,   1.9376,   0.1493333333,    -999999,   -999999,   -999999,   -999999,   -999999,   -999999,   -999999,   -999999,   -999999,   -999999,   -999999,   -999999,   -999999,   -999999,   -999999,   -999999,   -999999,   -999999,   -999999,   -999999,   -999999,   -999999,   -999999,   -999999,   -999999,   -999999,   -999999,   -999999,   -999999,   -999999,   -999999,   -999999,   -999999,   -999999,   -999999,   -999999,   -999999,   -999999,   -999999,   -999999,   -999999,   -999999,   -999999,   -999999,   -999999,   -999999,   -999999,   -999999,   -999999,   -999999,   -999999,   -999999,         1.4544000  
68847,   240,          2401130.0,         24.000000,  13.16699444,   32.01336,   270.632,   0.562843687,   947.4,   299.0899939,   303.743248,   291.6000061,   27.33835678,    -999999,   -999999,  0.5301918,   94.41517321,   96.60154321,    -999999,  0.2786,    -999999,  168.126,   169.202,    -999999,   -999999,  0.82,   -2.084,   304.9099939,   290.9699939,   303.7299939,   947.4,   964.62,    -999999,   -999999,   -999999,   -999999,  13.7478,   20.4878,   33.63824,   43.04116,   60.904,   6,   -0.616,   0.782,   0.12306,   0.4071,   43.56,   396.62,   1.9392,   0.1544761905,    -999999,   -999999,   -999999,   -999999,   -999999,   -999999,   -999999,   -999999,   -999999,   -999999,   -999999,   -999999,   -999999,   -999999,   -999999,   -999999,   -999999,   -999999,   -999999,   -999999,   -999999,   -999999,   -999999,   -999999,   -999999,   -999999,   -999999,   -999999,   -999999,   -999999,   -999999,   -999999,   -999999,   -999999,   -999999,   -999999,   -999999,   -999999,   -999999,   -999999,   -999999,   -999999,   -999999,   -999999,   -999999,   -999999,   -999999,   -999999,   -999999,   -999999,   -999999,   -999999,         1.2964000  
68852,   240,          2401131.0,         24.000000,  13.16844333,   32.00912,   270.6329,   0.5546140869,   948.32,   299.1699939,   303.7402488,   291.6000061,   27.34701061,    -999999,   -999999,  0.520524,   95.33807857,   96.62212081,    -999999,  0.2788,    -999999,  168.53,   169.422,    -999999,   -999999,  -0.068,   0.69,   304.8699939,   290.9299939,   303.8099939,   948.32,   964.9,    -999999,   -999999,   -999999,   -999999,  13.69886,   20.43628,   33.79792,   43.27758,   60.464,   6,   -0.326,   -0.21,   0.1103,   0.41024,   42.64,   396.59,   1.9386,   0.1514285714,    -999999,   -999999,   -999999,   -999999,   -999999,   -999999,   -999999,   -999999,   -999999,   -999999,   -999999,   -999999,   -999999,   -999999,   -999999,   -999999,   -999999,   -999999,   -999999,   -999999,   -999999,   -999999,   -999999,   -999999,   -999999,   -999999,   -999999,   -999999,   -999999,   -999999,   -999999,   -999999,   -999999,   -999999,   -999999,   -999999,   -999999,   -999999,   -999999,   -999999,   -999999,   -999999,   -999999,   -999999,   -999999,   -999999,   -999999,   -999999,   -999999,   -999999,   -999999,   -999999,         1.4300000  
