inputs/ACTAMERICA_Merge/B200/ACTAMERICA-mrg05-b200_merge_20180414_R0.ict
141, 1001
Shook, Michael
NASA Chemistry and Dynamics Branch, NASA Langley Research Center
Merged data file for ACT-AMERICA 2018, Flight 03 (20180414), on the b200 platform. Data is merged to 05 seconds.
NASA ACT-AMERICA 2018
1, 1
2018, 04, 14, 2018, 10, 15
05
UTC,s
102
1, 1, 1, 1, 1, 1, 1, 1, 1, 1, 1, 1, 1, 1, 1, 1, 1, 1, 1, 1, 1, 1, 1, 1, 1, 1, 1, 1, 1, 1, 1, 1, 1, 1, 1, 1, 1, 1, 1, 1, 1, 1, 1, 1, 1, 1, 1, 1, 1, 1, 1, 1, 1, 1, 1, 1, 1, 1, 1, 1, 1, 1, 1, 1, 1, 1, 1, 1, 1, 1, 1, 1, 1, 1, 1, 1, 1, 1, 1, 1, 1, 1, 1, 1, 1, 1, 1, 1, 1, 1, 1, 1, 1, 1, 1, 1, 1, 1, 1, 1, 1, 1
-999999, -999999, -999999, -999999, -999999, -999999, -999999, -999999, -999999, -999999, -999999, -999999, -999999, -999999, -999999, -999999, -999999, -999999, -999999, -999999, -999999, -999999, -999999, -999999, -999999, -999999, -999999, -999999, -999999, -999999, -999999, -999999, -999999, -999999, -999999, -999999, -999999, -999999, -999999, -999999, -999999, -999999, -999999, -999999, -999999, -999999, -999999, -999999, -999999, -999999, -999999, -999999, -999999, -999999, -999999, -999999, -999999, -999999, -999999, -999999, -999999, -999999, -999999, -999999, -999999, -999999, -999999, -999999, -999999, -999999, -999999, -999999, -999999, -999999, -999999, -999999, -999999, -999999, -999999, -999999, -999999, -999999, -999999, -999999, -999999, -999999, -999999, -999999, -999999, -999999, -999999, -999999, -999999, -999999, -999999, -999999, -999999, -999999, -999999, -999999, -999999, -999999
JDAY, days
INDEX, none
FLIGHT, none
LOCAL_SUN_TIME, hour
LATITUDE, degs
LONGITUDE, degs
ALTP, km
PRESSURE, hPa
TEMPERATURE, K
THETA, K, calculated from ambient temperature and pressure
O3COLUMN, DU, OMI ozone column data extracted along flight track
SZA, deg
WNS, m/s
WND, Degs
GPS_ALT, km
GRD_SPD, m/s
TAS, m/s
IAS, m/s
MachNumber, mach
VerticalSpeed, ft min-1
HDG, degs
TRK, degs
DifferentialPressure, hPa
DriftAngle, degs
PITCH, degs
ROLL, degs
PotentialTemp_Nav, K
Dewpoint, K
TotalAirTemp, K
StaticPressure, hPa
CabinPressure, hPa
SolarZenithAngle, degs
AircraftSunElevation, degs
SunAzimuth, degs
AircraftSunAzimuth, degs
H2O_MixingRatio_Nav, g kg-1
H2O_VaporPressure_Nav, hPa
H2O_SatVaporPressureWater_Nav, hPa
H2O_SatVaporPressureIce_Nav, hPa
H2O_RelativeHumidity_Nav, %
ManeuverFlag, none
U_WINDS, m s-1
V_WINDS, m s-1
GroundElevation-AMSL_GoogleMaps, km
Altitude-AGL_GoogleMaps, km
O3_MixingRatio, ppbv
CO2_DryMoleFrac_PICARRO, ppm
CH4_DryMoleFrac_PICARRO, ppm
CO_DryMoleFrac_PICARRO, ppm
CO2_MoleFraction_PFP, ppm
CH4_MoleFraction_PFP, ppb
CO_MoleFraction_PFP, ppb
N2O_MoleFraction_PFP, ppb
SF6_CCGG_MoleFraction_PFP, ppt
H2_MoleFraction_PFP, ppb
CH4C13_MoleFraction_PFP, permil
CO2C14_MoleFraction_PFP, permil
F11B_MoleFraction_PFP, ppt
FC12_MoleFraction_PFP, ppt
F13_MoleFraction_PFP, ppt
F113_MoleFraction_PFP, ppt
F115_MoleFraction_PFP, ppt
HF133a_MoleFraction_PFP, ppt
F23_MoleFraction_PFP, ppt
F32_MoleFraction_PFP, ppt
F134A_MoleFraction_PFP, ppt
F152A_MoleFraction_PFP, ppt
F125_MoleFraction_PFP, ppt
F143a_MoleFraction_PFP, ppt
F227e_MoleFraction_PFP, ppt
F365m_MoleFraction_PFP, ppt
H1211_MoleFraction_PFP, ppt
H1301_MoleFraction_PFP, ppt
H2402_MoleFraction_PFP, ppt
MCFA_MoleFraction_PFP, ppt
CF4_MoleFraction_PFP, ppt
C2F6_MoleFraction_PFP, ppt
SO2F2_MoleFraction_PFP, ppt
MEBR_MoleFraction_PFP, ppt
[...]
[from data line 521]
58072,   104,          300522.00,         3.0000000,  9.738964636,   34.2261352,   264.1073862,   3.636129933,   646.072,   267.3839939,   302.9290061,   256.5740051,   39.81469698,   25.5511214,   252.450812,   3.60546,   105.305868,   118.3705863,    -999999,  0.36112,    -999999,  306.22,   317.508,   60.92,    -999999,  -4.27,   -0.128,   302.9319939,   241.0619939,   274.3599939,   646.072,   987.006,    -999999,   -999999,   -999999,   -999999,  0.403826,   0.41918,   3.99166,   3.77402,   11.106,    -999999,   -999999,   -999999,  0.14356,   3.4619,   74.66,   412.7444444,   1.918166667,   0.11505,   412.2,   1918.54,   123.5,   330.58,   9.78,   519.44,    -999999,   -999999,  231.33,   509.46,   3.32,   70.45,   8.66,   0.57,   31.52,   17.65,   108.03,   10.88,   26.9,   22.89,   1.47,   1.16,   4.16,   3.38,   0.39,   2.24,   84.84,   5.16,   2.52,   7.26,   0.3,   1.05,   534.62,   576.35,   79.78,   16.54,   3.23,   230.6,   1636.55,   349.75,   61.92,   41.11,   14.36,   19.2,   54.39,    -999999,  0.22,   0.16,   0.35,   0.64,   7.64,   253.79,          1.6374000  
58077,   104,          300523.00,         3.0000000,  9.740096831,   34.229628,   264.1035358,   3.638239149,   645.896,   267.3039939,   302.8619462,   256.5740051,   39.80440694,   25.74230269,   254.489729,   3.60712,   104.997204,   118.8922284,    -999999,  0.36278,    -999999,  306.43,   317.56,   61.48,    -999999,  -4.362,   -0.168,   302.8639939,   240.9579939,   274.3419939,   645.896,   986.87,    -999999,   -999999,   -999999,   -999999,  0.399914,   0.41502,   3.9674,   3.74818,   11.074,    -999999,   -999999,   -999999,  0.14452,   3.4626,   73.52,   412.8257143,   1.919116667,   0.118,   412.2,   1918.54,   123.5,   330.58,   9.78,   519.44,    -999999,   -999999,  231.33,   509.46,   3.32,   70.45,   8.66,   0.57,   31.52,   17.65,   108.03,   10.88,   26.9,   22.89,   1.47,   1.16,   4.16,   3.38,   0.39,   2.24,   84.84,   5.16,   2.52,   7.26,   0.3,   1.05,   534.62,   576.35,   79.78,   16.54,   3.23,   230.6,   1636.55,   349.75,   61.92,   41.11,   14.36,   19.2,   54.39,    -999999,  0.22,   0.16,   0.35,   0.64,   7.64,   253.79,          1.6712000  
58082,   104,          300524.00,         3.0000000,  9.741229773,   34.2331116,   264.0996966,   3.636952893,   646.004,   267.3319939,   302.8792019,   256.5740051,   39.7941086,   25.67335723,   254.1263897,   3.60668,   104.7296952,   118.4950807,    -999999,  0.36152,    -999999,  306.296,   317.46,   61.06,    -999999,  -4.238,   -0.056,   302.8819939,   241.1579939,   274.3219939,   646.004,   986.862,    -999999,   -999999,   -999999,   -999999,  0.40763,   0.4231,   3.9759,   3.75722,   11.26,    -999999,   -999999,   -999999,  0.14624,   3.46044,   72.44,   412.76,   1.918666667,   0.1175,   412.2,   1918.54,   123.5,   330.58,   9.78,   519.44,    -999999,   -999999,  231.33,   509.46,   3.32,   70.45,   8.66,   0.57,   31.52,   17.65,   108.03,   10.88,   26.9,   22.89,   1.47,   1.16,   4.16,   3.38,   0.39,   2.24,   84.84,   5.16,   2.52,   7.26,   0.3,   1.05,   534.62,   576.35,   79.78,   16.54,   3.23,   230.6,   1636.55,   349.75,   61.92,   41.11,   14.36,   19.2,   54.39,    -999999,  0.22,   0.16,   0.35,   0.64,   7.64,   253.79,          1.6662000  
58087,   104,          300525.00,         3.0000000,  9.742362676,   34.2365794,   264.0958568,   3.637666125,   645.944,   267.4519939,   303.0231999,   256.5740051,   39.78380698,   25.57778063,   253.4165683,   3.60694,   104.4930528,   117.9816696,    -999999,  0.35988,    -999999,  306.144,   317.376,   60.48,    -999999,  -4.108,   -0.072,   303.0219939,   241.6899939,   274.3799939,   645.944,   986.768,    -999999,   -999999,   -999999,   -999999,  0.42905,   0.44528,   4.0124,   3.79614,   11.73,    -999999,   -999999,   -999999,  0.15112,   3.45582,   73.22,   412.6942857,   1.91766,   0.1192210526,    -999999,   -999999,   -999999,   -999999,   -999999,   -999999,   -999999,   -999999,   -999999,   -999999,   -999999,   -999999,   -999999,   -999999,   -999999,   -999999,   -999999,   -999999,   -999999,   -999999,   -999999,   -999999,   -999999,   -999999,   -999999,   -999999,   -999999,   -999999,   -999999,   -999999,   -999999,   -999999,   -999999,   -999999,   -999999,   -999999,   -999999,   -999999,   -999999,   -999999,   -999999,   -999999,   -999999,   -999999,   -999999,   -999999,   -999999,   -999999,   -999999,   -999999,   -999999,   -999999,         1.6398000  
58092,   104,          300526.00,         3.0000000,  9.743496431,   34.240046,   264.0920298,   3.638726829,   645.856,   267.4599939,   303.0440602,   256.5740051,   39.77350001,   25.78503075,   253.5489195,   3.60774,   104.3387208,   117.9333123,    -999999,  0.35972,    -999999,  306.24,   317.576,   60.42,    -999999,  -4.172,   -0.334,   303.0439939,   242.1759939,   274.3839939,   645.856,   986.888,    -999999,   -999999,   -999999,   -999999,  0.449414,   0.46634,   4.01486,   3.7988,   12.278,    -999999,   -999999,   -999999,  0.14918,   3.45856,   72.42,   412.7714286,   1.91935,   0.12255,    -999999,   -999999,   -999999,   -999999,   -999999,   -999999,   -999999,   -999999,   -999999,   -999999,   -999999,   -999999,   -999999,   -999999,   -999999,   -999999,   -999999,   -999999,   -999999,   -999999,   -999999,   -999999,   -999999,   -999999,   -999999,   -999999,   -999999,   -999999,   -999999,   -999999,   -999999,   -999999,   -999999,   -999999,   -999999,   -999999,   -999999,   -999999,   -999999,   -999999,   -999999,   -999999,   -999999,   -999999,   -999999,   -999999,   -999999,   -999999,   -999999,   -999999,   -999999,   -999999,         1.7120000  
58097,   104,          300527.00,         3.0000000,  9.744631107,   34.2435112,   264.0882166,   3.638263533,   645.894,   267.2519939,   302.8032968,   256.5740051,   39.7631869,   25.95384833,   255.8498941,   3.6076,   104.0917896,   118.6185463,    -999999,  0.36196,    -999999,  306.444,   317.552,   61.2,    -999999,  -4.184,   -0.426,   302.8019939,   242.2579939,   274.2559939,   645.894,   986.892,    -999999,   -999999,   -999999,   -999999,  0.4529,   0.46998,   3.95168,   3.73142,   12.592,    -999999,   -999999,   -999999,  0.14524,   3.46236,   71.1,   412.8,   1.91865,   0.11733,    -999999,   -999999,   -999999,   -999999,   -999999,   -999999,   -999999,   -999999,   -999999,   -999999,   -999999,   -999999,   -999999,   -999999,   -999999,   -999999,   -999999,   -999999,   -999999,   -999999,   -999999,   -999999,   -999999,   -999999,   -999999,   -999999,   -999999,   -999999,   -999999,   -999999,   -999999,   -999999,   -999999,   -999999,   -999999,   -999999,   -999999,   -999999,   -999999,   -999999,   -999999,   -999999,   -999999,   -999999,   -999999,   -999999,   -999999,   -999999,   -999999,   -999999,   -999999,   -999999,         1.6998000  
58102,   104,          300528.00,         3.0000000,  9.745766222,   34.2469676,   264.08441,   3.640872621,   645.676,   267.4539939,   303.0613967,   256.5740051,   39.75286896,   25.89079856,   254.3890594,   3.60958,   103.8860136,   117.8540885,    -999999,  0.35946,    -999999,  306.272,   317.58,   60.32,    -999999,  -4.116,   -0.206,   303.0619939,   242.1899939,   274.3679939,   645.676,   986.962,    -999999,   -999999,   -999999,   -999999,  0.450132,   0.46692,   4.01308,   3.79688,   12.3,    -999999,   -999999,   -999999,  0.14766,   3.46192,   71.02,   412.81,   1.91895,   0.11711,    -999999,   -999999,   -999999,   -999999,   -999999,   -999999,   -999999,   -999999,   -999999,   -999999,   -999999,   -999999,   -999999,   -999999,   -999999,   -999999,   -999999,   -999999,   -999999,   -999999,   -999999,   -999999,   -999999,   -999999,   -999999,   -999999,   -999999,   -999999,   -999999,   -999999,   -999999,   -999999,   -999999,   -999999,   -999999,   -999999,   -999999,   -999999,   -999999,   -999999,   -999999,   -999999,   -999999,   -999999,   -999999,   -999999,   -999999,   -999999,   -999999,   -999999,   -999999,   -999999,         1.6828000  
58107,   104,          300529.00,         3.0000000,  9.746901818,   34.2504164,   264.0806106,   3.642091821,   645.574,   267.2919939,   302.8915008,   256.5740051,   39.74254639,   25.83011501,   256.0814383,   3.60996,   103.65966,   118.2049366,    -999999,  0.36066,    -999999,  306.462,   317.528,   60.72,    -999999,  -4.078,   -0.142,   302.8939939,   242.0339939,   274.2519939,   645.574,   986.836,    -999999,   -999999,   -999999,   -999999,  0.44356,   0.46008,   3.96374,   3.74424,   12.288,    -999999,   -999999,   -999999,  0.14666,   3.4633,   70.08,   412.82,   1.919644444,   0.119775,    -999999,   -999999,   -999999,   -999999,   -999999,   -999999,   -999999,   -999999,   -999999,   -999999,   -999999,   -999999,   -999999,   -999999,   -999999,   -999999,   -999999,   -999999,   -999999,   -999999,   -999999,   -999999,   -999999,   -999999,   -999999,   -999999,   -999999,   -999999,   -999999,   -999999,   -999999,   -999999,   -999999,   -999999,   -999999,   -999999,   -999999,   -999999,   -999999,   -999999,   -999999,   -999999,   -999999,   -999999,   -999999,   -999999,   -999999,   -999999,   -999999,   -999999,   -999999,   -999999,         1.7182000  
58112,   104,          300530.00,         3.0000000,  9.748037853,   34.2538592,   264.0768178,   3.642097917,   645.574,   267.3159939,   302.9186972,   256.5740051,   39.73222043,   25.76464904,   256.6810569,   3.60962,   103.5259056,   118.210081,    -999999,  0.36068,    -999999,  306.626,   317.608,   60.72,    -999999,  -4.252,   -0.47,   302.9199939,   242.0619939,   274.2719939,   645.574,   986.88,    -999999,   -999999,   -999999,   -999999,  0.444748,   0.4613,   3.97106,   3.75208,   12.296,    -999999,   -999999,   -999999,  0.1515,   3.45812,   68.48,   412.8628571,   1.91985,   0.11376,    -999999,   -999999,   -999999,   -999999,   -999999,   -999999,   -999999,   -999999,   -999999,   -999999,   -999999,   -999999,   -999999,   -999999,   -999999,   -999999,   -999999,   -999999,   -999999,   -999999,   -999999,   -999999,   -999999,   -999999,   -999999,   -999999,   -999999,   -999999,   -999999,   -999999,   -999999,   -999999,   -999999,   -999999,   -999999,   -999999,   -999999,   -999999,   -999999,   -999999,   -999999,   -999999,   -999999,   -999999,   -999999,   -999999,   -999999,   -999999,   -999999,   -999999,   -999999,   -999999,         1.7038000  
58117,   104,          300531.00,         3.0000000,  9.749174716,   34.257305,   264.0730374,   3.642049149,   645.578,   267.2479939,   302.8411045,   256.5740051,   39.72189159,   26.3433012,   256.8136239,   3.6088,   103.4333064,   118.4981674,    -999999,  0.36156,    -999999,  306.524,   317.726,   61.04,    -999999,  -4.202,   -0.378,   302.8459939,   242.4079939,   274.2419939,   645.578,   986.748,    -999999,   -999999,   -999999,   -999999,  0.45967,   0.47676,   3.95046,   3.73012,   12.78,    -999999,   -999999,   -999999,  0.16018,   3.44862,   68.96,   412.8657143,   1.9201,   0.1222,    -999999,   -999999,   -999999,   -999999,   -999999,   -999999,   -999999,   -999999,   -999999,   -999999,   -999999,   -999999,   -999999,   -999999,   -999999,   -999999,   -999999,   -999999,   -999999,   -999999,   -999999,   -999999,   -999999,   -999999,   -999999,   -999999,   -999999,   -999999,   -999999,   -999999,   -999999,   -999999,   -999999,   -999999,   -999999,   -999999,   -999999,   -999999,   -999999,   -999999,   -999999,   -999999,   -999999,   -999999,   -999999,   -999999,   -999999,   -999999,   -999999,   -999999,   -999999,   -999999,         1.6822000  
58122,   104,          300532.00,         3.0000000,  9.750312258,   34.2607518,   264.0692672,   3.640927485,   645.672,   267.2439939,   302.8239744,   256.5740051,   39.71156042,   26.34438081,   256.1876553,   3.60822,   103.3098408,   118.1483482,    -999999,  0.36054,    -999999,  306.444,   317.752,   60.68,    -999999,  -4.098,   -0.32,   302.8239939,   242.9279939,   274.1919939,   645.672,   986.878,    -999999,   -999999,   -999999,   -999999,  0.482818,   0.5008,   3.94924,   3.72882,   13.434,    -999999,   -999999,   -999999,  0.16632,   3.4419,   68.4,   412.88,   1.9204,   0.12524,    -999999,   -999999,   -999999,   -999999,   -999999,   -999999,   -999999,   -999999,   -999999,   -999999,   -999999,   -999999,   -999999,   -999999,   -999999,   -999999,   -999999,   -999999,   -999999,   -999999,   -999999,   -999999,   -999999,   -999999,   -999999,   -999999,   -999999,   -999999,   -999999,   -999999,   -999999,   -999999,   -999999,   -999999,   -999999,   -999999,   -999999,   -999999,   -999999,   -999999,   -999999,   -999999,   -999999,   -999999,   -999999,   -999999,   -999999,   -999999,   -999999,   -999999,   -999999,   -999999,         1.7284000  
58127,   104,          300533.00,         3.0000000,  9.751450013,   34.2641954,   264.0655002,   3.641927229,   645.588,   267.2819939,   302.8782923,   256.5740051,   39.70122973,   26.16222131,   255.9436122,   3.60806,   103.248108,   117.8818683,    -999999,  0.35968,    -999999,  306.48,   317.762,   60.38,    -999999,  -4.052,   -0.446,   302.8799939,   243.2279939,   274.1999939,   645.588,   986.846,    -999999,   -999999,   -999999,   -999999,  0.496718,   0.51514,   3.96072,   3.74104,   13.77,    -999999,   -999999,   -999999,  0.16832,   3.43974,   67.32,   412.91,   1.920766667,   0.129765,    -999999,   -999999,   -999999,   -999999,   -999999,   -999999,   -999999,   -999999,   -999999,   -999999,   -999999,   -999999,   -999999,   -999999,   -999999,   -999999,   -999999,   -999999,   -999999,   -999999,   -999999,   -999999,   -999999,   -999999,   -999999,   -999999,   -999999,   -999999,   -999999,   -999999,   -999999,   -999999,   -999999,   -999999,   -999999,   -999999,   -999999,   -999999,   -999999,   -999999,   -999999,   -999999,   -999999,   -999999,   -999999,   -999999,   -999999,   -999999,   -999999,   -999999,   -999999,   -999999,         1.6978000  
