inputs/ACTAMERICA_Merge/B200/ACTAMERICA-mrg05-b200_merge_20170210_R0_L2.ict
136, 1001
Shook, Michael
NASA Atmospheric Composition Branch, NASA Langley Research Center (SSAI)
Merged data file for ACT-AMERICA 2017, Flight 09 (20170210), on the b200 platform. Data is merged to 05 seconds.
NASA ACT-AMERICA 2017
1, 1
2017, 02, 10, 2018, 02, 22
05
UTC,s
97
1, 1, 1, 1, 1, 1, 1, 1, 1, 1, 1, 1, 1, 1, 1, 1, 1, 1, 1, 1, 1, 1, 1, 1, 1, 1, 1, 1, 1, 1, 1, 1, 1, 1, 1, 1, 1, 1, 1, 1, 1, 1, 1, 1, 1, 1, 1, 1, 1, 1, 1, 1, 1, 1, 1, 1, 1, 1, 1, 1, 1, 1, 1, 1, 1, 1, 1, 1, 1, 1, 1, 1, 1, 1, 1, 1, 1, 1, 1, 1, 1, 1, 1, 1, 1, 1, 1, 1, 1, 1, 1, 1, 1, 1, 1, 1, 1
-999999, -999999, -999999, -999999, -999999, -999999, -999999, -999999, -999999, -999999, -999999, -999999, -999999, -999999, -999999, -999999, -999999, -999999, -999999, -999999, -999999, -999999, -999999, -999999, -999999, -999999, -999999, -999999, -999999, -999999, -999999, -999999, -999999, -999999, -999999, -999999, -999999, -999999, -999999, -999999, -999999, -999999, -999999, -999999, -999999, -999999, -999999, -999999, -999999, -999999, -999999, -999999, -999999, -999999, -999999, -999999, -999999, -999999, -999999, -999999, -999999, -999999, -999999, -999999, -999999, -999999, -999999, -999999, -999999, -999999, -999999, -999999, -999999, -999999, -999999, -999999, -999999, -999999, -999999, -999999, -999999, -999999, -999999, -999999, -999999, -999999, -999999, -999999, -999999, -999999, -999999, -999999, -999999, -999999, -999999, -999999, -999999
JDAY, days
INDEX, none
FLIGHT, none
LOCAL_SUN_TIME, hour
LATITUDE, degs
LONGITUDE, degs
ALTP, km
PRESSURE, hPa
TEMPERATURE, K
THETA, K
O3COLUMN, DU
SZA, deg
GPS_ALT, km
GRD_SPD, m/s
TAS, m/s
IAS, m/s
MachNumber, mach
VerticalSpeed, ft min-1
HDG, degs
TRK, degs
PITCH, degs
ROLL, degs
PotentialTemp, K
Dewpoint, K
TotalAirTemp, K
CabinPressure, hPa
SolarZenithAngle, degs
AircraftSunElevation, degs
SunAzimuth, degs
AircraftSunAzimuth, degs
H2O_MixingRatio, g kg-1
H2O_VaporPressure, hPa
H2O_SatVaporPressureWater, hPa
H2O_SatVaporPressureIce, hPa
H2O_RelativeHumidity, %
DifferentialPressure, hPa
U_WINDS, m s-1
V_WINDS, m s-1
Ground_Elevation, km
Altitude_AGL, km
O3_MixingRatio, ppbv
CO2_MixingRatio_PICARRO, ppmv
CH4_MixingRatio_PICARRO, ppmv
CO_MixingRatio_PICARRO, ppmv
CO2_MoleFraction_PFP, ppm
CH4_MoleFraction_PFP, ppb
CO_MoleFraction_PFP, ppb
N2O_MoleFraction_PFP, ppb
SF6_MoleFraction_PFP, ppt
H2_MoleFraction_PFP, ppb
CH4C13_PFP, per mil
CO2C14_PFP, per mil
F11B_MoleFraction_PFP, ppt
FC12_MoleFraction_PFP, ppt
F13_MoleFraction_PFP, ppt
F113_MoleFraction_PFP, ppt
F115_MoleFraction_PFP, ppt
HF133a_MoleFraction_PFP, ppt
F23_MoleFraction_PFP, ppt
F32_MoleFraction_PFP, ppt
F134A_MoleFraction_PFP, ppt
F152A_MoleFraction_PFP, ppt
F125_MoleFraction_PFP, ppt
F143a_MoleFraction_PFP, ppt
F227e_MoleFraction_PFP, ppt
F365m_MoleFraction_PFP, ppt
H1211_MoleFraction_PFP, ppt
H1301_MoleFraction_PFP, ppt
H2402_MoleFraction_PFP, ppt
MCFA_MoleFraction_PFP, ppt
CF4_MoleFraction_PFP, ppt
C2F6_MoleFraction_PFP, ppt
SO2F2_MoleFraction_PFP, ppt
MEBR_MoleFraction_PFP, ppt
CH3I_MoleFraction_PFP, ppt
DIBR_MoleFraction_PFP, ppt
OCS_MoleFraction_PFP, ppt
MECL_MoleFraction_PFP, ppt
DICL_MoleFraction_PFP, ppt
CLHF_MoleFraction_PFP, ppt
PCE_MoleFraction_PFP, ppt
C2H2_MoleFraction_PFP, ppt
C2H6_MoleFraction_PFP, ppt
C3H8_MoleFraction_PFP, ppt
nC4H10_MoleFraction_PFP, ppt
[...]
[from data line 428]
76807,   41,          903532.00,         9.0000000,  15.23428538,   32.6003794,   268.4746974,   0.5063276703,   953.86,   289.1359939,   293.0648226,   273,   65.98002303,   0.4958,   108.2690424,   99.95054761,    -999999,  0.29322,    -999999,  2.04,   4.62,   0,   -0.94,   293.0659939,   281.6899939,   294.1099939,   971.68,    -999999,   -999999,   -999999,   -999999,  7.371748,   11.1728,   18.23776,   21.25902,   61.264,   58.664,   5.34,   9.088,   0.02722,   0.46858,   50.22,   413.405,   1.984,   0.15495,    -999999,   -999999,   -999999,   -999999,   -999999,   -999999,   -999999,   -999999,   -999999,   -999999,   -999999,   -999999,   -999999,   -999999,   -999999,   -999999,   -999999,   -999999,   -999999,   -999999,   -999999,   -999999,   -999999,   -999999,   -999999,   -999999,   -999999,   -999999,   -999999,   -999999,   -999999,   -999999,   -999999,   -999999,   -999999,   -999999,   -999999,   -999999,   -999999,   -999999,   -999999,   -999999,   -999999,   -999999,   -999999,   -999999,   -999999,   -999999,   -999999,   -999999,   -999999,   -999999,         4.2026000  
76812,   41,          903533.00,         9.0000000,  15.23570404,   32.6052546,   268.475144,   0.5115763263,   953.26,   289.1359939,   293.1175137,   273,   65.99722766,   0.49872,   108.5777064,   100.7510163,    -999999,  0.29558,    -999999,  1.1,   4.24,   -0.82,   -2.48,   293.1179939,   281.7699939,   294.1899939,   971.36,    -999999,   -999999,   -999999,   -999999,  7.416982,   11.23346,   18.2377,   21.25894,   61.596,   59.582,   5.416,   8.64,   0.0269,   0.47182,   50.7,   413.372,   1.983990909,   0.14575,   413.57,   1986.48,   151.18,   331.23,   9.42,   519.73,   -47.69,    -999999,  233.16,   517.03,   3.4,   71.55,   8.57,   0.56,   30.38,   19.33,   110.44,   16.11,   28,   24.34,   1.38,   1.16,   4.77,   3.35,   0.42,   2.64,   84.66,   4.71,   2.61,   7.51,   0.69,   1.66,   501.7,   600,   75.16,   17.44,   6.28,   435.93,   4198.11,   1672.76,   540.43,   314.48,   121.4,   159.29,   117.33,   69.6,   1.87,   0.17,   1.22,   0.61,   60.62,   258.85,          4.1864000  
76817,   41,          903534.00,         9.0000000,  15.23711985,   32.6101566,   268.4755478,   0.5045781182,   954.06,   289.0439939,   292.9540238,   273,   66.0144209,   0.4919,   109.2773448,   100.2890491,    -999999,  0.29426,    -999999,  0.1,   3.96,   -0.32,   -0.1,   292.9539939,   281.7699939,   294.0499939,   971.48,    -999999,   -999999,   -999999,   -999999,  7.410714,   11.23354,   18.13082,   21.11594,   61.958,   59.092,   7.626,   9.764,   0.02762,   0.46428,   51.78,   413.345,   1.9846,   0.1475619048,   413.57,   1986.48,   151.18,   331.23,   9.42,   519.73,   -47.69,    -999999,  233.16,   517.03,   3.4,   71.55,   8.57,   0.56,   30.38,   19.33,   110.44,   16.11,   28,   24.34,   1.38,   1.16,   4.77,   3.35,   0.42,   2.64,   84.66,   4.71,   2.61,   7.51,   0.69,   1.66,   501.7,   600,   75.16,   17.44,   6.28,   435.93,   4198.11,   1672.76,   540.43,   314.48,   121.4,   159.29,   117.33,   69.6,   1.87,   0.17,   1.22,   0.61,   60.62,   258.85,          4.1606000  
76822,   41,          903535.00,         9.0000000,  15.23853734,   32.6150816,   268.4759768,   0.4989941822,   954.7,   289.1199939,   292.9749131,   273,   66.03164596,   0.48654,   109.5962976,   100.3199155,    -999999,  0.29432,    -999999,  0.88,   4.48,   0.44,   0.62,   292.9759939,   281.6699939,   294.1299939,   971.7,    -999999,   -999999,   -999999,   -999999,  7.355102,   11.15766,   18.21912,   21.23408,   61.242,   59.152,   7.316,   10.054,   0.02756,   0.45898,   51.78,   413.318,   1.985455556,   0.1439761905,   413.57,   1986.48,   151.18,   331.23,   9.42,   519.73,   -47.69,    -999999,  233.16,   517.03,   3.4,   71.55,   8.57,   0.56,   30.38,   19.33,   110.44,   16.11,   28,   24.34,   1.38,   1.16,   4.77,   3.35,   0.42,   2.64,   84.66,   4.71,   2.61,   7.51,   0.69,   1.66,   501.7,   600,   75.16,   17.44,   6.28,   435.93,   4198.11,   1672.76,   540.43,   314.48,   121.4,   159.29,   117.33,   69.6,   1.87,   0.17,   1.22,   0.61,   60.62,   258.85,          4.2224000  
76827,   41,          903536.00,         9.0000000,  15.23995902,   32.6199968,   268.4764686,   0.4953304861,   955.12,   289.1539939,   292.9725474,   273,   66.04890811,   0.4827,   109.2361896,   99.98244289,    -999999,  0.29332,    -999999,  1.64,   5.04,   1.22,   -0.26,   292.9719939,   281.6499939,   294.1299939,   971.82,    -999999,   -999999,   -999999,   -999999,  7.341732,   11.1425,   18.25884,   21.2872,   61.026,   58.766,   7.13,   10.008,   0.02746,   0.45524,   51.72,   413.27,   1.98495,   0.1476227273,   413.57,   1986.48,   151.18,   331.23,   9.42,   519.73,   -47.69,    -999999,  233.16,   517.03,   3.4,   71.55,   8.57,   0.56,   30.38,   19.33,   110.44,   16.11,   28,   24.34,   1.38,   1.16,   4.77,   3.35,   0.42,   2.64,   84.66,   4.71,   2.61,   7.51,   0.69,   1.66,   501.7,   600,   75.16,   17.44,   6.28,   435.93,   4198.11,   1672.76,   540.43,   314.48,   121.4,   159.29,   117.33,   69.6,   1.87,   0.17,   1.22,   0.61,   60.62,   258.85,          4.2572000  
76832,   41,          903537.00,         9.0000000,  15.24138237,   32.6248804,   268.4769856,   0.4948062301,   955.18,   289.1919939,   293.0057903,   273,   66.06616898,   0.48348,   108.4233744,   99.41553001,    -999999,  0.29162,    -999999,  1.46,   5.1,   1.3,   -1.4,   293.0039939,   281.5899939,   294.1099939,   971.88,    -999999,   -999999,   -999999,   -999999,  7.311144,   11.09732,   18.30318,   21.34656,   60.63,   58.084,   7.348,   9.786,   0.0278,   0.45568,   52.2,   413.336,   1.984244444,   0.1453363636,   413.57,   1986.48,   151.18,   331.23,   9.42,   519.73,   -47.69,    -999999,  233.16,   517.03,   3.4,   71.55,   8.57,   0.56,   30.38,   19.33,   110.44,   16.11,   28,   24.34,   1.38,   1.16,   4.77,   3.35,   0.42,   2.64,   84.66,   4.71,   2.61,   7.51,   0.69,   1.66,   501.7,   600,   75.16,   17.44,   6.28,   435.93,   4198.11,   1672.76,   540.43,   314.48,   121.4,   159.29,   117.33,   69.6,   1.87,   0.17,   1.22,   0.61,   60.62,   258.85,          4.1846000  
76837,   41,          903538.00,         9.0000000,  15.2428044,   32.6297326,   268.4774826,   0.4974275101,   954.88,   289.2179939,   293.0584341,   273,   66.08339844,   0.48598,   107.826624,   98.33726377,    -999999,  0.28846,    -999999,  0.48,   4.8,   1.12,   -2.86,   293.0579939,   281.6099939,   294.0299939,   971.66,    -999999,   -999999,   -999999,   -999999,  7.32351,   11.11238,   18.33362,   21.38732,   60.61,   56.782,   8.112,   10.244,   0.02794,   0.45804,   54.12,   413.24,   1.9843,   0.1519454545,   413.57,   1986.48,   151.18,   331.23,   9.42,   519.73,   -47.69,    -999999,  233.16,   517.03,   3.4,   71.55,   8.57,   0.56,   30.38,   19.33,   110.44,   16.11,   28,   24.34,   1.38,   1.16,   4.77,   3.35,   0.42,   2.64,   84.66,   4.71,   2.61,   7.51,   0.69,   1.66,   501.7,   600,   75.16,   17.44,   6.28,   435.93,   4198.11,   1672.76,   540.43,   314.48,   121.4,   159.29,   117.33,   69.6,   1.87,   0.17,   1.22,   0.61,   60.62,   258.85,          4.1670000  
76842,   41,          903539.00,         9.0000000,  15.24422143,   32.6345668,   268.4779048,   0.4991709662,   954.68,   289.1679939,   293.025307,   273,   66.10056789,   0.48798,   107.3944944,   98.02242649,    -999999,  0.28754,    -999999,  359.76,   3.84,   1,   -3,   293.0239939,   281.7099939,   293.9499939,   971.62,    -999999,   -999999,   -999999,   -999999,  7.375468,   11.18798,   18.27524,   21.30918,   61.218,   56.41,   7.448,   10.218,   0.02744,   0.46054,   52.16,   413.175,   1.98455,   0.1508,    -999999,   -999999,   -999999,   -999999,   -999999,   -999999,   -999999,   -999999,   -999999,   -999999,   -999999,   -999999,   -999999,   -999999,   -999999,   -999999,   -999999,   -999999,   -999999,   -999999,   -999999,   -999999,   -999999,   -999999,   -999999,   -999999,   -999999,   -999999,   -999999,   -999999,   -999999,   -999999,   -999999,   -999999,   -999999,   -999999,   -999999,   -999999,   -999999,   -999999,   -999999,   -999999,   -999999,   -999999,   -999999,   -999999,   -999999,   -999999,   -999999,   -999999,   -999999,   -999999,         4.1800000  
76847,   41,          903540.00,         9.0000000,  15.24563235,   32.6393924,   268.4782352,   0.5033528222,   954.2,   289.1019939,   293.0005246,   273,   66.11767163,   0.4915,   107.157852,   98.46896041,    -999999,  0.2889,    -999999,  358.78,   3.08,   0.56,   -1.42,   293.0019939,   281.5699939,   293.9299939,   971.46,    -999999,   -999999,   -999999,   -999999,  7.308668,   11.08226,   18.19818,   21.20604,   60.898,   56.92,   7.634,   9.646,   0.02796,   0.46354,   49.52,   413.075,   1.9856,   0.1486761905,    -999999,   -999999,   -999999,   -999999,   -999999,   -999999,   -999999,   -999999,   -999999,   -999999,   -999999,   -999999,   -999999,   -999999,   -999999,   -999999,   -999999,   -999999,   -999999,   -999999,   -999999,   -999999,   -999999,   -999999,   -999999,   -999999,   -999999,   -999999,   -999999,   -999999,   -999999,   -999999,   -999999,   -999999,   -999999,   -999999,   -999999,   -999999,   -999999,   -999999,   -999999,   -999999,   -999999,   -999999,   -999999,   -999999,   -999999,   -999999,   -999999,   -999999,   -999999,   -999999,         4.1780000  
76852,   41,          903541.00,         9.0000000,  15.24704016,   32.6442208,   268.478519,   0.5037002942,   954.16,   289.0659939,   292.9675481,   273,   66.13474682,   0.49204,   107.3018952,   98.44220953,    -999999,  0.28882,    -999999,  357.64,   2.66,   0.14,   -2.16,   292.9679939,   281.5899939,   293.8899939,   971.48,    -999999,   -999999,   -999999,   -999999,  7.319028,   11.09732,   18.15638,   21.15008,   61.12,   56.892,   9.054,   9.892,   0.0276,   0.46444,   51.52,   413.07,   1.985366667,   0.14915,    -999999,   -999999,   -999999,   -999999,   -999999,   -999999,   -999999,   -999999,   -999999,   -999999,   -999999,   -999999,   -999999,   -999999,   -999999,   -999999,   -999999,   -999999,   -999999,   -999999,   -999999,   -999999,   -999999,   -999999,   -999999,   -999999,   -999999,   -999999,   -999999,   -999999,   -999999,   -999999,   -999999,   -999999,   -999999,   -999999,   -999999,   -999999,   -999999,   -999999,   -999999,   -999999,   -999999,   -999999,   -999999,   -999999,   -999999,   -999999,   -999999,   -999999,   -999999,   -999999,     -999999  
76857,   41,          903542.00,         9.0000000,  15.24844511,   32.6490646,   268.47876,   0.5038831742,   954.14,   289.0619939,   292.9652487,   273,   66.15180363,   0.491,   107.6825808,   97.87838329,    -999999,  0.28718,    -999999,  358.34,   2.44,   0.24,   -0.06,   292.9639939,   281.5299939,   293.8299939,   971.56,    -999999,   -999999,   -999999,   -999999,  7.289092,   11.05222,   18.15172,   21.14386,   60.888,   56.23,   7.748,   10.79,   0.02802,   0.46298,   49.12,   413.09,   1.9858,   0.14525,    -999999,   -999999,   -999999,   -999999,   -999999,   -999999,   -999999,   -999999,   -999999,   -999999,   -999999,   -999999,   -999999,   -999999,   -999999,   -999999,   -999999,   -999999,   -999999,   -999999,   -999999,   -999999,   -999999,   -999999,   -999999,   -999999,   -999999,   -999999,   -999999,   -999999,   -999999,   -999999,   -999999,   -999999,   -999999,   -999999,   -999999,   -999999,   -999999,   -999999,   -999999,   -999999,   -999999,   -999999,   -999999,   -999999,   -999999,   -999999,   -999999,   -999999,   -999999,   -999999,     -999999  
76862,   41,          903543.00,         9.0000000,  15.24985157,   32.653926,   268.4790236,   0.5003901662,   954.54,   288.9939939,   292.8612572,   273,   66.16888721,   0.48756,   108.0426888,   98.36092801,    -999999,  0.28864,    -999999,  358.84,   2.68,   0.52,   -1.08,   292.8599939,   281.3899939,   293.8099939,   971.8,    -999999,   -999999,   -999999,   -999999,  7.216294,   10.94766,   18.073,   21.03872,   60.574,   56.832,   7.28,   10.67,   0.02828,   0.45928,   49.84,   413.25,   1.98505,   0.1441,    -999999,   -999999,   -999999,   -999999,   -999999,   -999999,   -999999,   -999999,   -999999,   -999999,   -999999,   -999999,   -999999,   -999999,   -999999,   -999999,   -999999,   -999999,   -999999,   -999999,   -999999,   -999999,   -999999,   -999999,   -999999,   -999999,   -999999,   -999999,   -999999,   -999999,   -999999,   -999999,   -999999,   -999999,   -999999,   -999999,   -999999,   -999999,   -999999,   -999999,   -999999,   -999999,   -999999,   -999999,   -999999,   -999999,   -999999,   -999999,   -999999,   -999999,   -999999,   -999999,     -999999  
76867,   41,          903544.00,         9.0000000,  15.25125742,   32.6587942,   268.479278,   0.4975981981,   954.86,   289.0559939,   292.8960358,   273,   66.18596969,   0.4845,   108.0529776,   98.15103649,    -999999,  0.28802,    -999999,  359.02,   2.38,   0.8,   -1.72,   292.8959939,   281.4299939,   293.8499939,   971.74,    -999999,   -999999,   -999999,   -999999,  7.2337,   10.97742,   18.14476,   21.13464,   60.5,   56.594,   6.424,   10.916,   0.028,   0.4565,   50.6,   413.27,   1.98435,   0.14725,    -999999,   -999999,   -999999,   -999999,   -999999,   -999999,   -999999,   -999999,   -999999,   -999999,   -999999,   -999999,   -999999,   -999999,   -999999,   -999999,   -999999,   -999999,   -999999,   -999999,   -999999,   -999999,   -999999,   -999999,   -999999,   -999999,   -999999,   -999999,   -999999,   -999999,   -999999,   -999999,   -999999,   -999999,   -999999,   -999999,   -999999,   -999999,   -999999,   -999999,   -999999,   -999999,   -999999,   -999999,   -999999,   -999999,   -999999,   -999999,   -999999,   -999999,   -999999,   -999999,     -999999  
76872,   41,          903545.00,         9.0000000,  15.25266071,   32.6636566,   268.479494,   0.4953243901,   955.12,   289.0899939,   292.9077022,   273,   66.20302387,   0.48312,   107.7957576,   98.39590993,    -999999,  0.28868,    -999999,  357.68,   2.02,   1.2,   -1.64,   292.9079939,   281.4099939,   293.9099939,   971.8,    -999999,   -999999,   -999999,   -999999,  7.221852,   10.96266,   18.18426,   21.18744,   60.286,   56.89,   7.392,   10.524,   0.02802,   0.4551,   49.68,   413.156,   1.9843,   0.1477,    -999999,   -999999,   -999999,   -999999,   -999999,   -999999,   -999999,   -999999,   -999999,   -999999,   -999999,   -999999,   -999999,   -999999,   -999999,   -999999,   -999999,   -999999,   -999999,   -999999,   -999999,   -999999,   -999999,   -999999,   -999999,   -999999,   -999999,   -999999,   -999999,   -999999,   -999999,   -999999,   -999999,   -999999,   -999999,   -999999,   -999999,   -999999,   -999999,   -999999,   -999999,   -999999,   -999999,   -999999,   -999999,   -999999,   -999999,   -999999,   -999999,   -999999,   -999999,   -999999,     -999999  
