inputs/ACTAMERICA_Merge/B200/ACTAMERICA-mrg05-b200_merge_20170210_R0_L1.ict
136, 1001
Shook, Michael
NASA Atmospheric Composition Branch, NASA Langley Research Center (SSAI)
Merged data file for ACT-AMERICA 2017, Flight 09 (20170210), on the b200 platform. Data is merged to 05 seconds.
NASA ACT-AMERICA 2017
1, 1
2017, 02, 10, 2018, 02, 22
05
UTC,s
97
1, 1, 1, 1, 1, 1, 1, 1, 1, 1, 1, 1, 1, 1, 1, 1, 1, 1, 1, 1, 1, 1, 1, 1, 1, 1, 1, 1, 1, 1, 1, 1, 1, 1, 1, 1, 1, 1, 1, 1, 1, 1, 1, 1, 1, 1, 1, 1, 1, 1, 1, 1, 1, 1, 1, 1, 1, 1, 1, 1, 1, 1, 1, 1, 1, 1, 1, 1, 1, 1, 1, 1, 1, 1, 1, 1, 1, 1, 1, 1, 1, 1, 1, 1, 1, 1, 1, 1, 1, 1, 1, 1, 1, 1, 1, 1, 1
-999999, -999999, -999999, -999999, -999999, -999999, -999999, -999999, -999999, -999999, -999999, -999999, -999999, -999999, -999999, -999999, -999999, -999999, -999999, -999999, -999999, -999999, -999999, -999999, -999999, -999999, -999999, -999999, -999999, -999999, -999999, -999999, -999999, -999999, -999999, -999999, -999999, -999999, -999999, -999999, -999999, -999999, -999999, -999999, -999999, -999999, -999999, -999999, -999999, -999999, -999999, -999999, -999999, -999999, -999999, -999999, -999999, -999999, -999999, -999999, -999999, -999999, -999999, -999999, -999999, -999999, -999999, -999999, -999999, -999999, -999999, -999999, -999999, -999999, -999999, -999999, -999999, -999999, -999999, -999999, -999999, -999999, -999999, -999999, -999999, -999999, -999999, -999999, -999999, -999999, -999999, -999999, -999999, -999999, -999999, -999999, -999999
JDAY, days
INDEX, none
FLIGHT, none
LOCAL_SUN_TIME, hour
LATITUDE, degs
LONGITUDE, degs
ALTP, km
PRESSURE, hPa
TEMPERATURE, K
THETA, K
O3COLUMN, DU
SZA, deg
GPS_ALT, km
GRD_SPD, m/s
TAS, m/s
IAS, m/s
MachNumber, mach
VerticalSpeed, ft min-1
HDG, degs
TRK, degs
PITCH, degs
ROLL, degs
PotentialTemp, K
Dewpoint, K
TotalAirTemp, K
CabinPressure, hPa
SolarZenithAngle, degs
AircraftSunElevation, degs
SunAzimuth, degs
AircraftSunAzimuth, degs
H2O_MixingRatio, g kg-1
H2O_VaporPressure, hPa
H2O_SatVaporPressureWater, hPa
H2O_SatVaporPressureIce, hPa
H2O_RelativeHumidity, %
DifferentialPressure, hPa
U_WINDS, m s-1
V_WINDS, m s-1
Ground_Elevation, km
Altitude_AGL, km
O3_MixingRatio, ppbv
CO2_MixingRatio_PICARRO, ppmv
CH4_MixingRatio_PICARRO, ppmv
CO_MixingRatio_PICARRO, ppmv
CO2_MoleFraction_PFP, ppm
CH4_MoleFraction_PFP, ppb
CO_MoleFraction_PFP, ppb
N2O_MoleFraction_PFP, ppb
SF6_MoleFraction_PFP, ppt
H2_MoleFraction_PFP, ppb
CH4C13_PFP, per mil
CO2C14_PFP, per mil
F11B_MoleFraction_PFP, ppt
FC12_MoleFraction_PFP, ppt
F13_MoleFraction_PFP, ppt
F113_MoleFraction_PFP, ppt
F115_MoleFraction_PFP, ppt
HF133a_MoleFraction_PFP, ppt
F23_MoleFraction_PFP, ppt
F32_MoleFraction_PFP, ppt
F134A_MoleFraction_PFP, ppt
F152A_MoleFraction_PFP, ppt
F125_MoleFraction_PFP, ppt
F143a_MoleFraction_PFP, ppt
F227e_MoleFraction_PFP, ppt
F365m_MoleFraction_PFP, ppt
H1211_MoleFraction_PFP, ppt
H1301_MoleFraction_PFP, ppt
H2402_MoleFraction_PFP, ppt
MCFA_MoleFraction_PFP, ppt
CF4_MoleFraction_PFP, ppt
C2F6_MoleFraction_PFP, ppt
SO2F2_MoleFraction_PFP, ppt
MEBR_MoleFraction_PFP, ppt
CH3I_MoleFraction_PFP, ppt
DIBR_MoleFraction_PFP, ppt
OCS_MoleFraction_PFP, ppt
MECL_MoleFraction_PFP, ppt
DICL_MoleFraction_PFP, ppt
CLHF_MoleFraction_PFP, ppt
PCE_MoleFraction_PFP, ppt
C2H2_MoleFraction_PFP, ppt
C2H6_MoleFraction_PFP, ppt
C3H8_MoleFraction_PFP, ppt
nC4H10_MoleFraction_PFP, ppt
[...]
[from data line 2465]
71477,   41,          902466.00,         9.0000000,  13.73896077,   32.5142806,   268.2531616,   0.4272930293,   962.94,   288.5819939,   291.7125845,   273,   53.09793182,   0.4279,   87.35191201,   91.08263089,    -999999,  0.26746,    -999999,  273.7,   279.16,   0.88,   -1.94,   291.7119939,   279.0899939,   292.7099939,   973,    -999999,   -999999,   -999999,   -999999,  6.099014,   9.35072,   17.6026,   20.41154,   53.122,   49.09,   3.642,   8.052,   0.02314,   0.40476,   47.84,   412.77,   1.97275,   0.147265,   412.94,   1974.18,   148.84,   330.36,   9.48,   507.22,   -47.59,    -999999,  233.21,   517.72,   3.34,   71.22,   8.66,   0.57,   30.58,   16.89,   108.29,   15.58,   26.1,   22.67,   1.37,   1.11,   4.41,   3.37,   0.43,   2.56,   84.37,   4.69,   2.49,   7.39,   0.56,   1.37,   506.65,   579.91,   74.42,   17.24,   6.62,   473.96,   3224.81,   1352.55,   426.69,   233.96,   97.78,   130.03,   118.47,   61.02,   0.87,   0.17,   1.19,   0.58,   46.27,   255.78,          3.3050000  
71482,   41,          902467.00,         9.0000000,  13.74004324,   32.5148972,   268.2485652,   0.4260860213,   963.08,   288.5859939,   291.7045113,   273,   53.10574874,   0.42636,   87.55768801,   90.59288401,    -999999,  0.266,    -999999,  272.84,   278.9,   1.08,   -1.26,   291.7019939,   279.0499939,   292.6699939,   973,    -999999,   -999999,   -999999,   -999999,  6.08112,   9.3249,   17.60716,   20.4176,   52.962,   48.56,   3.006,   9.148,   0.02408,   0.40228,   48.28,   412.744,   1.973755556,   0.1484045455,   412.94,   1974.18,   148.84,   330.36,   9.48,   507.22,   -47.59,    -999999,  233.21,   517.72,   3.34,   71.22,   8.66,   0.57,   30.58,   16.89,   108.29,   15.58,   26.1,   22.67,   1.37,   1.11,   4.41,   3.37,   0.43,   2.56,   84.37,   4.69,   2.49,   7.39,   0.56,   1.37,   506.65,   579.91,   74.42,   17.24,   6.62,   473.96,   3224.81,   1352.55,   426.69,   233.96,   97.78,   130.03,   118.47,   61.02,   0.87,   0.17,   1.19,   0.58,   46.27,   255.78,          3.3140000  
71487,   41,          902468.00,         9.0000000,  13.74112492,   32.515505,   268.2439572,   0.4278111893,   962.88,   288.5439939,   291.679365,   273,   53.11355633,   0.42778,   87.74288641,   90.19162081,    -999999,  0.26488,    -999999,  273.34,   278.86,   1,   -0.92,   291.6759939,   279.1499939,   292.5899939,   972.9,    -999999,   -999999,   -999999,   -999999,  6.124988,   9.38958,   17.55974,   20.3545,   53.47,   48.12,   2.374,   8.456,   0.02252,   0.40526,   48.32,   412.855,   1.9742,   0.1439090909,   412.94,   1974.18,   148.84,   330.36,   9.48,   507.22,   -47.59,    -999999,  233.21,   517.72,   3.34,   71.22,   8.66,   0.57,   30.58,   16.89,   108.29,   15.58,   26.1,   22.67,   1.37,   1.11,   4.41,   3.37,   0.43,   2.56,   84.37,   4.69,   2.49,   7.39,   0.56,   1.37,   506.65,   579.91,   74.42,   17.24,   6.62,   473.96,   3224.81,   1352.55,   426.69,   233.96,   97.78,   130.03,   118.47,   61.02,   0.87,   0.17,   1.19,   0.58,   46.27,   255.78,          3.3444000  
71492,   41,          902469.00,         9.0000000,  13.74220576,   32.5161068,   268.2393364,   0.4252142933,   963.18,   288.4839939,   291.5927587,   273,   53.12135641,   0.42546,   87.93837361,   91.25959825,    -999999,  0.26802,    -999999,  272.98,   278.64,   1.3,   -1.22,   291.5939939,   279.1699939,   292.6299939,   973.14,    -999999,   -999999,   -999999,   -999999,  6.13165,   9.40262,   17.49222,   20.26478,   53.756,   49.316,   3.224,   8.612,   0.02476,   0.4007,   49,   412.845,   1.9749,   0.1501238095,    -999999,   -999999,   -999999,   -999999,   -999999,   -999999,   -999999,   -999999,   -999999,   -999999,   -999999,   -999999,   -999999,   -999999,   -999999,   -999999,   -999999,   -999999,   -999999,   -999999,   -999999,   -999999,   -999999,   -999999,   -999999,   -999999,   -999999,   -999999,   -999999,   -999999,   -999999,   -999999,   -999999,   -999999,   -999999,   -999999,   -999999,   -999999,   -999999,   -999999,   -999999,   -999999,   -999999,   -999999,   -999999,   -999999,   -999999,   -999999,   -999999,   -999999,   -999999,   -999999,         3.2874000  
71497,   41,          902470.00,         9.0000000,  13.74328684,   32.5167102,   268.2347192,   0.4266041813,   963.02,   288.5639939,   291.6874657,   273,   53.12916278,   0.42602,   87.70173121,   91.69481449,    -999999,  0.26928,    -999999,  272.38,   278.92,   1.34,   -0.44,   291.6879939,   279.1499939,   292.7499939,   973.06,    -999999,   -999999,   -999999,   -999999,  6.124148,   9.38966,   17.58234,   20.38458,   53.404,   49.772,   3.962,   10.05,   0.02578,   0.40024,   48.48,   412.892,   1.976055556,   0.1523,    -999999,   -999999,   -999999,   -999999,   -999999,   -999999,   -999999,   -999999,   -999999,   -999999,   -999999,   -999999,   -999999,   -999999,   -999999,   -999999,   -999999,   -999999,   -999999,   -999999,   -999999,   -999999,   -999999,   -999999,   -999999,   -999999,   -999999,   -999999,   -999999,   -999999,   -999999,   -999999,   -999999,   -999999,   -999999,   -999999,   -999999,   -999999,   -999999,   -999999,   -999999,   -999999,   -999999,   -999999,   -999999,   -999999,   -999999,   -999999,   -999999,   -999999,   -999999,   -999999,         3.3458000  
71502,   41,          902471.00,         9.0000000,  13.74436876,   32.51733,   268.2301148,   0.4297314293,   962.66,   288.6059939,   291.7610865,   273,   53.13699209,   0.42944,   87.65028721,   91.25651161,    -999999,  0.26798,    -999999,  274.2,   279.14,   0.98,   -0.84,   291.7599939,   279.1299939,   292.7499939,   973,    -999999,   -999999,   -999999,   -999999,  6.11792,   9.37668,   17.62998,   20.448,   53.19,   49.268,   3.486,   7.222,   0.02418,   0.40526,   46.04,   412.915,   1.975411111,   0.1440210526,    -999999,   -999999,   -999999,   -999999,   -999999,   -999999,   -999999,   -999999,   -999999,   -999999,   -999999,   -999999,   -999999,   -999999,   -999999,   -999999,   -999999,   -999999,   -999999,   -999999,   -999999,   -999999,   -999999,   -999999,   -999999,   -999999,   -999999,   -999999,   -999999,   -999999,   -999999,   -999999,   -999999,   -999999,   -999999,   -999999,   -999999,   -999999,   -999999,   -999999,   -999999,   -999999,   -999999,   -999999,   -999999,   -999999,   -999999,   -999999,   -999999,   -999999,   -999999,   -999999,         3.4082000  
71507,   41,          902472.00,         9.0000000,  13.74544989,   32.5179488,   268.2254984,   0.4345777494,   962.1,   288.4439939,   291.6457989,   273,   53.14481847,   0.43426,   87.96924001,   92.57862241,    -999999,  0.2719,    -999999,  273.54,   278.74,   0.38,   -2.8,   291.6439939,   279.2499939,   292.7099939,   972.4,    -999999,   -999999,   -999999,   -999999,  6.172938,   9.4547,   17.44734,   20.20508,   54.188,   50.724,   4.448,   7.81,   0.02494,   0.40932,   47.76,   412.945,   1.97625,   0.1479,    -999999,   -999999,   -999999,   -999999,   -999999,   -999999,   -999999,   -999999,   -999999,   -999999,   -999999,   -999999,   -999999,   -999999,   -999999,   -999999,   -999999,   -999999,   -999999,   -999999,   -999999,   -999999,   -999999,   -999999,   -999999,   -999999,   -999999,   -999999,   -999999,   -999999,   -999999,   -999999,   -999999,   -999999,   -999999,   -999999,   -999999,   -999999,   -999999,   -999999,   -999999,   -999999,   -999999,   -999999,   -999999,   -999999,   -999999,   -999999,   -999999,   -999999,   -999999,   -999999,         3.3332000  
71512,   41,          902473.00,         9.0000000,  13.74652992,   32.5185276,   268.2208654,   0.4309445333,   962.52,   288.3579939,   291.5224892,   273,   53.15260686,   0.43112,   88.06183921,   92.20205233,    -999999,  0.27086,    -999999,  272.84,   278.24,   0.72,   -1,   291.5239939,   279.1699939,   292.5899939,   972.74,    -999999,   -999999,   -999999,   -999999,  6.13588,   9.40254,   17.35124,   20.07748,   54.19,   50.344,   3.946,   8.198,   0.02452,   0.4066,   48.68,   413.045,   1.975722222,   0.154,    -999999,   -999999,   -999999,   -999999,   -999999,   -999999,   -999999,   -999999,   -999999,   -999999,   -999999,   -999999,   -999999,   -999999,   -999999,   -999999,   -999999,   -999999,   -999999,   -999999,   -999999,   -999999,   -999999,   -999999,   -999999,   -999999,   -999999,   -999999,   -999999,   -999999,   -999999,   -999999,   -999999,   -999999,   -999999,   -999999,   -999999,   -999999,   -999999,   -999999,   -999999,   -999999,   -999999,   -999999,   -999999,   -999999,   -999999,   -999999,   -999999,   -999999,   -999999,   -999999,         3.3414000  
71517,   41,          902474.00,         9.0000000,  13.74760947,   32.5191066,   268.2162254,   0.4265980853,   963.02,   288.4519939,   291.5742534,   273,   53.16039558,   0.42668,   88.18530481,   92.68974145,    -999999,  0.27224,    -999999,  272.5,   278.62,   1.08,   0.02,   291.5759939,   279.1499939,   292.7299939,   972.96,    -999999,   -999999,   -999999,   -999999,  6.124092,   9.3896,   17.45642,   20.2172,   53.792,   50.9,   4.402,   9.482,   0.0243,   0.40238,   48.9,   412.952,   1.97645,   0.1537,    -999999,   -999999,   -999999,   -999999,   -999999,   -999999,   -999999,   -999999,   -999999,   -999999,   -999999,   -999999,   -999999,   -999999,   -999999,   -999999,   -999999,   -999999,   -999999,   -999999,   -999999,   -999999,   -999999,   -999999,   -999999,   -999999,   -999999,   -999999,   -999999,   -999999,   -999999,   -999999,   -999999,   -999999,   -999999,   -999999,   -999999,   -999999,   -999999,   -999999,   -999999,   -999999,   -999999,   -999999,   -999999,   -999999,   -999999,   -999999,   -999999,   -999999,   -999999,   -999999,         3.3650000  
71522,   41,          902475.00,         9.0000000,  13.74868972,   32.519724,   268.2115958,   0.4285122293,   962.8,   288.4739939,   291.6155271,   273,   53.16822475,   0.42784,   87.95895121,   92.67122161,    -999999,  0.27218,    -999999,  272.06,   279.26,   1.14,   0.16,   291.6179939,   279.1699939,   292.7499939,   973.1,    -999999,   -999999,   -999999,   -999999,  6.134082,   9.40258,   17.48106,   20.24992,   53.788,   50.86,   4.774,   11.058,   0.02374,   0.4041,   47.66,   413.03125,   1.97715,   0.1537,    -999999,   -999999,   -999999,   -999999,   -999999,   -999999,   -999999,   -999999,   -999999,   -999999,   -999999,   -999999,   -999999,   -999999,   -999999,   -999999,   -999999,   -999999,   -999999,   -999999,   -999999,   -999999,   -999999,   -999999,   -999999,   -999999,   -999999,   -999999,   -999999,   -999999,   -999999,   -999999,   -999999,   -999999,   -999999,   -999999,   -999999,   -999999,   -999999,   -999999,   -999999,   -999999,   -999999,   -999999,   -999999,   -999999,   -999999,   -999999,   -999999,   -999999,   -999999,   -999999,         3.4752000  
71527,   41,          902476.00,         9.0000000,  13.74977102,   32.5203898,   268.206982,   0.4290364853,   962.74,   288.5359939,   291.6833958,   273,   53.17610522,   0.429,   88.01039521,   91.58060881,    -999999,  0.26894,    -999999,  273.14,   280.18,   1.02,   2.06,   291.6819939,   279.2099939,   292.7099939,   972.86,    -999999,   -999999,   -999999,   -999999,  6.151638,   9.42866,   17.55084,   20.34266,   53.724,   49.634,   3.78,   10.342,   0.02374,   0.40526,   47.1,   413.065,   1.977191667,   0.1593052632,    -999999,   -999999,   -999999,   -999999,   -999999,   -999999,   -999999,   -999999,   -999999,   -999999,   -999999,   -999999,   -999999,   -999999,   -999999,   -999999,   -999999,   -999999,   -999999,   -999999,   -999999,   -999999,   -999999,   -999999,   -999999,   -999999,   -999999,   -999999,   -999999,   -999999,   -999999,   -999999,   -999999,   -999999,   -999999,   -999999,   -999999,   -999999,   -999999,   -999999,   -999999,   -999999,   -999999,   -999999,   -999999,   -999999,   -999999,   -999999,   -999999,   -999999,   -999999,   -999999,         3.3520000  
71532,   41,          902477.00,         9.0000000,  13.75085288,   32.5211252,   268.2023766,   0.4286890133,   962.78,   288.4679939,   291.6111925,   273,   53.18405156,   0.42784,   87.92808481,   93.38526433,    -999999,  0.2743,    -999999,  274.8,   280.86,   1.32,   -1.32,   291.6119939,   279.2299939,   292.8099939,   973.02,    -999999,   -999999,   -999999,   -999999,  6.159964,   9.44168,   17.47426,   20.24088,   54.032,   51.662,   5.622,   8.746,   0.02378,   0.40406,   47.62,   413.115,   1.97835,   0.14535,    -999999,   -999999,   -999999,   -999999,   -999999,   -999999,   -999999,   -999999,   -999999,   -999999,   -999999,   -999999,   -999999,   -999999,   -999999,   -999999,   -999999,   -999999,   -999999,   -999999,   -999999,   -999999,   -999999,   -999999,   -999999,   -999999,   -999999,   -999999,   -999999,   -999999,   -999999,   -999999,   -999999,   -999999,   -999999,   -999999,   -999999,   -999999,   -999999,   -999999,   -999999,   -999999,   -999999,   -999999,   -999999,   -999999,   -999999,   -999999,   -999999,   -999999,   -999999,   -999999,         3.3118000  
71537,   41,          902478.00,         9.0000000,  13.75193657,   32.521848,   268.1977986,   0.4298960213,   962.64,   288.6459939,   291.803256,   273,   53.1920029,   0.4288,   87.17700241,   92.75147425,    -999999,  0.27236,    -999999,  274.68,   280.12,   1.26,   -2.42,   291.8039939,   279.3899939,   292.9299939,   972.82,    -999999,   -999999,   -999999,   -999999,  6.230094,   9.5467,   17.67514,   20.5081,   54.012,   50.916,   5.562,   7.602,   0.02364,   0.40516,   48.8,   413.1,   1.978372727,   0.15215,    -999999,   -999999,   -999999,   -999999,   -999999,   -999999,   -999999,   -999999,   -999999,   -999999,   -999999,   -999999,   -999999,   -999999,   -999999,   -999999,   -999999,   -999999,   -999999,   -999999,   -999999,   -999999,   -999999,   -999999,   -999999,   -999999,   -999999,   -999999,   -999999,   -999999,   -999999,   -999999,   -999999,   -999999,   -999999,   -999999,   -999999,   -999999,   -999999,   -999999,   -999999,   -999999,   -999999,   -999999,   -999999,   -999999,   -999999,   -999999,   -999999,   -999999,   -999999,   -999999,         3.3330000  
71542,   41,          902479.00,         9.0000000,  13.75302093,   32.5225196,   268.1932306,   0.4300789013,   962.62,   288.6219939,   291.7807255,   273,   53.19991882,   0.43026,   87.25931281,   90.39739681,    -999999,  0.26544,    -999999,  273.96,   279.7,   0.66,   -1.2,   291.7819939,   279.2899939,   292.6899939,   972.76,    -999999,   -999999,   -999999,   -999999,  6.187086,   9.48126,   17.64788,   20.47178,   53.726,   48.316,   3.23,   8.706,   0.02404,   0.40622,   48.88,   413.04,   1.9803,   0.1433545455,    -999999,   -999999,   -999999,   -999999,   -999999,   -999999,   -999999,   -999999,   -999999,   -999999,   -999999,   -999999,   -999999,   -999999,   -999999,   -999999,   -999999,   -999999,   -999999,   -999999,   -999999,   -999999,   -999999,   -999999,   -999999,   -999999,   -999999,   -999999,   -999999,   -999999,   -999999,   -999999,   -999999,   -999999,   -999999,   -999999,   -999999,   -999999,   -999999,   -999999,   -999999,   -999999,   -999999,   -999999,   -999999,   -999999,   -999999,   -999999,   -999999,   -999999,   -999999,   -999999,         3.4654000  
