inputs/ACTAMERICA_Merge/B200/ACTAMERICA-mrg05-b200_merge_20170223_R0.ict
136, 1001
Shook, Michael
NASA Atmospheric Composition Branch, NASA Langley Research Center (SSAI)
Merged data file for ACT-AMERICA 2017, Flight 17 (20170223), on the b200 platform. Data is merged to 05 seconds.
NASA ACT-AMERICA 2017
1, 1
2017, 02, 23, 2018, 02, 22
05
UTC,s
97
1, 1, 1, 1, 1, 1, 1, 1, 1, 1, 1, 1, 1, 1, 1, 1, 1, 1, 1, 1, 1, 1, 1, 1, 1, 1, 1, 1, 1, 1, 1, 1, 1, 1, 1, 1, 1, 1, 1, 1, 1, 1, 1, 1, 1, 1, 1, 1, 1, 1, 1, 1, 1, 1, 1, 1, 1, 1, 1, 1, 1, 1, 1, 1, 1, 1, 1, 1, 1, 1, 1, 1, 1, 1, 1, 1, 1, 1, 1, 1, 1, 1, 1, 1, 1, 1, 1, 1, 1, 1, 1, 1, 1, 1, 1, 1, 1
-999999, -999999, -999999, -999999, -999999, -999999, -999999, -999999, -999999, -999999, -999999, -999999, -999999, -999999, -999999, -999999, -999999, -999999, -999999, -999999, -999999, -999999, -999999, -999999, -999999, -999999, -999999, -999999, -999999, -999999, -999999, -999999, -999999, -999999, -999999, -999999, -999999, -999999, -999999, -999999, -999999, -999999, -999999, -999999, -999999, -999999, -999999, -999999, -999999, -999999, -999999, -999999, -999999, -999999, -999999, -999999, -999999, -999999, -999999, -999999, -999999, -999999, -999999, -999999, -999999, -999999, -999999, -999999, -999999, -999999, -999999, -999999, -999999, -999999, -999999, -999999, -999999, -999999, -999999, -999999, -999999, -999999, -999999, -999999, -999999, -999999, -999999, -999999, -999999, -999999, -999999, -999999, -999999, -999999, -999999, -999999, -999999
JDAY, days
INDEX, none
FLIGHT, none
LOCAL_SUN_TIME, hour
LATITUDE, degs
LONGITUDE, degs
ALTP, km
PRESSURE, hPa
TEMPERATURE, K
THETA, K
O3COLUMN, DU
SZA, deg
GPS_ALT, km
GRD_SPD, m/s
TAS, m/s
IAS, m/s
MachNumber, mach
VerticalSpeed, ft min-1
HDG, degs
TRK, degs
PITCH, degs
ROLL, degs
PotentialTemp, K
Dewpoint, K
TotalAirTemp, K
CabinPressure, hPa
SolarZenithAngle, degs
AircraftSunElevation, degs
SunAzimuth, degs
AircraftSunAzimuth, degs
H2O_MixingRatio, g kg-1
H2O_VaporPressure, hPa
H2O_SatVaporPressureWater, hPa
H2O_SatVaporPressureIce, hPa
H2O_RelativeHumidity, %
DifferentialPressure, hPa
U_WINDS, m s-1
V_WINDS, m s-1
Ground_Elevation, km
Altitude_AGL, km
O3_MixingRatio, ppbv
CO2_MixingRatio_PICARRO, ppmv
CH4_MixingRatio_PICARRO, ppmv
CO_MixingRatio_PICARRO, ppmv
CO2_MoleFraction_PFP, ppm
CH4_MoleFraction_PFP, ppb
CO_MoleFraction_PFP, ppb
N2O_MoleFraction_PFP, ppb
SF6_MoleFraction_PFP, ppt
H2_MoleFraction_PFP, ppb
CH4C13_PFP, per mil
CO2C14_PFP, per mil
F11B_MoleFraction_PFP, ppt
FC12_MoleFraction_PFP, ppt
F13_MoleFraction_PFP, ppt
F113_MoleFraction_PFP, ppt
F115_MoleFraction_PFP, ppt
HF133a_MoleFraction_PFP, ppt
F23_MoleFraction_PFP, ppt
F32_MoleFraction_PFP, ppt
F134A_MoleFraction_PFP, ppt
F152A_MoleFraction_PFP, ppt
F125_MoleFraction_PFP, ppt
F143a_MoleFraction_PFP, ppt
F227e_MoleFraction_PFP, ppt
F365m_MoleFraction_PFP, ppt
H1211_MoleFraction_PFP, ppt
H1301_MoleFraction_PFP, ppt
H2402_MoleFraction_PFP, ppt
MCFA_MoleFraction_PFP, ppt
CF4_MoleFraction_PFP, ppt
C2F6_MoleFraction_PFP, ppt
SO2F2_MoleFraction_PFP, ppt
MEBR_MoleFraction_PFP, ppt
CH3I_MoleFraction_PFP, ppt
DIBR_MoleFraction_PFP, ppt
OCS_MoleFraction_PFP, ppt
MECL_MoleFraction_PFP, ppt
DICL_MoleFraction_PFP, ppt
CLHF_MoleFraction_PFP, ppt
PCE_MoleFraction_PFP, ppt
C2H2_MoleFraction_PFP, ppt
C2H6_MoleFraction_PFP, ppt
C3H8_MoleFraction_PFP, ppt
nC4H10_MoleFraction_PFP, ppt
[...]
[from data line 1043]
70012,   54,          1701044.0,         17.000000,  12.93804789,   37.3496818,   262.343635,   2.206416747,   774.7,   284.3219939,   305.8345771,   278,   48.99635474,   2.02774,   87.40335601,   99.46491625,    -999999,  0.29424,    -999999,  264.56,   271.12,   1.6,   0.12,   305.8419939,   268.3099939,   289.2499939,   935.38,    -999999,   -999999,   -999999,   -999999,  3.458808,   4.28424,   13.32148,   14.83272,   32.16,   47.98,   10.5,   11.456,   0.41114,   1.6166,   31.22,   407.166,   1.867566667,   0.08379047619,    -999999,   -999999,   -999999,   -999999,   -999999,   -999999,   -999999,   -999999,   -999999,   -999999,   -999999,   -999999,   -999999,   -999999,   -999999,   -999999,   -999999,   -999999,   -999999,   -999999,   -999999,   -999999,   -999999,   -999999,   -999999,   -999999,   -999999,   -999999,   -999999,   -999999,   -999999,   -999999,   -999999,   -999999,   -999999,   -999999,   -999999,   -999999,   -999999,   -999999,   -999999,   -999999,   -999999,   -999999,   -999999,   -999999,   -999999,   -999999,   -999999,   -999999,   -999999,   -999999,        0.87440000  
70017,   54,          1701045.0,         17.000000,  12.93910815,   37.34977,   262.3387056,   2.206416747,   774.7,   284.3159939,   305.8281231,   278,   49.00045352,   2.02756,   87.40335601,   99.11921257,    -999999,  0.29322,    -999999,  264.66,   271.38,   1.64,   -0.2,   305.8339939,   268.2899939,   289.2099939,   935.56,    -999999,   -999999,   -999999,   -999999,  3.45355,   4.27776,   13.31624,   14.82604,   32.126,   47.64,   10.2,   11.692,   0.41222,   1.61534,   32.32,   407.192,   1.868044444,   0.0893,    -999999,   -999999,   -999999,   -999999,   -999999,   -999999,   -999999,   -999999,   -999999,   -999999,   -999999,   -999999,   -999999,   -999999,   -999999,   -999999,   -999999,   -999999,   -999999,   -999999,   -999999,   -999999,   -999999,   -999999,   -999999,   -999999,   -999999,   -999999,   -999999,   -999999,   -999999,   -999999,   -999999,   -999999,   -999999,   -999999,   -999999,   -999999,   -999999,   -999999,   -999999,   -999999,   -999999,   -999999,   -999999,   -999999,   -999999,   -999999,   -999999,   -999999,   -999999,   -999999,        0.92860000  
70022,   54,          1701046.0,         17.000000,  12.94016859,   37.3498684,   262.3337788,   2.206209483,   774.72,   284.2959939,   305.8043542,   278,   49.0045668,   2.02738,   87.32104561,   98.97002497,    -999999,  0.2928,    -999999,  264.74,   271.4,   1.74,   -0.72,   305.8059939,   268.2699939,   289.1699939,   935.52,    -999999,   -999999,   -999999,   -999999,  3.448208,   4.27128,   13.29854,   14.80352,   32.118,   47.5,   10.13,   11.446,   0.40902,   1.61836,   31.2,   407.075,   1.86705,   0.08635,    -999999,   -999999,   -999999,   -999999,   -999999,   -999999,   -999999,   -999999,   -999999,   -999999,   -999999,   -999999,   -999999,   -999999,   -999999,   -999999,   -999999,   -999999,   -999999,   -999999,   -999999,   -999999,   -999999,   -999999,   -999999,   -999999,   -999999,   -999999,   -999999,   -999999,   -999999,   -999999,   -999999,   -999999,   -999999,   -999999,   -999999,   -999999,   -999999,   -999999,   -999999,   -999999,   -999999,   -999999,   -999999,   -999999,   -999999,   -999999,   -999999,   -999999,   -999999,   -999999,        0.84260000  
70027,   54,          1701047.0,         17.000000,  12.9412294,   37.349959,   262.3288576,   2.206624011,   774.68,   284.2959939,   305.8088656,   278,   49.00867827,   2.02794,   87.19758001,   98.93298529,    -999999,  0.29268,    -999999,  264.52,   271.22,   1.74,   -0.6,   305.8139939,   268.3299939,   289.1699939,   935.62,    -999999,   -999999,   -999999,   -999999,  3.464154,   4.29072,   13.29854,   14.80352,   32.266,   47.46,   10.166,   11.576,   0.41218,   1.61576,   30.66,   407.128,   1.8665,   0.08202380952,    -999999,   -999999,   -999999,   -999999,   -999999,   -999999,   -999999,   -999999,   -999999,   -999999,   -999999,   -999999,   -999999,   -999999,   -999999,   -999999,   -999999,   -999999,   -999999,   -999999,   -999999,   -999999,   -999999,   -999999,   -999999,   -999999,   -999999,   -999999,   -999999,   -999999,   -999999,   -999999,   -999999,   -999999,   -999999,   -999999,   -999999,   -999999,   -999999,   -999999,   -999999,   -999999,   -999999,   -999999,   -999999,   -999999,   -999999,   -999999,   -999999,   -999999,   -999999,   -999999,        0.83600000  
70032,   54,          1701048.0,         17.000000,  12.94229066,   37.3500416,   262.3239432,   2.207245803,   774.62,   284.2879939,   305.8070276,   278,   49.01278808,   2.02878,   87.09469201,   99.01735345,    -999999,  0.29292,    -999999,  264.5,   271.2,   1.66,   -0.52,   305.8099939,   268.3899939,   289.1699939,   935.46,    -999999,   -999999,   -999999,   -999999,  3.480264,   4.31024,   13.2915,   14.79456,   32.428,   47.54,   10.376,   11.512,   0.41258,   1.6162,   32.3,   407.0366667,   1.865344444,   0.0847,    -999999,   -999999,   -999999,   -999999,   -999999,   -999999,   -999999,   -999999,   -999999,   -999999,   -999999,   -999999,   -999999,   -999999,   -999999,   -999999,   -999999,   -999999,   -999999,   -999999,   -999999,   -999999,   -999999,   -999999,   -999999,   -999999,   -999999,   -999999,   -999999,   -999999,   -999999,   -999999,   -999999,   -999999,   -999999,   -999999,   -999999,   -999999,   -999999,   -999999,   -999999,   -999999,   -999999,   -999999,   -999999,   -999999,   -999999,   -999999,   -999999,   -999999,   -999999,   -999999,        0.86300000  
70037,   54,          1701049.0,         17.000000,  12.94335224,   37.350121,   262.3190336,   2.208074859,   774.54,   284.2939939,   305.8225062,   278,   49.01690025,   2.02896,   87.03295921,   98.94121633,    -999999,  0.29268,    -999999,  264.52,   271.14,   1.6,   -0.48,   305.8299939,   268.4099939,   289.1699939,   935.46,    -999999,   -999999,   -999999,   -999999,  3.485918,   4.31676,   13.2968,   14.8013,   32.464,   47.46,   10.364,   11.434,   0.41268,   1.61628,   30.3,   407.06,   1.866409091,   0.09205,    -999999,   -999999,   -999999,   -999999,   -999999,   -999999,   -999999,   -999999,   -999999,   -999999,   -999999,   -999999,   -999999,   -999999,   -999999,   -999999,   -999999,   -999999,   -999999,   -999999,   -999999,   -999999,   -999999,   -999999,   -999999,   -999999,   -999999,   -999999,   -999999,   -999999,   -999999,   -999999,   -999999,   -999999,   -999999,   -999999,   -999999,   -999999,   -999999,   -999999,   -999999,   -999999,   -999999,   -999999,   -999999,   -999999,   -999999,   -999999,   -999999,   -999999,   -999999,   -999999,        0.87820000  
70042,   54,          1701050.0,         17.000000,  12.94441394,   37.3501978,   262.3141258,   2.208074859,   774.54,   284.2819939,   305.8095974,   278,   49.0210146,   2.02904,   86.99180401,   99.06159529,    -999999,  0.29306,    -999999,  264.38,   271.12,   1.56,   -0.54,   305.8139939,   268.4499939,   289.1699939,   935.38,    -999999,   -999999,   -999999,   -999999,  3.496506,   4.3298,   13.28622,   14.78784,   32.59,   47.58,   10.482,   11.512,   0.41266,   1.61638,   29.54,   407.02,   1.865316667,   0.08445,    -999999,   -999999,   -999999,   -999999,   -999999,   -999999,   -999999,   -999999,   -999999,   -999999,   -999999,   -999999,   -999999,   -999999,   -999999,   -999999,   -999999,   -999999,   -999999,   -999999,   -999999,   -999999,   -999999,   -999999,   -999999,   -999999,   -999999,   -999999,   -999999,   -999999,   -999999,   -999999,   -999999,   -999999,   -999999,   -999999,   -999999,   -999999,   -999999,   -999999,   -999999,   -999999,   -999999,   -999999,   -999999,   -999999,   -999999,   -999999,   -999999,   -999999,   -999999,   -999999,        0.78800000  
70047,   54,          1701051.0,         17.000000,  12.94547566,   37.3502696,   262.3092182,   2.209525707,   774.4,   284.2159939,   305.7543908,   278,   49.02512845,   2.02934,   87.05353681,   99.13979017,    -999999,  0.29338,    -999999,  264.28,   271,   1.5,   -0.62,   305.7559939,   268.4499939,   289.1099939,   935.52,    -999999,   -999999,   -999999,   -999999,  3.49714,   4.3298,   13.22806,   14.71386,   32.732,   47.66,   10.528,   11.526,   0.41386,   1.61548,   28.32,   407.095,   1.865654545,   0.08647894737,    -999999,   -999999,   -999999,   -999999,   -999999,   -999999,   -999999,   -999999,   -999999,   -999999,   -999999,   -999999,   -999999,   -999999,   -999999,   -999999,   -999999,   -999999,   -999999,   -999999,   -999999,   -999999,   -999999,   -999999,   -999999,   -999999,   -999999,   -999999,   -999999,   -999999,   -999999,   -999999,   -999999,   -999999,   -999999,   -999999,   -999999,   -999999,   -999999,   -999999,   -999999,   -999999,   -999999,   -999999,   -999999,   -999999,   -999999,   -999999,   -999999,   -999999,   -999999,   -999999,        0.79280000  
70052,   54,          1701052.0,         17.000000,  12.94653725,   37.3503352,   262.3043088,   2.209318443,   774.42,   284.2539939,   305.7930141,   278,   49.02924016,   2.02918,   87.07411441,   99.14596345,    -999999,  0.29336,    -999999,  264.1,   270.94,   1.5,   -0.06,   305.7999939,   268.4299939,   289.1499939,   935.5,    -999999,   -999999,   -999999,   -999999,  3.491756,   4.32328,   13.26146,   14.75634,   32.6,   47.66,   10.454,   11.858,   0.4131,   1.61608,   30.28,   407.094,   1.86501,   0.0874,    -999999,   -999999,   -999999,   -999999,   -999999,   -999999,   -999999,   -999999,   -999999,   -999999,   -999999,   -999999,   -999999,   -999999,   -999999,   -999999,   -999999,   -999999,   -999999,   -999999,   -999999,   -999999,   -999999,   -999999,   -999999,   -999999,   -999999,   -999999,   -999999,   -999999,   -999999,   -999999,   -999999,   -999999,   -999999,   -999999,   -999999,   -999999,   -999999,   -999999,   -999999,   -999999,   -999999,   -999999,   -999999,   -999999,   -999999,   -999999,   -999999,   -999999,   -999999,   -999999,        0.85860000  
70057,   54,          1701053.0,         17.000000,  12.94759866,   37.3504088,   262.2993966,   2.209318443,   774.42,   284.2659939,   305.8059233,   278,   49.03336292,   2.0292,   87.09469201,   99.23033161,    -999999,  0.29362,    -999999,  264.54,   271.28,   1.54,   -0.02,   305.8099939,   268.5099939,   289.1699939,   935.58,    -999999,   -999999,   -999999,   -999999,  3.513038,   4.34948,   13.2721,   14.76988,   32.77,   47.74,   10.57,   11.492,   0.41672,   1.61248,   28.52,   407.015,   1.8641,   0.08947619048,   407.01,   1866.32,   87.4,   329.64,   9.19,   510.48,   -47.38,    -999999,  231.39,   515.4,   3.35,   70.43,   8.62,   0.5,   30.43,   14.28,   96.76,   8.29,   22.59,   20.61,   1.25,   0.99,   4.73,   3.3,   0.43,   2.49,   82.81,   4.75,   2.28,   6.74,   0.2,   0.98,    -999999,  565.41,   53.01,   10.06,   2.61,   95.68,   871.57,   163.1,   41.27,   21.57,   9.07,   12.29,   21.03,   33.66,   0.23,   0.19,   0.55,   0.65,   5.33,   244.34,         0.79800000  
70062,   54,          1701054.0,         17.000000,  12.94865984,   37.3504982,   262.294481,   2.207660331,   774.58,   284.2659939,   305.7878739,   278,   49.03750396,   2.02894,   87.20786881,   99.05542201,    -999999,  0.29306,    -999999,  264.5,   271.28,   1.44,   -0.74,   305.7879939,   268.5699939,   289.1499939,   935.46,    -999999,   -999999,   -999999,   -999999,  3.528334,   4.3692,   13.27206,   14.7698,   32.918,   47.58,   10.34,   11.548,   0.41616,   1.61278,   28.48,   407.062,   1.86485,   0.08864761905,   407.01,   1866.32,   87.4,   329.64,   9.19,   510.48,   -47.38,    -999999,  231.39,   515.4,   3.35,   70.43,   8.62,   0.5,   30.43,   14.28,   96.76,   8.29,   22.59,   20.61,   1.25,   0.99,   4.73,   3.3,   0.43,   2.49,   82.81,   4.75,   2.28,   6.74,   0.2,   0.98,    -999999,  565.41,   53.01,   10.06,   2.61,   95.68,   871.57,   163.1,   41.27,   21.57,   9.07,   12.29,   21.03,   33.66,   0.23,   0.19,   0.55,   0.65,   5.33,   244.34,         0.92040000  
70067,   54,          1701055.0,         17.000000,  12.94972085,   37.3505788,   262.2895628,   2.208074859,   774.54,   284.2539939,   305.7794771,   278,   49.04164018,   2.0281,   87.22844641,   99.38157697,    -999999,  0.29404,    -999999,  264.46,   271.08,   1.6,   -0.7,   305.7779939,   268.4699939,   289.1699939,   935.42,    -999999,   -999999,   -999999,   -999999,  3.501834,   4.33636,   13.26154,   14.75648,   32.7,   47.9,   10.606,   11.474,   0.41342,   1.61468,   28.8,   407.05,   1.8643,   0.08939047619,   407.01,   1866.32,   87.4,   329.64,   9.19,   510.48,   -47.38,    -999999,  231.39,   515.4,   3.35,   70.43,   8.62,   0.5,   30.43,   14.28,   96.76,   8.29,   22.59,   20.61,   1.25,   0.99,   4.73,   3.3,   0.43,   2.49,   82.81,   4.75,   2.28,   6.74,   0.2,   0.98,    -999999,  565.41,   53.01,   10.06,   2.61,   95.68,   871.57,   163.1,   41.27,   21.57,   9.07,   12.29,   21.03,   33.66,   0.23,   0.19,   0.55,   0.65,   5.33,   244.34,         0.79780000  
70072,   54,          1701056.0,         17.000000,  12.95078204,   37.3506492,   262.2846472,   2.208074859,   774.54,   284.2459939,   305.7708713,   278,   49.04577158,   2.02802,   87.07411441,   99.44125201,    -999999,  0.29424,    -999999,  264.36,   271,   1.62,   -0.72,   305.7719939,   268.6299939,   289.1699939,   935.4,    -999999,   -999999,   -999999,   -999999,  3.54461,   4.389,   13.25448,   14.74744,   33.112,   47.96,   10.758,   11.452,   0.41472,   1.6133,   29.36,   406.995,   1.86545,   0.08417272727,   407.01,   1866.32,   87.4,   329.64,   9.19,   510.48,   -47.38,    -999999,  231.39,   515.4,   3.35,   70.43,   8.62,   0.5,   30.43,   14.28,   96.76,   8.29,   22.59,   20.61,   1.25,   0.99,   4.73,   3.3,   0.43,   2.49,   82.81,   4.75,   2.28,   6.74,   0.2,   0.98,    -999999,  565.41,   53.01,   10.06,   2.61,   95.68,   871.57,   163.1,   41.27,   21.57,   9.07,   12.29,   21.03,   33.66,   0.23,   0.19,   0.55,   0.65,   5.33,   244.34,         0.79500000  
70077,   54,          1701057.0,         17.000000,  12.95184372,   37.3507114,   262.2797392,   2.208696651,   774.48,   284.2459939,   305.7776392,   278,   49.04990134,   2.02818,   86.93007121,   99.24267817,    -999999,  0.29366,    -999999,  264.02,   270.86,   1.68,   -0.26,   305.7799939,   268.5699939,   289.1499939,   935.54,    -999999,   -999999,   -999999,   -999999,  3.52879,   4.3692,   13.25456,   14.74758,   32.966,   47.76,   10.64,   11.722,   0.4148,   1.61338,   31.72,   406.995,   1.8656,   0.08683809524,    -999999,   -999999,   -999999,   -999999,   -999999,   -999999,   -999999,   -999999,   -999999,   -999999,   -999999,   -999999,   -999999,   -999999,   -999999,   -999999,   -999999,   -999999,   -999999,   -999999,   -999999,   -999999,   -999999,   -999999,   -999999,   -999999,   -999999,   -999999,   -999999,   -999999,   -999999,   -999999,   -999999,   -999999,   -999999,   -999999,   -999999,   -999999,   -999999,   -999999,   -999999,   -999999,   -999999,   -999999,   -999999,   -999999,   -999999,   -999999,   -999999,   -999999,   -999999,   -999999,        0.84300000  
