inputs/ACTAMERICA_Merge/B200/ACTAMERICA-mrg05-b200_merge_20170204_R0.ict
136, 1001
Shook, Michael
NASA Atmospheric Composition Branch, NASA Langley Research Center (SSAI)
Merged data file for ACT-AMERICA 2017, Flight 05 (20170204), on the b200 platform. Data is merged to 05 seconds.
NASA ACT-AMERICA 2017
1, 1
2017, 02, 04, 2018, 02, 22
05
UTC,s
97
1, 1, 1, 1, 1, 1, 1, 1, 1, 1, 1, 1, 1, 1, 1, 1, 1, 1, 1, 1, 1, 1, 1, 1, 1, 1, 1, 1, 1, 1, 1, 1, 1, 1, 1, 1, 1, 1, 1, 1, 1, 1, 1, 1, 1, 1, 1, 1, 1, 1, 1, 1, 1, 1, 1, 1, 1, 1, 1, 1, 1, 1, 1, 1, 1, 1, 1, 1, 1, 1, 1, 1, 1, 1, 1, 1, 1, 1, 1, 1, 1, 1, 1, 1, 1, 1, 1, 1, 1, 1, 1, 1, 1, 1, 1, 1, 1
-999999, -999999, -999999, -999999, -999999, -999999, -999999, -999999, -999999, -999999, -999999, -999999, -999999, -999999, -999999, -999999, -999999, -999999, -999999, -999999, -999999, -999999, -999999, -999999, -999999, -999999, -999999, -999999, -999999, -999999, -999999, -999999, -999999, -999999, -999999, -999999, -999999, -999999, -999999, -999999, -999999, -999999, -999999, -999999, -999999, -999999, -999999, -999999, -999999, -999999, -999999, -999999, -999999, -999999, -999999, -999999, -999999, -999999, -999999, -999999, -999999, -999999, -999999, -999999, -999999, -999999, -999999, -999999, -999999, -999999, -999999, -999999, -999999, -999999, -999999, -999999, -999999, -999999, -999999, -999999, -999999, -999999, -999999, -999999, -999999, -999999, -999999, -999999, -999999, -999999, -999999, -999999, -999999, -999999, -999999, -999999, -999999
JDAY, days
INDEX, none
FLIGHT, none
LOCAL_SUN_TIME, hour
LATITUDE, degs
LONGITUDE, degs
ALTP, km
PRESSURE, hPa
TEMPERATURE, K
THETA, K
O3COLUMN, DU
SZA, deg
GPS_ALT, km
GRD_SPD, m/s
TAS, m/s
IAS, m/s
MachNumber, mach
VerticalSpeed, ft min-1
HDG, degs
TRK, degs
PITCH, degs
ROLL, degs
PotentialTemp, K
Dewpoint, K
TotalAirTemp, K
CabinPressure, hPa
SolarZenithAngle, degs
AircraftSunElevation, degs
SunAzimuth, degs
AircraftSunAzimuth, degs
H2O_MixingRatio, g kg-1
H2O_VaporPressure, hPa
H2O_SatVaporPressureWater, hPa
H2O_SatVaporPressureIce, hPa
H2O_RelativeHumidity, %
DifferentialPressure, hPa
U_WINDS, m s-1
V_WINDS, m s-1
Ground_Elevation, km
Altitude_AGL, km
O3_MixingRatio, ppbv
CO2_MixingRatio_PICARRO, ppmv
CH4_MixingRatio_PICARRO, ppmv
CO_MixingRatio_PICARRO, ppmv
CO2_MoleFraction_PFP, ppm
CH4_MoleFraction_PFP, ppb
CO_MoleFraction_PFP, ppb
N2O_MoleFraction_PFP, ppb
SF6_MoleFraction_PFP, ppt
H2_MoleFraction_PFP, ppb
CH4C13_PFP, per mil
CO2C14_PFP, per mil
F11B_MoleFraction_PFP, ppt
FC12_MoleFraction_PFP, ppt
F13_MoleFraction_PFP, ppt
F113_MoleFraction_PFP, ppt
F115_MoleFraction_PFP, ppt
HF133a_MoleFraction_PFP, ppt
F23_MoleFraction_PFP, ppt
F32_MoleFraction_PFP, ppt
F134A_MoleFraction_PFP, ppt
F152A_MoleFraction_PFP, ppt
F125_MoleFraction_PFP, ppt
F143a_MoleFraction_PFP, ppt
F227e_MoleFraction_PFP, ppt
F365m_MoleFraction_PFP, ppt
H1211_MoleFraction_PFP, ppt
H1301_MoleFraction_PFP, ppt
H2402_MoleFraction_PFP, ppt
MCFA_MoleFraction_PFP, ppt
CF4_MoleFraction_PFP, ppt
C2F6_MoleFraction_PFP, ppt
SO2F2_MoleFraction_PFP, ppt
MEBR_MoleFraction_PFP, ppt
CH3I_MoleFraction_PFP, ppt
DIBR_MoleFraction_PFP, ppt
OCS_MoleFraction_PFP, ppt
MECL_MoleFraction_PFP, ppt
DICL_MoleFraction_PFP, ppt
CLHF_MoleFraction_PFP, ppt
PCE_MoleFraction_PFP, ppt
C2H2_MoleFraction_PFP, ppt
C2H6_MoleFraction_PFP, ppt
C3H8_MoleFraction_PFP, ppt
nC4H10_MoleFraction_PFP, ppt
[...]
[from data line 986]
68972,   35,          500987.00,         5.0000000,  13.09566781,   30.6111532,   269.0412672,   0.2785384354,   980.22,   282.3679939,   283.9843789,   248,   49.4381298,   0.31266,   86.62140721,   87.61324753,    -999999,  0.26008,    -999999,  279.02,   98.48,   -3.14,   0.858,   283.9859939,   269.4299939,   286.1899939,   987.24,    -999999,   -999999,   -999999,   -999999,  2.973822,   4.66432,   11.69774,   12.78592,   39.874,   47.206,   -0.006,   0.132,   0.01808,   0.29458,   39.78,   410.815,   1.9709,   0.1605578947,    -999999,   -999999,   -999999,   -999999,   -999999,   -999999,   -999999,   -999999,   -999999,   -999999,   -999999,   -999999,   -999999,   -999999,   -999999,   -999999,   -999999,   -999999,   -999999,   -999999,   -999999,   -999999,   -999999,   -999999,   -999999,   -999999,   -999999,   -999999,   -999999,   -999999,   -999999,   -999999,   -999999,   -999999,   -999999,   -999999,   -999999,   -999999,   -999999,   -999999,   -999999,   -999999,   -999999,   -999999,   -999999,   -999999,   -999999,   -999999,   -999999,   -999999,   -999999,   -999999,         2.8128000  
68977,   35,          500988.00,         5.0000000,  13.0973528,   30.6105428,   269.0457086,   0.2810987555,   979.92,   282.4319939,   284.0735885,   248,   49.44534345,   0.31494,   86.16870001,   88.06389697,    -999999,  0.2614,    -999999,  279.88,   99.2,   -2.96,   0.46,   284.0699939,   269.4899939,   286.2899939,   987.28,    -999999,   -999999,   -999999,   -999999,  2.988204,   4.68534,   11.7484,   12.8492,   39.882,   47.678,   -0.844,   0.54,   0.01868,   0.29626,   40.46,   410.768,   1.9714,   0.16545,    -999999,   -999999,   -999999,   -999999,   -999999,   -999999,   -999999,   -999999,   -999999,   -999999,   -999999,   -999999,   -999999,   -999999,   -999999,   -999999,   -999999,   -999999,   -999999,   -999999,   -999999,   -999999,   -999999,   -999999,   -999999,   -999999,   -999999,   -999999,   -999999,   -999999,   -999999,   -999999,   -999999,   -999999,   -999999,   -999999,   -999999,   -999999,   -999999,   -999999,   -999999,   -999999,   -999999,   -999999,   -999999,   -999999,   -999999,   -999999,   -999999,   -999999,   -999999,   -999999,         2.7914000  
68982,   35,          500989.00,         5.0000000,  13.09903648,   30.6099084,   269.0501306,   0.2834883875,   979.64,   282.3579939,   284.0223481,   248,   49.45253967,   0.31696,   85.93205761,   87.76963729,    -999999,  0.26056,    -999999,  280.6,   99.4,   -3.26,   -2.378,   284.0199939,   269.4499939,   286.1899939,   986.92,    -999999,   -999999,   -999999,   -999999,  2.980056,   4.6713,   11.68988,   12.77612,   39.96,   47.352,   -0.666,   1.288,   0.0182,   0.29876,   40.54,   410.842,   1.970877778,   0.1563,    -999999,   -999999,   -999999,   -999999,   -999999,   -999999,   -999999,   -999999,   -999999,   -999999,   -999999,   -999999,   -999999,   -999999,   -999999,   -999999,   -999999,   -999999,   -999999,   -999999,   -999999,   -999999,   -999999,   -999999,   -999999,   -999999,   -999999,   -999999,   -999999,   -999999,   -999999,   -999999,   -999999,   -999999,   -999999,   -999999,   -999999,   -999999,   -999999,   -999999,   -999999,   -999999,   -999999,   -999999,   -999999,   -999999,   -999999,   -999999,   -999999,   -999999,   -999999,   -999999,         2.8812000  
68987,   35,          500990.00,         5.0000000,  13.10072035,   30.6093102,   269.0545552,   0.2814401315,   979.88,   282.5079939,   284.1533443,   248,   49.45978142,   0.31546,   85.87032481,   86.46707521,    -999999,  0.25664,    -999999,  278.8,   98.7,   -2.96,   -0.874,   284.1559939,   269.5699939,   286.2299939,   987.22,    -999999,   -999999,   -999999,   -999999,  3.006382,   4.71354,   11.8086,   12.92442,   39.916,   45.922,   0.274,   -0.576,   0.01724,   0.29822,   39.78,   410.705,   1.970766667,   0.1694947368,    -999999,   -999999,   -999999,   -999999,   -999999,   -999999,   -999999,   -999999,   -999999,   -999999,   -999999,   -999999,   -999999,   -999999,   -999999,   -999999,   -999999,   -999999,   -999999,   -999999,   -999999,   -999999,   -999999,   -999999,   -999999,   -999999,   -999999,   -999999,   -999999,   -999999,   -999999,   -999999,   -999999,   -999999,   -999999,   -999999,   -999999,   -999999,   -999999,   -999999,   -999999,   -999999,   -999999,   -999999,   -999999,   -999999,   -999999,   -999999,   -999999,   -999999,   -999999,   -999999,         2.7564000  
68992,   35,          500991.00,         5.0000000,  13.10240446,   30.6087234,   269.0589836,   0.2833176995,   979.66,   282.6139939,   284.2781989,   248,   49.46704591,   0.31628,   85.94234641,   87.31898785,    -999999,  0.25908,    -999999,  279.56,   98.76,   -2.78,   -0.646,   284.2799939,   269.6699939,   286.4099939,   987.04,    -999999,   -999999,   -999999,   -999999,  3.029748,   4.74892,   11.89336,   13.03046,   39.928,   46.816,   -0.32,   0.572,   0.01744,   0.29884,   41.26,   410.526,   1.9702,   0.16395,    -999999,   -999999,   -999999,   -999999,   -999999,   -999999,   -999999,   -999999,   -999999,   -999999,   -999999,   -999999,   -999999,   -999999,   -999999,   -999999,   -999999,   -999999,   -999999,   -999999,   -999999,   -999999,   -999999,   -999999,   -999999,   -999999,   -999999,   -999999,   -999999,   -999999,   -999999,   -999999,   -999999,   -999999,   -999999,   -999999,   -999999,   -999999,   -999999,   -999999,   -999999,   -999999,   -999999,   -999999,   -999999,   -999999,   -999999,   -999999,   -999999,   -999999,   -999999,   -999999,         2.7282000  
68997,   35,          500992.00,         5.0000000,  13.10408931,   30.60814,   269.063423,   0.2876031876,   979.16,   282.6659939,   284.3719807,   248,   49.47432789,   0.32068,   86.18927761,   87.18729121,    -999999,  0.25868,    -999999,  278.62,   98.5,   -2.98,   -0.774,   284.3739939,   269.8899939,   286.4499939,   986.48,    -999999,   -999999,   -999999,   -999999,  3.08174,   4.82754,   11.9356,   13.08346,   40.454,   46.64,   -0.102,   -0.516,   0.02106,   0.29962,   39.94,   410.3816667,   1.9705,   0.1644578947,    -999999,   -999999,   -999999,   -999999,   -999999,   -999999,   -999999,   -999999,   -999999,   -999999,   -999999,   -999999,   -999999,   -999999,   -999999,   -999999,   -999999,   -999999,   -999999,   -999999,   -999999,   -999999,   -999999,   -999999,   -999999,   -999999,   -999999,   -999999,   -999999,   -999999,   -999999,   -999999,   -999999,   -999999,   -999999,   -999999,   -999999,   -999999,   -999999,   -999999,   -999999,   -999999,   -999999,   -999999,   -999999,   -999999,   -999999,   -999999,   -999999,   -999999,   -999999,   -999999,         2.8130000  
69002,   35,          500993.00,         5.0000000,  13.10577564,   30.6075582,   269.0678846,   0.2819521955,   979.82,   282.4559939,   284.1060119,   248,   49.48162919,   0.31536,   86.62140721,   87.52064833,    -999999,  0.25976,    -999999,  279,   98.74,   -3.06,   -0.062,   284.1079939,   269.7499939,   286.2699939,   986.78,    -999999,   -999999,   -999999,   -999999,  3.04746,   4.7773,   11.76728,   12.87278,   40.596,   47.07,   0.028,   -0.28,   0.02352,   0.29184,   38.12,   410.332,   1.96975,   0.16215,    -999999,   -999999,   -999999,   -999999,   -999999,   -999999,   -999999,   -999999,   -999999,   -999999,   -999999,   -999999,   -999999,   -999999,   -999999,   -999999,   -999999,   -999999,   -999999,   -999999,   -999999,   -999999,   -999999,   -999999,   -999999,   -999999,   -999999,   -999999,   -999999,   -999999,   -999999,   -999999,   -999999,   -999999,   -999999,   -999999,   -999999,   -999999,   -999999,   -999999,   -999999,   -999999,   -999999,   -999999,   -999999,   -999999,   -999999,   -999999,   -999999,   -999999,   -999999,   -999999,         2.7428000  
69007,   35,          500994.00,         5.0000000,  13.10746204,   30.6069598,   269.0723472,   0.2804160035,   980,   282.3979939,   284.0327658,   248,   49.48892625,   0.31318,   86.56996321,   87.98878873,    -999999,  0.26118,    -999999,  278.92,   98.76,   -2.96,   -1.098,   284.0299939,   269.7299939,   286.2499939,   987.32,    -999999,   -999999,   -999999,   -999999,  3.04234,   4.7702,   11.7214,   12.81546,   40.696,   47.602,   -0.494,   -0.33,   0.02286,   0.29032,   39.24,   410.38,   1.96968,   0.151895,    -999999,   -999999,   -999999,   -999999,   -999999,   -999999,   -999999,   -999999,   -999999,   -999999,   -999999,   -999999,   -999999,   -999999,   -999999,   -999999,   -999999,   -999999,   -999999,   -999999,   -999999,   -999999,   -999999,   -999999,   -999999,   -999999,   -999999,   -999999,   -999999,   -999999,   -999999,   -999999,   -999999,   -999999,   -999999,   -999999,   -999999,   -999999,   -999999,   -999999,   -999999,   -999999,   -999999,   -999999,   -999999,   -999999,   -999999,   -999999,   -999999,   -999999,   -999999,   -999999,         2.6350000  
69012,   35,          500995.00,         5.0000000,  13.10914746,   30.6063712,   269.0767952,   0.2826349475,   979.74,   282.3599939,   284.0160768,   248,   49.49623885,   0.31566,   86.22014401,   88.41268729,    -999999,  0.26248,    -999999,  278.22,   98.72,   -3.36,   0.388,   284.0159939,   269.8099939,   286.2499939,   987,    -999999,   -999999,   -999999,   -999999,  3.061482,   4.79878,   11.6914,   12.77802,   41.046,   48.066,   -1.404,   -1.246,   0.02416,   0.2915,   39.92,   410.336,   1.969544444,   0.1630045455,   410.36,   1971.11,   161.01,   329.95,   9.36,   493.03,   -47.43,    -999999,  231.72,   514.98,   3.28,   70.84,   8.52,   0.54,   31.41,   17.85,   107.67,   19.39,   25.72,   22.63,   1.5,   1.13,   5.11,   3.31,   0.42,   2.52,    -999999,   -999999,  2.21,   6.9,   0.55,   1.25,    -999999,  548.39,   73.82,   16.75,   4.56,   595.23,    -999999,  1454.34,   479.46,   226.75,   116.09,   141.47,   140.04,   113.04,   0.25,   0.14,   4,   0.66,   47.48,   257.73,          2.8410000  
69017,   35,          500996.00,         5.0000000,  13.11083144,   30.6057608,   269.0812216,   0.2805866915,   979.98,   282.4259939,   284.0625843,   248,   49.50353531,   0.3136,   85.89090241,   87.64617169,    -999999,  0.26014,    -999999,  279.38,   99.24,   -3.18,   0.288,   284.0619939,   269.9099939,   286.2499939,   987.22,    -999999,   -999999,   -999999,   -999999,  3.083776,   4.83476,   11.74354,   12.84308,   41.17,   47.222,   -0.842,   -0.346,   0.02422,   0.28938,   39.48,   410.412,   1.968966667,   0.1655666667,   410.36,   1971.11,   161.01,   329.95,   9.36,   493.03,   -47.43,    -999999,  231.72,   514.98,   3.28,   70.84,   8.52,   0.54,   31.41,   17.85,   107.67,   19.39,   25.72,   22.63,   1.5,   1.13,   5.11,   3.31,   0.42,   2.52,    -999999,   -999999,  2.21,   6.9,   0.55,   1.25,    -999999,  548.39,   73.82,   16.75,   4.56,   595.23,    -999999,  1454.34,   479.46,   226.75,   116.09,   141.47,   140.04,   113.04,   0.25,   0.14,   4,   0.66,   47.48,   257.73,          2.9030000  
69022,   35,          500997.00,         5.0000000,  13.11251364,   30.605123,   269.0856212,   0.2793918755,   980.12,   282.4719939,   284.0972554,   248,   49.51080877,   0.31212,   85.46906161,   86.42180449,    -999999,  0.25652,    -999999,  279.24,   99.58,   -2.78,   -0.53,   284.0959939,   269.9299939,   286.1899939,   987.44,    -999999,   -999999,   -999999,   -999999,  3.087958,   4.84198,   11.78004,   12.88868,   41.104,   45.89,   -0.18,   -1.16,   0.02386,   0.28826,   42.2,   410.255,   1.9697,   0.1632285714,   410.36,   1971.11,   161.01,   329.95,   9.36,   493.03,   -47.43,    -999999,  231.72,   514.98,   3.28,   70.84,   8.52,   0.54,   31.41,   17.85,   107.67,   19.39,   25.72,   22.63,   1.5,   1.13,   5.11,   3.31,   0.42,   2.52,    -999999,   -999999,  2.21,   6.9,   0.55,   1.25,    -999999,  548.39,   73.82,   16.75,   4.56,   595.23,    -999999,  1454.34,   479.46,   226.75,   116.09,   141.47,   140.04,   113.04,   0.25,   0.14,   4,   0.66,   47.48,   257.73,          2.8430000  
69027,   35,          500998.00,         5.0000000,  13.11419459,   30.6044794,   269.0900022,   0.2787091234,   980.2,   282.4339939,   284.0524126,   248,   49.51808191,   0.31218,   85.17068641,   86.40842905,    -999999,  0.25648,    -999999,  279.64,   99.66,   -2.82,   -0.99,   284.0519939,   269.9499939,   286.1499939,   987.4,    -999999,   -999999,   -999999,   -999999,  3.092358,   4.84924,   11.74994,   12.8511,   41.272,   45.888,   -0.392,   -0.62,   0.02378,   0.2884,   41.72,   410.395,   1.9691,   0.1632181818,   410.36,   1971.11,   161.01,   329.95,   9.36,   493.03,   -47.43,    -999999,  231.72,   514.98,   3.28,   70.84,   8.52,   0.54,   31.41,   17.85,   107.67,   19.39,   25.72,   22.63,   1.5,   1.13,   5.11,   3.31,   0.42,   2.52,    -999999,   -999999,  2.21,   6.9,   0.55,   1.25,    -999999,  548.39,   73.82,   16.75,   4.56,   595.23,    -999999,  1454.34,   479.46,   226.75,   116.09,   141.47,   140.04,   113.04,   0.25,   0.14,   4,   0.66,   47.48,   257.73,      -999999  
69032,   35,          500999.00,         5.0000000,  13.11587448,   30.603849,   269.0943672,   0.2819521955,   979.82,   282.3999939,   284.0496848,   248,   49.52537321,   0.31436,   84.79000081,   86.79940345,    -999999,  0.25766,    -999999,  279.82,   99.38,   -2.84,   -1.096,   284.0499939,   269.8099939,   286.1499939,   987.14,    -999999,   -999999,   -999999,   -999999,  3.06126,   4.79884,   11.72302,   12.81744,   40.934,   46.296,   -1.034,   0.2,   0.02366,   0.2907,   40.32,   410.44,   1.969888889,   0.158445,    -999999,   -999999,   -999999,   -999999,   -999999,   -999999,   -999999,   -999999,   -999999,   -999999,   -999999,   -999999,   -999999,   -999999,   -999999,   -999999,   -999999,   -999999,   -999999,   -999999,   -999999,   -999999,   -999999,   -999999,   -999999,   -999999,   -999999,   -999999,   -999999,   -999999,   -999999,   -999999,   -999999,   -999999,   -999999,   -999999,   -999999,   -999999,   -999999,   -999999,   -999999,   -999999,   -999999,   -999999,   -999999,   -999999,   -999999,   -999999,   -999999,   -999999,   -999999,   -999999,     -999999  
69037,   35,          501000.00,         5.0000000,  13.11755302,   30.6032454,   269.098712,   0.2828056355,   979.72,   282.3779939,   284.035839,   248,   49.53269399,   0.31566,   84.33729361,   86.10696721,    -999999,  0.25562,    -999999,  279.18,   99,   -2.64,   -1.466,   284.0359939,   269.8899939,   286.0699939,   987.08,    -999999,   -999999,   -999999,   -999999,  3.080008,   4.8276,   11.70564,   12.79578,   41.242,   45.546,   -0.888,   -0.278,   0.0237,   0.29196,   40.16,   410.595,   1.9694,   0.17955,    -999999,   -999999,   -999999,   -999999,   -999999,   -999999,   -999999,   -999999,   -999999,   -999999,   -999999,   -999999,   -999999,   -999999,   -999999,   -999999,   -999999,   -999999,   -999999,   -999999,   -999999,   -999999,   -999999,   -999999,   -999999,   -999999,   -999999,   -999999,   -999999,   -999999,   -999999,   -999999,   -999999,   -999999,   -999999,   -999999,   -999999,   -999999,   -999999,   -999999,   -999999,   -999999,   -999999,   -999999,   -999999,   -999999,   -999999,   -999999,   -999999,   -999999,   -999999,   -999999,     -999999  
