inputs/ACTAMERICA_Merge/B200/ACTAMERICA-mrg05-b200_merge_20171008_R0.ict
138, 1001
Shook, Michael
NASA Atmospheric Composition Branch, NASA Langley Research Center (SSAI)
Merged data file for ACT-AMERICA Fall 2017, Flight 04 (20171008), on the b200 platform. Data is merged to 05 seconds.
NASA ACT-AMERICA Fall 2017
1, 1
2017, 10, 08, 2018, 07, 11
05
UTC,s
99
1, 1, 1, 1, 1, 1, 1, 1, 1, 1, 1, 1, 1, 1, 1, 1, 1, 1, 1, 1, 1, 1, 1, 1, 1, 1, 1, 1, 1, 1, 1, 1, 1, 1, 1, 1, 1, 1, 1, 1, 1, 1, 1, 1, 1, 1, 1, 1, 1, 1, 1, 1, 1, 1, 1, 1, 1, 1, 1, 1, 1, 1, 1, 1, 1, 1, 1, 1, 1, 1, 1, 1, 1, 1, 1, 1, 1, 1, 1, 1, 1, 1, 1, 1, 1, 1, 1, 1, 1, 1, 1, 1, 1, 1, 1, 1, 1, 1, 1
-999999, -999999, -999999, -999999, -999999, -999999, -999999, -999999, -999999, -999999, -999999, -999999, -999999, -999999, -999999, -999999, -999999, -999999, -999999, -999999, -999999, -999999, -999999, -999999, -999999, -999999, -999999, -999999, -999999, -999999, -999999, -999999, -999999, -999999, -999999, -999999, -999999, -999999, -999999, -999999, -999999, -999999, -999999, -999999, -999999, -999999, -999999, -999999, -999999, -999999, -999999, -999999, -999999, -999999, -999999, -999999, -999999, -999999, -999999, -999999, -999999, -999999, -999999, -999999, -999999, -999999, -999999, -999999, -999999, -999999, -999999, -999999, -999999, -999999, -999999, -999999, -999999, -999999, -999999, -999999, -999999, -999999, -999999, -999999, -999999, -999999, -999999, -999999, -999999, -999999, -999999, -999999, -999999, -999999, -999999, -999999, -999999, -999999, -999999
JDAY, days
INDEX, none
FLIGHT, none
LOCAL_SUN_TIME, hour
LATITUDE, degs
LONGITUDE, degs
ALTP, km
PRESSURE, hPa
TEMPERATURE, K
THETA, K, calculated from ambient temperature and pressure
O3COLUMN, DU, OMI ozone column data extracted along flight track
SZA, deg
WNS, m/s
WND, Degs
GPS_ALT, km
GRD_SPD, m/s
TAS, m/s
IAS, m/s
MachNumber, mach
VerticalSpeed, ft min-1
HDG, degs
TRK, degs
DifferentialPressure, hPa
PITCH, degs
ROLL, degs
PotentialTemp_Nav, K
Dewpoint, K
TotalAirTemp, K
CabinPressure, hPa
SolarZenithAngle, degs
AircraftSunElevation, degs
SunAzimuth, degs
AircraftSunAzimuth, degs
H2O_MixingRatio_Nav, g kg-1
H2O_VaporPressure_Nav, hPa
H2O_SatVaporPressureWater_Nav, hPa
H2O_SatVaporPressureIce_Nav, hPa
H2O_RelativeHumidity_Nav, %
U_WINDS, m s-1
V_WINDS, m s-1
GroundElevation-AMSL_GoogleMaps, km
Altitude-AGL_GoogleMaps, km
O3_MixingRatio, ppbv
CO2_DryMoleFrac_PICARRO, ppm
CH4_DryMoleFrac_PICARRO, ppm
CO_DryMoleFrac_PICARRO, ppm
CO2_MoleFraction_PFP, ppm
CH4_MoleFraction_PFP, ppb
CO_MoleFraction_PFP, ppb
N2O_MoleFraction_PFP, ppb
SF6_CCGG_MoleFraction_PFP, ppt
H2_MoleFraction_PFP, ppb
CH4C13_MoleFraction_PFP, permil
CO2C14_MoleFraction_PFP, permil
F11B_MoleFraction_PFP, ppt
FC12_MoleFraction_PFP, ppt
F13_MoleFraction_PFP, ppt
F113_MoleFraction_PFP, ppt
F115_MoleFraction_PFP, ppt
HF133a_MoleFraction_PFP, ppt
F23_MoleFraction_PFP, ppt
F32_MoleFraction_PFP, ppt
F134A_MoleFraction_PFP, ppt
F152A_MoleFraction_PFP, ppt
F125_MoleFraction_PFP, ppt
F143a_MoleFraction_PFP, ppt
F227e_MoleFraction_PFP, ppt
F365m_MoleFraction_PFP, ppt
H1211_MoleFraction_PFP, ppt
H1301_MoleFraction_PFP, ppt
H2402_MoleFraction_PFP, ppt
MCFA_MoleFraction_PFP, ppt
CF4_MoleFraction_PFP, ppt
C2F6_MoleFraction_PFP, ppt
SO2F2_MoleFraction_PFP, ppt
MEBR_MoleFraction_PFP, ppt
CH3I_MoleFraction_PFP, ppt
DIBR_MoleFraction_PFP, ppt
OCS_MoleFraction_PFP, ppt
[...]
[from data line 2298]
64962,   281,          402299.00,         4.0000000,  12.86221692,   38.5096428,   282.2478372,   0.3758184046,   968.9,   295.0699939,   297.7455958,   250,   45.97653479,   6.610528442,   202.0628715,   0.403,   89.01869761,   93.88530001,    -999999,  0.2728,    -999999,  160.984,   158.18,   51.36,   0.98,   -0.5,   298.8699939,   294.6299939,   299.4699939,   972.56,    -999999,   -999999,   -999999,   -999999,  16.96024,   25.71876,   26.42,   32.56382,   97.344,   2.516,   6.11,   0.0967,   0.3063,   20.68,   410.035,   1.91475,   0.1142,    -999999,   -999999,   -999999,   -999999,   -999999,   -999999,   -999999,   -999999,   -999999,   -999999,   -999999,   -999999,   -999999,   -999999,   -999999,   -999999,   -999999,   -999999,   -999999,   -999999,   -999999,   -999999,   -999999,   -999999,   -999999,   -999999,   -999999,   -999999,   -999999,   -999999,   -999999,   -999999,   -999999,   -999999,   -999999,   -999999,   -999999,   -999999,   -999999,   -999999,   -999999,   -999999,   -999999,   -999999,   -999999,   -999999,   -999999,   -999999,   -999999,   -999999,   -999999,   -999999,        0.58400000  
64967,   281,          402300.00,         4.0000000,  12.86373103,   38.5059268,   282.2497154,   0.3776472047,   968.68,   295.1699939,   297.8658281,   250,   45.97850923,   5.856805105,   206.7405854,   0.4054,   88.52483521,   92.52717841,    -999999,  0.2686,    -999999,  161.128,   158.42,   49.88,   1.1,   -1.24,   298.9699939,   294.4499939,   299.4099939,   972.48,    -999999,   -999999,   -999999,   -999999,  16.773648,   25.43742,   26.58166,   32.7937,   95.698,   2.644,   5.202,   0.08828,   0.31712,   22.74,   410.51,   1.91395,   0.11355,    -999999,   -999999,   -999999,   -999999,   -999999,   -999999,   -999999,   -999999,   -999999,   -999999,   -999999,   -999999,   -999999,   -999999,   -999999,   -999999,   -999999,   -999999,   -999999,   -999999,   -999999,   -999999,   -999999,   -999999,   -999999,   -999999,   -999999,   -999999,   -999999,   -999999,   -999999,   -999999,   -999999,   -999999,   -999999,   -999999,   -999999,   -999999,   -999999,   -999999,   -999999,   -999999,   -999999,   -999999,   -999999,   -999999,   -999999,   -999999,   -999999,   -999999,   -999999,   -999999,        0.69460000  
64972,   281,          402301.00,         4.0000000,  12.86524414,   38.502234,   282.2515788,   0.3792931247,   968.48,   295.0499939,   297.7622985,   250,   45.98051236,   7.77656651,   198.54706,   0.40552,   88.24703761,   94.34829601,    -999999,  0.274,    -999999,  161.448,   158.42,   51.86,   0.68,   -0.12,   298.8699939,   294.4299939,   299.4699939,   972.28,    -999999,   -999999,   -999999,   -999999,  16.755624,   25.40562,   26.38762,   32.51786,   96.282,   2.41,   7.368,   0.08506,   0.32046,   20.86,   411.05,   1.914,   0.11195,    -999999,   -999999,   -999999,   -999999,   -999999,   -999999,   -999999,   -999999,   -999999,   -999999,   -999999,   -999999,   -999999,   -999999,   -999999,   -999999,   -999999,   -999999,   -999999,   -999999,   -999999,   -999999,   -999999,   -999999,   -999999,   -999999,   -999999,   -999999,   -999999,   -999999,   -999999,   -999999,   -999999,   -999999,   -999999,   -999999,   -999999,   -999999,   -999999,   -999999,   -999999,   -999999,   -999999,   -999999,   -999999,   -999999,   -999999,   -999999,   -999999,   -999999,   -999999,   -999999,        0.64000000  
64977,   281,          402302.00,         4.0000000,  12.86675358,   38.498534,   282.253387,   0.3763060847,   968.84,   295.0899939,   297.7710458,   250,   45.98250541,   7.80810411,   193.9133989,   0.40286,   87.72230881,   94.28656321,    -999999,  0.274,    -999999,  162.446,   159.78,   51.82,   0.88,   2.28,   298.8899939,   294.3299939,   299.4899939,   972.38,    -999999,   -999999,   -999999,   -999999,  16.643934,   25.25006,   26.45246,   32.61002,   95.456,   1.854,   7.542,   0.08092,   0.32194,   22.86,   411.61,   1.91415,   0.1123,    -999999,   -999999,   -999999,   -999999,   -999999,   -999999,   -999999,   -999999,   -999999,   -999999,   -999999,   -999999,   -999999,   -999999,   -999999,   -999999,   -999999,   -999999,   -999999,   -999999,   -999999,   -999999,   -999999,   -999999,   -999999,   -999999,   -999999,   -999999,   -999999,   -999999,   -999999,   -999999,   -999999,   -999999,   -999999,   -999999,   -999999,   -999999,   -999999,   -999999,   -999999,   -999999,   -999999,   -999999,   -999999,   -999999,   -999999,   -999999,   -999999,   -999999,   -999999,   -999999,        0.65980000  
64982,   281,          402303.00,         4.0000000,  12.86825367,   38.4948198,   282.255055,   0.3728313646,   969.24,   295.1299939,   297.7762883,   250,   45.98446094,   7.983221726,   196.6480454,   0.40072,   87.24902401,   93.85443361,    -999999,  0.2726,    -999999,  164.04,   161.2,   51.34,   0.76,   0.76,   298.8899939,   294.4299939,   299.5099939,   972.52,    -999999,   -999999,   -999999,   -999999,  16.742278,   25.40584,   26.51692,   32.70164,   95.812,   2.368,   7.646,   0.09008,   0.31064,   22.9,   411.44,   1.9144,   0.11315,    -999999,   -999999,   -999999,   -999999,   -999999,   -999999,   -999999,   -999999,   -999999,   -999999,   -999999,   -999999,   -999999,   -999999,   -999999,   -999999,   -999999,   -999999,   -999999,   -999999,   -999999,   -999999,   -999999,   -999999,   -999999,   -999999,   -999999,   -999999,   -999999,   -999999,   -999999,   -999999,   -999999,   -999999,   -999999,   -999999,   -999999,   -999999,   -999999,   -999999,   -999999,   -999999,   -999999,   -999999,   -999999,   -999999,   -999999,   -999999,   -999999,   -999999,   -999999,   -999999,        0.51760000  
64987,   281,          402304.00,         4.0000000,  12.8697476,   38.4910956,   282.2566306,   0.3709416046,   969.46,   295.1099939,   297.7368017,   250,   45.98639444,   7.02492694,   201.6116311,   0.39782,   87.15642481,   92.66093281,    -999999,  0.269,    -999999,  164.746,   161.96,   50.04,   0.56,   -0.04,   298.8899939,   294.4099939,   299.4099939,   972.58,    -999999,   -999999,   -999999,   -999999,  16.717234,   25.3746,   26.48462,   32.65576,   95.81,   2.572,   6.552,   0.10242,   0.2954,   22.28,   411.44,   1.9144,   0.1118,    -999999,   -999999,   -999999,   -999999,   -999999,   -999999,   -999999,   -999999,   -999999,   -999999,   -999999,   -999999,   -999999,   -999999,   -999999,   -999999,   -999999,   -999999,   -999999,   -999999,   -999999,   -999999,   -999999,   -999999,   -999999,   -999999,   -999999,   -999999,   -999999,   -999999,   -999999,   -999999,   -999999,   -999999,   -999999,   -999999,   -999999,   -999999,   -999999,   -999999,   -999999,   -999999,   -999999,   -999999,   -999999,   -999999,   -999999,   -999999,   -999999,   -999999,   -999999,   -999999,        0.55980000  
64992,   281,          402305.00,         4.0000000,  12.87123878,   38.4873568,   282.258165,   0.3682593646,   969.78,   295.1099939,   297.7087284,   250,   45.98831396,   7.452935507,   200.2025037,   0.3945,   87.29017921,   93.27826081,    -999999,  0.2706,    -999999,  165.098,   162.28,   50.7,   0.42,   0.04,   298.8499939,   294.5299939,   299.4499939,   972.94,    -999999,   -999999,   -999999,   -999999,  16.83819,   25.56182,   26.48468,   32.65578,   96.518,   2.55,   7,   0.11876,   0.27574,   22.52,   411.2157143,   1.9141,   0.1061764706,   411.16,   1914.41,   112.34,   330.6,   9.52,   506.74,   -47.58,   8.76,   233.19,   514.22,   3.36,   70.36,   8.56,   0.47,   30.84,   19.93,   113.02,   15.15,   28.51,   22.83,   1.41,   1.29,    -999999,  3.32,   0.38,   2.14,   83.89,   5.61,   2.55,   7.37,   1.12,   0.87,   447.74,   581.25,   46.51,   13.24,   8.56,   132.37,   715.62,   312.17,   175.78,   43.07,   63.76,   109.55,   42.17,    -999999,  0.18,   0.16,   0.8,   0.68,   23.09,   256.69,         0.57720000  
64997,   281,          402306.00,         4.0000000,  12.8727282,   38.4836038,   282.259673,   0.3628339245,   970.38,   295.1699939,   297.7166409,   250,   45.99022348,   7.775164689,   202.6702957,   0.3884,   87.54739921,   93.62808001,    -999999,  0.272,    -999999,  165.568,   162.5,   51.12,   0.02,   -2,   298.8499939,   294.5699939,   299.5499939,   973.16,    -999999,   -999999,   -999999,   -999999,  16.870076,   25.62476,   26.58178,   32.79392,   96.4,   2.996,   7.226,   0.11792,   0.27048,   21.14,   411.51,   1.91455,   0.1144052632,   411.16,   1914.41,   112.34,   330.6,   9.52,   506.74,   -47.58,   8.76,   233.19,   514.22,   3.36,   70.36,   8.56,   0.47,   30.84,   19.93,   113.02,   15.15,   28.51,   22.83,   1.41,   1.29,    -999999,  3.32,   0.38,   2.14,   83.89,   5.61,   2.55,   7.37,   1.12,   0.87,   447.74,   581.25,   46.51,   13.24,   8.56,   132.37,   715.62,   312.17,   175.78,   43.07,   63.76,   109.55,   42.17,    -999999,  0.18,   0.16,   0.8,   0.68,   23.09,   256.69,         0.72460000  
65002,   281,          402307.00,         4.0000000,  12.87421938,   38.479839,   282.2612074,   0.3558844844,   971.22,   295.2699939,   297.7438867,   250,   45.99213821,   6.943976338,   202.5144131,   0.38104,   88.07212801,   93.45317041,    -999999,  0.2712,    -999999,  164.712,   161.94,   50.96,   -0.14,   -1.88,   298.8899939,   294.7099939,   299.6299939,   973.7,    -999999,   -999999,   -999999,   -999999,  17.004244,   25.84548,   26.74442,   33.02542,   96.638,   2.62,   6.482,   0.11918,   0.26186,   21.7,   410.98,   1.9147,   0.1116947368,   411.16,   1914.41,   112.34,   330.6,   9.52,   506.74,   -47.58,   8.76,   233.19,   514.22,   3.36,   70.36,   8.56,   0.47,   30.84,   19.93,   113.02,   15.15,   28.51,   22.83,   1.41,   1.29,    -999999,  3.32,   0.38,   2.14,   83.89,   5.61,   2.55,   7.37,   1.12,   0.87,   447.74,   581.25,   46.51,   13.24,   8.56,   132.37,   715.62,   312.17,   175.78,   43.07,   63.76,   109.55,   42.17,    -999999,  0.18,   0.16,   0.8,   0.68,   23.09,   256.69,         0.88260000  
65007,   281,          402308.00,         4.0000000,  12.87571316,   38.4760656,   282.2627808,   0.3508248043,   971.82,   295.3099939,   297.7316812,   250,   45.99406433,   5.817736285,   197.5709787,   0.37822,   88.03097281,   92.82555361,    -999999,  0.2694,    -999999,  164.068,   161.98,   50.32,   1.84,   0.48,   298.8699939,   294.6299939,   299.6099939,   974.06,    -999999,   -999999,   -999999,   -999999,  16.908194,   25.71924,   26.80978,   33.11854,   95.932,   1.792,   5.514,   0.11132,   0.2669,   20.3,   411.51,   1.91425,   0.11305,   411.16,   1914.41,   112.34,   330.6,   9.52,   506.74,   -47.58,   8.76,   233.19,   514.22,   3.36,   70.36,   8.56,   0.47,   30.84,   19.93,   113.02,   15.15,   28.51,   22.83,   1.41,   1.29,    -999999,  3.32,   0.38,   2.14,   83.89,   5.61,   2.55,   7.37,   1.12,   0.87,   447.74,   581.25,   46.51,   13.24,   8.56,   132.37,   715.62,   312.17,   175.78,   43.07,   63.76,   109.55,   42.17,    -999999,  0.18,   0.16,   0.8,   0.68,   23.09,   256.69,         0.70460000  
65012,   281,          402309.00,         4.0000000,  12.87720193,   38.4723174,   282.264279,   0.3621633645,   970.48,   295.2499939,   297.7885635,   250,   45.99600583,   6.979290562,   196.98476,   0.39166,   86.23043281,   92.11562641,    -999999,  0.2676,    -999999,  165.616,   163.2,   49.48,   3.38,   1.2,   298.8899939,   294.6499939,   299.4699939,   973.4,    -999999,   -999999,   -999999,   -999999,  16.953332,   25.75054,   26.7117,   32.97882,   96.4,   2.086,   6.476,   0.12066,   0.271,   21.74,   411.3,   1.9147,   0.11375,    -999999,   -999999,   -999999,   -999999,   -999999,   -999999,   -999999,   -999999,   -999999,   -999999,   -999999,   -999999,   -999999,   -999999,   -999999,   -999999,   -999999,   -999999,   -999999,   -999999,   -999999,   -999999,   -999999,   -999999,   -999999,   -999999,   -999999,   -999999,   -999999,   -999999,   -999999,   -999999,   -999999,   -999999,   -999999,   -999999,   -999999,   -999999,   -999999,   -999999,   -999999,   -999999,   -999999,   -999999,   -999999,   -999999,   -999999,   -999999,   -999999,   -999999,   -999999,   -999999,        0.56380000  
65017,   281,          402310.00,         4.0000000,  12.87868314,   38.4686354,   282.2656638,   0.3779520047,   968.66,   295.2499939,   297.9483164,   250,   45.99799207,   7.067560964,   198.9508706,   0.40762,   84.39902641,   90.26364241,    -999999,  0.2622,    -999999,  166.11,   163.52,   47.38,   3,   -1.98,   299.0499939,   294.5699939,   299.2699939,   971.9,    -999999,   -999999,   -999999,   -999999,  16.900628,   25.62442,   26.71154,   32.97858,   95.928,   2.344,   6.552,   0.11776,   0.28986,   22.54,   411.6,   1.915209091,   0.1127947368,    -999999,   -999999,   -999999,   -999999,   -999999,   -999999,   -999999,   -999999,   -999999,   -999999,   -999999,   -999999,   -999999,   -999999,   -999999,   -999999,   -999999,   -999999,   -999999,   -999999,   -999999,   -999999,   -999999,   -999999,   -999999,   -999999,   -999999,   -999999,   -999999,   -999999,   -999999,   -999999,   -999999,   -999999,   -999999,   -999999,   -999999,   -999999,   -999999,   -999999,   -999999,   -999999,   -999999,   -999999,   -999999,   -999999,   -999999,   -999999,   -999999,   -999999,   -999999,   -999999,        0.55740000  
65022,   281,          402311.00,         4.0000000,  12.88016375,   38.4650214,   282.2670396,   0.3897782448,   967.28,   295.2099939,   298.0293232,   250,   46.00005042,   7.423761444,   201.1955446,   0.42016,   83.19523681,   89.18331841,    -999999,  0.2588,    -999999,  166.34,   163.42,   46.16,   2.62,   0.34,   299.1499939,   294.6499939,   299.1499939,   971.22,    -999999,   -999999,   -999999,   -999999,  17.010776,   25.75026,   26.64648,   32.88594,   96.636,   2.698,   6.816,   0.11414,   0.30602,   21.7,   411.655,   1.91465,   0.1133,    -999999,   -999999,   -999999,   -999999,   -999999,   -999999,   -999999,   -999999,   -999999,   -999999,   -999999,   -999999,   -999999,   -999999,   -999999,   -999999,   -999999,   -999999,   -999999,   -999999,   -999999,   -999999,   -999999,   -999999,   -999999,   -999999,   -999999,   -999999,   -999999,   -999999,   -999999,   -999999,   -999999,   -999999,   -999999,   -999999,   -999999,   -999999,   -999999,   -999999,   -999999,   -999999,   -999999,   -999999,   -999999,   -999999,   -999999,   -999999,   -999999,   -999999,   -999999,   -999999,        0.61180000  
65027,   281,          402312.00,         4.0000000,  12.8816414,   38.461443,   282.268371,   0.3984955249,   966.28,   295.1499939,   298.0568224,   250,   46.00214131,   7.958045747,   203.186568,   0.4291,   82.37213281,   88.64830081,    -999999,  0.2574,    -999999,  166.964,   163.68,   45.56,   2.62,   -2.96,   299.1899939,   294.5299939,   299.0499939,   970.94,    -999999,   -999999,   -999999,   -999999,  16.900742,   25.56164,   26.54894,   32.74716,   96.282,   3.22,   7.242,   0.11104,   0.31806,   20.94,   411.95,   1.9146,   0.1128,    -999999,   -999999,   -999999,   -999999,   -999999,   -999999,   -999999,   -999999,   -999999,   -999999,   -999999,   -999999,   -999999,   -999999,   -999999,   -999999,   -999999,   -999999,   -999999,   -999999,   -999999,   -999999,   -999999,   -999999,   -999999,   -999999,   -999999,   -999999,   -999999,   -999999,   -999999,   -999999,   -999999,   -999999,   -999999,   -999999,   -999999,   -999999,   -999999,   -999999,   -999999,   -999999,   -999999,   -999999,   -999999,   -999999,   -999999,   -999999,   -999999,   -999999,   -999999,   -999999,        0.65280000  
