inputs/ACTAMERICA_Merge/B200/ACTAMERICA-mrg05-b200_merge_20171004_R0.ict
138, 1001
Shook, Michael
NASA Atmospheric Composition Branch, NASA Langley Research Center (SSAI)
Merged data file for ACT-AMERICA Fall 2017, Flight 02 (20171004), on the b200 platform. Data is merged to 05 seconds.
NASA ACT-AMERICA Fall 2017
1, 1
2017, 10, 04, 2018, 07, 11
05
UTC,s
99
1, 1, 1, 1, 1, 1, 1, 1, 1, 1, 1, 1, 1, 1, 1, 1, 1, 1, 1, 1, 1, 1, 1, 1, 1, 1, 1, 1, 1, 1, 1, 1, 1, 1, 1, 1, 1, 1, 1, 1, 1, 1, 1, 1, 1, 1, 1, 1, 1, 1, 1, 1, 1, 1, 1, 1, 1, 1, 1, 1, 1, 1, 1, 1, 1, 1, 1, 1, 1, 1, 1, 1, 1, 1, 1, 1, 1, 1, 1, 1, 1, 1, 1, 1, 1, 1, 1, 1, 1, 1, 1, 1, 1, 1, 1, 1, 1, 1, 1
-999999, -999999, -999999, -999999, -999999, -999999, -999999, -999999, -999999, -999999, -999999, -999999, -999999, -999999, -999999, -999999, -999999, -999999, -999999, -999999, -999999, -999999, -999999, -999999, -999999, -999999, -999999, -999999, -999999, -999999, -999999, -999999, -999999, -999999, -999999, -999999, -999999, -999999, -999999, -999999, -999999, -999999, -999999, -999999, -999999, -999999, -999999, -999999, -999999, -999999, -999999, -999999, -999999, -999999, -999999, -999999, -999999, -999999, -999999, -999999, -999999, -999999, -999999, -999999, -999999, -999999, -999999, -999999, -999999, -999999, -999999, -999999, -999999, -999999, -999999, -999999, -999999, -999999, -999999, -999999, -999999, -999999, -999999, -999999, -999999, -999999, -999999, -999999, -999999, -999999, -999999, -999999, -999999, -999999, -999999, -999999, -999999, -999999, -999999
JDAY, days
INDEX, none
FLIGHT, none
LOCAL_SUN_TIME, hour
LATITUDE, degs
LONGITUDE, degs
ALTP, km
PRESSURE, hPa
TEMPERATURE, K
THETA, K, calculated from ambient temperature and pressure
O3COLUMN, DU, OMI ozone column data extracted along flight track
SZA, deg
WNS, m/s
WND, Degs
GPS_ALT, km
GRD_SPD, m/s
TAS, m/s
IAS, m/s
MachNumber, mach
VerticalSpeed, ft min-1
HDG, degs
TRK, degs
DifferentialPressure, hPa
PITCH, degs
ROLL, degs
PotentialTemp_Nav, K
Dewpoint, K
TotalAirTemp, K
CabinPressure, hPa
SolarZenithAngle, degs
AircraftSunElevation, degs
SunAzimuth, degs
AircraftSunAzimuth, degs
H2O_MixingRatio_Nav, g kg-1
H2O_VaporPressure_Nav, hPa
H2O_SatVaporPressureWater_Nav, hPa
H2O_SatVaporPressureIce_Nav, hPa
H2O_RelativeHumidity_Nav, %
U_WINDS, m s-1
V_WINDS, m s-1
GroundElevation-AMSL_GoogleMaps, km
Altitude-AGL_GoogleMaps, km
O3_MixingRatio, ppbv
CO2_DryMoleFrac_PICARRO, ppm
CH4_DryMoleFrac_PICARRO, ppm
CO_DryMoleFrac_PICARRO, ppm
CO2_MoleFraction_PFP, ppm
CH4_MoleFraction_PFP, ppb
CO_MoleFraction_PFP, ppb
N2O_MoleFraction_PFP, ppb
SF6_CCGG_MoleFraction_PFP, ppt
H2_MoleFraction_PFP, ppb
CH4C13_MoleFraction_PFP, permil
CO2C14_MoleFraction_PFP, permil
F11B_MoleFraction_PFP, ppt
FC12_MoleFraction_PFP, ppt
F13_MoleFraction_PFP, ppt
F113_MoleFraction_PFP, ppt
F115_MoleFraction_PFP, ppt
HF133a_MoleFraction_PFP, ppt
F23_MoleFraction_PFP, ppt
F32_MoleFraction_PFP, ppt
F134A_MoleFraction_PFP, ppt
F152A_MoleFraction_PFP, ppt
F125_MoleFraction_PFP, ppt
F143a_MoleFraction_PFP, ppt
F227e_MoleFraction_PFP, ppt
F365m_MoleFraction_PFP, ppt
H1211_MoleFraction_PFP, ppt
H1301_MoleFraction_PFP, ppt
H2402_MoleFraction_PFP, ppt
MCFA_MoleFraction_PFP, ppt
CF4_MoleFraction_PFP, ppt
C2F6_MoleFraction_PFP, ppt
SO2F2_MoleFraction_PFP, ppt
MEBR_MoleFraction_PFP, ppt
CH3I_MoleFraction_PFP, ppt
DIBR_MoleFraction_PFP, ppt
OCS_MoleFraction_PFP, ppt
[...]
[from data line 982]
74187,   277,          200983.00,         2.0000000,  15.32812792,   40.2617628,   280.7990022,   0.7960156898,   921.18,   291.9899939,   298.9201938,   244.0829926,   63.83076672,   4.567058612,   245.4030862,   0.9187,   94.15280881,   93.63836881,    -999999,  0.2734,    -999999,  340.658,   343.4,   49.08,   3.082,   -4.086,   300.0499939,   281.8299939,   296.3699939,   942.62,    -999999,   -999999,   -999999,   -999999,  7.709244,   11.27796,   21.8399,   26.15158,   51.642,   4.082,   1.87,   0.36956,   0.54914,   61.18,   401.195,   2.1599,   0.1413052632,    -999999,   -999999,   -999999,   -999999,   -999999,   -999999,   -999999,   -999999,   -999999,   -999999,   -999999,   -999999,   -999999,   -999999,   -999999,   -999999,   -999999,   -999999,   -999999,   -999999,   -999999,   -999999,   -999999,   -999999,   -999999,   -999999,   -999999,   -999999,   -999999,   -999999,   -999999,   -999999,   -999999,   -999999,   -999999,   -999999,   -999999,   -999999,   -999999,   -999999,   -999999,   -999999,   -999999,   -999999,   -999999,   -999999,   -999999,   -999999,   -999999,   -999999,   -999999,   -999999,         8.2674000  
74192,   277,          200984.00,         2.0000000,  15.3294076,   40.265784,   280.797364,   0.8043672099,   920.26,   291.9499939,   298.9645839,   244.0829926,   63.84533678,   4.519098345,   242.7038751,   0.92688,   93.38114881,   92.76382081,    -999999,  0.2708,    -999999,  338.918,   341.92,   48.14,   1.668,   -3.99,   300.0699939,   281.7699939,   296.2099939,   942.68,    -999999,   -999999,   -999999,   -999999,  7.685356,   11.23222,   21.7852,   26.0762,   51.56,   4.402,   2.226,   0.38106,   0.54582,   62.52,   401.2,   2.16165,   0.14575,    -999999,   -999999,   -999999,   -999999,   -999999,   -999999,   -999999,   -999999,   -999999,   -999999,   -999999,   -999999,   -999999,   -999999,   -999999,   -999999,   -999999,   -999999,   -999999,   -999999,   -999999,   -999999,   -999999,   -999999,   -999999,   -999999,   -999999,   -999999,   -999999,   -999999,   -999999,   -999999,   -999999,   -999999,   -999999,   -999999,   -999999,   -999999,   -999999,   -999999,   -999999,   -999999,   -999999,   -999999,   -999999,   -999999,   -999999,   -999999,   -999999,   -999999,   -999999,   -999999,         8.3672000  
74197,   277,          200985.00,         2.0000000,  15.33068049,   40.26978,   280.795624,   0.80979265,   919.62,   291.8699939,   298.9420768,   244.0829926,   63.85982788,   4.911527032,   240.4516849,   0.93278,   93.74125681,   92.81526481,    -999999,  0.2708,    -999999,  338.096,   341.44,   48.18,   1.878,   -1.376,   300.0899939,   281.7699939,   296.1699939,   942.52,    -999999,   -999999,   -999999,   -999999,  7.690746,   11.23216,   21.67648,   25.9266,   51.816,   4.792,   2.758,   0.37566,   0.55712,   61.84,   401.235,   2.1688,   0.1447,    -999999,   -999999,   -999999,   -999999,   -999999,   -999999,   -999999,   -999999,   -999999,   -999999,   -999999,   -999999,   -999999,   -999999,   -999999,   -999999,   -999999,   -999999,   -999999,   -999999,   -999999,   -999999,   -999999,   -999999,   -999999,   -999999,   -999999,   -999999,   -999999,   -999999,   -999999,   -999999,   -999999,   -999999,   -999999,   -999999,   -999999,   -999999,   -999999,   -999999,   -999999,   -999999,   -999999,   -999999,   -999999,   -999999,   -999999,   -999999,   -999999,   -999999,   -999999,   -999999,         8.5152000  
74202,   277,          200986.00,         2.0000000,  15.3319526,   40.2737782,   280.7938724,   0.8170468901,   918.84,   291.8499939,   298.9940712,   244.0829926,   63.87431295,   5.49914501,   241.4973708,   0.94008,   93.54576961,   92.96959681,    -999999,  0.2714,    -999999,  338.954,   341.54,   48.3,   2.218,   -0.624,   300.1099939,   281.7499939,   296.1499939,   942.38,    -999999,   -999999,   -999999,   -999999,  7.686766,   11.2169,   21.6493,   25.88914,   51.81,   3.804,   1.982,   0.39788,   0.5422,   62.1,   401.2371429,   2.163744444,   0.1420157895,    -999999,   -999999,   -999999,   -999999,   -999999,   -999999,   -999999,   -999999,   -999999,   -999999,   -999999,   -999999,   -999999,   -999999,   -999999,   -999999,   -999999,   -999999,   -999999,   -999999,   -999999,   -999999,   -999999,   -999999,   -999999,   -999999,   -999999,   -999999,   -999999,   -999999,   -999999,   -999999,   -999999,   -999999,   -999999,   -999999,   -999999,   -999999,   -999999,   -999999,   -999999,   -999999,   -999999,   -999999,   -999999,   -999999,   -999999,   -999999,   -999999,   -999999,   -999999,   -999999,         8.4132000  
74207,   277,          200987.00,         2.0000000,  15.33322703,   40.2777792,   280.7921554,   0.8183270501,   918.68,   291.8299939,   298.9884579,   244.0829926,   63.88882228,   4.229304735,   241.1795517,   0.94082,   93.61779121,   92.94901921,    -999999,  0.2714,    -999999,  338.668,   341.8,   48.26,   1.512,   -2.586,   300.0899939,   281.7899939,   296.1299939,   942.24,    -999999,   -999999,   -999999,   -999999,  7.709268,   11.24738,   21.62226,   25.85198,   52.016,   4.558,   2.358,   0.39738,   0.54344,   62.86,   401.1528571,   2.1693,   0.13965,    -999999,   -999999,   -999999,   -999999,   -999999,   -999999,   -999999,   -999999,   -999999,   -999999,   -999999,   -999999,   -999999,   -999999,   -999999,   -999999,   -999999,   -999999,   -999999,   -999999,   -999999,   -999999,   -999999,   -999999,   -999999,   -999999,   -999999,   -999999,   -999999,   -999999,   -999999,   -999999,   -999999,   -999999,   -999999,   -999999,   -999999,   -999999,   -999999,   -999999,   -999999,   -999999,   -999999,   -999999,   -999999,   -999999,   -999999,   -999999,   -999999,   -999999,   -999999,   -999999,         8.8100000  
74212,   277,          200988.00,         2.0000000,  15.33449901,   40.2817816,   280.7904018,   0.8193024101,   918.62,   291.8099939,   298.9735464,   244.0829926,   63.90330894,   5.163587562,   235.898552,   0.94166,   93.93674401,   92.85642001,    -999999,  0.2712,    -999999,  338.29,   341.2,   48.16,   1.33,   -1.84,   300.1099939,   281.8099939,   296.0899939,   942.3,    -999999,   -999999,   -999999,   -999999,  7.720354,   11.26262,   21.5954,   25.81508,   52.154,   4.078,   2.65,   0.40638,   0.53528,   63.14,   401.1157143,   2.17365,   0.1412789474,    -999999,   -999999,   -999999,   -999999,   -999999,   -999999,   -999999,   -999999,   -999999,   -999999,   -999999,   -999999,   -999999,   -999999,   -999999,   -999999,   -999999,   -999999,   -999999,   -999999,   -999999,   -999999,   -999999,   -999999,   -999999,   -999999,   -999999,   -999999,   -999999,   -999999,   -999999,   -999999,   -999999,   -999999,   -999999,   -999999,   -999999,   -999999,   -999999,   -999999,   -999999,   -999999,   -999999,   -999999,   -999999,   -999999,   -999999,   -999999,   -999999,   -999999,   -999999,   -999999,         8.8082000  
74217,   277,          200989.00,         2.0000000,  15.33576867,   40.2857944,   280.7886134,   0.8191195301,   918.6,   291.7699939,   298.9344239,   244.0829926,   63.91777881,   4.871929834,   239.3430254,   0.9418,   94.30714081,   93.38114881,    -999999,  0.2726,    -999999,  337.938,   341.14,   48.72,   1.75,   -1.222,   300.0699939,   281.8299939,   296.0899939,   942.32,    -999999,   -999999,   -999999,   -999999,  7.731102,   11.27786,   21.5412,   25.74054,   52.354,   4.6,   2.706,   0.4194,   0.5224,   60.58,   401.24,   2.17628,   0.1433,    -999999,   -999999,   -999999,   -999999,   -999999,   -999999,   -999999,   -999999,   -999999,   -999999,   -999999,   -999999,   -999999,   -999999,   -999999,   -999999,   -999999,   -999999,   -999999,   -999999,   -999999,   -999999,   -999999,   -999999,   -999999,   -999999,   -999999,   -999999,   -999999,   -999999,   -999999,   -999999,   -999999,   -999999,   -999999,   -999999,   -999999,   -999999,   -999999,   -999999,   -999999,   -999999,   -999999,   -999999,   -999999,   -999999,   -999999,   -999999,   -999999,   -999999,   -999999,   -999999,         8.7778000  
74222,   277,          200990.00,         2.0000000,  15.33703997,   40.2898176,   280.7868496,   0.8228380902,   918.18,   291.6499939,   298.8505236,   244.0829926,   63.93227043,   5.339049798,   244.3340848,   0.94644,   94.17338641,   93.59721361,    -999999,  0.2732,    -999999,  338.408,   341.88,   48.96,   2.146,   0.234,   300.0299939,   282.0499939,   296.0499939,   942.42,    -999999,   -999999,   -999999,   -999999,  7.85221,   11.4471,   21.3798,   25.51884,   53.54,   5.126,   2.45,   0.40018,   0.54626,   61.52,   400.95,   2.1915,   0.14465,    -999999,   -999999,   -999999,   -999999,   -999999,   -999999,   -999999,   -999999,   -999999,   -999999,   -999999,   -999999,   -999999,   -999999,   -999999,   -999999,   -999999,   -999999,   -999999,   -999999,   -999999,   -999999,   -999999,   -999999,   -999999,   -999999,   -999999,   -999999,   -999999,   -999999,   -999999,   -999999,   -999999,   -999999,   -999999,   -999999,   -999999,   -999999,   -999999,   -999999,   -999999,   -999999,   -999999,   -999999,   -999999,   -999999,   -999999,   -999999,   -999999,   -999999,   -999999,   -999999,         9.2896000  
74227,   277,          200991.00,         2.0000000,  15.33831613,   40.2938528,   280.7851586,   0.8282635302,   917.6,   291.6499939,   298.9044825,   244.0829926,   63.94681594,   5.712827903,   235.3736228,   0.95104,   94.18367521,   92.93873041,    -999999,  0.2716,    -999999,  339.754,   342.52,   48.22,   1.82,   -0.152,   300.0499939,   282.1099939,   295.9499939,   942.18,    -999999,   -999999,   -999999,   -999999,  7.889438,   11.49338,   21.3798,   25.5188,   53.756,   3.874,   2.646,   0.40518,   0.54586,   60.84,   400.91,   2.204590909,   0.13985,    -999999,   -999999,   -999999,   -999999,   -999999,   -999999,   -999999,   -999999,   -999999,   -999999,   -999999,   -999999,   -999999,   -999999,   -999999,   -999999,   -999999,   -999999,   -999999,   -999999,   -999999,   -999999,   -999999,   -999999,   -999999,   -999999,   -999999,   -999999,   -999999,   -999999,   -999999,   -999999,   -999999,   -999999,   -999999,   -999999,   -999999,   -999999,   -999999,   -999999,   -999999,   -999999,   -999999,   -999999,   -999999,   -999999,   -999999,   -999999,   -999999,   -999999,   -999999,   -999999,         9.6950000  
74232,   277,          200992.00,         2.0000000,  15.33959576,   40.2979048,   280.7835198,   0.8319820903,   917.16,   291.6299939,   298.9249457,   244.0829926,   63.96140447,   4.689245118,   230.303022,   0.9554,   94.21454161,   92.59920001,    -999999,  0.2704,    -999999,  340.44,   343,   47.82,   2.116,   -1.04,   300.0699939,   282.0699939,   295.9099939,   942.22,    -999999,   -999999,   -999999,   -999999,  7.87174,   11.46242,   21.35302,   25.48206,   53.68,   3.466,   2.834,   0.41172,   0.54368,   63.22,   400.9771429,   2.205009091,   0.14235,   400.9,   2202.32,   143.13,   330.87,   9.63,   474.78,   -47.41,   3.04,   234.53,   513.76,   3.21,   70.28,   8.75,   0.53,   31.3,   22.02,   127.08,   24.82,   29.36,   23.48,   1.53,   1.25,    -999999,  3.31,   0.39,   2.31,   84.38,   5.86,   2.32,   7.51,   0.54,   0.97,   420.82,   491.77,   64.42,   18.38,   17.5,   206.78,   9146.55,   2212.14,   462.28,   262.45,   111.31,   159.57,   56.78,    -999999,  0.13,   0.21,   15.1,   0.63,   39.61,   269.73,          9.6714000  
74237,   277,          200993.00,         2.0000000,  15.34087757,   40.301966,   280.7819136,   0.8356396903,   916.76,   291.6099939,   298.9417018,   244.0829926,   63.97601933,   4.440873737,   223.853396,   0.95948,   94.38945121,   92.55804481,    -999999,  0.2704,    -999999,  341.172,   343.34,   47.78,   1.354,   -0.98,   300.0499939,   282.1099939,   295.8499939,   942.08,    -999999,   -999999,   -999999,   -999999,  7.896732,   11.49336,   21.32626,   25.44538,   53.892,   2.758,   2.802,   0.43364,   0.52584,   63.7,   400.96,   2.20605,   0.14485,   400.9,   2202.32,   143.13,   330.87,   9.63,   474.78,   -47.41,   3.04,   234.53,   513.76,   3.21,   70.28,   8.75,   0.53,   31.3,   22.02,   127.08,   24.82,   29.36,   23.48,   1.53,   1.25,    -999999,  3.31,   0.39,   2.31,   84.38,   5.86,   2.32,   7.51,   0.54,   0.97,   420.82,   491.77,   64.42,   18.38,   17.5,   206.78,   9146.55,   2212.14,   462.28,   262.45,   111.31,   159.57,   56.78,    -999999,  0.13,   0.21,   15.1,   0.63,   39.61,   269.73,          9.8786000  
74242,   277,          200994.00,         2.0000000,  15.34216044,   40.3060464,   280.7803232,   0.8407603304,   916.18,   291.5499939,   298.9342411,   244.0829926,   63.99065483,   4.011446443,   219.8283023,   0.96562,   94.51291681,   92.22880321,    -999999,  0.2696,    -999999,  341.01,   343.28,   47.4,   3.288,   -3.168,   300.0899939,   282.1099939,   295.7699939,   942.44,    -999999,   -999999,   -999999,   -999999,  7.901782,   11.49336,   21.24608,   25.3353,   54.096,   2.804,   3.322,   0.43234,   0.53328,   62.6,   400.9742857,   2.207811111,   0.1417894737,   400.9,   2202.32,   143.13,   330.87,   9.63,   474.78,   -47.41,   3.04,   234.53,   513.76,   3.21,   70.28,   8.75,   0.53,   31.3,   22.02,   127.08,   24.82,   29.36,   23.48,   1.53,   1.25,    -999999,  3.31,   0.39,   2.31,   84.38,   5.86,   2.32,   7.51,   0.54,   0.97,   420.82,   491.77,   64.42,   18.38,   17.5,   206.78,   9146.55,   2212.14,   462.28,   262.45,   111.31,   159.57,   56.78,    -999999,  0.13,   0.21,   15.1,   0.63,   39.61,   269.73,          9.8444000  
74247,   277,          200995.00,         2.0000000,  15.34344035,   40.3100788,   280.7786886,   0.8652052907,   913.52,   291.5099939,   299.1416331,   244.0829926,   64.00523678,   4.310861307,   221.1942536,   0.98968,   93.17537281,   91.06616881,    -999999,  0.2658,    -999999,  340.016,   342.4,   46.08,   4.318,   -2.138,   300.2899939,   282.4099939,   295.6499939,   942.32,    -999999,   -999999,   -999999,   -999999,  8.089334,   11.7284,   21.19304,   25.26266,   55.346,   2.946,   3.228,   0.42966,   0.56002,   61.28,   400.765,   2.221216667,   0.1478470588,   400.9,   2202.32,   143.13,   330.87,   9.63,   474.78,   -47.41,   3.04,   234.53,   513.76,   3.21,   70.28,   8.75,   0.53,   31.3,   22.02,   127.08,   24.82,   29.36,   23.48,   1.53,   1.25,    -999999,  3.31,   0.39,   2.31,   84.38,   5.86,   2.32,   7.51,   0.54,   0.97,   420.82,   491.77,   64.42,   18.38,   17.5,   206.78,   9146.55,   2212.14,   462.28,   262.45,   111.31,   159.57,   56.78,    -999999,  0.13,   0.21,   15.1,   0.63,   39.61,   269.73,          9.8686000  
