inputs/ACTAMERICA_Merge/B200/ACTAMERICA-mrg05-b200_merge_20170217_R0_L1.ict
136, 1001
Shook, Michael
NASA Atmospheric Composition Branch, NASA Langley Research Center (SSAI)
Merged data file for ACT-AMERICA 2017, Flight 14 (20170217), on the b200 platform. Data is merged to 05 seconds.
NASA ACT-AMERICA 2017
1, 1
2017, 02, 17, 2018, 02, 22
05
UTC,s
97
1, 1, 1, 1, 1, 1, 1, 1, 1, 1, 1, 1, 1, 1, 1, 1, 1, 1, 1, 1, 1, 1, 1, 1, 1, 1, 1, 1, 1, 1, 1, 1, 1, 1, 1, 1, 1, 1, 1, 1, 1, 1, 1, 1, 1, 1, 1, 1, 1, 1, 1, 1, 1, 1, 1, 1, 1, 1, 1, 1, 1, 1, 1, 1, 1, 1, 1, 1, 1, 1, 1, 1, 1, 1, 1, 1, 1, 1, 1, 1, 1, 1, 1, 1, 1, 1, 1, 1, 1, 1, 1, 1, 1, 1, 1, 1, 1
-999999, -999999, -999999, -999999, -999999, -999999, -999999, -999999, -999999, -999999, -999999, -999999, -999999, -999999, -999999, -999999, -999999, -999999, -999999, -999999, -999999, -999999, -999999, -999999, -999999, -999999, -999999, -999999, -999999, -999999, -999999, -999999, -999999, -999999, -999999, -999999, -999999, -999999, -999999, -999999, -999999, -999999, -999999, -999999, -999999, -999999, -999999, -999999, -999999, -999999, -999999, -999999, -999999, -999999, -999999, -999999, -999999, -999999, -999999, -999999, -999999, -999999, -999999, -999999, -999999, -999999, -999999, -999999, -999999, -999999, -999999, -999999, -999999, -999999, -999999, -999999, -999999, -999999, -999999, -999999, -999999, -999999, -999999, -999999, -999999, -999999, -999999, -999999, -999999, -999999, -999999, -999999, -999999, -999999, -999999, -999999, -999999
JDAY, days
INDEX, none
FLIGHT, none
LOCAL_SUN_TIME, hour
LATITUDE, degs
LONGITUDE, degs
ALTP, km
PRESSURE, hPa
TEMPERATURE, K
THETA, K
O3COLUMN, DU
SZA, deg
GPS_ALT, km
GRD_SPD, m/s
TAS, m/s
IAS, m/s
MachNumber, mach
VerticalSpeed, ft min-1
HDG, degs
TRK, degs
PITCH, degs
ROLL, degs
PotentialTemp, K
Dewpoint, K
TotalAirTemp, K
CabinPressure, hPa
SolarZenithAngle, degs
AircraftSunElevation, degs
SunAzimuth, degs
AircraftSunAzimuth, degs
H2O_MixingRatio, g kg-1
H2O_VaporPressure, hPa
H2O_SatVaporPressureWater, hPa
H2O_SatVaporPressureIce, hPa
H2O_RelativeHumidity, %
DifferentialPressure, hPa
U_WINDS, m s-1
V_WINDS, m s-1
Ground_Elevation, km
Altitude_AGL, km
O3_MixingRatio, ppbv
CO2_MixingRatio_PICARRO, ppmv
CH4_MixingRatio_PICARRO, ppmv
CO_MixingRatio_PICARRO, ppmv
CO2_MoleFraction_PFP, ppm
CH4_MoleFraction_PFP, ppb
CO_MoleFraction_PFP, ppb
N2O_MoleFraction_PFP, ppb
SF6_MoleFraction_PFP, ppt
H2_MoleFraction_PFP, ppb
CH4C13_PFP, per mil
CO2C14_PFP, per mil
F11B_MoleFraction_PFP, ppt
FC12_MoleFraction_PFP, ppt
F13_MoleFraction_PFP, ppt
F113_MoleFraction_PFP, ppt
F115_MoleFraction_PFP, ppt
HF133a_MoleFraction_PFP, ppt
F23_MoleFraction_PFP, ppt
F32_MoleFraction_PFP, ppt
F134A_MoleFraction_PFP, ppt
F152A_MoleFraction_PFP, ppt
F125_MoleFraction_PFP, ppt
F143a_MoleFraction_PFP, ppt
F227e_MoleFraction_PFP, ppt
F365m_MoleFraction_PFP, ppt
H1211_MoleFraction_PFP, ppt
H1301_MoleFraction_PFP, ppt
H2402_MoleFraction_PFP, ppt
MCFA_MoleFraction_PFP, ppt
CF4_MoleFraction_PFP, ppt
C2F6_MoleFraction_PFP, ppt
SO2F2_MoleFraction_PFP, ppt
MEBR_MoleFraction_PFP, ppt
CH3I_MoleFraction_PFP, ppt
DIBR_MoleFraction_PFP, ppt
OCS_MoleFraction_PFP, ppt
MECL_MoleFraction_PFP, ppt
DICL_MoleFraction_PFP, ppt
CLHF_MoleFraction_PFP, ppt
PCE_MoleFraction_PFP, ppt
C2H2_MoleFraction_PFP, ppt
C2H6_MoleFraction_PFP, ppt
C3H8_MoleFraction_PFP, ppt
nC4H10_MoleFraction_PFP, ppt
[...]
[from data line 629]
61922,   48,          1400630.0,         14.000000,  11.04007289,   41.595072,   267.5823434,   3.699973342,   640.76,   272.4499939,   309.3974235,   296.5,   55.20479715,   3.61904,   127.5193872,   120.1011624,    -999999,  0.36296,    -999999,  77.56,   76.24,   0.38,   0.04,   309.3999939,   258.8699939,   279.6299939,   927.86,    -999999,   -999999,   -999999,   -999999,  1.983378,   2.03676,   5.8252,   5.78564,   35.206,   61.062,   7.986,   4.238,   0.27982,   3.33922,   43.74,   406.445,   1.86635,   0.09385,    -999999,   -999999,   -999999,   -999999,   -999999,   -999999,   -999999,   -999999,   -999999,   -999999,   -999999,   -999999,   -999999,   -999999,   -999999,   -999999,   -999999,   -999999,   -999999,   -999999,   -999999,   -999999,   -999999,   -999999,   -999999,   -999999,   -999999,   -999999,   -999999,   -999999,   -999999,   -999999,   -999999,   -999999,   -999999,   -999999,   -999999,   -999999,   -999999,   -999999,   -999999,   -999999,   -999999,   -999999,   -999999,   -999999,   -999999,   -999999,   -999999,   -999999,   -999999,   -999999,        0.49680000  
61927,   48,          1400631.0,         14.000000,  11.04195806,   41.5964128,   267.5897876,   3.69587683,   641.1,   272.4219939,   309.3187408,   296.5,   55.1998197,   3.61564,   127.7971848,   120.5209455,    -999999,  0.36424,    -999999,  78,   76.6,   0.4,   0.08,   309.3199939,   258.7099939,   279.6499939,   927.86,    -999999,   -999999,   -999999,   -999999,  1.95639,   2.0102,   5.81328,   5.77222,   34.826,   61.544,   7.848,   4.198,   0.28076,   3.33488,   41.92,   406.46,   1.8664,   0.08615,    -999999,   -999999,   -999999,   -999999,   -999999,   -999999,   -999999,   -999999,   -999999,   -999999,   -999999,   -999999,   -999999,   -999999,   -999999,   -999999,   -999999,   -999999,   -999999,   -999999,   -999999,   -999999,   -999999,   -999999,   -999999,   -999999,   -999999,   -999999,   -999999,   -999999,   -999999,   -999999,   -999999,   -999999,   -999999,   -999999,   -999999,   -999999,   -999999,   -999999,   -999999,   -999999,   -999999,   -999999,   -999999,   -999999,   -999999,   -999999,   -999999,   -999999,   -999999,   -999999,        0.58100000  
61932,   48,          1400632.0,         14.000000,  11.04384468,   41.597723,   267.5972536,   3.69346891,   641.3,   272.4299939,   309.3002586,   296.5,   55.19482024,   3.6131,   127.9618056,   120.9489595,    -999999,  0.36556,    -999999,  78.48,   76.92,   0.5,   -0.38,   309.2999939,   258.6499939,   279.7099939,   927.96,    -999999,   -999999,   -999999,   -999999,  1.946122,   2.0003,   5.8167,   5.77606,   34.632,   62.014,   7.534,   4.47,   0.26006,   3.35304,   40.2,   406.44,   1.86615,   0.08741578947,    -999999,   -999999,   -999999,   -999999,   -999999,   -999999,   -999999,   -999999,   -999999,   -999999,   -999999,   -999999,   -999999,   -999999,   -999999,   -999999,   -999999,   -999999,   -999999,   -999999,   -999999,   -999999,   -999999,   -999999,   -999999,   -999999,   -999999,   -999999,   -999999,   -999999,   -999999,   -999999,   -999999,   -999999,   -999999,   -999999,   -999999,   -999999,   -999999,   -999999,   -999999,   -999999,   -999999,   -999999,   -999999,   -999999,   -999999,   -999999,   -999999,   -999999,   -999999,   -999999,        0.54500000  
61937,   48,          1400633.0,         14.000000,  11.04573192,   41.599016,   267.6047288,   3.692024158,   641.42,   272.3479939,   309.1906318,   296.5,   55.18981435,   3.61124,   127.9823832,   121.1156381,    -999999,  0.3661,    -999999,  78.56,   77.04,   0.56,   -0.9,   309.1939939,   258.7699939,   279.6499939,   927.86,    -999999,   -999999,   -999999,   -999999,  1.965108,   2.02014,   5.78194,   5.73694,   35.214,   62.222,   7.348,   4.778,   0.25422,   3.35702,   39.5,   406.51,   1.86695,   0.08565,    -999999,   -999999,   -999999,   -999999,   -999999,   -999999,   -999999,   -999999,   -999999,   -999999,   -999999,   -999999,   -999999,   -999999,   -999999,   -999999,   -999999,   -999999,   -999999,   -999999,   -999999,   -999999,   -999999,   -999999,   -999999,   -999999,   -999999,   -999999,   -999999,   -999999,   -999999,   -999999,   -999999,   -999999,   -999999,   -999999,   -999999,   -999999,   -999999,   -999999,   -999999,   -999999,   -999999,   -999999,   -999999,   -999999,   -999999,   -999999,   -999999,   -999999,   -999999,   -999999,        0.50180000  
61942,   48,          1400634.0,         14.000000,  11.04761921,   41.6003088,   267.6122048,   3.690091726,   641.58,   272.4099939,   309.2389814,   296.5,   55.18482013,   3.60998,   127.9720944,   120.9541039,    -999999,  0.36558,    -999999,  78.4,   77,   0.68,   -1.2,   309.2399939,   258.9899939,   279.6899939,   927.84,    -999999,   -999999,   -999999,   -999999,  2.000496,   2.05692,   5.80824,   5.76652,   35.672,   62.05,   7.516,   4.748,   0.26048,   3.3495,   42.74,   406.45,   1.866581818,   0.08406315789,    -999999,   -999999,   -999999,   -999999,   -999999,   -999999,   -999999,   -999999,   -999999,   -999999,   -999999,   -999999,   -999999,   -999999,   -999999,   -999999,   -999999,   -999999,   -999999,   -999999,   -999999,   -999999,   -999999,   -999999,   -999999,   -999999,   -999999,   -999999,   -999999,   -999999,   -999999,   -999999,   -999999,   -999999,   -999999,   -999999,   -999999,   -999999,   -999999,   -999999,   -999999,   -999999,   -999999,   -999999,   -999999,   -999999,   -999999,   -999999,   -999999,   -999999,   -999999,   -999999,        0.58640000  
61947,   48,          1400635.0,         14.000000,  11.0495061,   41.601612,   267.6196748,   3.689610142,   641.62,   272.4859939,   309.3197465,   296.5,   55.17984921,   3.60986,   127.9103616,   120.816234,    -999999,  0.36512,    -999999,  78.24,   76.86,   0.76,   -1.38,   309.3199939,   259.2299939,   279.7499939,   927.74,    -999999,   -999999,   -999999,   -999999,  2.040122,   2.0977,   5.84052,   5.80288,   36.15,   61.892,   7.57,   4.832,   0.2671,   3.34276,   43.66,   406.486,   1.866618182,   0.0846,    -999999,   -999999,   -999999,   -999999,   -999999,   -999999,   -999999,   -999999,   -999999,   -999999,   -999999,   -999999,   -999999,   -999999,   -999999,   -999999,   -999999,   -999999,   -999999,   -999999,   -999999,   -999999,   -999999,   -999999,   -999999,   -999999,   -999999,   -999999,   -999999,   -999999,   -999999,   -999999,   -999999,   -999999,   -999999,   -999999,   -999999,   -999999,   -999999,   -999999,   -999999,   -999999,   -999999,   -999999,   -999999,   -999999,   -999999,   -999999,   -999999,   -999999,   -999999,   -999999,        0.60320000  
61952,   48,          1400636.0,         14.000000,  11.05139229,   41.6029332,   267.6271344,   3.690091726,   641.58,   272.4719939,   309.3093636,   296.5,   55.17490983,   3.61044,   127.8177624,   120.7555301,    -999999,  0.36492,    -999999,  78.02,   76.62,   0.74,   -1.6,   309.3099939,   259.3499939,   279.7299939,   927.9,    -999999,   -999999,   -999999,   -999999,  2.060374,   2.1183,   5.83456,   5.79618,   36.546,   61.826,   7.494,   4.998,   0.2771,   3.33334,   42.5,   406.51,   1.8665,   0.08907272727,    -999999,   -999999,   -999999,   -999999,   -999999,   -999999,   -999999,   -999999,   -999999,   -999999,   -999999,   -999999,   -999999,   -999999,   -999999,   -999999,   -999999,   -999999,   -999999,   -999999,   -999999,   -999999,   -999999,   -999999,   -999999,   -999999,   -999999,   -999999,   -999999,   -999999,   -999999,   -999999,   -999999,   -999999,   -999999,   -999999,   -999999,   -999999,   -999999,   -999999,   -999999,   -999999,   -999999,   -999999,   -999999,   -999999,   -999999,   -999999,   -999999,   -999999,   -999999,   -999999,        0.63120000  
61957,   48,          1400637.0,         14.000000,  11.05327766,   41.6042812,   267.6345816,   3.69081715,   641.52,   272.3999939,   309.2358924,   296.5,   55.17001084,   3.61104,   127.7663184,   120.6886529,    -999999,  0.36478,    -999999,  77.84,   76.32,   0.7,   -1.76,   309.2379939,   259.3499939,   279.6499939,   927.9,    -999999,   -999999,   -999999,   -999999,  2.060566,   2.1183,   5.80398,   5.7617,   36.76,   61.766,   7.414,   5.3,   0.27856,   3.33248,   42.56,   406.495,   1.86635,   0.08977272727,    -999999,   -999999,   -999999,   -999999,   -999999,   -999999,   -999999,   -999999,   -999999,   -999999,   -999999,   -999999,   -999999,   -999999,   -999999,   -999999,   -999999,   -999999,   -999999,   -999999,   -999999,   -999999,   -999999,   -999999,   -999999,   -999999,   -999999,   -999999,   -999999,   -999999,   -999999,   -999999,   -999999,   -999999,   -999999,   -999999,   -999999,   -999999,   -999999,   -999999,   -999999,   -999999,   -999999,   -999999,   -999999,   -999999,   -999999,   -999999,   -999999,   -999999,   -999999,   -999999,        0.59420000  
61962,   48,          1400638.0,         14.000000,  11.05516212,   41.6056626,   267.6420152,   3.691298734,   641.48,   272.3399939,   309.1732867,   296.5,   55.16515881,   3.61146,   127.7148744,   120.7040861,    -999999,  0.36486,    -999999,  77.66,   75.96,   0.7,   -1.94,   309.1739939,   259.3099939,   279.5899939,   927.94,    -999999,   -999999,   -999999,   -999999,  2.05397,   2.11142,   5.7786,   5.7332,   36.826,   61.794,   7.224,   5.794,   0.26616,   3.3453,   40.64,   406.42,   1.86655,   0.08385454545,    -999999,   -999999,   -999999,   -999999,   -999999,   -999999,   -999999,   -999999,   -999999,   -999999,   -999999,   -999999,   -999999,   -999999,   -999999,   -999999,   -999999,   -999999,   -999999,   -999999,   -999999,   -999999,   -999999,   -999999,   -999999,   -999999,   -999999,   -999999,   -999999,   -999999,   -999999,   -999999,   -999999,   -999999,   -999999,   -999999,   -999999,   -999999,   -999999,   -999999,   -999999,   -999999,   -999999,   -999999,   -999999,   -999999,   -999999,   -999999,   -999999,   -999999,   -999999,   -999999,        0.54560000  
61967,   48,          1400639.0,         14.000000,  11.05704563,   41.6070816,   267.6494344,   3.691780318,   641.44,   272.3319939,   309.169713,   296.5,   55.16035793,   3.61134,   127.7045856,   120.7545012,    -999999,  0.36502,    -999999,  77.28,   75.6,   0.7,   -1.76,   309.1719939,   259.2499939,   279.5899939,   927.8,    -999999,   -999999,   -999999,   -999999,  2.044012,   2.1011,   5.77522,   5.7294,   36.674,   61.844,   7.086,   5.96,   0.26606,   3.34528,   44.04,   406.515,   1.86715,   0.08805454545,   406.23,   1869.05,   88.23,   329.14,   9.16,   521.52,   -47.17,    -999999,  230.6,   515.71,   3.27,   70.94,   8.64,   0.49,    -999999,  13.54,   96.26,   7.61,   22.68,   20.3,   1.36,   1,   4.44,   3.28,   0.4,   2.45,   83.64,    -999999,  2.44,   6.94,   0.29,   0.96,   517.54,   578.17,   50.23,   9.96,   1.78,   109.78,   750.49,   94.15,   10.72,   12.83,   2.09,   4.38,   23.36,   31.07,   0.19,   0.17,   0.33,    -999999,  2.02,   243.87,         0.63840000  
61972,   48,          1400640.0,         14.000000,  11.05892825,   41.6085332,   267.6568404,   3.690335566,   641.56,   272.3259939,   309.1463783,   296.5,   55.15560317,   3.61138,   127.6531416,   120.8110896,    -999999,  0.36518,    -999999,  76.94,   75.28,   0.7,   -1.48,   309.1479939,   259.2899939,   279.5899939,   927.8,    -999999,   -999999,   -999999,   -999999,  2.050352,   2.10798,   5.7727,   5.72658,   36.812,   61.918,   6.984,   5.872,   0.27254,   3.33884,   43.24,   406.485,   1.8673,   0.09060909091,   406.23,   1869.05,   88.23,   329.14,   9.16,   521.52,   -47.17,    -999999,  230.6,   515.71,   3.27,   70.94,   8.64,   0.49,    -999999,  13.54,   96.26,   7.61,   22.68,   20.3,   1.36,   1,   4.44,   3.28,   0.4,   2.45,   83.64,    -999999,  2.44,   6.94,   0.29,   0.96,   517.54,   578.17,   50.23,   9.96,   1.78,   109.78,   750.49,   94.15,   10.72,   12.83,   2.09,   4.38,   23.36,   31.07,   0.19,   0.17,   0.33,    -999999,  2.02,   243.87,         0.60940000  
61977,   48,          1400641.0,         14.000000,  11.06081007,   41.6100058,   267.6642344,   3.691067086,   641.5,   272.2839939,   309.1069594,   296.5,   55.15088317,   3.6113,   127.5914088,   120.6742486,    -999999,  0.3648,    -999999,  76.7,   75.06,   0.78,   -0.96,   309.1039939,   259.1699939,   279.5299939,   927.84,    -999999,   -999999,   -999999,   -999999,  2.030544,   2.08748,   5.75496,   5.70664,   36.578,   61.778,   7.11,   5.532,   0.27388,   3.33742,   42.8,   406.5,   1.86665,   0.09918421053,   406.23,   1869.05,   88.23,   329.14,   9.16,   521.52,   -47.17,    -999999,  230.6,   515.71,   3.27,   70.94,   8.64,   0.49,    -999999,  13.54,   96.26,   7.61,   22.68,   20.3,   1.36,   1,   4.44,   3.28,   0.4,   2.45,   83.64,    -999999,  2.44,   6.94,   0.29,   0.96,   517.54,   578.17,   50.23,   9.96,   1.78,   109.78,   750.49,   94.15,   10.72,   12.83,   2.09,   4.38,   23.36,   31.07,   0.19,   0.17,   0.33,    -999999,  2.02,   243.87,         0.65620000  
61982,   48,          1400642.0,         14.000000,  11.06269139,   41.6114836,   267.6716208,   3.690823246,   641.52,   272.3679939,   309.1995651,   296.5,   55.14618184,   3.6113,   127.4679432,   120.4653859,    -999999,  0.3641,    -999999,  76.62,   75.08,   0.8,   -0.68,   309.2019939,   258.9299939,   279.5899939,   927.88,    -999999,   -999999,   -999999,   -999999,  1.99082,   2.0468,   5.79042,   5.7465,   35.62,   61.538,   7.286,   5.224,   0.27596,   3.33534,   44.48,   406.48,   1.867,   0.08915,   406.23,   1869.05,   88.23,   329.14,   9.16,   521.52,   -47.17,    -999999,  230.6,   515.71,   3.27,   70.94,   8.64,   0.49,    -999999,  13.54,   96.26,   7.61,   22.68,   20.3,   1.36,   1,   4.44,   3.28,   0.4,   2.45,   83.64,    -999999,  2.44,   6.94,   0.29,   0.96,   517.54,   578.17,   50.23,   9.96,   1.78,   109.78,   750.49,   94.15,   10.72,   12.83,   2.09,   4.38,   23.36,   31.07,   0.19,   0.17,   0.33,    -999999,  2.02,   243.87,         0.69800000  
61987,   48,          1400643.0,         14.000000,  11.0645725,   41.6129534,   267.6790042,   3.69130483,   641.48,   272.3999939,   309.2414016,   296.5,   55.14148556,   3.61132,   127.375344,   120.3563247,    -999999,  0.36378,    -999999,  76.6,   75.16,   0.8,   -0.44,   309.2439939,   259.2299939,   279.6099939,   927.84,    -999999,   -999999,   -999999,   -999999,  2.04062,   2.09774,   5.80394,   5.76176,   36.406,   61.412,   7.382,   4.872,   0.27326,   3.33806,   39.46,   406.424,   1.866755556,   0.0889,   406.23,   1869.05,   88.23,   329.14,   9.16,   521.52,   -47.17,    -999999,  230.6,   515.71,   3.27,   70.94,   8.64,   0.49,    -999999,  13.54,   96.26,   7.61,   22.68,   20.3,   1.36,   1,   4.44,   3.28,   0.4,   2.45,   83.64,    -999999,  2.44,   6.94,   0.29,   0.96,   517.54,   578.17,   50.23,   9.96,   1.78,   109.78,   750.49,   94.15,   10.72,   12.83,   2.09,   4.38,   23.36,   31.07,   0.19,   0.17,   0.33,    -999999,  2.02,   243.87,         0.62940000  
