inputs/ACTAMERICA_Merge/B200/ACTAMERICA-mrg05-b200_merge_20171021_R0.ict
138, 1001
Shook, Michael
NASA Atmospheric Composition Branch, NASA Langley Research Center (SSAI)
Merged data file for ACT-AMERICA Fall 2017, Flight 11 (20171021), on the b200 platform. Data is merged to 05 seconds.
NASA ACT-AMERICA Fall 2017
1, 1
2017, 10, 21, 2018, 07, 11
05
UTC,s
99
1, 1, 1, 1, 1, 1, 1, 1, 1, 1, 1, 1, 1, 1, 1, 1, 1, 1, 1, 1, 1, 1, 1, 1, 1, 1, 1, 1, 1, 1, 1, 1, 1, 1, 1, 1, 1, 1, 1, 1, 1, 1, 1, 1, 1, 1, 1, 1, 1, 1, 1, 1, 1, 1, 1, 1, 1, 1, 1, 1, 1, 1, 1, 1, 1, 1, 1, 1, 1, 1, 1, 1, 1, 1, 1, 1, 1, 1, 1, 1, 1, 1, 1, 1, 1, 1, 1, 1, 1, 1, 1, 1, 1, 1, 1, 1, 1, 1, 1
-999999, -999999, -999999, -999999, -999999, -999999, -999999, -999999, -999999, -999999, -999999, -999999, -999999, -999999, -999999, -999999, -999999, -999999, -999999, -999999, -999999, -999999, -999999, -999999, -999999, -999999, -999999, -999999, -999999, -999999, -999999, -999999, -999999, -999999, -999999, -999999, -999999, -999999, -999999, -999999, -999999, -999999, -999999, -999999, -999999, -999999, -999999, -999999, -999999, -999999, -999999, -999999, -999999, -999999, -999999, -999999, -999999, -999999, -999999, -999999, -999999, -999999, -999999, -999999, -999999, -999999, -999999, -999999, -999999, -999999, -999999, -999999, -999999, -999999, -999999, -999999, -999999, -999999, -999999, -999999, -999999, -999999, -999999, -999999, -999999, -999999, -999999, -999999, -999999, -999999, -999999, -999999, -999999, -999999, -999999, -999999, -999999, -999999, -999999
JDAY, days
INDEX, none
FLIGHT, none
LOCAL_SUN_TIME, hour
LATITUDE, degs
LONGITUDE, degs
ALTP, km
PRESSURE, hPa
TEMPERATURE, K
THETA, K, calculated from ambient temperature and pressure
O3COLUMN, DU, OMI ozone column data extracted along flight track
SZA, deg
WNS, m/s
WND, Degs
GPS_ALT, km
GRD_SPD, m/s
TAS, m/s
IAS, m/s
MachNumber, mach
VerticalSpeed, ft min-1
HDG, degs
TRK, degs
DifferentialPressure, hPa
PITCH, degs
ROLL, degs
PotentialTemp_Nav, K
Dewpoint, K
TotalAirTemp, K
CabinPressure, hPa
SolarZenithAngle, degs
AircraftSunElevation, degs
SunAzimuth, degs
AircraftSunAzimuth, degs
H2O_MixingRatio_Nav, g kg-1
H2O_VaporPressure_Nav, hPa
H2O_SatVaporPressureWater_Nav, hPa
H2O_SatVaporPressureIce_Nav, hPa
H2O_RelativeHumidity_Nav, %
U_WINDS, m s-1
V_WINDS, m s-1
GroundElevation-AMSL_GoogleMaps, km
Altitude-AGL_GoogleMaps, km
O3_MixingRatio, ppbv
CO2_DryMoleFrac_PICARRO, ppm
CH4_DryMoleFrac_PICARRO, ppm
CO_DryMoleFrac_PICARRO, ppm
CO2_MoleFraction_PFP, ppm
CH4_MoleFraction_PFP, ppb
CO_MoleFraction_PFP, ppb
N2O_MoleFraction_PFP, ppb
SF6_CCGG_MoleFraction_PFP, ppt
H2_MoleFraction_PFP, ppb
CH4C13_MoleFraction_PFP, permil
CO2C14_MoleFraction_PFP, permil
F11B_MoleFraction_PFP, ppt
FC12_MoleFraction_PFP, ppt
F13_MoleFraction_PFP, ppt
F113_MoleFraction_PFP, ppt
F115_MoleFraction_PFP, ppt
HF133a_MoleFraction_PFP, ppt
F23_MoleFraction_PFP, ppt
F32_MoleFraction_PFP, ppt
F134A_MoleFraction_PFP, ppt
F152A_MoleFraction_PFP, ppt
F125_MoleFraction_PFP, ppt
F143a_MoleFraction_PFP, ppt
F227e_MoleFraction_PFP, ppt
F365m_MoleFraction_PFP, ppt
H1211_MoleFraction_PFP, ppt
H1301_MoleFraction_PFP, ppt
H2402_MoleFraction_PFP, ppt
MCFA_MoleFraction_PFP, ppt
CF4_MoleFraction_PFP, ppt
C2F6_MoleFraction_PFP, ppt
SO2F2_MoleFraction_PFP, ppt
MEBR_MoleFraction_PFP, ppt
CH3I_MoleFraction_PFP, ppt
DIBR_MoleFraction_PFP, ppt
OCS_MoleFraction_PFP, ppt
[...]
[from data line 2518]
71572,   294,          1102519.0,         11.000000,  13.33165252,   40.9669614,   261.7477044,   4.625644857,   567.63,   263.4279939,   309.6912773,   168.6849976,   54.84367797,   27.13975719,   218.009681,   4.67146,   135.966492,   123.4758888,    -999999,  0.3794,    -999999,  106.07,   95.4,   59.34,   0.342,   -0.786,   310.9099939,   256.4719939,   271.0159939,   962.044,    -999999,   -999999,   -999999,   -999999,  1.834814,   1.66958,   2.93696,   2.67146,   62.496,   16.716,   21.344,   0.55096,   4.1205,   49.52,   405.045,   1.90295,   0.0966,    -999999,   -999999,   -999999,   -999999,   -999999,   -999999,   -999999,   -999999,   -999999,   -999999,   -999999,   -999999,   -999999,   -999999,   -999999,   -999999,   -999999,   -999999,   -999999,   -999999,   -999999,   -999999,   -999999,   -999999,   -999999,   -999999,   -999999,   -999999,   -999999,   -999999,   -999999,   -999999,   -999999,   -999999,   -999999,   -999999,   -999999,   -999999,   -999999,   -999999,   -999999,   -999999,   -999999,   -999999,   -999999,   -999999,   -999999,   -999999,   -999999,   -999999,   -999999,   -999999,        0.79520000  
71577,   294,          1102520.0,         11.000000,  13.3335772,   40.966381,   261.7557414,   4.626559257,   567.56,   263.4459939,   309.7233518,   168.6849976,   54.85210511,   27.13153327,   218.2297458,   4.67256,   136.017936,   123.4758888,    -999999,  0.3794,    -999999,  106.152,   95.5,   59.3,   0.332,   -0.772,   310.9439939,   256.2279939,   271.0359939,   962,    -999999,   -999999,   -999999,   -999999,  1.7978,   1.63576,   2.94112,   2.67574,   61.132,   16.81,   21.378,   0.55034,   4.12222,   49.84,   405.055,   1.90335,   0.10135,    -999999,   -999999,   -999999,   -999999,   -999999,   -999999,   -999999,   -999999,   -999999,   -999999,   -999999,   -999999,   -999999,   -999999,   -999999,   -999999,   -999999,   -999999,   -999999,   -999999,   -999999,   -999999,   -999999,   -999999,   -999999,   -999999,   -999999,   -999999,   -999999,   -999999,   -999999,   -999999,   -999999,   -999999,   -999999,   -999999,   -999999,   -999999,   -999999,   -999999,   -999999,   -999999,   -999999,   -999999,   -999999,   -999999,   -999999,   -999999,   -999999,   -999999,   -999999,   -999999,        0.82000000  
71582,   294,          1102521.0,         11.000000,  13.33550195,   40.9657916,   261.7637792,   4.628814777,   567.396,   263.3939939,   309.6877875,   168.6849976,   54.86053598,   26.78375982,   217.9475468,   4.67456,   136.017936,   123.7639752,    -999999,  0.3806,    -999999,  106.112,   95.58,   59.56,   0.322,   -0.794,   310.9079939,   256.1899939,   271.0159939,   962.118,    -999999,   -999999,   -999999,   -999999,  1.792606,   1.6306,   2.9291,   2.66342,   61.224,   16.498,   21.126,   0.5498,   4.12476,   51.48,   405.075,   1.90215,   0.09605,    -999999,   -999999,   -999999,   -999999,   -999999,   -999999,   -999999,   -999999,   -999999,   -999999,   -999999,   -999999,   -999999,   -999999,   -999999,   -999999,   -999999,   -999999,   -999999,   -999999,   -999999,   -999999,   -999999,   -999999,   -999999,   -999999,   -999999,   -999999,   -999999,   -999999,   -999999,   -999999,   -999999,   -999999,   -999999,   -999999,   -999999,   -999999,   -999999,   -999999,   -999999,   -999999,   -999999,   -999999,   -999999,   -999999,   -999999,   -999999,   -999999,   -999999,   -999999,   -999999,        0.80680000  
71587,   294,          1102522.0,         11.000000,  13.33742674,   40.9651958,   261.7718178,   4.629607257,   567.338,   263.3059939,   309.5933631,   168.6849976,   54.86897297,   26.25482455,   218.7589426,   4.67608,   136.1414016,   123.72282,    -999999,  0.3802,    -999999,  105.766,   95.54,   59.56,   0.176,   -1.478,   310.8079939,   257.2399939,   270.9199939,   961.896,    -999999,   -999999,   -999999,   -999999,  1.958204,   1.78054,   2.90882,   2.64272,   67.376,   16.434,   20.474,   0.5483,   4.12778,   48.64,   405.115,   1.899866667,   0.09764210526,    -999999,   -999999,   -999999,   -999999,   -999999,   -999999,   -999999,   -999999,   -999999,   -999999,   -999999,   -999999,   -999999,   -999999,   -999999,   -999999,   -999999,   -999999,   -999999,   -999999,   -999999,   -999999,   -999999,   -999999,   -999999,   -999999,   -999999,   -999999,   -999999,   -999999,   -999999,   -999999,   -999999,   -999999,   -999999,   -999999,   -999999,   -999999,   -999999,   -999999,   -999999,   -999999,   -999999,   -999999,   -999999,   -999999,   -999999,   -999999,   -999999,   -999999,   -999999,   -999999,        0.79660000  
71592,   294,          1102523.0,         11.000000,  13.33935256,   40.964614,   261.7798718,   4.629363417,   567.348,   263.2579939,   309.5353662,   168.6849976,   54.8774392,   26.18485259,   219.313753,   4.67546,   136.429488,   123.7433976,    -999999,  0.3802,    -999999,  105.514,   95.4,   59.58,   0.04,   -1.112,   310.7539939,   257.7779939,   270.8759939,   961.972,    -999999,   -999999,   -999999,   -999999,  2.047132,   1.8612,   2.89784,   2.6315,   70.726,   16.574,   20.314,   0.54764,   4.12782,   50.54,   405.1025,   1.8997,   0.0948,    -999999,   -999999,   -999999,   -999999,   -999999,   -999999,   -999999,   -999999,   -999999,   -999999,   -999999,   -999999,   -999999,   -999999,   -999999,   -999999,   -999999,   -999999,   -999999,   -999999,   -999999,   -999999,   -999999,   -999999,   -999999,   -999999,   -999999,   -999999,   -999999,   -999999,   -999999,   -999999,   -999999,   -999999,   -999999,   -999999,   -999999,   -999999,   -999999,   -999999,   -999999,   -999999,   -999999,   -999999,   -999999,   -999999,   -999999,   -999999,   -999999,   -999999,   -999999,   -999999,        0.83220000  
71597,   294,          1102524.0,         11.000000,  13.34127951,   40.9640376,   261.7879426,   4.627900377,   567.462,   263.3159939,   309.5857899,   168.6849976,   54.88592727,   26.61786887,   218.7244183,   4.67358,   136.6661304,   124.0520616,    -999999,  0.3812,    -999999,  105.728,   95.4,   59.88,   0.056,   -0.802,   310.8019939,   257.6779939,   270.9719939,   961.824,    -999999,   -999999,   -999999,   -999999,  2.030004,   1.84604,   2.91118,   2.64512,   69.796,   16.65,   20.778,   0.54684,   4.12674,   47.1,   405.0628571,   1.9011,   0.097,   404.18,   1901.79,   99.03,   330.06,   9.65,   516.72,   -47.61,    -999999,  232.58,   511.94,   3.32,   70.33,   8.51,   0.51,   31.38,   16.77,   107.27,   11.41,   26.36,   22.6,   1.39,   1.11,    -999999,  3.34,   0.4,   2.18,   84.2,   5.22,   3.32,   7.2,   0.47,   0.86,   592.97,   539.29,   63.18,   14.03,   5.74,   111.76,   884.56,   219.82,   42.22,   25.67,   11.21,   16.46,   26.12,    -999999,  0.15,   0.17,   0.42,   0.62,   4.99,   253.17,         0.77420000  
71602,   294,          1102525.0,         11.000000,  13.34320716,   40.9634554,   261.796024,   4.625766777,   567.62,   263.4179939,   309.6810799,   168.6849976,   54.89442508,   26.99550291,   218.1119076,   4.67228,   136.7998848,   124.3298592,    -999999,  0.382,    -999999,  105.994,   95.46,   60.18,   0.108,   -1.014,   310.9039939,   256.6679939,   271.1139939,   962.026,    -999999,   -999999,   -999999,   -999999,  1.8656,   1.69744,   2.93466,   2.6691,   63.598,   16.672,   21.27,   0.54638,   4.1259,   51.08,   405.04,   1.902545455,   0.0974,   404.18,   1901.79,   99.03,   330.06,   9.65,   516.72,   -47.61,    -999999,  232.58,   511.94,   3.32,   70.33,   8.51,   0.51,   31.38,   16.77,   107.27,   11.41,   26.36,   22.6,   1.39,   1.11,    -999999,  3.34,   0.4,   2.18,   84.2,   5.22,   3.32,   7.2,   0.47,   0.86,   592.97,   539.29,   63.18,   14.03,   5.74,   111.76,   884.56,   219.82,   42.22,   25.67,   11.21,   16.46,   26.12,    -999999,  0.15,   0.17,   0.42,   0.62,   4.99,   253.17,         0.81460000  
71607,   294,          1102526.0,         11.000000,  13.34513528,   40.9628754,   261.8041126,   4.624425657,   567.72,   263.5319939,   309.7995083,   168.6849976,   54.90293884,   27.54500463,   217.32097,   4.67114,   136.9233504,   124.545924,    -999999,  0.383,    -999999,  106.152,   95.34,   60.38,   0.154,   -1.284,   311.0179939,   255.8739939,   271.2519939,   961.956,    -999999,   -999999,   -999999,   -999999,  1.744854,   1.58818,   2.9611,   2.6962,   58.908,   16.694,   21.88,   0.54578,   4.12536,   51.96,   405.015,   1.904045455,   0.1008,   404.18,   1901.79,   99.03,   330.06,   9.65,   516.72,   -47.61,    -999999,  232.58,   511.94,   3.32,   70.33,   8.51,   0.51,   31.38,   16.77,   107.27,   11.41,   26.36,   22.6,   1.39,   1.11,    -999999,  3.34,   0.4,   2.18,   84.2,   5.22,   3.32,   7.2,   0.47,   0.86,   592.97,   539.29,   63.18,   14.03,   5.74,   111.76,   884.56,   219.82,   42.22,   25.67,   11.21,   16.46,   26.12,    -999999,  0.15,   0.17,   0.42,   0.62,   4.99,   253.17,         0.80540000  
71612,   294,          1102527.0,         11.000000,  13.3470638,   40.9623072,   261.812207,   4.623937977,   567.764,   263.5879939,   309.8584789,   168.6849976,   54.91147686,   27.566684,   216.9936504,   4.67074,   136.943928,   124.6591008,    -999999,  0.383,    -999999,  106.078,   95.24,   60.48,   0.256,   -1.102,   311.0799939,   255.2659939,   271.3259939,   962.062,    -999999,   -999999,   -999999,   -999999,  1.656968,   1.5085,   2.9742,   2.70962,   55.674,   16.612,   21.988,   0.54464,   4.1261,   51.12,   405.045,   1.904463636,   0.09955263158,   404.18,   1901.79,   99.03,   330.06,   9.65,   516.72,   -47.61,    -999999,  232.58,   511.94,   3.32,   70.33,   8.51,   0.51,   31.38,   16.77,   107.27,   11.41,   26.36,   22.6,   1.39,   1.11,    -999999,  3.34,   0.4,   2.18,   84.2,   5.22,   3.32,   7.2,   0.47,   0.86,   592.97,   539.29,   63.18,   14.03,   5.74,   111.76,   884.56,   219.82,   42.22,   25.67,   11.21,   16.46,   26.12,    -999999,  0.15,   0.17,   0.42,   0.62,   4.99,   253.17,         0.91640000  
71617,   294,          1102528.0,         11.000000,  13.34899226,   40.9617438,   261.8203006,   4.623755097,   567.766,   263.6399939,   309.9192951,   168.6849976,   54.92003068,   27.43481976,   216.9214456,   4.6713,   136.8616176,   124.6591008,    -999999,  0.383,    -999999,  106.034,   95.24,   60.44,   0.312,   -0.73,   311.1379939,   255.0439939,   271.3719939,   961.902,    -999999,   -999999,   -999999,   -999999,  1.625984,   1.4804,   2.9864,   2.7221,   54.386,   16.496,   21.89,   0.54408,   4.12722,   52.2,   405.035,   1.904672727,   0.09598421053,    -999999,   -999999,   -999999,   -999999,   -999999,   -999999,   -999999,   -999999,   -999999,   -999999,   -999999,   -999999,   -999999,   -999999,   -999999,   -999999,   -999999,   -999999,   -999999,   -999999,   -999999,   -999999,   -999999,   -999999,   -999999,   -999999,   -999999,   -999999,   -999999,   -999999,   -999999,   -999999,   -999999,   -999999,   -999999,   -999999,   -999999,   -999999,   -999999,   -999999,   -999999,   -999999,   -999999,   -999999,   -999999,   -999999,   -999999,   -999999,   -999999,   -999999,   -999999,   -999999,        0.76800000  
71622,   294,          1102529.0,         11.000000,  13.35092012,   40.9611762,   261.8283852,   4.623450297,   567.8,   263.6399939,   309.9139927,   168.6849976,   54.92858955,   27.59961632,   216.5558495,   4.67206,   136.6764192,   124.6282344,    -999999,  0.383,    -999999,  106.258,   95.34,   60.42,   0.36,   -0.52,   311.1339939,   254.8559939,   271.3719939,   961.938,    -999999,   -999999,   -999999,   -999999,  1.600108,   1.45696,   2.98638,   2.7221,   53.524,   16.466,   22.148,   0.54324,   4.12882,   47.8,   405.04,   1.904944444,   0.102405,    -999999,   -999999,   -999999,   -999999,   -999999,   -999999,   -999999,   -999999,   -999999,   -999999,   -999999,   -999999,   -999999,   -999999,   -999999,   -999999,   -999999,   -999999,   -999999,   -999999,   -999999,   -999999,   -999999,   -999999,   -999999,   -999999,   -999999,   -999999,   -999999,   -999999,   -999999,   -999999,   -999999,   -999999,   -999999,   -999999,   -999999,   -999999,   -999999,   -999999,   -999999,   -999999,   -999999,   -999999,   -999999,   -999999,   -999999,   -999999,   -999999,   -999999,   -999999,   -999999,        0.73120000  
71627,   294,          1102530.0,         11.000000,  13.3528468,   40.9605936,   261.836452,   4.625461977,   567.644,   263.6159939,   309.91011,   168.6849976,   54.93714086,   27.4782035,   216.7700115,   4.6729,   136.4706432,   124.4533248,    -999999,  0.3822,    -999999,  106.4,   95.52,   60.26,   0.348,   -0.856,   311.1319939,   254.7619939,   271.3279939,   961.802,    -999999,   -999999,   -999999,   -999999,  1.587772,   1.44536,   2.98074,   2.71634,   53.212,   16.482,   22.02,   0.54882,   4.12408,   50.72,   405.045,   1.90455,   0.09940526316,    -999999,   -999999,   -999999,   -999999,   -999999,   -999999,   -999999,   -999999,   -999999,   -999999,   -999999,   -999999,   -999999,   -999999,   -999999,   -999999,   -999999,   -999999,   -999999,   -999999,   -999999,   -999999,   -999999,   -999999,   -999999,   -999999,   -999999,   -999999,   -999999,   -999999,   -999999,   -999999,   -999999,   -999999,   -999999,   -999999,   -999999,   -999999,   -999999,   -999999,   -999999,   -999999,   -999999,   -999999,   -999999,   -999999,   -999999,   -999999,   -999999,   -999999,   -999999,   -999999,        0.80540000  
71632,   294,          1102531.0,         11.000000,  13.3547723,   40.9600082,   261.8445012,   4.625461977,   567.642,   263.6839939,   309.9903637,   168.6849976,   54.94569574,   27.61614344,   216.7438543,   4.67374,   136.429488,   124.3298592,    -999999,  0.382,    -999999,  106.358,   95.42,   60.12,   0.334,   -1.284,   311.2079939,   254.6959939,   271.3759939,   962.006,    -999999,   -999999,   -999999,   -999999,  1.578894,   1.43732,   2.99674,   2.7327,   52.6,   16.534,   22.132,   0.56492,   4.10882,   54.88,   405.03,   1.904888889,   0.097225,    -999999,   -999999,   -999999,   -999999,   -999999,   -999999,   -999999,   -999999,   -999999,   -999999,   -999999,   -999999,   -999999,   -999999,   -999999,   -999999,   -999999,   -999999,   -999999,   -999999,   -999999,   -999999,   -999999,   -999999,   -999999,   -999999,   -999999,   -999999,   -999999,   -999999,   -999999,   -999999,   -999999,   -999999,   -999999,   -999999,   -999999,   -999999,   -999999,   -999999,   -999999,   -999999,   -999999,   -999999,   -999999,   -999999,   -999999,   -999999,   -999999,   -999999,   -999999,   -999999,        0.94220000  
