inputs/ACTAMERICA_Merge/B200/ACTAMERICA-mrg05-b200_merge_20171026_R0.ict
138, 1001
Shook, Michael
NASA Atmospheric Composition Branch, NASA Langley Research Center (SSAI)
Merged data file for ACT-AMERICA Fall 2017, Flight 14 (20171026), on the b200 platform. Data is merged to 05 seconds.
NASA ACT-AMERICA Fall 2017
1, 1
2017, 10, 26, 2018, 07, 11
05
UTC,s
99
1, 1, 1, 1, 1, 1, 1, 1, 1, 1, 1, 1, 1, 1, 1, 1, 1, 1, 1, 1, 1, 1, 1, 1, 1, 1, 1, 1, 1, 1, 1, 1, 1, 1, 1, 1, 1, 1, 1, 1, 1, 1, 1, 1, 1, 1, 1, 1, 1, 1, 1, 1, 1, 1, 1, 1, 1, 1, 1, 1, 1, 1, 1, 1, 1, 1, 1, 1, 1, 1, 1, 1, 1, 1, 1, 1, 1, 1, 1, 1, 1, 1, 1, 1, 1, 1, 1, 1, 1, 1, 1, 1, 1, 1, 1, 1, 1, 1, 1
-999999, -999999, -999999, -999999, -999999, -999999, -999999, -999999, -999999, -999999, -999999, -999999, -999999, -999999, -999999, -999999, -999999, -999999, -999999, -999999, -999999, -999999, -999999, -999999, -999999, -999999, -999999, -999999, -999999, -999999, -999999, -999999, -999999, -999999, -999999, -999999, -999999, -999999, -999999, -999999, -999999, -999999, -999999, -999999, -999999, -999999, -999999, -999999, -999999, -999999, -999999, -999999, -999999, -999999, -999999, -999999, -999999, -999999, -999999, -999999, -999999, -999999, -999999, -999999, -999999, -999999, -999999, -999999, -999999, -999999, -999999, -999999, -999999, -999999, -999999, -999999, -999999, -999999, -999999, -999999, -999999, -999999, -999999, -999999, -999999, -999999, -999999, -999999, -999999, -999999, -999999, -999999, -999999, -999999, -999999, -999999, -999999, -999999, -999999
JDAY, days
INDEX, none
FLIGHT, none
LOCAL_SUN_TIME, hour
LATITUDE, degs
LONGITUDE, degs
ALTP, km
PRESSURE, hPa
TEMPERATURE, K
THETA, K, calculated from ambient temperature and pressure
O3COLUMN, DU, OMI ozone column data extracted along flight track
SZA, deg
WNS, m/s
WND, Degs
GPS_ALT, km
GRD_SPD, m/s
TAS, m/s
IAS, m/s
MachNumber, mach
VerticalSpeed, ft min-1
HDG, degs
TRK, degs
DifferentialPressure, hPa
PITCH, degs
ROLL, degs
PotentialTemp_Nav, K
Dewpoint, K
TotalAirTemp, K
CabinPressure, hPa
SolarZenithAngle, degs
AircraftSunElevation, degs
SunAzimuth, degs
AircraftSunAzimuth, degs
H2O_MixingRatio_Nav, g kg-1
H2O_VaporPressure_Nav, hPa
H2O_SatVaporPressureWater_Nav, hPa
H2O_SatVaporPressureIce_Nav, hPa
H2O_RelativeHumidity_Nav, %
U_WINDS, m s-1
V_WINDS, m s-1
GroundElevation-AMSL_GoogleMaps, km
Altitude-AGL_GoogleMaps, km
O3_MixingRatio, ppbv
CO2_DryMoleFrac_PICARRO, ppm
CH4_DryMoleFrac_PICARRO, ppm
CO_DryMoleFrac_PICARRO, ppm
CO2_MoleFraction_PFP, ppm
CH4_MoleFraction_PFP, ppb
CO_MoleFraction_PFP, ppb
N2O_MoleFraction_PFP, ppb
SF6_CCGG_MoleFraction_PFP, ppt
H2_MoleFraction_PFP, ppb
CH4C13_MoleFraction_PFP, permil
CO2C14_MoleFraction_PFP, permil
F11B_MoleFraction_PFP, ppt
FC12_MoleFraction_PFP, ppt
F13_MoleFraction_PFP, ppt
F113_MoleFraction_PFP, ppt
F115_MoleFraction_PFP, ppt
HF133a_MoleFraction_PFP, ppt
F23_MoleFraction_PFP, ppt
F32_MoleFraction_PFP, ppt
F134A_MoleFraction_PFP, ppt
F152A_MoleFraction_PFP, ppt
F125_MoleFraction_PFP, ppt
F143a_MoleFraction_PFP, ppt
F227e_MoleFraction_PFP, ppt
F365m_MoleFraction_PFP, ppt
H1211_MoleFraction_PFP, ppt
H1301_MoleFraction_PFP, ppt
H2402_MoleFraction_PFP, ppt
MCFA_MoleFraction_PFP, ppt
CF4_MoleFraction_PFP, ppt
C2F6_MoleFraction_PFP, ppt
SO2F2_MoleFraction_PFP, ppt
MEBR_MoleFraction_PFP, ppt
CH3I_MoleFraction_PFP, ppt
DIBR_MoleFraction_PFP, ppt
OCS_MoleFraction_PFP, ppt
[...]
[from data line 278]
61612,   299,          1400279.0,         14.000000,  10.7892029,   40.422221,   265.1109602,   4.672827898,   564.094,   266.3539939,   313.6907053,   274,   55.46970437,   23.0736382,   248.8021207,   4.73256,   140.493564,   124.2475488,    -999999,  0.38,    -999999,  117.71,   110.6,   59.04,   0.814,   -1.198,   314.9279939,   249.7899939,   274.0399939,   963.892,    -999999,   -999999,   -999999,   -999999,  1.036722,   0.93868,   3.688,   3.4519,   27.194,   21.514,   8.338,   0.34408,   4.38848,   57.16,   404.16,   1.89565,   0.0844,    -999999,   -999999,   -999999,   -999999,   -999999,   -999999,   -999999,   -999999,   -999999,   -999999,   -999999,   -999999,   -999999,   -999999,   -999999,   -999999,   -999999,   -999999,   -999999,   -999999,   -999999,   -999999,   -999999,   -999999,   -999999,   -999999,   -999999,   -999999,   -999999,   -999999,   -999999,   -999999,   -999999,   -999999,   -999999,   -999999,   -999999,   -999999,   -999999,   -999999,   -999999,   -999999,   -999999,   -999999,   -999999,   -999999,   -999999,   -999999,   -999999,   -999999,   -999999,   -999999,        0.16260000  
61617,   299,          1400280.0,         14.000000,  10.79110814,   40.419997,   265.1187054,   4.673986138,   564.008,   266.3399939,   313.6878819,   274,   55.45960415,   23.2670005,   248.9613686,   4.73322,   140.5552968,   124.134372,    -999999,  0.3792,    -999999,  117.754,   110.6,   58.9,   0.666,   -0.884,   314.9219939,   250.1819939,   274.0059939,   964.044,    -999999,   -999999,   -999999,   -999999,  1.073488,   0.97174,   3.68402,   3.44772,   28.188,   21.708,   8.346,   0.34938,   4.38384,   55.2,   404.175,   1.8955,   0.07912631579,    -999999,   -999999,   -999999,   -999999,   -999999,   -999999,   -999999,   -999999,   -999999,   -999999,   -999999,   -999999,   -999999,   -999999,   -999999,   -999999,   -999999,   -999999,   -999999,   -999999,   -999999,   -999999,   -999999,   -999999,   -999999,   -999999,   -999999,   -999999,   -999999,   -999999,   -999999,   -999999,   -999999,   -999999,   -999999,   -999999,   -999999,   -999999,   -999999,   -999999,   -999999,   -999999,   -999999,   -999999,   -999999,   -999999,   -999999,   -999999,   -999999,   -999999,   -999999,   -999999,        0.25440000  
61622,   299,          1400281.0,         14.000000,  10.79301356,   40.4177656,   265.1264534,   4.674108058,   564.004,   266.3279939,   313.6743842,   274,   55.4495068,   23.48924004,   249.0674345,   4.73258,   140.7096288,   124.1446608,    -999999,  0.3794,    -999999,  117.944,   110.72,   58.94,   0.556,   -0.742,   314.9079939,   250.1919939,   274.0019939,   963.992,    -999999,   -999999,   -999999,   -999999,  1.074448,   0.97262,   3.68066,   3.44412,   28.242,   21.934,   8.432,   0.33456,   4.39802,   56.08,   404.15,   1.89545,   0.0843,    -999999,   -999999,   -999999,   -999999,   -999999,   -999999,   -999999,   -999999,   -999999,   -999999,   -999999,   -999999,   -999999,   -999999,   -999999,   -999999,   -999999,   -999999,   -999999,   -999999,   -999999,   -999999,   -999999,   -999999,   -999999,   -999999,   -999999,   -999999,   -999999,   -999999,   -999999,   -999999,   -999999,   -999999,   -999999,   -999999,   -999999,   -999999,   -999999,   -999999,   -999999,   -999999,   -999999,   -999999,   -999999,   -999999,   -999999,   -999999,   -999999,   -999999,   -999999,   -999999,        0.21660000  
61627,   299,          1400282.0,         14.000000,  10.79491925,   40.4155188,   265.1342054,   4.673071738,   564.078,   266.3239939,   313.6579156,   274,   55.43940455,   23.61264902,   249.4759244,   4.73138,   140.9154048,   124.1652384,    -999999,  0.3798,    -999999,  118.014,   110.8,   58.96,   0.524,   -0.984,   314.8919939,   249.9339939,   273.9939939,   964.098,    -999999,   -999999,   -999999,   -999999,  1.050024,   0.95066,   3.67954,   3.44292,   27.612,   22.084,   8.256,   0.32568,   4.4057,   57.64,   404.175,   1.895554545,   0.0822,    -999999,   -999999,   -999999,   -999999,   -999999,   -999999,   -999999,   -999999,   -999999,   -999999,   -999999,   -999999,   -999999,   -999999,   -999999,   -999999,   -999999,   -999999,   -999999,   -999999,   -999999,   -999999,   -999999,   -999999,   -999999,   -999999,   -999999,   -999999,   -999999,   -999999,   -999999,   -999999,   -999999,   -999999,   -999999,   -999999,   -999999,   -999999,   -999999,   -999999,   -999999,   -999999,   -999999,   -999999,   -999999,   -999999,   -999999,   -999999,   -999999,   -999999,   -999999,   -999999,        0.24180000  
61632,   299,          1400283.0,         14.000000,  10.79682559,   40.4132646,   265.1419672,   4.671547738,   564.192,   266.3359939,   313.6539384,   274,   55.42930321,   23.42334732,   250.3534591,   4.73032,   141.162336,   124.2578376,    -999999,  0.38,    -999999,  117.778,   110.76,   59.06,   0.552,   -1.436,   314.8899939,   249.5799939,   274.0199939,   963.924,    -999999,   -999999,   -999999,   -999999,  1.017282,   0.92126,   3.6829,   3.44652,   26.73,   22.028,   7.868,   0.32638,   4.40394,   56.32,   404.168,   1.8956,   0.08435789474,    -999999,   -999999,   -999999,   -999999,   -999999,   -999999,   -999999,   -999999,   -999999,   -999999,   -999999,   -999999,   -999999,   -999999,   -999999,   -999999,   -999999,   -999999,   -999999,   -999999,   -999999,   -999999,   -999999,   -999999,   -999999,   -999999,   -999999,   -999999,   -999999,   -999999,   -999999,   -999999,   -999999,   -999999,   -999999,   -999999,   -999999,   -999999,   -999999,   -999999,   -999999,   -999999,   -999999,   -999999,   -999999,   -999999,   -999999,   -999999,   -999999,   -999999,   -999999,   -999999,        0.24680000  
61637,   299,          1400284.0,         14.000000,  10.79873268,   40.4110192,   265.1497402,   4.670511418,   564.262,   266.3039939,   313.6051367,   274,   55.41921749,   23.59511325,   249.6073036,   4.72958,   141.3784008,   124.545924,    -999999,  0.3806,    -999999,  117.784,   110.64,   59.34,   0.57,   -1.196,   314.8399939,   249.2599939,   274.0259939,   963.99,    -999999,   -999999,   -999999,   -999999,  0.9885,   0.89532,   3.6739,   3.43698,   26.05,   22.076,   8.214,   0.33904,   4.39054,   55.56,   404.14,   1.895622222,   0.08217368421,   403.47,   1897.23,   85.83,   329.9,   9.53,   526.42,   -47.58,    -999999,  232.65,   513.6,   3.34,   70.16,   8.63,   0.53,   32.42,   15.75,   102.92,   6.85,   24.82,   21.88,   1.37,   0.99,    -999999,  3.29,   0.42,   2.18,   84.57,   5.09,   2.16,   7.81,   0.34,   0.72,   511.25,   559.58,   80.67,   13.14,   6.41,   88.75,   516.34,   51.82,   7.41,   5.24,   2.08,   1.82,   14.31,    -999999,  0.17,   0.17,   0.26,   0.69,   1.69,   251.83,         0.25800000  
61642,   299,          1400285.0,         14.000000,  10.80064036,   40.4087778,   265.157522,   4.669901818,   564.314,   266.2819939,   313.5709729,   274,   55.4091436,   23.81125097,   249.0997255,   4.72864,   141.5018664,   124.6899672,    -999999,  0.381,    -999999,  117.938,   110.66,   59.52,   0.572,   -0.844,   314.8039939,   249.0679939,   274.0179939,   963.826,    -999999,   -999999,   -999999,   -999999,  0.971574,   0.8801,   3.66768,   3.43038,   25.654,   22.214,   8.492,   0.3176,   4.41104,   57.12,   404.16,   1.8954,   0.08442631579,   403.47,   1897.23,   85.83,   329.9,   9.53,   526.42,   -47.58,    -999999,  232.65,   513.6,   3.34,   70.16,   8.63,   0.53,   32.42,   15.75,   102.92,   6.85,   24.82,   21.88,   1.37,   0.99,    -999999,  3.29,   0.42,   2.18,   84.57,   5.09,   2.16,   7.81,   0.34,   0.72,   511.25,   559.58,   80.67,   13.14,   6.41,   88.75,   516.34,   51.82,   7.41,   5.24,   2.08,   1.82,   14.31,    -999999,  0.17,   0.17,   0.26,   0.69,   1.69,   251.83,         0.24240000  
61647,   299,          1400286.0,         14.000000,  10.80254874,   40.406525,   265.1653144,   4.668499738,   564.422,   266.2499939,   313.5161479,   274,   55.39906673,   23.63226347,   249.1618999,   4.72726,   141.5635992,   124.8854544,    -999999,  0.3818,    -999999,  118,   110.78,   59.7,   0.592,   -0.884,   314.7519939,   249.1559939,   274.0119939,   964.012,    -999999,   -999999,   -999999,   -999999,  0.979074,   0.88708,   3.65864,   3.4209,   25.932,   22.088,   8.44,   0.30752,   4.41974,   56.72,   404.1785714,   1.8956,   0.07885263158,   403.47,   1897.23,   85.83,   329.9,   9.53,   526.42,   -47.58,    -999999,  232.65,   513.6,   3.34,   70.16,   8.63,   0.53,   32.42,   15.75,   102.92,   6.85,   24.82,   21.88,   1.37,   0.99,    -999999,  3.29,   0.42,   2.18,   84.57,   5.09,   2.16,   7.81,   0.34,   0.72,   511.25,   559.58,   80.67,   13.14,   6.41,   88.75,   516.34,   51.82,   7.41,   5.24,   2.08,   1.82,   14.31,    -999999,  0.17,   0.17,   0.26,   0.69,   1.69,   251.83,         0.16420000  
61652,   299,          1400287.0,         14.000000,  10.80445709,   40.4042654,   265.1731064,   4.667524378,   564.494,   266.2679939,   313.5259168,   274,   55.38899424,   23.5674563,   248.9818811,   4.72632,   141.6150432,   125.0294976,    -999999,  0.382,    -999999,  117.974,   110.76,   59.86,   0.68,   -1.24,   314.7619939,   249.4459939,   274.0479939,   963.992,    -999999,   -999999,   -999999,   -999999,  1.004668,   0.91034,   3.6637,   3.42624,   26.57,   21.974,   8.456,   0.30468,   4.42164,   61.52,   404.1583333,   1.8955,   0.08315,   403.47,   1897.23,   85.83,   329.9,   9.53,   526.42,   -47.58,    -999999,  232.65,   513.6,   3.34,   70.16,   8.63,   0.53,   32.42,   15.75,   102.92,   6.85,   24.82,   21.88,   1.37,   0.99,    -999999,  3.29,   0.42,   2.18,   84.57,   5.09,   2.16,   7.81,   0.34,   0.72,   511.25,   559.58,   80.67,   13.14,   6.41,   88.75,   516.34,   51.82,   7.41,   5.24,   2.08,   1.82,   14.31,    -999999,  0.17,   0.17,   0.26,   0.69,   1.69,   251.83,         0.40920000  
61657,   299,          1400288.0,         14.000000,  10.80636566,   40.4020116,   265.1809016,   4.667280538,   564.506,   266.2559939,   313.5098829,   274,   55.37893686,   23.66106511,   248.8195259,   4.72636,   141.5841768,   124.957476,    -999999,  0.382,    -999999,  117.916,   110.66,   59.76,   0.786,   -1.298,   314.7459939,   249.7999939,   274.0279939,   964.14,    -999999,   -999999,   -999999,   -999999,  1.036804,   0.9394,   3.66034,   3.42268,   27.446,   22.04,   8.522,   0.30418,   4.42218,   55.2,   404.1771429,   1.895666667,   0.08495,    -999999,   -999999,   -999999,   -999999,   -999999,   -999999,   -999999,   -999999,   -999999,   -999999,   -999999,   -999999,   -999999,   -999999,   -999999,   -999999,   -999999,   -999999,   -999999,   -999999,   -999999,   -999999,   -999999,   -999999,   -999999,   -999999,   -999999,   -999999,   -999999,   -999999,   -999999,   -999999,   -999999,   -999999,   -999999,   -999999,   -999999,   -999999,   -999999,   -999999,   -999999,   -999999,   -999999,   -999999,   -999999,   -999999,   -999999,   -999999,   -999999,   -999999,   -999999,   -999999,        0.36840000  
61662,   299,          1400289.0,         14.000000,  10.80827427,   40.3997672,   265.1886974,   4.667890138,   564.462,   266.2499939,   313.5098,   274,   55.36889869,   23.62603511,   249.1652902,   4.72722,   141.4812888,   124.7517,    -999999,  0.3812,    -999999,  117.8,   110.6,   59.6,   0.852,   -1.024,   314.7459939,   250.0339939,   273.9979939,   963.944,    -999999,   -999999,   -999999,   -999999,  1.058638,   0.9591,   3.65864,   3.42092,   28.036,   22.068,   8.366,   0.32338,   4.40384,   55.36,   404.1833333,   1.8957,   0.08440526316,    -999999,   -999999,   -999999,   -999999,   -999999,   -999999,   -999999,   -999999,   -999999,   -999999,   -999999,   -999999,   -999999,   -999999,   -999999,   -999999,   -999999,   -999999,   -999999,   -999999,   -999999,   -999999,   -999999,   -999999,   -999999,   -999999,   -999999,   -999999,   -999999,   -999999,   -999999,   -999999,   -999999,   -999999,   -999999,   -999999,   -999999,   -999999,   -999999,   -999999,   -999999,   -999999,   -999999,   -999999,   -999999,   -999999,   -999999,   -999999,   -999999,   -999999,   -999999,   -999999,        0.36720000  
61667,   299,          1400290.0,         14.000000,  10.81018247,   40.3975264,   265.196487,   4.669292218,   564.358,   266.2699939,   313.549857,   274,   55.3588762,   23.57027584,   248.9788466,   4.72876,   141.3475344,   124.7208336,    -999999,  0.381,    -999999,  117.834,   110.62,   59.54,   0.866,   -0.876,   314.7859939,   250.0839939,   274.0139939,   963.992,    -999999,   -999999,   -999999,   -999999,  1.063536,   0.96336,   3.66428,   3.42686,   28.11,   21.994,   8.426,   0.34598,   4.38278,   52.68,   404.1728571,   1.895488889,   0.08221052632,    -999999,   -999999,   -999999,   -999999,   -999999,   -999999,   -999999,   -999999,   -999999,   -999999,   -999999,   -999999,   -999999,   -999999,   -999999,   -999999,   -999999,   -999999,   -999999,   -999999,   -999999,   -999999,   -999999,   -999999,   -999999,   -999999,   -999999,   -999999,   -999999,   -999999,   -999999,   -999999,   -999999,   -999999,   -999999,   -999999,   -999999,   -999999,   -999999,   -999999,   -999999,   -999999,   -999999,   -999999,   -999999,   -999999,   -999999,   -999999,   -999999,   -999999,   -999999,   -999999,        0.23260000  
61672,   299,          1400291.0,         14.000000,  10.81208993,   40.3952818,   265.2042656,   4.671060058,   564.22,   266.2219939,   313.5152394,   274,   55.34886385,   23.46872047,   249.1437731,   4.73034,   141.21378,   124.6282344,    -999999,  0.381,    -999999,  117.876,   110.7,   59.46,   0.802,   -0.842,   314.7499939,   249.9759939,   273.9539939,   963.86,    -999999,   -999999,   -999999,   -999999,  1.053676,   0.95422,   3.65076,   3.41264,   27.96,   21.908,   8.284,   0.35146,   4.37888,   54.64,   404.1666667,   1.8957,   0.08446315789,    -999999,   -999999,   -999999,   -999999,   -999999,   -999999,   -999999,   -999999,   -999999,   -999999,   -999999,   -999999,   -999999,   -999999,   -999999,   -999999,   -999999,   -999999,   -999999,   -999999,   -999999,   -999999,   -999999,   -999999,   -999999,   -999999,   -999999,   -999999,   -999999,   -999999,   -999999,   -999999,   -999999,   -999999,   -999999,   -999999,   -999999,   -999999,   -999999,   -999999,   -999999,   -999999,   -999999,   -999999,   -999999,   -999999,   -999999,   -999999,   -999999,   -999999,   -999999,   -999999,        0.17820000  
