inputs/ACTAMERICA_Merge/B200/ACTAMERICA-mrg05-b200_merge_20160823_R0.ict
142, 1001
Shook, Michael
NASA Atmospheric Composition Branch, NASA Langley Research Center (SSAI)
Merged data file for ACT-AMERICA 2016, Flight 22 (20160823), on the b200 platform. Data is merged to 05 seconds.
ACTAmerica - 2016
1, 1
2016, 08, 23, 2018, 09, 19
05
UTC,s
102
1, 1, 1, 1, 1, 1, 1, 1, 1, 1, 1, 1, 1, 1, 1, 1, 1, 1, 1, 1, 1, 1, 1, 1, 1, 1, 1, 1, 1, 1, 1, 1, 1, 1, 1, 1, 1, 1, 1, 1, 1, 1, 1, 1, 1, 1, 1, 1, 1, 1, 1, 1, 1, 1, 1, 1, 1, 1, 1, 1, 1, 1, 1, 1, 1, 1, 1, 1, 1, 1, 1, 1, 1, 1, 1, 1, 1, 1, 1, 1, 1, 1, 1, 1, 1, 1, 1, 1, 1, 1, 1, 1, 1, 1, 1, 1, 1, 1, 1, 1, 1, 1
-999999, -999999, -999999, -999999, -999999, -999999, -999999, -999999, -999999, -999999, -999999, -999999, -999999, -999999, -999999, -999999, -999999, -999999, -999999, -999999, -999999, -999999, -999999, -999999, -999999, -999999, -999999, -999999, -999999, -999999, -999999, -999999, -999999, -999999, -999999, -999999, -999999, -999999, -999999, -999999, -999999, -999999, -999999, -999999, -999999, -999999, -999999, -999999, -999999, -999999, -999999, -999999, -999999, -999999, -999999, -999999, -999999, -999999, -999999, -999999, -999999, -999999, -999999, -999999, -999999, -999999, -999999, -999999, -999999, -999999, -999999, -999999, -999999, -999999, -999999, -999999, -999999, -999999, -999999, -999999, -999999, -999999, -999999, -999999, -999999, -999999, -999999, -999999, -999999, -999999, -999999, -999999, -999999, -999999, -999999, -999999, -999999, -999999, -999999, -999999, -999999, -999999
JDAY, days
INDEX, none
FLIGHT, none
LOCAL_SUN_TIME, hour
LATITUDE, degs
LONGITUDE, degs
ALTP, km
PRESSURE, hPa
TEMPERATURE, K
THETA, K, calculated from ambient temperature and pressure
O3COLUMN, DU, OMI ozone column data extracted along flight track
SZA, deg
WNS, m s-1
WND, Degs
GPS_ALT, km
GRD_SPD, m/s
TAS, m/s
IAS, m/s
MachNumber, mach
VerticalSpeed, ft min-1
HDG, degs
TRK, degs
DifferentialPressure, hPa
DriftAngle, degs
PITCH, degs
ROLL, degs
PotentialTemp_Nav, K
Dewpoint, K
TotalAirTemp, K
StaticPressure, hPa
CabinPressure, hPa
SolarZenithAngle, degs
AircraftSunElevation, degs
SunAzimuth, degs
AircraftSunAzimuth, degs
H2O_MixingRatio_Nav, g kg-1
H2O_VaporPressure_Nav, hPa
H2O_SatVaporPressureWater_Nav, hPa
H2O_SatVaporPressureIce_Nav, hPa
H2O_RelativeHumidity_Nav, %
ManeuverFlag, none
U_WINDS, m s-1
V_WINDS, m s-1
GroundElevation-AMSL_GoogleMaps, km
Altitude-AGL_GoogleMaps, km
O3_MoleFraction, ppb
CO2_DryMoleFrac_PICARRO, ppm
CH4_DryMoleFrac_PICARRO, ppm
CO_DryMoleFrac_PICARRO, ppm
CO2_MoleFraction_PFP, ppm
CH4_MoleFraction_PFP, ppb
CO_MoleFraction_PFP, ppb
N2O_MoleFraction_PFP, ppb
SF6_CCGG_MoleFraction_PFP, ppt
H2_MoleFraction_PFP, ppb
CH4C13_MoleFraction_PFP, permil
CO2C14_MoleFraction_PFP, permil
F11B_MoleFraction_PFP, ppt
FC12_MoleFraction_PFP, ppt
F13_MoleFraction_PFP, ppt
F113_MoleFraction_PFP, ppt
F115_MoleFraction_PFP, ppt
HF133a_MoleFraction_PFP, ppt
F23_MoleFraction_PFP, ppt
F32_MoleFraction_PFP, ppt
F134A_MoleFraction_PFP, ppt
F152A_MoleFraction_PFP, ppt
F125_MoleFraction_PFP, ppt
F143a_MoleFraction_PFP, ppt
F227e_MoleFraction_PFP, ppt
F365m_MoleFraction_PFP, ppt
H1211_MoleFraction_PFP, ppt
H1301_MoleFraction_PFP, ppt
H2402_MoleFraction_PFP, ppt
MCFA_MoleFraction_PFP, ppt
CF4_MoleFraction_PFP, ppt
C2F6_MoleFraction_PFP, ppt
SO2F2_MoleFraction_PFP, ppt
MEBR_MoleFraction_PFP, ppt
[...]
[from data line 1543]
58612,   236,          2201544.0,         22.000000,  10.01533889,   30.24484,   266.003,   0.3438144042,   972.58,   298.9899939,   301.3745389,   290.7999878,   33.44458825,    -999999,   -999999,  0.35938,   99.99684721,   95.54179681,    -999999,  0.2754,    -999999,  359.88,   359.88,    -999999,   -999999,   -999999,   -999999,  302.5099939,   295.9499939,   303.5299939,   972.58,   979.38,    -999999,   -999999,   -999999,   -999999,  18.35434,   27.87726,   33.44256,   42.7519,   83.36,   6,    -999999,   -999999,  0.00944,   0.34994,   32.16,   405.108,   1.968427273,   0.09505263158,    -999999,   -999999,   -999999,   -999999,   -999999,   -999999,   -999999,   -999999,   -999999,   -999999,   -999999,   -999999,   -999999,   -999999,   -999999,   -999999,   -999999,   -999999,   -999999,   -999999,   -999999,   -999999,   -999999,   -999999,   -999999,   -999999,   -999999,   -999999,   -999999,   -999999,   -999999,   -999999,   -999999,   -999999,   -999999,   -999999,   -999999,   -999999,   -999999,   -999999,   -999999,   -999999,   -999999,   -999999,   -999999,   -999999,   -999999,   -999999,   -999999,   -999999,   -999999,   -999999,         4.4824000  
58617,   236,          2201545.0,         22.000000,  10.01672778,   30.24932,   266.003,   0.3385108842,   973.22,   298.9299939,   301.2574335,   290.7999878,   33.43079624,    -999999,   -999999,  0.35234,   99.52356241,   95.72699521,    -999999,  0.2764,    -999999,  359.98,   359.84,    -999999,   -999999,   -999999,   -999999,  302.3899939,   296.2299939,   303.4899939,   973.22,   980.34,    -999999,   -999999,   -999999,   -999999,  18.66772,   28.35806,   33.3239,   42.57648,   85.1,   6,    -999999,   -999999,  0.0099,   0.34244,   35.08,   405.738,   1.95682,   0.0845,    -999999,   -999999,   -999999,   -999999,   -999999,   -999999,   -999999,   -999999,   -999999,   -999999,   -999999,   -999999,   -999999,   -999999,   -999999,   -999999,   -999999,   -999999,   -999999,   -999999,   -999999,   -999999,   -999999,   -999999,   -999999,   -999999,   -999999,   -999999,   -999999,   -999999,   -999999,   -999999,   -999999,   -999999,   -999999,   -999999,   -999999,   -999999,   -999999,   -999999,   -999999,   -999999,   -999999,   -999999,   -999999,   -999999,   -999999,   -999999,   -999999,   -999999,   -999999,   -999999,         3.3990000  
58622,   236,          2201546.0,         22.000000,  10.01811667,   30.2538,   266.003,   0.3351580841,   973.58,   298.9699939,   301.2659091,   290.7999878,   33.41701129,    -999999,   -999999,  0.34726,   99.94540321,   96.64269841,    -999999,  0.2786,    -999999,  0.64,   0.08,    -999999,   -999999,   -999999,   -999999,  302.4099939,   296.6099939,   303.6299939,   973.58,   981.46,    -999999,   -999999,   -999999,   -999999,  19.10172,   29.00878,   33.40324,   42.6938,   86.844,   6,    -999999,   -999999,  0.0173,   0.32996,   32.84,   405.916,   1.949927273,   0.086,   405.93,   1962.54,   83.6,   329.18,   9.08,   544.15,   -47.28,    -999999,  232.96,   517.4,   3.37,   72.93,   8.59,   0.51,   29.07,   19.7,   111.23,   17.61,   26.73,   21.46,   1.21,   1.09,    -999999,  3.32,   0.41,   2.83,   82.53,   4.61,   2.09,   7.73,   1.59,   1.37,    -999999,  656.42,   35.21,   13.25,   3.51,   108.04,   3656.44,   5029.05,   961.04,   1731.74,   463,   546.7,   123.16,   218.37,   0.21,   0.15,   6.33,   0.65,   199.83,   259.65,          2.8944000  
58627,   236,          2201547.0,         22.000000,  10.01950556,   30.2584,   266.003,   0.3327806441,   973.86,   298.8499939,   301.1202468,   290.7999878,   33.40328984,    -999999,   -999999,  0.34414,   100.5112872,   97.10569441,    -999999,  0.2802,    -999999,  0.92,   0.2,    -999999,   -999999,   -999999,   -999999,  302.2899939,   296.6299939,   303.5699939,   973.86,   981.74,    -999999,   -999999,   -999999,   -999999,  19.12006,   29.04416,   33.16626,   42.3436,   87.57,   6,    -999999,   -999999,  0.01634,   0.3278,   32.32,   406.272,   1.95457,   0.0829047619,   405.93,   1962.54,   83.6,   329.18,   9.08,   544.15,   -47.28,    -999999,  232.96,   517.4,   3.37,   72.93,   8.59,   0.51,   29.07,   19.7,   111.23,   17.61,   26.73,   21.46,   1.21,   1.09,    -999999,  3.32,   0.41,   2.83,   82.53,   4.61,   2.09,   7.73,   1.59,   1.37,    -999999,  656.42,   35.21,   13.25,   3.51,   108.04,   3656.44,   5029.05,   961.04,   1731.74,   463,   546.7,   123.16,   218.37,   0.21,   0.15,   6.33,   0.65,   199.83,   259.65,          2.7996000  
58632,   236,          2201548.0,         22.000000,  10.02089444,   30.2629,   266.003,   0.3387547242,   973.18,   298.8899939,   301.2206594,   290.7999878,   33.38952851,    -999999,   -999999,  0.34428,   100.8508176,   97.19829361,    -999999,  0.2804,    -999999,  1.08,   0.14,    -999999,   -999999,   -999999,   -999999,  302.3699939,   296.7699939,   303.5899939,   973.18,   981.52,    -999999,   -999999,   -999999,   -999999,  19.30068,   29.28984,   33.24504,   42.46,   88.1,   6,    -999999,   -999999,  0.0131,   0.33118,   29.16,   405.69,   1.9618,   0.08914285714,   405.93,   1962.54,   83.6,   329.18,   9.08,   544.15,   -47.28,    -999999,  232.96,   517.4,   3.37,   72.93,   8.59,   0.51,   29.07,   19.7,   111.23,   17.61,   26.73,   21.46,   1.21,   1.09,    -999999,  3.32,   0.41,   2.83,   82.53,   4.61,   2.09,   7.73,   1.59,   1.37,    -999999,  656.42,   35.21,   13.25,   3.51,   108.04,   3656.44,   5029.05,   961.04,   1731.74,   463,   546.7,   123.16,   218.37,   0.21,   0.15,   6.33,   0.65,   199.83,   259.65,          2.8692000  
58637,   236,          2201549.0,         22.000000,  10.02228467,   30.26746,   266.00302,   0.3453384043,   972.42,   298.9099939,   301.3080641,   290.7999878,   33.37578732,    -999999,   -999999,  0.35198,   100.6656192,   96.72500881,    -999999,  0.2794,    -999999,  1,   0.7,    -999999,   -999999,   -999999,   -999999,  302.4699939,   296.4899939,   303.5699939,   972.42,   980.56,    -999999,   -999999,   -999999,   -999999,  18.9829,   28.79938,   33.2844,   42.51814,   86.526,   6,    -999999,   -999999,  0.01078,   0.3412,   31.62,   405.652,   1.945855556,   0.08495454545,   405.93,   1962.54,   83.6,   329.18,   9.08,   544.15,   -47.28,    -999999,  232.96,   517.4,   3.37,   72.93,   8.59,   0.51,   29.07,   19.7,   111.23,   17.61,   26.73,   21.46,   1.21,   1.09,    -999999,  3.32,   0.41,   2.83,   82.53,   4.61,   2.09,   7.73,   1.59,   1.37,    -999999,  656.42,   35.21,   13.25,   3.51,   108.04,   3656.44,   5029.05,   961.04,   1731.74,   463,   546.7,   123.16,   218.37,   0.21,   0.15,   6.33,   0.65,   199.83,   259.65,          2.7862000  
58642,   236,          2201550.0,         22.000000,  10.02368156,   30.272,   266.00314,   0.3514953643,   971.68,   298.8699939,   301.3332784,   290.7999878,   33.36196771,    -999999,   -999999,  0.35914,   100.4804208,   96.71472001,    -999999,  0.2792,    -999999,  2.18,   1.94,    -999999,   -999999,   -999999,   -999999,  302.4699939,   296.1699939,   303.5299939,   971.68,   979.88,    -999999,   -999999,   -999999,   -999999,  18.62706,   28.2532,   33.20544,   42.40148,   85.088,   6,    -999999,   -999999,  0.01106,   0.34808,   31.82,   406.218,   1.953877778,   0.0849047619,    -999999,   -999999,   -999999,   -999999,   -999999,   -999999,   -999999,   -999999,   -999999,   -999999,   -999999,   -999999,   -999999,   -999999,   -999999,   -999999,   -999999,   -999999,   -999999,   -999999,   -999999,   -999999,   -999999,   -999999,   -999999,   -999999,   -999999,   -999999,   -999999,   -999999,   -999999,   -999999,   -999999,   -999999,   -999999,   -999999,   -999999,   -999999,   -999999,   -999999,   -999999,   -999999,   -999999,   -999999,   -999999,   -999999,   -999999,   -999999,   -999999,   -999999,   -999999,   -999999,         2.6650000  
58647,   236,          2201551.0,         22.000000,  10.02508378,   30.2765,   266.00334,   0.3542995244,   971.38,   298.7699939,   301.259032,   290.7999878,   33.34807554,    -999999,   -999999,  0.36386,   100.6141752,   97.50695761,    -999999,  0.2814,    -999999,  2.2,   1.86,    -999999,   -999999,   -999999,   -999999,  302.3699939,   296.2499939,   303.4699939,   971.38,   979.3,    -999999,   -999999,   -999999,   -999999,  18.72348,   28.3867,   33.00904,   42.1116,   85.996,   6,    -999999,   -999999,  0.0116,   0.35226,   31.96,   406.692,   1.952655556,   0.07968181818,    -999999,   -999999,   -999999,   -999999,   -999999,   -999999,   -999999,   -999999,   -999999,   -999999,   -999999,   -999999,   -999999,   -999999,   -999999,   -999999,   -999999,   -999999,   -999999,   -999999,   -999999,   -999999,   -999999,   -999999,   -999999,   -999999,   -999999,   -999999,   -999999,   -999999,   -999999,   -999999,   -999999,   -999999,   -999999,   -999999,   -999999,   -999999,   -999999,   -999999,   -999999,   -999999,   -999999,   -999999,   -999999,   -999999,   -999999,   -999999,   -999999,   -999999,   -999999,   -999999,         2.4214000  
58652,   236,          2201552.0,         22.000000,  10.026482,   30.28108,   266.00348,   0.3532022444,   971.5,   298.8899939,   301.3693951,   290.7999878,   33.33427406,    -999999,   -999999,  0.36514,   101.0257272,   97.91850961,    -999999,  0.2824,    -999999,  1.64,   1.5,    -999999,   -999999,   -999999,   -999999,  302.5299939,   296.1299939,   303.6699939,   971.5,   979.46,    -999999,   -999999,   -999999,   -999999,  18.58382,   28.18444,   33.24548,   42.46078,   84.792,   6,    -999999,   -999999,  0.01684,   0.3483,   30.44,   406.595,   1.9317,   0.08723809524,    -999999,   -999999,   -999999,   -999999,   -999999,   -999999,   -999999,   -999999,   -999999,   -999999,   -999999,   -999999,   -999999,   -999999,   -999999,   -999999,   -999999,   -999999,   -999999,   -999999,   -999999,   -999999,   -999999,   -999999,   -999999,   -999999,   -999999,   -999999,   -999999,   -999999,   -999999,   -999999,   -999999,   -999999,   -999999,   -999999,   -999999,   -999999,   -999999,   -999999,   -999999,   -999999,   -999999,   -999999,   -999999,   -999999,   -999999,   -999999,   -999999,   -999999,   -999999,   -999999,         1.9942000  
58657,   236,          2201553.0,         22.000000,  10.02788022,   30.28564,   266.00362,   0.3520440044,   971.64,   298.8499939,   301.3166576,   290.7999878,   33.3204704,    -999999,   -999999,  0.36324,   101.6327664,   97.81562161,    -999999,  0.2822,    -999999,  1.68,   1.22,    -999999,   -999999,   -999999,   -999999,  302.4499939,   295.6299939,   303.6099939,   971.64,   979.56,    -999999,   -999999,   -999999,   -999999,  18.01888,   27.35488,   33.16684,   42.34466,   82.5,   6,    -999999,   -999999,  0.01968,   0.34356,   31.26,   406.642,   1.947222222,   0.08777272727,    -999999,   -999999,   -999999,   -999999,   -999999,   -999999,   -999999,   -999999,   -999999,   -999999,   -999999,   -999999,   -999999,   -999999,   -999999,   -999999,   -999999,   -999999,   -999999,   -999999,   -999999,   -999999,   -999999,   -999999,   -999999,   -999999,   -999999,   -999999,   -999999,   -999999,   -999999,   -999999,   -999999,   -999999,   -999999,   -999999,   -999999,   -999999,   -999999,   -999999,   -999999,   -999999,   -999999,   -999999,   -999999,   -999999,   -999999,   -999999,   -999999,   -999999,   -999999,   -999999,         1.9898000  
58662,   236,          2201554.0,         22.000000,  10.02927444,   30.29022,   266.0037,   0.3519830444,   971.64,   298.6299939,   301.0948418,   290.7999878,   33.30672911,    -999999,   -999999,  0.3627,   102.0031632,   98.41237201,    -999999,  0.2842,    -999999,  1.34,   0.82,    -999999,   -999999,   -999999,   -999999,  302.2299939,   296.8099939,   303.4499939,   971.64,   979.6,    -999999,   -999999,   -999999,   -999999,  19.3811,   29.36152,   32.73606,   41.70922,   89.696,   6,    -999999,   -999999,  0.01748,   0.34522,   30.7,   406.116,   1.966011111,   0.07854545455,    -999999,   -999999,   -999999,   -999999,   -999999,   -999999,   -999999,   -999999,   -999999,   -999999,   -999999,   -999999,   -999999,   -999999,   -999999,   -999999,   -999999,   -999999,   -999999,   -999999,   -999999,   -999999,   -999999,   -999999,   -999999,   -999999,   -999999,   -999999,   -999999,   -999999,   -999999,   -999999,   -999999,   -999999,   -999999,   -999999,   -999999,   -999999,   -999999,   -999999,   -999999,   -999999,   -999999,   -999999,   -999999,   -999999,   -999999,   -999999,   -999999,   -999999,   -999999,   -999999,         2.1000000  
58667,   236,          2201555.0,         22.000000,  10.03066733,   30.29484,   266.00376,   0.3553968044,   971.24,   298.5099939,   301.0092617,   290.7999878,   33.29302925,    -999999,   -999999,  0.3643,   102.219228,   99.65731681,    -999999,  0.2876,    -999999,  0.64,   0.2,    -999999,   -999999,   -999999,   -999999,  302.1499939,   297.0899939,   303.4499939,   971.24,   979.14,    -999999,   -999999,   -999999,   -999999,  19.72838,   29.85926,   32.50348,   41.36676,   91.866,   6,    -999999,   -999999,  0.01916,   0.34514,   30.12,   406.19,   1.96735,   0.08747619048,    -999999,   -999999,   -999999,   -999999,   -999999,   -999999,   -999999,   -999999,   -999999,   -999999,   -999999,   -999999,   -999999,   -999999,   -999999,   -999999,   -999999,   -999999,   -999999,   -999999,   -999999,   -999999,   -999999,   -999999,   -999999,   -999999,   -999999,   -999999,   -999999,   -999999,   -999999,   -999999,   -999999,   -999999,   -999999,   -999999,   -999999,   -999999,   -999999,   -999999,   -999999,   -999999,   -999999,   -999999,   -999999,   -999999,   -999999,   -999999,   -999999,   -999999,   -999999,   -999999,         2.0278000  
