inputs/ACTAMERICA_Merge/B200/ACTAMERICA-mrg05-b200_merge_20171004_R0.ict
138, 1001
Shook, Michael
NASA Atmospheric Composition Branch, NASA Langley Research Center (SSAI)
Merged data file for ACT-AMERICA Fall 2017, Flight 02 (20171004), on the b200 platform. Data is merged to 05 seconds.
NASA ACT-AMERICA Fall 2017
1, 1
2017, 10, 04, 2018, 07, 11
05
UTC,s
99
1, 1, 1, 1, 1, 1, 1, 1, 1, 1, 1, 1, 1, 1, 1, 1, 1, 1, 1, 1, 1, 1, 1, 1, 1, 1, 1, 1, 1, 1, 1, 1, 1, 1, 1, 1, 1, 1, 1, 1, 1, 1, 1, 1, 1, 1, 1, 1, 1, 1, 1, 1, 1, 1, 1, 1, 1, 1, 1, 1, 1, 1, 1, 1, 1, 1, 1, 1, 1, 1, 1, 1, 1, 1, 1, 1, 1, 1, 1, 1, 1, 1, 1, 1, 1, 1, 1, 1, 1, 1, 1, 1, 1, 1, 1, 1, 1, 1, 1
-999999, -999999, -999999, -999999, -999999, -999999, -999999, -999999, -999999, -999999, -999999, -999999, -999999, -999999, -999999, -999999, -999999, -999999, -999999, -999999, -999999, -999999, -999999, -999999, -999999, -999999, -999999, -999999, -999999, -999999, -999999, -999999, -999999, -999999, -999999, -999999, -999999, -999999, -999999, -999999, -999999, -999999, -999999, -999999, -999999, -999999, -999999, -999999, -999999, -999999, -999999, -999999, -999999, -999999, -999999, -999999, -999999, -999999, -999999, -999999, -999999, -999999, -999999, -999999, -999999, -999999, -999999, -999999, -999999, -999999, -999999, -999999, -999999, -999999, -999999, -999999, -999999, -999999, -999999, -999999, -999999, -999999, -999999, -999999, -999999, -999999, -999999, -999999, -999999, -999999, -999999, -999999, -999999, -999999, -999999, -999999, -999999, -999999, -999999
JDAY, days
INDEX, none
FLIGHT, none
LOCAL_SUN_TIME, hour
LATITUDE, degs
LONGITUDE, degs
ALTP, km
PRESSURE, hPa
TEMPERATURE, K
THETA, K, calculated from ambient temperature and pressure
O3COLUMN, DU, OMI ozone column data extracted along flight track
SZA, deg
WNS, m/s
WND, Degs
GPS_ALT, km
GRD_SPD, m/s
TAS, m/s
IAS, m/s
MachNumber, mach
VerticalSpeed, ft min-1
HDG, degs
TRK, degs
DifferentialPressure, hPa
PITCH, degs
ROLL, degs
PotentialTemp_Nav, K
Dewpoint, K
TotalAirTemp, K
CabinPressure, hPa
SolarZenithAngle, degs
AircraftSunElevation, degs
SunAzimuth, degs
AircraftSunAzimuth, degs
H2O_MixingRatio_Nav, g kg-1
H2O_VaporPressure_Nav, hPa
H2O_SatVaporPressureWater_Nav, hPa
H2O_SatVaporPressureIce_Nav, hPa
H2O_RelativeHumidity_Nav, %
U_WINDS, m s-1
V_WINDS, m s-1
GroundElevation-AMSL_GoogleMaps, km
Altitude-AGL_GoogleMaps, km
O3_MixingRatio, ppbv
CO2_DryMoleFrac_PICARRO, ppm
CH4_DryMoleFrac_PICARRO, ppm
CO_DryMoleFrac_PICARRO, ppm
CO2_MoleFraction_PFP, ppm
CH4_MoleFraction_PFP, ppb
CO_MoleFraction_PFP, ppb
N2O_MoleFraction_PFP, ppb
SF6_CCGG_MoleFraction_PFP, ppt
H2_MoleFraction_PFP, ppb
CH4C13_MoleFraction_PFP, permil
CO2C14_MoleFraction_PFP, permil
F11B_MoleFraction_PFP, ppt
FC12_MoleFraction_PFP, ppt
F13_MoleFraction_PFP, ppt
F113_MoleFraction_PFP, ppt
F115_MoleFraction_PFP, ppt
HF133a_MoleFraction_PFP, ppt
F23_MoleFraction_PFP, ppt
F32_MoleFraction_PFP, ppt
F134A_MoleFraction_PFP, ppt
F152A_MoleFraction_PFP, ppt
F125_MoleFraction_PFP, ppt
F143a_MoleFraction_PFP, ppt
F227e_MoleFraction_PFP, ppt
F365m_MoleFraction_PFP, ppt
H1211_MoleFraction_PFP, ppt
H1301_MoleFraction_PFP, ppt
H2402_MoleFraction_PFP, ppt
MCFA_MoleFraction_PFP, ppt
CF4_MoleFraction_PFP, ppt
C2F6_MoleFraction_PFP, ppt
SO2F2_MoleFraction_PFP, ppt
MEBR_MoleFraction_PFP, ppt
CH3I_MoleFraction_PFP, ppt
DIBR_MoleFraction_PFP, ppt
OCS_MoleFraction_PFP, ppt
[...]
[from data line 747]
73012,   277,          200748.00,         2.0000000,  15.01782772,   39.5038946,   281.0403324,   1.047902413,   893.48,   291.7899939,   301.3326264,   248.3890076,   60.43739912,   3.642525687,   257.3542978,   1.18754,   93.09306241,   93.27826081,    -999999,  0.2722,    -999999,  343.178,   345.68,   47.26,   2.382,   -1.78,   302.4899939,   276.5299939,   296.1499939,   941.96,    -999999,   -999999,   -999999,   -999999,  5.489176,   7.81626,   21.56664,   25.77548,   36.244,   3.964,   0.908,   0.5556,   0.63194,   50.66,   399.085,   1.99735,   0.1276,    -999999,   -999999,   -999999,   -999999,   -999999,   -999999,   -999999,   -999999,   -999999,   -999999,   -999999,   -999999,   -999999,   -999999,   -999999,   -999999,   -999999,   -999999,   -999999,   -999999,   -999999,   -999999,   -999999,   -999999,   -999999,   -999999,   -999999,   -999999,   -999999,   -999999,   -999999,   -999999,   -999999,   -999999,   -999999,   -999999,   -999999,   -999999,   -999999,   -999999,   -999999,   -999999,   -999999,   -999999,   -999999,   -999999,   -999999,   -999999,   -999999,   -999999,   -999999,   -999999,         6.9926000  
73017,   277,          200749.00,         2.0000000,  15.01912614,   39.5080024,   281.0389754,   1.049792173,   893.28,   291.6299939,   301.1866578,   248.3890076,   60.45202156,   4.082476614,   263.7120388,   1.18846,   95.11995601,   96.04594801,    -999999,  0.2808,    -999999,  342.428,   345.6,   50.2,   0.692,   -1.692,   302.3299939,   276.4099939,   296.2099939,   942.04,    -999999,   -999999,   -999999,   -999999,  5.443602,   7.75018,   21.35142,   25.47976,   36.3,   5.334,   0.566,   0.67556,   0.5129,   50.7,   399.3471429,   1.996011111,   0.12385,    -999999,   -999999,   -999999,   -999999,   -999999,   -999999,   -999999,   -999999,   -999999,   -999999,   -999999,   -999999,   -999999,   -999999,   -999999,   -999999,   -999999,   -999999,   -999999,   -999999,   -999999,   -999999,   -999999,   -999999,   -999999,   -999999,   -999999,   -999999,   -999999,   -999999,   -999999,   -999999,   -999999,   -999999,   -999999,   -999999,   -999999,   -999999,   -999999,   -999999,   -999999,   -999999,   -999999,   -999999,   -999999,   -999999,   -999999,   -999999,   -999999,   -999999,   -999999,   -999999,         6.9576000  
73022,   277,          200750.00,         2.0000000,  15.02042215,   39.512201,   281.0375822,   1.047353773,   893.54,   291.6899939,   301.2235767,   248.3890076,   60.46667462,   5.382057132,   250.6064082,   1.18642,   96.92049601,   96.63240961,    -999999,  0.2824,    -999999,  342.432,   345.68,   50.84,   1.822,   -0.2,   302.3499939,   276.1499939,   296.3499939,   942.22,    -999999,   -999999,   -999999,   -999999,  5.342258,   7.60934,   21.43172,   25.59,   35.504,   5.216,   1.784,   0.74516,   0.44126,   51.38,   399.935,   1.9924,   0.1236736842,    -999999,   -999999,   -999999,   -999999,   -999999,   -999999,   -999999,   -999999,   -999999,   -999999,   -999999,   -999999,   -999999,   -999999,   -999999,   -999999,   -999999,   -999999,   -999999,   -999999,   -999999,   -999999,   -999999,   -999999,   -999999,   -999999,   -999999,   -999999,   -999999,   -999999,   -999999,   -999999,   -999999,   -999999,   -999999,   -999999,   -999999,   -999999,   -999999,   -999999,   -999999,   -999999,   -999999,   -999999,   -999999,   -999999,   -999999,   -999999,   -999999,   -999999,   -999999,   -999999,         6.4748000  
73027,   277,          200751.00,         2.0000000,  15.02171905,   39.5164692,   281.0362024,   1.048877773,   893.38,   291.4899939,   301.0324419,   248.3890076,   60.48137713,   5.470227078,   260.6839419,   1.18806,   98.24775121,   98.77248001,    -999999,  0.2884,    -999999,  343.046,   346.18,   53.16,   1.614,   -0.468,   302.1299939,   275.9099939,   296.3299939,   942.34,    -999999,   -999999,   -999999,   -999999,  5.252584,   7.48134,   21.16496,   25.22412,   35.352,   5.294,   0.916,   0.8248,   0.36326,   50.18,   400.2271429,   1.979188889,   0.1227,    -999999,   -999999,   -999999,   -999999,   -999999,   -999999,   -999999,   -999999,   -999999,   -999999,   -999999,   -999999,   -999999,   -999999,   -999999,   -999999,   -999999,   -999999,   -999999,   -999999,   -999999,   -999999,   -999999,   -999999,   -999999,   -999999,   -999999,   -999999,   -999999,   -999999,   -999999,   -999999,   -999999,   -999999,   -999999,   -999999,   -999999,   -999999,   -999999,   -999999,   -999999,   -999999,   -999999,   -999999,   -999999,   -999999,   -999999,   -999999,   -999999,   -999999,   -999999,   -999999,         5.2190000  
73032,   277,          200752.00,         2.0000000,  15.02301663,   39.5207914,   281.0348328,   1.055400493,   892.68,   291.3499939,   300.9552522,   248.3890076,   60.49611799,   5.421428055,   259.0886892,   1.19388,   99.11201041,   99.36923041,    -999999,  0.2904,    -999999,  343.78,   346.14,   53.82,   1.95,   -2.358,   302.1099939,   276.2499939,   296.2699939,   942.14,    -999999,   -999999,   -999999,   -999999,  5.385388,   7.6629,   20.9794,   24.9698,   36.53,   4.008,   0.814,   0.79448,   0.3994,   53,   399.065,   2.002,   0.1244,   399.12,   2000.68,   123.12,   330.54,   9.66,   485.53,   -47.42,   7.34,   234.31,   513.81,   3.37,   70.41,   8.75,   0.55,   31.43,   19.36,   113.53,   14.92,   27.57,   22.9,   1.36,   1.17,    -999999,  3.37,   0.4,   2.19,   84.52,   5.83,   2.37,   7.37,   0.52,   0.95,   444.1,   498.16,   64.53,   17.75,   18.38,   147.62,   7159.88,   438.85,   105.87,   43.74,   33.29,   55.08,   36.06,    -999999,  0.2,   0.17,   0.59,   0.68,   10.78,   259.09,          7.4174000  
73037,   277,          200753.00,         2.0000000,  15.02431231,   39.5251182,   281.0334346,   1.059545773,   892.24,   291.3699939,   301.0183108,   248.3890076,   60.51084415,   4.102893769,   257.6026663,   1.19956,   98.95767841,   99.21489841,    -999999,  0.2898,    -999999,  343.122,   345.78,   53.66,   1.302,   -1.784,   302.1499939,   276.2899939,   296.2699939,   941.94,    -999999,   -999999,   -999999,   -999999,  5.403548,   7.68472,   21.00574,   25.00594,   36.588,   4.504,   1,   0.79032,   0.40924,   52.84,   398.94,   1.9926,   0.12525,   399.12,   2000.68,   123.12,   330.54,   9.66,   485.53,   -47.42,   7.34,   234.31,   513.81,   3.37,   70.41,   8.75,   0.55,   31.43,   19.36,   113.53,   14.92,   27.57,   22.9,   1.36,   1.17,    -999999,  3.37,   0.4,   2.19,   84.52,   5.83,   2.37,   7.37,   0.52,   0.95,   444.1,   498.16,   64.53,   17.75,   18.38,   147.62,   7159.88,   438.85,   105.87,   43.74,   33.29,   55.08,   36.06,    -999999,  0.2,   0.17,   0.59,   0.68,   10.78,   259.09,          6.7632000  
73042,   277,          200754.00,         2.0000000,  15.025608,   39.529436,   281.0320366,   1.062898573,   891.86,   291.3699939,   301.05495,   248.3890076,   60.52556584,   4.570348347,   248.6083934,   1.19944,   98.77248001,   98.44323841,    -999999,  0.2878,    -999999,  343.888,   346.3,   52.74,   1.128,   0.864,   302.2099939,   275.9899939,   296.2099939,   941.7,    -999999,   -999999,   -999999,   -999999,  5.291682,   7.52368,   21.00574,   25.00592,   35.816,   3.952,   1.392,   0.74488,   0.45456,   53.4,   399.0542857,   2.01955,   0.1195,   399.12,   2000.68,   123.12,   330.54,   9.66,   485.53,   -47.42,   7.34,   234.31,   513.81,   3.37,   70.41,   8.75,   0.55,   31.43,   19.36,   113.53,   14.92,   27.57,   22.9,   1.36,   1.17,    -999999,  3.37,   0.4,   2.19,   84.52,   5.83,   2.37,   7.37,   0.52,   0.95,   444.1,   498.16,   64.53,   17.75,   18.38,   147.62,   7159.88,   438.85,   105.87,   43.74,   33.29,   55.08,   36.06,    -999999,  0.2,   0.17,   0.59,   0.68,   10.78,   259.09,          9.6322000  
73047,   277,          200755.00,         2.0000000,  15.02690906,   39.5337604,   281.0307192,   1.055095693,   892.7,   291.3299939,   300.9326665,   248.3890076,   60.54034266,   4.190313095,   258.547917,   1.19488,   98.61814801,   98.88565681,    -999999,  0.2888,    -999999,  344.108,   346.94,   53.28,   1.022,   -1.256,   302.0499939,   275.7299939,   296.1699939,   941.98,    -999999,   -999999,   -999999,   -999999,  5.18855,   7.3853,   20.9531,   24.93384,   35.244,   4.796,   0.958,   0.72698,   0.4679,   52.72,   399.26,   2.01985,   0.1240789474,   399.12,   2000.68,   123.12,   330.54,   9.66,   485.53,   -47.42,   7.34,   234.31,   513.81,   3.37,   70.41,   8.75,   0.55,   31.43,   19.36,   113.53,   14.92,   27.57,   22.9,   1.36,   1.17,    -999999,  3.37,   0.4,   2.19,   84.52,   5.83,   2.37,   7.37,   0.52,   0.95,   444.1,   498.16,   64.53,   17.75,   18.38,   147.62,   7159.88,   438.85,   105.87,   43.74,   33.29,   55.08,   36.06,    -999999,  0.2,   0.17,   0.59,   0.68,   10.78,   259.09,          9.8594000  
73052,   277,          200756.00,         2.0000000,  15.02821216,   39.5380748,   281.0294324,   1.053388813,   892.9,   291.3899939,   300.9753799,   248.3890076,   60.55513357,   4.867122115,   253.3187433,   1.1926,   98.16544081,   97.99053121,    -999999,  0.2864,    -999999,  344.554,   347.06,   52.3,   1.166,   -1.01,   302.1299939,   275.3899939,   296.1699939,   941.96,    -999999,   -999999,   -999999,   -999999,  5.062474,   7.2089,   21.03224,   25.04216,   34.276,   4.086,   1.224,   0.6699,   0.5227,   51.6,   399.4077778,   2.03485,   0.1209176471,    -999999,   -999999,   -999999,   -999999,   -999999,   -999999,   -999999,   -999999,   -999999,   -999999,   -999999,   -999999,   -999999,   -999999,   -999999,   -999999,   -999999,   -999999,   -999999,   -999999,   -999999,   -999999,   -999999,   -999999,   -999999,   -999999,   -999999,   -999999,   -999999,   -999999,   -999999,   -999999,   -999999,   -999999,   -999999,   -999999,   -999999,   -999999,   -999999,   -999999,   -999999,   -999999,   -999999,   -999999,   -999999,   -999999,   -999999,   -999999,   -999999,   -999999,   -999999,   -999999,         10.941200  
73057,   277,          200757.00,         2.0000000,  15.02951718,   39.5423762,   281.0281744,   1.050828493,   893.18,   291.4099939,   300.9690753,   248.3890076,   60.56993571,   4.312303614,   262.1655179,   1.18988,   97.76417761,   98.36092801,    -999999,  0.2874,    -999999,  344.368,   347.46,   52.72,   1.218,   -0.564,   302.1299939,   275.4699939,   296.1899939,   942,    -999999,   -999999,   -999999,   -999999,  5.090092,   7.2502,   21.05882,   25.07864,   34.428,   5.232,   0.7,   0.63122,   0.55866,   52.24,   399.375,   2.03901,   0.1267,    -999999,   -999999,   -999999,   -999999,   -999999,   -999999,   -999999,   -999999,   -999999,   -999999,   -999999,   -999999,   -999999,   -999999,   -999999,   -999999,   -999999,   -999999,   -999999,   -999999,   -999999,   -999999,   -999999,   -999999,   -999999,   -999999,   -999999,   -999999,   -999999,   -999999,   -999999,   -999999,   -999999,   -999999,   -999999,   -999999,   -999999,   -999999,   -999999,   -999999,   -999999,   -999999,   -999999,   -999999,   -999999,   -999999,   -999999,   -999999,   -999999,   -999999,   -999999,   -999999,         11.859400  
73062,   277,          200758.00,         2.0000000,  15.03082503,   39.5466814,   281.0269588,   1.047780493,   893.52,   291.4699939,   300.9983111,   248.3890076,   60.58476736,   5.260491729,   257.5924181,   1.18692,   98.14486321,   98.17572961,    -999999,  0.287,    -999999,  345.358,   347.88,   52.54,   0.002,   -0.894,   302.1299939,   276.0499939,   296.2699939,   941.92,    -999999,   -999999,   -999999,   -999999,  5.304208,   7.55546,   21.13828,   25.18746,   35.744,   4.206,   0.974,   0.60298,   0.58394,   50.82,   399.345,   2.0771,   0.1291,    -999999,   -999999,   -999999,   -999999,   -999999,   -999999,   -999999,   -999999,   -999999,   -999999,   -999999,   -999999,   -999999,   -999999,   -999999,   -999999,   -999999,   -999999,   -999999,   -999999,   -999999,   -999999,   -999999,   -999999,   -999999,   -999999,   -999999,   -999999,   -999999,   -999999,   -999999,   -999999,   -999999,   -999999,   -999999,   -999999,   -999999,   -999999,   -999999,   -999999,   -999999,   -999999,   -999999,   -999999,   -999999,   -999999,   -999999,   -999999,   -999999,   -999999,   -999999,   -999999,         15.261800  
73067,   277,          200759.00,         2.0000000,  15.03213327,   39.5510008,   281.025749,   1.046500333,   893.66,   291.3499939,   300.8609204,   248.3890076,   60.59961152,   4.367053143,   260.3597352,   1.1851,   97.98024241,   98.31977281,    -999999,  0.2874,    -999999,  344.948,   347.48,   52.72,   1.036,   -3.38,   301.9699939,   276.7099939,   296.1499939,   942.08,    -999999,   -999999,   -999999,   -999999,  5.561264,   7.91954,   20.9794,   24.9699,   37.75,   4.302,   0.696,   0.56052,   0.62458,   51.82,   398.825,   2.15252,   0.1267421053,    -999999,   -999999,   -999999,   -999999,   -999999,   -999999,   -999999,   -999999,   -999999,   -999999,   -999999,   -999999,   -999999,   -999999,   -999999,   -999999,   -999999,   -999999,   -999999,   -999999,   -999999,   -999999,   -999999,   -999999,   -999999,   -999999,   -999999,   -999999,   -999999,   -999999,   -999999,   -999999,   -999999,   -999999,   -999999,   -999999,   -999999,   -999999,   -999999,   -999999,   -999999,   -999999,   -999999,   -999999,   -999999,   -999999,   -999999,   -999999,   -999999,   -999999,   -999999,   -999999,         22.800000  
73072,   277,          200760.00,         2.0000000,  15.03343713,   39.555303,   281.0244736,   1.038209773,   894.54,   291.3499939,   300.7763277,   248.3890076,   60.61440509,   4.349782806,   253.1531542,   1.17632,   98.31977281,   98.16544081,    -999999,  0.2868,    -999999,  344.27,   346.74,   52.6,   -0.672,   -2.228,   301.9299939,   277.3099939,   296.1699939,   941.9,    -999999,   -999999,   -999999,   -999999,  5.795106,   8.25768,   20.97948,   24.96998,   39.358,   4.034,   1.2,   0.52396,   0.65236,   54.8,   398.71,   2.172454545,   0.1261842105,    -999999,   -999999,   -999999,   -999999,   -999999,   -999999,   -999999,   -999999,   -999999,   -999999,   -999999,   -999999,   -999999,   -999999,   -999999,   -999999,   -999999,   -999999,   -999999,   -999999,   -999999,   -999999,   -999999,   -999999,   -999999,   -999999,   -999999,   -999999,   -999999,   -999999,   -999999,   -999999,   -999999,   -999999,   -999999,   -999999,   -999999,   -999999,   -999999,   -999999,   -999999,   -999999,   -999999,   -999999,   -999999,   -999999,   -999999,   -999999,   -999999,   -999999,   -999999,   -999999,         25.633600  
