inputs/ACTAMERICA_Merge/B200/ACTAMERICA-mrg05-b200_merge_20170219_R0_L1.ict
136, 1001
Shook, Michael
NASA Atmospheric Composition Branch, NASA Langley Research Center (SSAI)
Merged data file for ACT-AMERICA 2017, Flight 15 (20170219), on the b200 platform. Data is merged to 05 seconds.
NASA ACT-AMERICA 2017
1, 1
2017, 02, 19, 2018, 02, 22
05
UTC,s
97
1, 1, 1, 1, 1, 1, 1, 1, 1, 1, 1, 1, 1, 1, 1, 1, 1, 1, 1, 1, 1, 1, 1, 1, 1, 1, 1, 1, 1, 1, 1, 1, 1, 1, 1, 1, 1, 1, 1, 1, 1, 1, 1, 1, 1, 1, 1, 1, 1, 1, 1, 1, 1, 1, 1, 1, 1, 1, 1, 1, 1, 1, 1, 1, 1, 1, 1, 1, 1, 1, 1, 1, 1, 1, 1, 1, 1, 1, 1, 1, 1, 1, 1, 1, 1, 1, 1, 1, 1, 1, 1, 1, 1, 1, 1, 1, 1
-999999, -999999, -999999, -999999, -999999, -999999, -999999, -999999, -999999, -999999, -999999, -999999, -999999, -999999, -999999, -999999, -999999, -999999, -999999, -999999, -999999, -999999, -999999, -999999, -999999, -999999, -999999, -999999, -999999, -999999, -999999, -999999, -999999, -999999, -999999, -999999, -999999, -999999, -999999, -999999, -999999, -999999, -999999, -999999, -999999, -999999, -999999, -999999, -999999, -999999, -999999, -999999, -999999, -999999, -999999, -999999, -999999, -999999, -999999, -999999, -999999, -999999, -999999, -999999, -999999, -999999, -999999, -999999, -999999, -999999, -999999, -999999, -999999, -999999, -999999, -999999, -999999, -999999, -999999, -999999, -999999, -999999, -999999, -999999, -999999, -999999, -999999, -999999, -999999, -999999, -999999, -999999, -999999, -999999, -999999, -999999, -999999
JDAY, days
INDEX, none
FLIGHT, none
LOCAL_SUN_TIME, hour
LATITUDE, degs
LONGITUDE, degs
ALTP, km
PRESSURE, hPa
TEMPERATURE, K
THETA, K
O3COLUMN, DU
SZA, deg
GPS_ALT, km
GRD_SPD, m/s
TAS, m/s
IAS, m/s
MachNumber, mach
VerticalSpeed, ft min-1
HDG, degs
TRK, degs
PITCH, degs
ROLL, degs
PotentialTemp, K
Dewpoint, K
TotalAirTemp, K
CabinPressure, hPa
SolarZenithAngle, degs
AircraftSunElevation, degs
SunAzimuth, degs
AircraftSunAzimuth, degs
H2O_MixingRatio, g kg-1
H2O_VaporPressure, hPa
H2O_SatVaporPressureWater, hPa
H2O_SatVaporPressureIce, hPa
H2O_RelativeHumidity, %
DifferentialPressure, hPa
U_WINDS, m s-1
V_WINDS, m s-1
Ground_Elevation, km
Altitude_AGL, km
O3_MixingRatio, ppbv
CO2_MixingRatio_PICARRO, ppmv
CH4_MixingRatio_PICARRO, ppmv
CO_MixingRatio_PICARRO, ppmv
CO2_MoleFraction_PFP, ppm
CH4_MoleFraction_PFP, ppb
CO_MoleFraction_PFP, ppb
N2O_MoleFraction_PFP, ppb
SF6_MoleFraction_PFP, ppt
H2_MoleFraction_PFP, ppb
CH4C13_PFP, per mil
CO2C14_PFP, per mil
F11B_MoleFraction_PFP, ppt
FC12_MoleFraction_PFP, ppt
F13_MoleFraction_PFP, ppt
F113_MoleFraction_PFP, ppt
F115_MoleFraction_PFP, ppt
HF133a_MoleFraction_PFP, ppt
F23_MoleFraction_PFP, ppt
F32_MoleFraction_PFP, ppt
F134A_MoleFraction_PFP, ppt
F152A_MoleFraction_PFP, ppt
F125_MoleFraction_PFP, ppt
F143a_MoleFraction_PFP, ppt
F227e_MoleFraction_PFP, ppt
F365m_MoleFraction_PFP, ppt
H1211_MoleFraction_PFP, ppt
H1301_MoleFraction_PFP, ppt
H2402_MoleFraction_PFP, ppt
MCFA_MoleFraction_PFP, ppt
CF4_MoleFraction_PFP, ppt
C2F6_MoleFraction_PFP, ppt
SO2F2_MoleFraction_PFP, ppt
MEBR_MoleFraction_PFP, ppt
CH3I_MoleFraction_PFP, ppt
DIBR_MoleFraction_PFP, ppt
OCS_MoleFraction_PFP, ppt
MECL_MoleFraction_PFP, ppt
DICL_MoleFraction_PFP, ppt
CLHF_MoleFraction_PFP, ppt
PCE_MoleFraction_PFP, ppt
C2H2_MoleFraction_PFP, ppt
C2H6_MoleFraction_PFP, ppt
C3H8_MoleFraction_PFP, ppt
nC4H10_MoleFraction_PFP, ppt
[...]
[from data line 831]
63677,   50,          1500832.0,         15.000000,  11.15013035,   40.9344612,   261.9207052,   2.266584268,   768.9,   281.3299939,   303.2666469,   288,   53.53097305,   2.1888,   107.7443136,   101.6327664,    -999999,  0.30228,    -999999,  95.84,   89.6,   1.16,   -0.46,   303.2659939,   269.4899939,   286.4699939,   924.3,    -999999,   -999999,   -999999,   -999999,  3.810572,   4.682,   10.89612,   11.79022,   42.97,   50.308,   7.714,   10.828,   0.56418,   1.62462,   47.36,   408.61,   1.91585,   0.113,   408.71,   1918.92,   112.52,   330.03,   9.31,   485.33,   -47.34,    -999999,  232.07,   516.98,   3.41,   71.23,   8.64,   0.53,    -999999,  14.25,   99.92,   10.26,   23.06,   21.02,   1.28,   1.04,   4.6,   3.3,   0.42,   2.54,   83.58,    -999999,  2.51,   7.48,   0.39,   1.01,   520.97,   573.38,   60.62,   11.88,   2.68,   194.14,   5202.37,   3080.62,   1069.35,   416.56,   292.48,   282.45,   115.68,   71.09,   0.2,   0.18,   0.61,    -999999,  102.13,   248.58,          5.3736000  
63682,   50,          1500833.0,         15.000000,  11.15194562,   40.9344968,   261.927101,   2.265962476,   768.96,   281.3879939,   303.3224069,   288,   53.52547759,   2.1879,   107.7546024,   102.0247697,    -999999,  0.3034,    -999999,  95.72,   89.58,   1.26,   -0.46,   303.3239939,   269.5299939,   286.5699939,   924.34,    -999999,   -999999,   -999999,   -999999,  3.821724,   4.69598,   10.93916,   11.8434,   42.926,   50.7,   7.36,   10.804,   0.56258,   1.62532,   47.24,   408.67,   1.9171,   0.11115,   408.71,   1918.92,   112.52,   330.03,   9.31,   485.33,   -47.34,    -999999,  232.07,   516.98,   3.41,   71.23,   8.64,   0.53,    -999999,  14.25,   99.92,   10.26,   23.06,   21.02,   1.28,   1.04,   4.6,   3.3,   0.42,   2.54,   83.58,    -999999,  2.51,   7.48,   0.39,   1.01,   520.97,   573.38,   60.62,   11.88,   2.68,   194.14,   5202.37,   3080.62,   1069.35,   416.56,   292.48,   282.45,   115.68,   71.09,   0.2,   0.18,   0.61,    -999999,  102.13,   248.58,          5.3588000  
63687,   50,          1500834.0,         15.000000,  11.15376075,   40.9345356,   261.9334946,   2.266377004,   768.92,   281.3919939,   303.331227,   288,   53.5199969,   2.18802,   107.7031584,   102.2048237,    -999999,  0.30392,    -999999,  95.56,   89.5,   1.2,   -0.42,   303.3299939,   269.4499939,   286.5899939,   924.22,    -999999,   -999999,   -999999,   -999999,  3.798942,   4.6679,   10.94214,   11.8471,   42.658,   50.88,   7.088,   10.614,   0.56086,   1.62716,   47.28,   408.645,   1.9166,   0.11415,   408.71,   1918.92,   112.52,   330.03,   9.31,   485.33,   -47.34,    -999999,  232.07,   516.98,   3.41,   71.23,   8.64,   0.53,    -999999,  14.25,   99.92,   10.26,   23.06,   21.02,   1.28,   1.04,   4.6,   3.3,   0.42,   2.54,   83.58,    -999999,  2.51,   7.48,   0.39,   1.01,   520.97,   573.38,   60.62,   11.88,   2.68,   194.14,   5202.37,   3080.62,   1069.35,   416.56,   292.48,   282.45,   115.68,   71.09,   0.2,   0.18,   0.61,    -999999,  102.13,   248.58,          5.3510000  
63692,   50,          1500835.0,         15.000000,  11.15557561,   40.9345748,   261.9398842,   2.266584268,   768.9,   281.4359939,   303.3809122,   288,   53.51452865,   2.18836,   107.6414256,   102.1502931,    -999999,  0.30374,    -999999,  95.56,   89.58,   1.2,   -0.12,   303.3819939,   269.4099939,   286.6299939,   924.22,    -999999,   -999999,   -999999,   -999999,  3.78763,   4.65398,   10.9749,   11.88754,   42.406,   50.814,   7.072,   10.47,   0.56134,   1.62702,   48.48,   408.66,   1.9166,   0.10725,    -999999,   -999999,   -999999,   -999999,   -999999,   -999999,   -999999,   -999999,   -999999,   -999999,   -999999,   -999999,   -999999,   -999999,   -999999,   -999999,   -999999,   -999999,   -999999,   -999999,   -999999,   -999999,   -999999,   -999999,   -999999,   -999999,   -999999,   -999999,   -999999,   -999999,   -999999,   -999999,   -999999,   -999999,   -999999,   -999999,   -999999,   -999999,   -999999,   -999999,   -999999,   -999999,   -999999,   -999999,   -999999,   -999999,   -999999,   -999999,   -999999,   -999999,   -999999,   -999999,         5.4140000  
63697,   50,          1500836.0,         15.000000,  11.15739024,   40.9346056,   261.9462702,   2.266584268,   768.9,   281.4239939,   303.3679765,   288,   53.50906429,   2.18846,   107.5282488,   102.2830186,    -999999,  0.30416,    -999999,  95.74,   89.7,   1.28,   0.06,   303.3699939,   269.3699939,   286.6299939,   924.2,    -999999,   -999999,   -999999,   -999999,  3.776258,   4.6401,   10.96594,   11.8765,   42.314,   50.952,   6.89,   10.524,   0.55826,   1.6302,   47.64,   408.776,   1.9187,   0.11175,    -999999,   -999999,   -999999,   -999999,   -999999,   -999999,   -999999,   -999999,   -999999,   -999999,   -999999,   -999999,   -999999,   -999999,   -999999,   -999999,   -999999,   -999999,   -999999,   -999999,   -999999,   -999999,   -999999,   -999999,   -999999,   -999999,   -999999,   -999999,   -999999,   -999999,   -999999,   -999999,   -999999,   -999999,   -999999,   -999999,   -999999,   -999999,   -999999,   -999999,   -999999,   -999999,   -999999,   -999999,   -999999,   -999999,   -999999,   -999999,   -999999,   -999999,   -999999,   -999999,         5.5744000  
63702,   50,          1500837.0,         15.000000,  11.15920428,   40.9346222,   261.9526476,   2.266998796,   768.86,   281.4239939,   303.3724858,   288,   53.50359921,   2.18836,   107.3739168,   102.4671881,    -999999,  0.30472,    -999999,  95.96,   89.9,   1.28,   0,   303.3739939,   269.0499939,   286.6499939,   924.3,    -999999,   -999999,   -999999,   -999999,  3.68644,   4.53016,   10.9659,   11.87648,   41.31,   51.138,   6.578,   10.566,   0.55694,   1.63142,   50.12,   408.915,   1.922241667,   0.1181,    -999999,   -999999,   -999999,   -999999,   -999999,   -999999,   -999999,   -999999,   -999999,   -999999,   -999999,   -999999,   -999999,   -999999,   -999999,   -999999,   -999999,   -999999,   -999999,   -999999,   -999999,   -999999,   -999999,   -999999,   -999999,   -999999,   -999999,   -999999,   -999999,   -999999,   -999999,   -999999,   -999999,   -999999,   -999999,   -999999,   -999999,   -999999,   -999999,   -999999,   -999999,   -999999,   -999999,   -999999,   -999999,   -999999,   -999999,   -999999,   -999999,   -999999,   -999999,   -999999,         5.8246000  
63707,   50,          1500838.0,         15.000000,  11.16101765,   40.9346234,   261.9590148,   2.266791532,   768.88,   281.4339939,   303.3810109,   288,   53.49813258,   2.18812,   107.2298736,   102.3725311,    -999999,  0.30444,    -999999,  96.1,   90.04,   1.18,   -0.3,   303.3819939,   268.8099939,   286.6499939,   924.32,    -999999,   -999999,   -999999,   -999999,  3.61988,   4.44894,   10.97336,   11.88568,   40.544,   51.04,   6.542,   10.54,   0.55406,   1.63406,   50.44,   408.78,   1.91945,   0.1124,    -999999,   -999999,   -999999,   -999999,   -999999,   -999999,   -999999,   -999999,   -999999,   -999999,   -999999,   -999999,   -999999,   -999999,   -999999,   -999999,   -999999,   -999999,   -999999,   -999999,   -999999,   -999999,   -999999,   -999999,   -999999,   -999999,   -999999,   -999999,   -999999,   -999999,   -999999,   -999999,   -999999,   -999999,   -999999,   -999999,   -999999,   -999999,   -999999,   -999999,   -999999,   -999999,   -999999,   -999999,   -999999,   -999999,   -999999,   -999999,   -999999,   -999999,   -999999,   -999999,         5.6044000  
63712,   50,          1500839.0,         15.000000,  11.16283074,   40.9346196,   261.9653778,   2.265755212,   768.98,   281.4819939,   303.4214795,   288,   53.4926732,   2.18774,   107.1887184,   102.3149139,    -999999,  0.3042,    -999999,  96.08,   90.02,   1.1,   -0.62,   303.4199939,   269.1699939,   286.6899939,   924.3,    -999999,   -999999,   -999999,   -999999,  3.719264,   4.57098,   11.00922,   11.93,   41.522,   50.978,   6.564,   10.51,   0.55636,   1.63138,   49.28,   408.815,   1.92065,   0.1090727273,    -999999,   -999999,   -999999,   -999999,   -999999,   -999999,   -999999,   -999999,   -999999,   -999999,   -999999,   -999999,   -999999,   -999999,   -999999,   -999999,   -999999,   -999999,   -999999,   -999999,   -999999,   -999999,   -999999,   -999999,   -999999,   -999999,   -999999,   -999999,   -999999,   -999999,   -999999,   -999999,   -999999,   -999999,   -999999,   -999999,   -999999,   -999999,   -999999,   -999999,   -999999,   -999999,   -999999,   -999999,   -999999,   -999999,   -999999,   -999999,   -999999,   -999999,   -999999,   -999999,         5.5820000  
63717,   50,          1500840.0,         15.000000,  11.16464384,   40.9346216,   261.971741,   2.265340684,   769.02,   281.5059939,   303.4428405,   288,   53.4872306,   2.18718,   107.2298736,   102.2470078,    -999999,  0.30398,    -999999,  95.92,   89.9,   1.2,   -0.82,   303.4459939,   269.0899939,   286.7099939,   924.22,    -999999,   -999999,   -999999,   -999999,  3.696668,   4.54358,   11.02718,   11.9522,   41.204,   50.908,   6.626,   10.498,   0.55528,   1.6319,   49.12,   408.82,   1.9207,   0.1160909091,    -999999,   -999999,   -999999,   -999999,   -999999,   -999999,   -999999,   -999999,   -999999,   -999999,   -999999,   -999999,   -999999,   -999999,   -999999,   -999999,   -999999,   -999999,   -999999,   -999999,   -999999,   -999999,   -999999,   -999999,   -999999,   -999999,   -999999,   -999999,   -999999,   -999999,   -999999,   -999999,   -999999,   -999999,   -999999,   -999999,   -999999,   -999999,   -999999,   -999999,   -999999,   -999999,   -999999,   -999999,   -999999,   -999999,   -999999,   -999999,   -999999,   -999999,   -999999,   -999999,         5.6672000  
63722,   50,          1500841.0,         15.000000,  11.16645696,   40.9346376,   261.9781044,   2.26513342,   769.04,   281.5659939,   303.5052609,   288,   53.4818127,   2.18668,   107.209296,   102.0700404,    -999999,  0.30346,    -999999,  95.64,   89.7,   1.26,   -0.84,   303.5039939,   269.0499939,   286.7499939,   924.2,    -999999,   -999999,   -999999,   -999999,  3.685388,   4.5299,   11.0721,   12.00778,   40.912,   50.718,   6.754,   10.438,   0.55398,   1.6327,   49.26,   408.81,   1.922,   0.1126545455,    -999999,   -999999,   -999999,   -999999,   -999999,   -999999,   -999999,   -999999,   -999999,   -999999,   -999999,   -999999,   -999999,   -999999,   -999999,   -999999,   -999999,   -999999,   -999999,   -999999,   -999999,   -999999,   -999999,   -999999,   -999999,   -999999,   -999999,   -999999,   -999999,   -999999,   -999999,   -999999,   -999999,   -999999,   -999999,   -999999,   -999999,   -999999,   -999999,   -999999,   -999999,   -999999,   -999999,   -999999,   -999999,   -999999,   -999999,   -999999,   -999999,   -999999,   -999999,   -999999,         5.6384000  
63727,   50,          1500842.0,         15.000000,  11.16827001,   40.934671,   261.9844668,   2.26616974,   768.94,   281.5699939,   303.5208495,   288,   53.47642303,   2.18738,   107.157852,   102.0412318,    -999999,  0.30336,    -999999,  95.5,   89.52,   1.28,   -0.5,   303.5179939,   268.9299939,   286.7499939,   924.18,    -999999,   -999999,   -999999,   -999999,  3.65262,   4.4893,   11.0751,   12.0115,   40.536,   50.682,   6.708,   10.378,   0.55338,   1.634,   48.1,   408.94,   1.92415,   0.1092909091,    -999999,   -999999,   -999999,   -999999,   -999999,   -999999,   -999999,   -999999,   -999999,   -999999,   -999999,   -999999,   -999999,   -999999,   -999999,   -999999,   -999999,   -999999,   -999999,   -999999,   -999999,   -999999,   -999999,   -999999,   -999999,   -999999,   -999999,   -999999,   -999999,   -999999,   -999999,   -999999,   -999999,   -999999,   -999999,   -999999,   -999999,   -999999,   -999999,   -999999,   -999999,   -999999,   -999999,   -999999,   -999999,   -999999,   -999999,   -999999,   -999999,   -999999,   -999999,   -999999,         5.6974000  
63732,   50,          1500843.0,         15.000000,  11.17008283,   40.9347108,   261.9908258,   2.26720606,   768.84,   281.5659939,   303.5278163,   288,   53.47105146,   2.18848,   107.1166968,   102.0782715,    -999999,  0.30346,    -999999,  95.52,   89.52,   1.2,   -0.24,   303.5239939,   268.7699939,   286.7499939,   924.24,    -999999,   -999999,   -999999,   -999999,  3.609072,   4.4355,   11.0721,   12.00778,   40.062,   50.714,   6.624,   10.406,   0.552,   1.63648,   50.72,   408.975,   1.9253,   0.1145272727,    -999999,   -999999,   -999999,   -999999,   -999999,   -999999,   -999999,   -999999,   -999999,   -999999,   -999999,   -999999,   -999999,   -999999,   -999999,   -999999,   -999999,   -999999,   -999999,   -999999,   -999999,   -999999,   -999999,   -999999,   -999999,   -999999,   -999999,   -999999,   -999999,   -999999,   -999999,   -999999,   -999999,   -999999,   -999999,   -999999,   -999999,   -999999,   -999999,   -999999,   -999999,   -999999,   -999999,   -999999,   -999999,   -999999,   -999999,   -999999,   -999999,   -999999,   -999999,   -999999,         5.7948000  
63737,   50,          1500844.0,         15.000000,  11.17189551,   40.9347456,   261.9971826,   2.266998796,   768.86,   281.5519939,   303.5104686,   288,   53.46568675,   2.18868,   107.0755416,   102.1801306,    -999999,  0.30378,    -999999,  95.68,   89.64,   1.2,   0,   303.5139939,   268.4299939,   286.7499939,   924.3,    -999999,   -999999,   -999999,   -999999,  3.517662,   4.32386,   11.0616,   11.99476,   39.088,   50.82,   6.508,   10.536,   0.54994,   1.63874,   51.6,   409.2,   1.92955,   0.117,    -999999,   -999999,   -999999,   -999999,   -999999,   -999999,   -999999,   -999999,   -999999,   -999999,   -999999,   -999999,   -999999,   -999999,   -999999,   -999999,   -999999,   -999999,   -999999,   -999999,   -999999,   -999999,   -999999,   -999999,   -999999,   -999999,   -999999,   -999999,   -999999,   -999999,   -999999,   -999999,   -999999,   -999999,   -999999,   -999999,   -999999,   -999999,   -999999,   -999999,   -999999,   -999999,   -999999,   -999999,   -999999,   -999999,   -999999,   -999999,   -999999,   -999999,   -999999,   -999999,         5.9092000  
