inputs/ACTAMERICA_Merge/B200/ACTAMERICA-mrg05-b200_merge_20170219_R0_L2.ict
136, 1001
Shook, Michael
NASA Atmospheric Composition Branch, NASA Langley Research Center (SSAI)
Merged data file for ACT-AMERICA 2017, Flight 15 (20170219), on the b200 platform. Data is merged to 05 seconds.
NASA ACT-AMERICA 2017
1, 1
2017, 02, 19, 2018, 02, 22
05
UTC,s
97
1, 1, 1, 1, 1, 1, 1, 1, 1, 1, 1, 1, 1, 1, 1, 1, 1, 1, 1, 1, 1, 1, 1, 1, 1, 1, 1, 1, 1, 1, 1, 1, 1, 1, 1, 1, 1, 1, 1, 1, 1, 1, 1, 1, 1, 1, 1, 1, 1, 1, 1, 1, 1, 1, 1, 1, 1, 1, 1, 1, 1, 1, 1, 1, 1, 1, 1, 1, 1, 1, 1, 1, 1, 1, 1, 1, 1, 1, 1, 1, 1, 1, 1, 1, 1, 1, 1, 1, 1, 1, 1, 1, 1, 1, 1, 1, 1
-999999, -999999, -999999, -999999, -999999, -999999, -999999, -999999, -999999, -999999, -999999, -999999, -999999, -999999, -999999, -999999, -999999, -999999, -999999, -999999, -999999, -999999, -999999, -999999, -999999, -999999, -999999, -999999, -999999, -999999, -999999, -999999, -999999, -999999, -999999, -999999, -999999, -999999, -999999, -999999, -999999, -999999, -999999, -999999, -999999, -999999, -999999, -999999, -999999, -999999, -999999, -999999, -999999, -999999, -999999, -999999, -999999, -999999, -999999, -999999, -999999, -999999, -999999, -999999, -999999, -999999, -999999, -999999, -999999, -999999, -999999, -999999, -999999, -999999, -999999, -999999, -999999, -999999, -999999, -999999, -999999, -999999, -999999, -999999, -999999, -999999, -999999, -999999, -999999, -999999, -999999, -999999, -999999, -999999, -999999, -999999, -999999
JDAY, days
INDEX, none
FLIGHT, none
LOCAL_SUN_TIME, hour
LATITUDE, degs
LONGITUDE, degs
ALTP, km
PRESSURE, hPa
TEMPERATURE, K
THETA, K
O3COLUMN, DU
SZA, deg
GPS_ALT, km
GRD_SPD, m/s
TAS, m/s
IAS, m/s
MachNumber, mach
VerticalSpeed, ft min-1
HDG, degs
TRK, degs
PITCH, degs
ROLL, degs
PotentialTemp, K
Dewpoint, K
TotalAirTemp, K
CabinPressure, hPa
SolarZenithAngle, degs
AircraftSunElevation, degs
SunAzimuth, degs
AircraftSunAzimuth, degs
H2O_MixingRatio, g kg-1
H2O_VaporPressure, hPa
H2O_SatVaporPressureWater, hPa
H2O_SatVaporPressureIce, hPa
H2O_RelativeHumidity, %
DifferentialPressure, hPa
U_WINDS, m s-1
V_WINDS, m s-1
Ground_Elevation, km
Altitude_AGL, km
O3_MixingRatio, ppbv
CO2_MixingRatio_PICARRO, ppmv
CH4_MixingRatio_PICARRO, ppmv
CO_MixingRatio_PICARRO, ppmv
CO2_MoleFraction_PFP, ppm
CH4_MoleFraction_PFP, ppb
CO_MoleFraction_PFP, ppb
N2O_MoleFraction_PFP, ppb
SF6_MoleFraction_PFP, ppt
H2_MoleFraction_PFP, ppb
CH4C13_PFP, per mil
CO2C14_PFP, per mil
F11B_MoleFraction_PFP, ppt
FC12_MoleFraction_PFP, ppt
F13_MoleFraction_PFP, ppt
F113_MoleFraction_PFP, ppt
F115_MoleFraction_PFP, ppt
HF133a_MoleFraction_PFP, ppt
F23_MoleFraction_PFP, ppt
F32_MoleFraction_PFP, ppt
F134A_MoleFraction_PFP, ppt
F152A_MoleFraction_PFP, ppt
F125_MoleFraction_PFP, ppt
F143a_MoleFraction_PFP, ppt
F227e_MoleFraction_PFP, ppt
F365m_MoleFraction_PFP, ppt
H1211_MoleFraction_PFP, ppt
H1301_MoleFraction_PFP, ppt
H2402_MoleFraction_PFP, ppt
MCFA_MoleFraction_PFP, ppt
CF4_MoleFraction_PFP, ppt
C2F6_MoleFraction_PFP, ppt
SO2F2_MoleFraction_PFP, ppt
MEBR_MoleFraction_PFP, ppt
CH3I_MoleFraction_PFP, ppt
DIBR_MoleFraction_PFP, ppt
OCS_MoleFraction_PFP, ppt
MECL_MoleFraction_PFP, ppt
DICL_MoleFraction_PFP, ppt
CLHF_MoleFraction_PFP, ppt
PCE_MoleFraction_PFP, ppt
C2H2_MoleFraction_PFP, ppt
C2H6_MoleFraction_PFP, ppt
C3H8_MoleFraction_PFP, ppt
nC4H10_MoleFraction_PFP, ppt
[...]
[from data line 1835]
83267,   50,          1504750.0,         15.000000,  16.64730752,   39.789978,   262.7533628,   2.432127246,   753.12,   280.5419939,   304.214243,   290,   82.17865,   2.36122,   122.7042288,   112.9463309,    -999999,  0.33638,    -999999,  16.54,   17.28,   0.42,   -1.46,   304.2139939,   266.8099939,   286.8899939,   862.16,    -999999,   -999999,   -999999,   -999999,  3.172444,   3.82182,   10.3256,   11.0887,   37.012,   61.36,   4.326,   10.22,   0.46598,   1.89524,   46.98,   406.73,   1.88365,   0.1036363636,   406.61,   1884.92,   107.62,   329.73,   9.24,   507.55,   -47.39,    -999999,  232.1,   516.56,   3.37,   71.27,   8.6,   0.49,    -999999,  13.45,   98.64,   8.43,   22.7,   20.76,   1.33,   1.01,   4.43,   3.31,   0.4,   2.51,   83.55,    -999999,  2.46,   7.2,   0.27,   1.01,   515.64,   588.73,   56.77,   11.27,   2.23,   168.16,   1221.76,   329.43,   55.47,   29.35,   9.42,   12.69,   34.87,   20.43,   0.17,   0.15,   0.37,    -999999,  4.25,   246.99,      -999999  
83272,   50,          1504751.0,         15.000000,  16.64883705,   39.795248,   262.7554724,   2.431505454,   753.18,   280.7959939,   304.4827451,   290,   82.19697506,   2.36084,   122.3646984,   112.6500135,    -999999,  0.33534,    -999999,  16.22,   17.06,   0.46,   -0.92,   304.4819939,   266.4499939,   287.1099939,   862.38,    -999999,   -999999,   -999999,   -999999,  3.086146,   3.71868,   10.50646,   11.31052,   35.398,   60.978,   4.664,   10.064,   0.46164,   1.8992,   49.42,   406.79,   1.8835,   0.1050909091,   406.61,   1884.92,   107.62,   329.73,   9.24,   507.55,   -47.39,    -999999,  232.1,   516.56,   3.37,   71.27,   8.6,   0.49,    -999999,  13.45,   98.64,   8.43,   22.7,   20.76,   1.33,   1.01,   4.43,   3.31,   0.4,   2.51,   83.55,    -999999,  2.46,   7.2,   0.27,   1.01,   515.64,   588.73,   56.77,   11.27,   2.23,   168.16,   1221.76,   329.43,   55.47,   29.35,   9.42,   12.69,   34.87,   20.43,   0.17,   0.15,   0.37,    -999999,  4.25,   246.99,      -999999  
83277,   50,          1504752.0,         15.000000,  16.65036539,   39.8005094,   262.7575642,   2.430652014,   753.26,   281.0359939,   304.7337429,   290,   82.2152834,   2.35982,   122.1589224,   112.0954471,    -999999,  0.33356,    -999999,  16.16,   17.06,   0.38,   -0.5,   304.7359939,   264.6299939,   287.2899939,   862.18,    -999999,   -999999,   -999999,   -999999,  2.679608,   3.23124,   10.67978,   11.52352,   30.262,   60.316,   4.966,   10.328,   0.45574,   1.90408,   50.86,   406.81,   1.8837,   0.106,   406.61,   1884.92,   107.62,   329.73,   9.24,   507.55,   -47.39,    -999999,  232.1,   516.56,   3.37,   71.27,   8.6,   0.49,    -999999,  13.45,   98.64,   8.43,   22.7,   20.76,   1.33,   1.01,   4.43,   3.31,   0.4,   2.51,   83.55,    -999999,  2.46,   7.2,   0.27,   1.01,   515.64,   588.73,   56.77,   11.27,   2.23,   168.16,   1221.76,   329.43,   55.47,   29.35,   9.42,   12.69,   34.87,   20.43,   0.17,   0.15,   0.37,    -999999,  4.25,   246.99,      -999999  
83282,   50,          1504753.0,         15.000000,  16.6518942,   39.805762,   262.759663,   2.42916459,   753.4,   281.0779939,   304.7631019,   290,   82.23359265,   2.35946,   122.0045904,   111.9061332,    -999999,  0.333,    -999999,  16.36,   17.22,   0.46,   -0.16,   304.7639939,   264.0299939,   287.3099939,   862.1,    -999999,   -999999,   -999999,   -999999,  2.554208,   3.08128,   10.71038,   11.56118,   28.77,   60.108,   5.124,   10.31,   0.44364,   1.91582,   51.86,   406.87,   1.8837,   0.1160952381,   406.61,   1884.92,   107.62,   329.73,   9.24,   507.55,   -47.39,    -999999,  232.1,   516.56,   3.37,   71.27,   8.6,   0.49,    -999999,  13.45,   98.64,   8.43,   22.7,   20.76,   1.33,   1.01,   4.43,   3.31,   0.4,   2.51,   83.55,    -999999,  2.46,   7.2,   0.27,   1.01,   515.64,   588.73,   56.77,   11.27,   2.23,   168.16,   1221.76,   329.43,   55.47,   29.35,   9.42,   12.69,   34.87,   20.43,   0.17,   0.15,   0.37,    -999999,  4.25,   246.99,      -999999  
83287,   50,          1504754.0,         15.000000,  16.6534244,   39.811002,   262.7617826,   2.43023139,   753.3,   281.1079939,   304.8071897,   290,   82.25191125,   2.35958,   121.8811248,   111.6242201,    -999999,  0.33208,    -999999,  16.62,   17.44,   0.5,   0.04,   304.8079939,   263.9699939,   287.3099939,   862.02,    -999999,   -999999,   -999999,   -999999,  2.54251,   3.06682,   10.73226,   11.58814,   28.574,   59.782,   5.284,   10.398,   0.44592,   1.91366,   50.5,   406.725,   1.8834,   0.1089,   406.61,   1884.92,   107.62,   329.73,   9.24,   507.55,   -47.39,    -999999,  232.1,   516.56,   3.37,   71.27,   8.6,   0.49,    -999999,  13.45,   98.64,   8.43,   22.7,   20.76,   1.33,   1.01,   4.43,   3.31,   0.4,   2.51,   83.55,    -999999,  2.46,   7.2,   0.27,   1.01,   515.64,   588.73,   56.77,   11.27,   2.23,   168.16,   1221.76,   329.43,   55.47,   29.35,   9.42,   12.69,   34.87,   20.43,   0.17,   0.15,   0.37,    -999999,  4.25,   246.99,      -999999  
83292,   50,          1504755.0,         15.000000,  16.65495675,   39.816228,   262.7639346,   2.429170686,   753.4,   281.1599939,   304.8520116,   290,   82.27024697,   2.35912,   121.7473704,   111.3320182,    -999999,  0.3312,    -999999,  17.02,   17.78,   0.6,   0.22,   304.8539939,   264.0099939,   287.3299939,   862.04,    -999999,   -999999,   -999999,   -999999,  2.550196,   3.07646,   10.77034,   11.63504,   28.564,   59.458,   5.422,   10.496,   0.4544,   1.90472,   50.14,   406.765,   1.88385,   0.10785,    -999999,   -999999,   -999999,   -999999,   -999999,   -999999,   -999999,   -999999,   -999999,   -999999,   -999999,   -999999,   -999999,   -999999,   -999999,   -999999,   -999999,   -999999,   -999999,   -999999,   -999999,   -999999,   -999999,   -999999,   -999999,   -999999,   -999999,   -999999,   -999999,   -999999,   -999999,   -999999,   -999999,   -999999,   -999999,   -999999,   -999999,   -999999,   -999999,   -999999,   -999999,   -999999,   -999999,   -999999,   -999999,   -999999,   -999999,   -999999,   -999999,   -999999,   -999999,   -999999,     -999999  
83297,   50,          1504756.0,         15.000000,  16.65649185,   39.821436,   262.7661278,   2.42937795,   753.38,   281.2599939,   304.9627512,   290,   82.28860462,   2.35898,   121.5518832,   110.9811701,    -999999,  0.33012,    -999999,  17.52,   18.2,   0.6,   0.18,   304.9639939,   264.1099939,   287.3899939,   862.16,    -999999,   -999999,   -999999,   -999999,  2.570616,   3.10088,   10.84382,   11.7257,   28.594,   59.05,   5.43,   10.672,   0.44474,   1.91424,   49.52,   406.91,   1.88495,   0.10525,    -999999,   -999999,   -999999,   -999999,   -999999,   -999999,   -999999,   -999999,   -999999,   -999999,   -999999,   -999999,   -999999,   -999999,   -999999,   -999999,   -999999,   -999999,   -999999,   -999999,   -999999,   -999999,   -999999,   -999999,   -999999,   -999999,   -999999,   -999999,   -999999,   -999999,   -999999,   -999999,   -999999,   -999999,   -999999,   -999999,   -999999,   -999999,   -999999,   -999999,   -999999,   -999999,   -999999,   -999999,   -999999,   -999999,   -999999,   -999999,   -999999,   -999999,   -999999,   -999999,     -999999  
83302,   50,          1504757.0,         15.000000,  16.65802976,   39.8266266,   262.768363,   2.42937795,   753.38,   281.2899939,   304.9952794,   290,   82.30698501,   2.35932,   121.4387064,   111.0830292,    -999999,  0.3304,    -999999,  17.92,   18.54,   0.54,   0.06,   304.9959939,   264.3899939,   287.4299939,   862.02,    -999999,   -999999,   -999999,   -999999,  2.62771,   3.16944,   10.86594,   11.753,   29.168,   59.156,   5.24,   10.468,   0.43392,   1.9254,   49.24,   406.902,   1.88425,   0.1108,    -999999,   -999999,   -999999,   -999999,   -999999,   -999999,   -999999,   -999999,   -999999,   -999999,   -999999,   -999999,   -999999,   -999999,   -999999,   -999999,   -999999,   -999999,   -999999,   -999999,   -999999,   -999999,   -999999,   -999999,   -999999,   -999999,   -999999,   -999999,   -999999,   -999999,   -999999,   -999999,   -999999,   -999999,   -999999,   -999999,   -999999,   -999999,   -999999,   -999999,   -999999,   -999999,   -999999,   -999999,   -999999,   -999999,   -999999,   -999999,   -999999,   -999999,   -999999,   -999999,     -999999  
83307,   50,          1504758.0,         15.000000,  16.65957014,   39.8318026,   262.7706354,   2.43001803,   753.32,   281.3399939,   305.0564347,   290,   82.32538575,   2.35984,   121.3461072,   110.9935167,    -999999,  0.33008,    -999999,  18.36,   18.84,   0.46,   -0.08,   305.0579939,   264.6299939,   287.4699939,   862.02,    -999999,   -999999,   -999999,   -999999,  2.67772,   3.22926,   10.90294,   11.79868,   29.616,   59.042,   5.006,   10.538,   0.42976,   1.93008,   49.38,   406.962,   1.884190909,   0.11495,    -999999,   -999999,   -999999,   -999999,   -999999,   -999999,   -999999,   -999999,   -999999,   -999999,   -999999,   -999999,   -999999,   -999999,   -999999,   -999999,   -999999,   -999999,   -999999,   -999999,   -999999,   -999999,   -999999,   -999999,   -999999,   -999999,   -999999,   -999999,   -999999,   -999999,   -999999,   -999999,   -999999,   -999999,   -999999,   -999999,   -999999,   -999999,   -999999,   -999999,   -999999,   -999999,   -999999,   -999999,   -999999,   -999999,   -999999,   -999999,   -999999,   -999999,   -999999,   -999999,     -999999  
83312,   50,          1504759.0,         15.000000,  16.66111265,   39.836969,   262.7729398,   2.43044475,   753.28,   281.3879939,   305.11311,   290,   82.34380501,   2.36012,   121.40784,   110.9256106,    -999999,  0.32986,    -999999,  18.5,   19.06,   0.34,   -0.46,   305.1099939,   264.6099939,   287.5099939,   861.9,    -999999,   -999999,   -999999,   -999999,  2.673736,   3.2243,   10.93858,   11.84266,   29.476,   58.956,   4.9,   10.67,   0.43006,   1.93006,   48.42,   406.885,   1.883558333,   0.1055,    -999999,   -999999,   -999999,   -999999,   -999999,   -999999,   -999999,   -999999,   -999999,   -999999,   -999999,   -999999,   -999999,   -999999,   -999999,   -999999,   -999999,   -999999,   -999999,   -999999,   -999999,   -999999,   -999999,   -999999,   -999999,   -999999,   -999999,   -999999,   -999999,   -999999,   -999999,   -999999,   -999999,   -999999,   -999999,   -999999,   -999999,   -999999,   -999999,   -999999,   -999999,   -999999,   -999999,   -999999,   -999999,   -999999,   -999999,   -999999,   -999999,   -999999,   -999999,   -999999,     -999999  
83317,   50,          1504760.0,         15.000000,  16.6626565,   39.8421342,   262.7752642,   2.43108483,   753.22,   281.4079939,   305.1417407,   290,   82.36223731,   2.35998,   121.510728,   110.9153218,    -999999,  0.32982,    -999999,  18.5,   19.18,   0.24,   -0.64,   305.1419939,   264.3899939,   287.5299939,   862.06,    -999999,   -999999,   -999999,   -999999,  2.628184,   3.16936,   10.95344,   11.86102,   28.936,   58.934,   5.082,   10.738,   0.42866,   1.93132,   51.1,   406.865,   1.883641667,   0.10385,    -999999,   -999999,   -999999,   -999999,   -999999,   -999999,   -999999,   -999999,   -999999,   -999999,   -999999,   -999999,   -999999,   -999999,   -999999,   -999999,   -999999,   -999999,   -999999,   -999999,   -999999,   -999999,   -999999,   -999999,   -999999,   -999999,   -999999,   -999999,   -999999,   -999999,   -999999,   -999999,   -999999,   -999999,   -999999,   -999999,   -999999,   -999999,   -999999,   -999999,   -999999,   -999999,   -999999,   -999999,   -999999,   -999999,   -999999,   -999999,   -999999,   -999999,   -999999,   -999999,     -999999  
83322,   50,          1504761.0,         15.000000,  16.66420107,   39.8473044,   262.7775994,   2.43044475,   753.28,   281.3259939,   305.0458824,   290,   82.38067838,   2.35928,   121.7473704,   110.5541849,    -999999,  0.3288,    -999999,  18.28,   19.2,   0.26,   -0.86,   305.0499939,   264.2899939,   287.4099939,   862.02,    -999999,   -999999,   -999999,   -999999,  2.607422,   3.14466,   10.89262,   11.78584,   28.87,   58.562,   5.59,   11.166,   0.4363,   1.92298,   51.18,   406.865,   1.8844,   0.1055909091,    -999999,   -999999,   -999999,   -999999,   -999999,   -999999,   -999999,   -999999,   -999999,   -999999,   -999999,   -999999,   -999999,   -999999,   -999999,   -999999,   -999999,   -999999,   -999999,   -999999,   -999999,   -999999,   -999999,   -999999,   -999999,   -999999,   -999999,   -999999,   -999999,   -999999,   -999999,   -999999,   -999999,   -999999,   -999999,   -999999,   -999999,   -999999,   -999999,   -999999,   -999999,   -999999,   -999999,   -999999,   -999999,   -999999,   -999999,   -999999,   -999999,   -999999,   -999999,   -999999,     -999999  
83327,   50,          1504762.0,         15.000000,  16.66574575,   39.8524852,   262.7799362,   2.42959131,   753.36,   281.2959939,   305.0040985,   290,   82.39912372,   2.35836,   121.9531464,   110.8412424,    -999999,  0.32966,    -999999,  18.06,   19.12,   0.3,   -1.02,   305.0059939,   264.1099939,   287.4099939,   862.16,    -999999,   -999999,   -999999,   -999999,  2.570654,   3.10086,   10.87044,   11.75852,   28.528,   58.888,   5.846,   11,   0.43232,   1.92604,   50.04,   406.818,   1.884722222,   0.1015727273,    -999999,   -999999,   -999999,   -999999,   -999999,   -999999,   -999999,   -999999,   -999999,   -999999,   -999999,   -999999,   -999999,   -999999,   -999999,   -999999,   -999999,   -999999,   -999999,   -999999,   -999999,   -999999,   -999999,   -999999,   -999999,   -999999,   -999999,   -999999,   -999999,   -999999,   -999999,   -999999,   -999999,   -999999,   -999999,   -999999,   -999999,   -999999,   -999999,   -999999,   -999999,   -999999,   -999999,   -999999,   -999999,   -999999,   -999999,   -999999,   -999999,   -999999,   -999999,   -999999,     -999999  
83332,   50,          1504763.0,         15.000000,  16.66728992,   39.8576754,   262.7822654,   2.42916459,   753.4,   281.2359939,   304.9344158,   290,   82.41756631,   2.3582,   122.0560344,   111.0202675,    -999999,  0.33022,    -999999,  17.82,   19.02,   0.3,   -1.16,   304.9339939,   263.9899939,   287.3699939,   862,    -999999,   -999999,   -999999,   -999999,  2.546382,   3.07186,   10.82614,   11.70386,   28.374,   59.1,   6.07,   10.888,   0.4204,   1.9378,   49.24,   406.76,   1.8831,   0.1037727273,    -999999,   -999999,   -999999,   -999999,   -999999,   -999999,   -999999,   -999999,   -999999,   -999999,   -999999,   -999999,   -999999,   -999999,   -999999,   -999999,   -999999,   -999999,   -999999,   -999999,   -999999,   -999999,   -999999,   -999999,   -999999,   -999999,   -999999,   -999999,   -999999,   -999999,   -999999,   -999999,   -999999,   -999999,   -999999,   -999999,   -999999,   -999999,   -999999,   -999999,   -999999,   -999999,   -999999,   -999999,   -999999,   -999999,   -999999,   -999999,   -999999,   -999999,   -999999,   -999999,     -999999  
