inputs/ACTAMERICA_Merge/B200/ACTAMERICA-mrg05-b200_merge_20170213_R0_L2.ict
136, 1001
Shook, Michael
NASA Atmospheric Composition Branch, NASA Langley Research Center (SSAI)
Merged data file for ACT-AMERICA 2017, Flight 11 (20170213), on the b200 platform. Data is merged to 05 seconds.
NASA ACT-AMERICA 2017
1, 1
2017, 02, 13, 2018, 02, 22
05
UTC,s
97
1, 1, 1, 1, 1, 1, 1, 1, 1, 1, 1, 1, 1, 1, 1, 1, 1, 1, 1, 1, 1, 1, 1, 1, 1, 1, 1, 1, 1, 1, 1, 1, 1, 1, 1, 1, 1, 1, 1, 1, 1, 1, 1, 1, 1, 1, 1, 1, 1, 1, 1, 1, 1, 1, 1, 1, 1, 1, 1, 1, 1, 1, 1, 1, 1, 1, 1, 1, 1, 1, 1, 1, 1, 1, 1, 1, 1, 1, 1, 1, 1, 1, 1, 1, 1, 1, 1, 1, 1, 1, 1, 1, 1, 1, 1, 1, 1
-999999, -999999, -999999, -999999, -999999, -999999, -999999, -999999, -999999, -999999, -999999, -999999, -999999, -999999, -999999, -999999, -999999, -999999, -999999, -999999, -999999, -999999, -999999, -999999, -999999, -999999, -999999, -999999, -999999, -999999, -999999, -999999, -999999, -999999, -999999, -999999, -999999, -999999, -999999, -999999, -999999, -999999, -999999, -999999, -999999, -999999, -999999, -999999, -999999, -999999, -999999, -999999, -999999, -999999, -999999, -999999, -999999, -999999, -999999, -999999, -999999, -999999, -999999, -999999, -999999, -999999, -999999, -999999, -999999, -999999, -999999, -999999, -999999, -999999, -999999, -999999, -999999, -999999, -999999, -999999, -999999, -999999, -999999, -999999, -999999, -999999, -999999, -999999, -999999, -999999, -999999, -999999, -999999, -999999, -999999, -999999, -999999
JDAY, days
INDEX, none
FLIGHT, none
LOCAL_SUN_TIME, hour
LATITUDE, degs
LONGITUDE, degs
ALTP, km
PRESSURE, hPa
TEMPERATURE, K
THETA, K
O3COLUMN, DU
SZA, deg
GPS_ALT, km
GRD_SPD, m/s
TAS, m/s
IAS, m/s
MachNumber, mach
VerticalSpeed, ft min-1
HDG, degs
TRK, degs
PITCH, degs
ROLL, degs
PotentialTemp, K
Dewpoint, K
TotalAirTemp, K
CabinPressure, hPa
SolarZenithAngle, degs
AircraftSunElevation, degs
SunAzimuth, degs
AircraftSunAzimuth, degs
H2O_MixingRatio, g kg-1
H2O_VaporPressure, hPa
H2O_SatVaporPressureWater, hPa
H2O_SatVaporPressureIce, hPa
H2O_RelativeHumidity, %
DifferentialPressure, hPa
U_WINDS, m s-1
V_WINDS, m s-1
Ground_Elevation, km
Altitude_AGL, km
O3_MixingRatio, ppbv
CO2_MixingRatio_PICARRO, ppmv
CH4_MixingRatio_PICARRO, ppmv
CO_MixingRatio_PICARRO, ppmv
CO2_MoleFraction_PFP, ppm
CH4_MoleFraction_PFP, ppb
CO_MoleFraction_PFP, ppb
N2O_MoleFraction_PFP, ppb
SF6_MoleFraction_PFP, ppt
H2_MoleFraction_PFP, ppb
CH4C13_PFP, per mil
CO2C14_PFP, per mil
F11B_MoleFraction_PFP, ppt
FC12_MoleFraction_PFP, ppt
F13_MoleFraction_PFP, ppt
F113_MoleFraction_PFP, ppt
F115_MoleFraction_PFP, ppt
HF133a_MoleFraction_PFP, ppt
F23_MoleFraction_PFP, ppt
F32_MoleFraction_PFP, ppt
F134A_MoleFraction_PFP, ppt
F152A_MoleFraction_PFP, ppt
F125_MoleFraction_PFP, ppt
F143a_MoleFraction_PFP, ppt
F227e_MoleFraction_PFP, ppt
F365m_MoleFraction_PFP, ppt
H1211_MoleFraction_PFP, ppt
H1301_MoleFraction_PFP, ppt
H2402_MoleFraction_PFP, ppt
MCFA_MoleFraction_PFP, ppt
CF4_MoleFraction_PFP, ppt
C2F6_MoleFraction_PFP, ppt
SO2F2_MoleFraction_PFP, ppt
MEBR_MoleFraction_PFP, ppt
CH3I_MoleFraction_PFP, ppt
DIBR_MoleFraction_PFP, ppt
OCS_MoleFraction_PFP, ppt
MECL_MoleFraction_PFP, ppt
DICL_MoleFraction_PFP, ppt
CLHF_MoleFraction_PFP, ppt
PCE_MoleFraction_PFP, ppt
C2H2_MoleFraction_PFP, ppt
C2H6_MoleFraction_PFP, ppt
C3H8_MoleFraction_PFP, ppt
nC4H10_MoleFraction_PFP, ppt
[...]
[from data line 2038]
74987,   44,          1105105.0,         11.000000,  14.04308855,   44.4282834,   258.1900782,   2.924421924,   707.74,   267.5079939,   295.277247,   337.375,   64.1539507,   2.86474,   125.0500752,   106.4510115,    -999999,  0.3247,    -999999,  130.84,   132.16,   1.64,   -1.06,   295.2779939,   251.5499939,   273.1499939,   748.68,    -999999,   -999999,   -999999,   -999999,  0.96515,   1.0965,   4.03042,   3.8154,   28.74,   53.614,   13.082,   -15.114,   0.71796,   2.14678,   53.3,   407.94,   1.8979,   0.1220095238,    -999999,   -999999,   -999999,   -999999,   -999999,   -999999,   -999999,   -999999,   -999999,   -999999,   -999999,   -999999,   -999999,   -999999,   -999999,   -999999,   -999999,   -999999,   -999999,   -999999,   -999999,   -999999,   -999999,   -999999,   -999999,   -999999,   -999999,   -999999,   -999999,   -999999,   -999999,   -999999,   -999999,   -999999,   -999999,   -999999,   -999999,   -999999,   -999999,   -999999,   -999999,   -999999,   -999999,   -999999,   -999999,   -999999,   -999999,   -999999,   -999999,   -999999,   -999999,   -999999,         1.3125000  
74992,   44,          1105106.0,         11.000000,  14.04486389,   44.4245058,   258.195875,   2.924647476,   707.72,   267.5919939,   295.3723516,   337.375,   64.16128268,   2.86544,   124.6076568,   105.6865536,    -999999,  0.3223,    -999999,  130.8,   132.4,   1.68,   -1.34,   295.3719939,   251.9299939,   273.1499939,   748.6,    -999999,   -999999,   -999999,   -999999,  0.99778,   1.13352,   4.05622,   3.84306,   29.496,   52.808,   12.914,   -15.792,   0.7376,   2.12784,   49.86,   407.956,   1.898322222,   0.1206666667,    -999999,   -999999,   -999999,   -999999,   -999999,   -999999,   -999999,   -999999,   -999999,   -999999,   -999999,   -999999,   -999999,   -999999,   -999999,   -999999,   -999999,   -999999,   -999999,   -999999,   -999999,   -999999,   -999999,   -999999,   -999999,   -999999,   -999999,   -999999,   -999999,   -999999,   -999999,   -999999,   -999999,   -999999,   -999999,   -999999,   -999999,   -999999,   -999999,   -999999,   -999999,   -999999,   -999999,   -999999,   -999999,   -999999,   -999999,   -999999,   -999999,   -999999,   -999999,   -999999,         1.2538000  
74997,   44,          1105107.0,         11.000000,  14.04663687,   44.420726,   258.2016364,   2.925756948,   707.62,   267.6559939,   295.4549243,   337.375,   64.16860811,   2.86618,   124.23726,   105.0609946,    -999999,  0.32034,    -999999,  130.84,   132.58,   1.74,   -1.14,   295.4579939,   252.2299939,   273.1499939,   748.64,    -999999,   -999999,   -999999,   -999999,  1.02432,   1.16344,   4.07606,   3.86418,   30.108,   52.148,   12.99,   -16.094,   0.74974,   2.11644,   51.56,   407.955,   1.89825,   0.1198545455,    -999999,   -999999,   -999999,   -999999,   -999999,   -999999,   -999999,   -999999,   -999999,   -999999,   -999999,   -999999,   -999999,   -999999,   -999999,   -999999,   -999999,   -999999,   -999999,   -999999,   -999999,   -999999,   -999999,   -999999,   -999999,   -999999,   -999999,   -999999,   -999999,   -999999,   -999999,   -999999,   -999999,   -999999,   -999999,   -999999,   -999999,   -999999,   -999999,   -999999,   -999999,   -999999,   -999999,   -999999,   -999999,   -999999,   -999999,   -999999,   -999999,   -999999,   -999999,   -999999,         1.2907500  
75002,   44,          1105108.0,         11.000000,  14.04840769,   44.4169402,   258.2073654,   2.9259825,   707.6,   267.7259939,   295.5345811,   337.375,   64.17592497,   2.86736,   124.0520616,   104.4014825,    -999999,  0.31828,    -999999,  130.98,   132.76,   1.66,   -1.54,   295.5339939,   252.4299939,   273.1499939,   748.48,    -999999,   -999999,   -999999,   -999999,  1.042298,   1.18376,   4.09776,   3.88746,   30.45,   51.464,   13.162,   -16.526,   0.74946,   2.1179,   51.12,   407.865,   1.8989,   0.1187142857,    -999999,   -999999,   -999999,   -999999,   -999999,   -999999,   -999999,   -999999,   -999999,   -999999,   -999999,   -999999,   -999999,   -999999,   -999999,   -999999,   -999999,   -999999,   -999999,   -999999,   -999999,   -999999,   -999999,   -999999,   -999999,   -999999,   -999999,   -999999,   -999999,   -999999,   -999999,   -999999,   -999999,   -999999,   -999999,   -999999,   -999999,   -999999,   -999999,   -999999,   -999999,   -999999,   -999999,   -999999,   -999999,   -999999,   -999999,   -999999,   -999999,   -999999,   -999999,   -999999,         1.2606000  
75007,   44,          1105109.0,         11.000000,  14.0501777,   44.4131538,   258.2130822,   2.927091972,   707.5,   267.7939939,   295.6215815,   337.375,   64.18324572,   2.86824,   124.0726392,   104.1133961,    -999999,  0.31736,    -999999,  130.94,   132.7,   1.54,   -1.9,   295.6239939,   252.5499939,   273.1899939,   748.48,    -999999,   -999999,   -999999,   -999999,  1.053352,   1.1962,   4.119,   3.91018,   30.592,   51.152,   13.204,   -16.842,   0.75186,   2.11638,   49.88,   407.89,   1.8982,   0.1128857143,    -999999,   -999999,   -999999,   -999999,   -999999,   -999999,   -999999,   -999999,   -999999,   -999999,   -999999,   -999999,   -999999,   -999999,   -999999,   -999999,   -999999,   -999999,   -999999,   -999999,   -999999,   -999999,   -999999,   -999999,   -999999,   -999999,   -999999,   -999999,   -999999,   -999999,   -999999,   -999999,   -999999,   -999999,   -999999,   -999999,   -999999,   -999999,   -999999,   -999999,   -999999,   -999999,   -999999,   -999999,   -999999,   -999999,   -999999,   -999999,   -999999,   -999999,   -999999,   -999999,         1.2372000  
75012,   44,          1105110.0,         11.000000,  14.05194812,   44.4093702,   258.2188052,   2.92820754,   707.4,   267.8219939,   295.6644317,   337.375,   64.19058043,   2.86938,   124.0932168,   104.0331435,    -999999,  0.31712,    -999999,  130.82,   132.7,   1.46,   -1.8,   295.6679939,   252.4899939,   273.2099939,   748.26,    -999999,   -999999,   -999999,   -999999,  1.048038,   1.18996,   4.1278,   3.9196,   30.36,   51.058,   13.372,   -16.892,   0.7524,   2.11698,   51.44,   407.88,   1.8985,   0.1147333333,   408.44,   1900.77,   118.12,   329.47,   9.3,   514.19,   -47.43,    -999999,  231.84,   516.72,   3.37,   71.06,   8.6,   0.53,    -999999,  14.29,   99.26,   8.71,   22.98,   20.8,   1.3,   1.09,   4.38,   3.35,   0.42,   2.56,   83.97,    -999999,  2.5,   7.16,   0.27,   1.12,   523.05,   591.58,   69.46,   13.73,   2.62,   251.66,   1378.35,   358.46,   68.5,   43.78,   12.22,   16.05,   59.65,   27.07,   0.21,   0.16,   0.7,    -999999,  5.08,   249.82,          1.2686000  
75017,   44,          1105111.0,         11.000000,  14.05371901,   44.4055834,   258.2245352,   2.929109748,   707.32,   267.8499939,   295.7048976,   337.375,   64.19792444,   2.87026,   124.3195704,   104.1720423,    -999999,  0.31754,    -999999,  130.82,   132.7,   1.3,   -1.66,   295.7059939,   252.3499939,   273.2499939,   748.38,    -999999,   -999999,   -999999,   -999999,  1.035492,   1.1756,   4.13654,   3.92896,   29.922,   51.188,   13.334,   -17.024,   0.75364,   2.11662,   53.62,   407.9,   1.8981,   0.1181,   408.44,   1900.77,   118.12,   329.47,   9.3,   514.19,   -47.43,    -999999,  231.84,   516.72,   3.37,   71.06,   8.6,   0.53,    -999999,  14.29,   99.26,   8.71,   22.98,   20.8,   1.3,   1.09,   4.38,   3.35,   0.42,   2.56,   83.97,    -999999,  2.5,   7.16,   0.27,   1.12,   523.05,   591.58,   69.46,   13.73,   2.62,   251.66,   1378.35,   358.46,   68.5,   43.78,   12.22,   16.05,   59.65,   27.07,   0.21,   0.16,   0.7,    -999999,  5.08,   249.82,          1.2575000  
75022,   44,          1105112.0,         11.000000,  14.0554908,   44.4017898,   258.2302786,   2.930444772,   707.2,   267.8219939,   295.6883194,   337.375,   64.20527727,   2.87048,   124.6076568,   104.4128002,    -999999,  0.31824,    -999999,  130.74,   132.64,   1.16,   -2,   295.6919939,   252.1699939,   273.2499939,   748.3,    -999999,   -999999,   -999999,   -999999,  1.019588,   1.1574,   4.12774,   3.91954,   29.532,   51.426,   13.356,   -17.092,   0.75886,   2.11162,   53.82,   407.94,   1.89865,   0.1124904762,   408.44,   1900.77,   118.12,   329.47,   9.3,   514.19,   -47.43,    -999999,  231.84,   516.72,   3.37,   71.06,   8.6,   0.53,    -999999,  14.29,   99.26,   8.71,   22.98,   20.8,   1.3,   1.09,   4.38,   3.35,   0.42,   2.56,   83.97,    -999999,  2.5,   7.16,   0.27,   1.12,   523.05,   591.58,   69.46,   13.73,   2.62,   251.66,   1378.35,   358.46,   68.5,   43.78,   12.22,   16.05,   59.65,   27.07,   0.21,   0.16,   0.7,    -999999,  5.08,   249.82,          1.2676000  
75027,   44,          1105113.0,         11.000000,  14.05726399,   44.3979902,   258.2360432,   2.929780308,   707.26,   267.8459939,   295.7076487,   337.375,   64.21264271,   2.87032,   124.9986312,   104.5949119,    -999999,  0.31882,    -999999,  130.68,   132.6,   1.12,   -1.5,   295.7059939,   252.0099939,   273.2899939,   748.44,    -999999,   -999999,   -999999,   -999999,  1.005378,   1.1414,   4.1353,   3.92766,   29.06,   51.61,   13.504,   -17.182,   0.75238,   2.11794,   52.44,   407.934,   1.898444444,   0.11605,   408.44,   1900.77,   118.12,   329.47,   9.3,   514.19,   -47.43,    -999999,  231.84,   516.72,   3.37,   71.06,   8.6,   0.53,    -999999,  14.29,   99.26,   8.71,   22.98,   20.8,   1.3,   1.09,   4.38,   3.35,   0.42,   2.56,   83.97,    -999999,  2.5,   7.16,   0.27,   1.12,   523.05,   591.58,   69.46,   13.73,   2.62,   251.66,   1378.35,   358.46,   68.5,   43.78,   12.22,   16.05,   59.65,   27.07,   0.21,   0.16,   0.7,    -999999,  5.08,   249.82,          1.2600000  
75032,   44,          1105114.0,         11.000000,  14.05903781,   44.3941752,   258.2418172,   2.930444772,   707.2,   267.8479939,   295.7170246,   337.375,   64.22000827,   2.86992,   125.317584,   104.9745687,    -999999,  0.31998,    -999999,  130.86,   132.72,   1.1,   -1.44,   295.7159939,   251.8899939,   273.3299939,   748.28,    -999999,   -999999,   -999999,   -999999,  0.994996,   1.12952,   4.13594,   3.92834,   28.752,   51.992,   13.58,   -17.038,   0.75438,   2.11554,   53.48,   407.93,   1.89885,   0.1213,   408.44,   1900.77,   118.12,   329.47,   9.3,   514.19,   -47.43,    -999999,  231.84,   516.72,   3.37,   71.06,   8.6,   0.53,    -999999,  14.29,   99.26,   8.71,   22.98,   20.8,   1.3,   1.09,   4.38,   3.35,   0.42,   2.56,   83.97,    -999999,  2.5,   7.16,   0.27,   1.12,   523.05,   591.58,   69.46,   13.73,   2.62,   251.66,   1378.35,   358.46,   68.5,   43.78,   12.22,   16.05,   59.65,   27.07,   0.21,   0.16,   0.7,    -999999,  5.08,   249.82,          1.3023333  
75037,   44,          1105115.0,         11.000000,  14.06081205,   44.3903446,   258.2475974,   2.929554756,   707.28,   267.9399939,   295.8090367,   337.375,   64.22737254,   2.86992,   125.5850928,   105.0476191,    -999999,  0.32014,    -999999,  131.02,   132.8,   1.04,   -1.68,   295.8099939,   251.8499939,   273.4299939,   748.22,    -999999,   -999999,   -999999,   -999999,  0.991408,   1.1256,   4.1649,   3.95936,   28.43,   52.054,   13.778,   -17.148,   0.7601,   2.10982,   52.92,   407.905,   1.8983,   0.12045,   408.44,   1900.77,   118.12,   329.47,   9.3,   514.19,   -47.43,    -999999,  231.84,   516.72,   3.37,   71.06,   8.6,   0.53,    -999999,  14.29,   99.26,   8.71,   22.98,   20.8,   1.3,   1.09,   4.38,   3.35,   0.42,   2.56,   83.97,    -999999,  2.5,   7.16,   0.27,   1.12,   523.05,   591.58,   69.46,   13.73,   2.62,   251.66,   1378.35,   358.46,   68.5,   43.78,   12.22,   16.05,   59.65,   27.07,   0.21,   0.16,   0.7,    -999999,  5.08,   249.82,          1.3066000  
75042,   44,          1105116.0,         11.000000,  14.0625872,   44.3865046,   258.2533914,   2.92799418,   707.42,   268.0039939,   295.8629622,   337.375,   64.23474371,   2.86936,   125.9452008,   105.1679981,    -999999,  0.32044,    -999999,  130.92,   132.7,   1,   -1.86,   295.8659939,   251.9899939,   273.5099939,   748.08,    -999999,   -999999,   -999999,   -999999,  1.0034,   1.1394,   4.18516,   3.98112,   28.62,   52.172,   13.822,   -17.396,   0.75934,   2.11002,   51.84,   407.895,   1.89835,   0.1169,   408.44,   1900.77,   118.12,   329.47,   9.3,   514.19,   -47.43,    -999999,  231.84,   516.72,   3.37,   71.06,   8.6,   0.53,    -999999,  14.29,   99.26,   8.71,   22.98,   20.8,   1.3,   1.09,   4.38,   3.35,   0.42,   2.56,   83.97,    -999999,  2.5,   7.16,   0.27,   1.12,   523.05,   591.58,   69.46,   13.73,   2.62,   251.66,   1378.35,   358.46,   68.5,   43.78,   12.22,   16.05,   59.65,   27.07,   0.21,   0.16,   0.7,    -999999,  5.08,   249.82,          1.3148000  
75047,   44,          1105117.0,         11.000000,  14.06436341,   44.3826574,   258.2592012,   2.927762532,   707.44,   268.0299939,   295.8892749,   337.375,   64.24212442,   2.8687,   126.1715544,   105.3274745,    -999999,  0.32092,    -999999,  130.96,   132.74,   1.1,   -1.6,   295.8859939,   252.1299939,   273.5499939,   748.22,    -999999,   -999999,   -999999,   -999999,  1.015698,   1.1534,   4.1934,   3.99,   28.91,   52.332,   14.022,   -17.336,   0.75776,   2.11094,   53.18,   407.828,   1.898944444,   0.1151,    -999999,   -999999,   -999999,   -999999,   -999999,   -999999,   -999999,   -999999,   -999999,   -999999,   -999999,   -999999,   -999999,   -999999,   -999999,   -999999,   -999999,   -999999,   -999999,   -999999,   -999999,   -999999,   -999999,   -999999,   -999999,   -999999,   -999999,   -999999,   -999999,   -999999,   -999999,   -999999,   -999999,   -999999,   -999999,   -999999,   -999999,   -999999,   -999999,   -999999,   -999999,   -999999,   -999999,   -999999,   -999999,   -999999,   -999999,   -999999,   -999999,   -999999,   -999999,   -999999,         1.3190000  
