inputs/ACTAMERICA_Merge/B200/ACTAMERICA-mrg05-b200_merge_20170216_R0.ict
136, 1001
Shook, Michael
NASA Atmospheric Composition Branch, NASA Langley Research Center (SSAI)
Merged data file for ACT-AMERICA 2017, Flight 13 (20170216), on the b200 platform. Data is merged to 05 seconds.
NASA ACT-AMERICA 2017
1, 1
2017, 02, 16, 2018, 02, 22
05
UTC,s
97
1, 1, 1, 1, 1, 1, 1, 1, 1, 1, 1, 1, 1, 1, 1, 1, 1, 1, 1, 1, 1, 1, 1, 1, 1, 1, 1, 1, 1, 1, 1, 1, 1, 1, 1, 1, 1, 1, 1, 1, 1, 1, 1, 1, 1, 1, 1, 1, 1, 1, 1, 1, 1, 1, 1, 1, 1, 1, 1, 1, 1, 1, 1, 1, 1, 1, 1, 1, 1, 1, 1, 1, 1, 1, 1, 1, 1, 1, 1, 1, 1, 1, 1, 1, 1, 1, 1, 1, 1, 1, 1, 1, 1, 1, 1, 1, 1
-999999, -999999, -999999, -999999, -999999, -999999, -999999, -999999, -999999, -999999, -999999, -999999, -999999, -999999, -999999, -999999, -999999, -999999, -999999, -999999, -999999, -999999, -999999, -999999, -999999, -999999, -999999, -999999, -999999, -999999, -999999, -999999, -999999, -999999, -999999, -999999, -999999, -999999, -999999, -999999, -999999, -999999, -999999, -999999, -999999, -999999, -999999, -999999, -999999, -999999, -999999, -999999, -999999, -999999, -999999, -999999, -999999, -999999, -999999, -999999, -999999, -999999, -999999, -999999, -999999, -999999, -999999, -999999, -999999, -999999, -999999, -999999, -999999, -999999, -999999, -999999, -999999, -999999, -999999, -999999, -999999, -999999, -999999, -999999, -999999, -999999, -999999, -999999, -999999, -999999, -999999, -999999, -999999, -999999, -999999, -999999, -999999
JDAY, days
INDEX, none
FLIGHT, none
LOCAL_SUN_TIME, hour
LATITUDE, degs
LONGITUDE, degs
ALTP, km
PRESSURE, hPa
TEMPERATURE, K
THETA, K
O3COLUMN, DU
SZA, deg
GPS_ALT, km
GRD_SPD, m/s
TAS, m/s
IAS, m/s
MachNumber, mach
VerticalSpeed, ft min-1
HDG, degs
TRK, degs
PITCH, degs
ROLL, degs
PotentialTemp, K
Dewpoint, K
TotalAirTemp, K
CabinPressure, hPa
SolarZenithAngle, degs
AircraftSunElevation, degs
SunAzimuth, degs
AircraftSunAzimuth, degs
H2O_MixingRatio, g kg-1
H2O_VaporPressure, hPa
H2O_SatVaporPressureWater, hPa
H2O_SatVaporPressureIce, hPa
H2O_RelativeHumidity, %
DifferentialPressure, hPa
U_WINDS, m s-1
V_WINDS, m s-1
Ground_Elevation, km
Altitude_AGL, km
O3_MixingRatio, ppbv
CO2_MixingRatio_PICARRO, ppmv
CH4_MixingRatio_PICARRO, ppmv
CO_MixingRatio_PICARRO, ppmv
CO2_MoleFraction_PFP, ppm
CH4_MoleFraction_PFP, ppb
CO_MoleFraction_PFP, ppb
N2O_MoleFraction_PFP, ppb
SF6_MoleFraction_PFP, ppt
H2_MoleFraction_PFP, ppb
CH4C13_PFP, per mil
CO2C14_PFP, per mil
F11B_MoleFraction_PFP, ppt
FC12_MoleFraction_PFP, ppt
F13_MoleFraction_PFP, ppt
F113_MoleFraction_PFP, ppt
F115_MoleFraction_PFP, ppt
HF133a_MoleFraction_PFP, ppt
F23_MoleFraction_PFP, ppt
F32_MoleFraction_PFP, ppt
F134A_MoleFraction_PFP, ppt
F152A_MoleFraction_PFP, ppt
F125_MoleFraction_PFP, ppt
F143a_MoleFraction_PFP, ppt
F227e_MoleFraction_PFP, ppt
F365m_MoleFraction_PFP, ppt
H1211_MoleFraction_PFP, ppt
H1301_MoleFraction_PFP, ppt
H2402_MoleFraction_PFP, ppt
MCFA_MoleFraction_PFP, ppt
CF4_MoleFraction_PFP, ppt
C2F6_MoleFraction_PFP, ppt
SO2F2_MoleFraction_PFP, ppt
MEBR_MoleFraction_PFP, ppt
CH3I_MoleFraction_PFP, ppt
DIBR_MoleFraction_PFP, ppt
OCS_MoleFraction_PFP, ppt
MECL_MoleFraction_PFP, ppt
DICL_MoleFraction_PFP, ppt
CLHF_MoleFraction_PFP, ppt
PCE_MoleFraction_PFP, ppt
C2H2_MoleFraction_PFP, ppt
C2H6_MoleFraction_PFP, ppt
C3H8_MoleFraction_PFP, ppt
nC4H10_MoleFraction_PFP, ppt
[...]
[from data line 1565]
74327,   47,          1301566.0,         13.000000,  14.08884887,   42.7546774,   261.626483,   4.908865021,   546.66,   267.2999939,   317.6412287,   295,   62.11943842,   4.85922,   117.5701176,   113.3136411,    -999999,  0.34572,    -999999,  51.18,   55.36,   1.46,   -4.2,   317.6439939,    -999999,  273.6899939,   937.18,    -999999,   -999999,   -999999,   -999999,   -999999,   -999999,  3.9648,   3.7453,    -999999,  47.124,   9.542,   -3.548,   0.47184,   4.38738,   45.96,   406.484,   1.867488889,   0.08945,   406.44,   1869.59,   89.66,   329.51,   9.23,   522.61,   -47.38,    -999999,  232.43,   517.61,   3.36,   71.34,   8.56,   0.51,    -999999,  13.2,   96.36,   7.49,   22.29,   20.5,   1.28,   1.02,   4.99,   3.35,   0.41,   2.44,   83.13,    -999999,  2.46,   7.02,   0.29,   0.94,   523.45,   582.14,   51.17,   10.19,   1.76,   102.44,   776.92,   101.05,   18.26,   14.48,   4.22,   5.08,   22.35,   39.7,   0.17,   0.15,   0.85,    -999999,  2.83,   243.87,         0.60100000  
74332,   47,          1301567.0,         13.000000,  14.09062838,   42.7577234,   261.6323424,   4.908865021,   546.66,   267.3339939,   317.681632,   295,   62.13319806,   4.85932,   117.4260744,   113.1747423,    -999999,  0.3453,    -999999,  50.08,   54.28,   1.48,   -3.34,   317.6839939,    -999999,  273.7099939,   937.3,    -999999,   -999999,   -999999,   -999999,   -999999,   -999999,  3.97512,   3.75628,    -999999,  46.998,   9.628,   -3.432,   0.45922,   4.4001,   45.28,   406.4771429,   1.8675,   0.08785,   406.44,   1869.59,   89.66,   329.51,   9.23,   522.61,   -47.38,    -999999,  232.43,   517.61,   3.36,   71.34,   8.56,   0.51,    -999999,  13.2,   96.36,   7.49,   22.29,   20.5,   1.28,   1.02,   4.99,   3.35,   0.41,   2.44,   83.13,    -999999,  2.46,   7.02,   0.29,   0.94,   523.45,   582.14,   51.17,   10.19,   1.76,   102.44,   776.92,   101.05,   18.26,   14.48,   4.22,   5.08,   22.35,   39.7,   0.17,   0.15,   0.85,    -999999,  2.83,   243.87,         0.58740000  
74337,   47,          1301568.0,         13.000000,  14.09240183,   42.7608506,   261.6381108,   4.908865021,   546.66,   267.3079939,   317.6507354,   295,   62.1469915,   4.85938,   117.2614536,   113.0420167,    -999999,  0.34492,    -999999,  48.72,   53,   1.4,   -4,   317.6559939,    -999999,  273.6699939,   937.1,    -999999,   -999999,   -999999,   -999999,   -999999,   -999999,  3.96726,   3.74792,    -999999,  46.89,   9.776,   -3.34,   0.4468,   4.41258,   45.16,   406.466,   1.867436364,   0.08775,   406.44,   1869.59,   89.66,   329.51,   9.23,   522.61,   -47.38,    -999999,  232.43,   517.61,   3.36,   71.34,   8.56,   0.51,    -999999,  13.2,   96.36,   7.49,   22.29,   20.5,   1.28,   1.02,   4.99,   3.35,   0.41,   2.44,   83.13,    -999999,  2.46,   7.02,   0.29,   0.94,   523.45,   582.14,   51.17,   10.19,   1.76,   102.44,   776.92,   101.05,   18.26,   14.48,   4.22,   5.08,   22.35,   39.7,   0.17,   0.15,   0.85,    -999999,  2.83,   243.87,         0.63280000  
74342,   47,          1301569.0,         13.000000,  14.09416895,   42.7640624,   261.6437842,   4.909139341,   546.64,   267.3719939,   317.73011,   295,   62.16081971,   4.85912,   117.189432,   113.0173236,    -999999,  0.3448,    -999999,  47.74,   52.04,   1.44,   -2.7,   317.7319939,    -999999,  273.7299939,   937.22,    -999999,   -999999,   -999999,   -999999,   -999999,   -999999,  3.98664,   3.76858,    -999999,  46.856,   9.708,   -3.126,   0.42622,   4.4329,   42.96,   406.536,   1.86754,   0.0876,   406.44,   1869.59,   89.66,   329.51,   9.23,   522.61,   -47.38,    -999999,  232.43,   517.61,   3.36,   71.34,   8.56,   0.51,    -999999,  13.2,   96.36,   7.49,   22.29,   20.5,   1.28,   1.02,   4.99,   3.35,   0.41,   2.44,   83.13,    -999999,  2.46,   7.02,   0.29,   0.94,   523.45,   582.14,   51.17,   10.19,   1.76,   102.44,   776.92,   101.05,   18.26,   14.48,   4.22,   5.08,   22.35,   39.7,   0.17,   0.15,   0.85,    -999999,  2.83,   243.87,         0.59840000  
74347,   47,          1301570.0,         13.000000,  14.09593188,   42.7673292,   261.6493948,   4.908048157,   546.72,   267.3939939,   317.7429682,   295,   62.17467197,   4.85916,   117.137988,   112.8403563,    -999999,  0.34424,    -999999,  47.1,   51.4,   1.42,   -2.12,   317.7439939,    -999999,  273.7299939,   937.12,    -999999,   -999999,   -999999,   -999999,   -999999,   -999999,  3.99334,   3.7757,    -999999,  46.708,   9.782,   -2.868,   0.41814,   4.44102,   48.28,   406.455,   1.867425,   0.09435,   406.44,   1869.59,   89.66,   329.51,   9.23,   522.61,   -47.38,    -999999,  232.43,   517.61,   3.36,   71.34,   8.56,   0.51,    -999999,  13.2,   96.36,   7.49,   22.29,   20.5,   1.28,   1.02,   4.99,   3.35,   0.41,   2.44,   83.13,    -999999,  2.46,   7.02,   0.29,   0.94,   523.45,   582.14,   51.17,   10.19,   1.76,   102.44,   776.92,   101.05,   18.26,   14.48,   4.22,   5.08,   22.35,   39.7,   0.17,   0.15,   0.85,    -999999,  2.83,   243.87,         0.66360000  
74352,   47,          1301571.0,         13.000000,  14.09769212,   42.7706328,   261.6549652,   4.909962301,   546.58,   267.3099939,   317.6663951,   295,   62.18854288,   4.85912,   117.137988,   112.8382985,    -999999,  0.34424,    -999999,  46.78,   50.98,   1.5,   -1.5,   317.6719939,    -999999,  273.6499939,   937.22,    -999999,   -999999,   -999999,   -999999,   -999999,   -999999,  3.9678,   3.7485,    -999999,  46.708,   9.798,   -2.79,   0.41592,   4.4432,   44.16,   406.52,   1.867690909,   0.08501428571,   406.44,   1869.59,   89.66,   329.51,   9.23,   522.61,   -47.38,    -999999,  232.43,   517.61,   3.36,   71.34,   8.56,   0.51,    -999999,  13.2,   96.36,   7.49,   22.29,   20.5,   1.28,   1.02,   4.99,   3.35,   0.41,   2.44,   83.13,    -999999,  2.46,   7.02,   0.29,   0.94,   523.45,   582.14,   51.17,   10.19,   1.76,   102.44,   776.92,   101.05,   18.26,   14.48,   4.22,   5.08,   22.35,   39.7,   0.17,   0.15,   0.85,    -999999,  2.83,   243.87,         0.62420000  
74357,   47,          1301572.0,         13.000000,  14.09945095,   42.773957,   261.6605142,   4.910510941,   546.54,   267.3079939,   317.6706608,   295,   62.2024271,   4.85934,   117.1585656,   112.8825403,    -999999,  0.3444,    -999999,  46.54,   50.82,   1.5,   -1.08,   317.6699939,    -999999,  273.6499939,   937.12,    -999999,   -999999,   -999999,   -999999,   -999999,   -999999,  3.9672,   3.74786,    -999999,  46.744,   9.786,   -2.788,   0.42054,   4.4388,   42.1,   406.46,   1.8673,   0.08213181818,    -999999,   -999999,   -999999,   -999999,   -999999,   -999999,   -999999,   -999999,   -999999,   -999999,   -999999,   -999999,   -999999,   -999999,   -999999,   -999999,   -999999,   -999999,   -999999,   -999999,   -999999,   -999999,   -999999,   -999999,   -999999,   -999999,   -999999,   -999999,   -999999,   -999999,   -999999,   -999999,   -999999,   -999999,   -999999,   -999999,   -999999,   -999999,   -999999,   -999999,   -999999,   -999999,   -999999,   -999999,   -999999,   -999999,   -999999,   -999999,   -999999,   -999999,   -999999,   -999999,        0.59900000  
74362,   47,          1301573.0,         13.000000,  14.10120934,   42.7772878,   261.6660568,   4.909687981,   546.6,   267.3139939,   317.6678276,   295,   62.21631953,   4.8596,   117.1791432,   112.8280097,    -999999,  0.34424,    -999999,  46.54,   50.84,   1.46,   -0.52,   317.6699939,    -999999,  273.6499939,   937.1,    -999999,   -999999,   -999999,   -999999,   -999999,   -999999,  3.96904,   3.74978,    -999999,  46.702,   9.872,   -2.758,   0.43442,   4.42518,   45.5,   406.46,   1.86755,   0.08905909091,    -999999,   -999999,   -999999,   -999999,   -999999,   -999999,   -999999,   -999999,   -999999,   -999999,   -999999,   -999999,   -999999,   -999999,   -999999,   -999999,   -999999,   -999999,   -999999,   -999999,   -999999,   -999999,   -999999,   -999999,   -999999,   -999999,   -999999,   -999999,   -999999,   -999999,   -999999,   -999999,   -999999,   -999999,   -999999,   -999999,   -999999,   -999999,   -999999,   -999999,   -999999,   -999999,   -999999,   -999999,   -999999,   -999999,   -999999,   -999999,   -999999,   -999999,   -999999,   -999999,        0.66560000  
74367,   47,          1301574.0,         13.000000,  14.10296871,   42.7806122,   261.671614,   4.909139341,   546.64,   267.3199939,   317.668316,   295,   62.23021843,   4.8593,   117.2820312,   112.7796523,    -999999,  0.34408,    -999999,  46.78,   51.02,   1.42,   -0.24,   317.6699939,    -999999,  273.6499939,   936.94,    -999999,   -999999,   -999999,   -999999,   -999999,   -999999,  3.9709,   3.7517,    -999999,  46.662,   9.916,   -2.62,   0.4674,   4.3919,   44.88,   406.49,   1.8669,   0.08572727273,    -999999,   -999999,   -999999,   -999999,   -999999,   -999999,   -999999,   -999999,   -999999,   -999999,   -999999,   -999999,   -999999,   -999999,   -999999,   -999999,   -999999,   -999999,   -999999,   -999999,   -999999,   -999999,   -999999,   -999999,   -999999,   -999999,   -999999,   -999999,   -999999,   -999999,   -999999,   -999999,   -999999,   -999999,   -999999,   -999999,   -999999,   -999999,   -999999,   -999999,   -999999,   -999999,   -999999,   -999999,   -999999,   -999999,   -999999,   -999999,   -999999,   -999999,   -999999,   -999999,        0.60760000  
74372,   47,          1301575.0,         13.000000,  14.10472963,   42.7839234,   261.6771944,   4.910510941,   546.54,   267.2999939,   317.6611535,   295,   62.24412192,   4.85892,   117.395208,   112.7662769,    -999999,  0.34406,    -999999,  47.12,   51.28,   1.52,   -0.14,   317.6619939,    -999999,  273.6299939,   937.16,    -999999,   -999999,   -999999,   -999999,   -999999,   -999999,  3.96486,   3.74528,    -999999,  46.646,   9.868,   -2.454,   0.50058,   4.35834,   43.68,   406.455,   1.86725,   0.08470909091,    -999999,   -999999,   -999999,   -999999,   -999999,   -999999,   -999999,   -999999,   -999999,   -999999,   -999999,   -999999,   -999999,   -999999,   -999999,   -999999,   -999999,   -999999,   -999999,   -999999,   -999999,   -999999,   -999999,   -999999,   -999999,   -999999,   -999999,   -999999,   -999999,   -999999,   -999999,   -999999,   -999999,   -999999,   -999999,   -999999,   -999999,   -999999,   -999999,   -999999,   -999999,   -999999,   -999999,   -999999,   -999999,   -999999,   -999999,   -999999,   -999999,   -999999,   -999999,   -999999,        0.60440000  
74377,   47,          1301576.0,         13.000000,  14.10649224,   42.7872166,   261.6828002,   4.914912253,   546.22,   267.2799939,   317.6905417,   295,   62.25802704,   4.85878,   117.446652,   112.7775946,    -999999,  0.3441,    -999999,  47.46,   51.56,   1.52,   -0.1,   317.6919939,    -999999,  273.6099939,   937.18,    -999999,   -999999,   -999999,   -999999,   -999999,   -999999,  3.95878,   3.73886,    -999999,  46.632,   9.864,   -2.434,   0.4876,   4.37118,   46.52,   406.51,   1.8673,   0.08847142857,    -999999,   -999999,   -999999,   -999999,   -999999,   -999999,   -999999,   -999999,   -999999,   -999999,   -999999,   -999999,   -999999,   -999999,   -999999,   -999999,   -999999,   -999999,   -999999,   -999999,   -999999,   -999999,   -999999,   -999999,   -999999,   -999999,   -999999,   -999999,   -999999,   -999999,   -999999,   -999999,   -999999,   -999999,   -999999,   -999999,   -999999,   -999999,   -999999,   -999999,   -999999,   -999999,   -999999,   -999999,   -999999,   -999999,   -999999,   -999999,   -999999,   -999999,   -999999,   -999999,        0.61380000  
74382,   47,          1301577.0,         13.000000,  14.10825654,   42.7904916,   261.6884314,   4.910236621,   546.56,   267.3299939,   317.6934842,   295,   62.27193365,   4.85854,   117.5289624,   112.6860243,    -999999,  0.34382,    -999999,  47.8,   51.84,   1.52,   -0.06,   317.6939939,    -999999,  273.6499939,   937.12,    -999999,   -999999,   -999999,   -999999,   -999999,   -999999,  3.9739,   3.75498,    -999999,  46.574,   9.892,   -2.3,   0.48442,   4.37412,   43.64,   406.496,   1.86805,   0.0959,    -999999,   -999999,   -999999,   -999999,   -999999,   -999999,   -999999,   -999999,   -999999,   -999999,   -999999,   -999999,   -999999,   -999999,   -999999,   -999999,   -999999,   -999999,   -999999,   -999999,   -999999,   -999999,   -999999,   -999999,   -999999,   -999999,   -999999,   -999999,   -999999,   -999999,   -999999,   -999999,   -999999,   -999999,   -999999,   -999999,   -999999,   -999999,   -999999,   -999999,   -999999,   -999999,   -999999,   -999999,   -999999,   -999999,   -999999,   -999999,   -999999,   -999999,   -999999,   -999999,        0.60040000  
74387,   47,          1301578.0,         13.000000,  14.11002257,   42.7937472,   261.6940886,   4.912717693,   546.38,   267.3199939,   317.7114988,   295,   62.28584106,   4.8586,   117.5804064,   112.7868545,    -999999,  0.34412,    -999999,  48.12,   52.12,   1.5,   -0.2,   317.7139939,    -999999,  273.6499939,   936.92,    -999999,   -999999,   -999999,   -999999,   -999999,   -999999,  3.97084,   3.7517,    -999999,  46.646,   9.814,   -2.326,   0.47302,   4.38558,   44.24,   406.455,   1.86785,   0.0787,    -999999,   -999999,   -999999,   -999999,   -999999,   -999999,   -999999,   -999999,   -999999,   -999999,   -999999,   -999999,   -999999,   -999999,   -999999,   -999999,   -999999,   -999999,   -999999,   -999999,   -999999,   -999999,   -999999,   -999999,   -999999,   -999999,   -999999,   -999999,   -999999,   -999999,   -999999,   -999999,   -999999,   -999999,   -999999,   -999999,   -999999,   -999999,   -999999,   -999999,   -999999,   -999999,   -999999,   -999999,   -999999,   -999999,   -999999,   -999999,   -999999,   -999999,   -999999,   -999999,        0.62600000  
74392,   47,          1301579.0,         13.000000,  14.11179016,   42.7969868,   261.699769,   4.908042061,   546.72,   267.3679939,   317.7120725,   295,   62.29975087,   4.8582,   117.7450272,   112.9020891,    -999999,  0.34444,    -999999,  48.38,   52.34,   1.16,   -0.22,   317.7099939,    -999999,  273.7099939,   936.82,    -999999,   -999999,   -999999,   -999999,   -999999,   -999999,  3.98544,   3.76726,    -999999,  46.766,   9.828,   -2.384,   0.4666,   4.3916,   40.96,   406.495,   1.86695,   0.09625263158,    -999999,   -999999,   -999999,   -999999,   -999999,   -999999,   -999999,   -999999,   -999999,   -999999,   -999999,   -999999,   -999999,   -999999,   -999999,   -999999,   -999999,   -999999,   -999999,   -999999,   -999999,   -999999,   -999999,   -999999,   -999999,   -999999,   -999999,   -999999,   -999999,   -999999,   -999999,   -999999,   -999999,   -999999,   -999999,   -999999,   -999999,   -999999,   -999999,   -999999,   -999999,   -999999,   -999999,   -999999,   -999999,   -999999,   -999999,   -999999,   -999999,   -999999,   -999999,   -999999,        0.55460000  
