inputs/ACTAMERICA_Merge/B200/ACTAMERICA-mrg05-b200_merge_20170217_R0_L2.ict
136, 1001
Shook, Michael
NASA Atmospheric Composition Branch, NASA Langley Research Center (SSAI)
Merged data file for ACT-AMERICA 2017, Flight 14 (20170217), on the b200 platform. Data is merged to 05 seconds.
NASA ACT-AMERICA 2017
1, 1
2017, 02, 17, 2018, 02, 22
05
UTC,s
97
1, 1, 1, 1, 1, 1, 1, 1, 1, 1, 1, 1, 1, 1, 1, 1, 1, 1, 1, 1, 1, 1, 1, 1, 1, 1, 1, 1, 1, 1, 1, 1, 1, 1, 1, 1, 1, 1, 1, 1, 1, 1, 1, 1, 1, 1, 1, 1, 1, 1, 1, 1, 1, 1, 1, 1, 1, 1, 1, 1, 1, 1, 1, 1, 1, 1, 1, 1, 1, 1, 1, 1, 1, 1, 1, 1, 1, 1, 1, 1, 1, 1, 1, 1, 1, 1, 1, 1, 1, 1, 1, 1, 1, 1, 1, 1, 1
-999999, -999999, -999999, -999999, -999999, -999999, -999999, -999999, -999999, -999999, -999999, -999999, -999999, -999999, -999999, -999999, -999999, -999999, -999999, -999999, -999999, -999999, -999999, -999999, -999999, -999999, -999999, -999999, -999999, -999999, -999999, -999999, -999999, -999999, -999999, -999999, -999999, -999999, -999999, -999999, -999999, -999999, -999999, -999999, -999999, -999999, -999999, -999999, -999999, -999999, -999999, -999999, -999999, -999999, -999999, -999999, -999999, -999999, -999999, -999999, -999999, -999999, -999999, -999999, -999999, -999999, -999999, -999999, -999999, -999999, -999999, -999999, -999999, -999999, -999999, -999999, -999999, -999999, -999999, -999999, -999999, -999999, -999999, -999999, -999999, -999999, -999999, -999999, -999999, -999999, -999999, -999999, -999999, -999999, -999999, -999999, -999999
JDAY, days
INDEX, none
FLIGHT, none
LOCAL_SUN_TIME, hour
LATITUDE, degs
LONGITUDE, degs
ALTP, km
PRESSURE, hPa
TEMPERATURE, K
THETA, K
O3COLUMN, DU
SZA, deg
GPS_ALT, km
GRD_SPD, m/s
TAS, m/s
IAS, m/s
MachNumber, mach
VerticalSpeed, ft min-1
HDG, degs
TRK, degs
PITCH, degs
ROLL, degs
PotentialTemp, K
Dewpoint, K
TotalAirTemp, K
CabinPressure, hPa
SolarZenithAngle, degs
AircraftSunElevation, degs
SunAzimuth, degs
AircraftSunAzimuth, degs
H2O_MixingRatio, g kg-1
H2O_VaporPressure, hPa
H2O_SatVaporPressureWater, hPa
H2O_SatVaporPressureIce, hPa
H2O_RelativeHumidity, %
DifferentialPressure, hPa
U_WINDS, m s-1
V_WINDS, m s-1
Ground_Elevation, km
Altitude_AGL, km
O3_MixingRatio, ppbv
CO2_MixingRatio_PICARRO, ppmv
CH4_MixingRatio_PICARRO, ppmv
CO_MixingRatio_PICARRO, ppmv
CO2_MoleFraction_PFP, ppm
CH4_MoleFraction_PFP, ppb
CO_MoleFraction_PFP, ppb
N2O_MoleFraction_PFP, ppb
SF6_MoleFraction_PFP, ppt
H2_MoleFraction_PFP, ppb
CH4C13_PFP, per mil
CO2C14_PFP, per mil
F11B_MoleFraction_PFP, ppt
FC12_MoleFraction_PFP, ppt
F13_MoleFraction_PFP, ppt
F113_MoleFraction_PFP, ppt
F115_MoleFraction_PFP, ppt
HF133a_MoleFraction_PFP, ppt
F23_MoleFraction_PFP, ppt
F32_MoleFraction_PFP, ppt
F134A_MoleFraction_PFP, ppt
F152A_MoleFraction_PFP, ppt
F125_MoleFraction_PFP, ppt
F143a_MoleFraction_PFP, ppt
F227e_MoleFraction_PFP, ppt
F365m_MoleFraction_PFP, ppt
H1211_MoleFraction_PFP, ppt
H1301_MoleFraction_PFP, ppt
H2402_MoleFraction_PFP, ppt
MCFA_MoleFraction_PFP, ppt
CF4_MoleFraction_PFP, ppt
C2F6_MoleFraction_PFP, ppt
SO2F2_MoleFraction_PFP, ppt
MEBR_MoleFraction_PFP, ppt
CH3I_MoleFraction_PFP, ppt
DIBR_MoleFraction_PFP, ppt
OCS_MoleFraction_PFP, ppt
MECL_MoleFraction_PFP, ppt
DICL_MoleFraction_PFP, ppt
CLHF_MoleFraction_PFP, ppt
PCE_MoleFraction_PFP, ppt
C2H2_MoleFraction_PFP, ppt
C2H6_MoleFraction_PFP, ppt
C3H8_MoleFraction_PFP, ppt
nC4H10_MoleFraction_PFP, ppt
[...]
[from data line 800]
77707,   48,          1403787.0,         14.000000,  15.20187265,   43.2297468,   264.2385064,   0.8395228424,   916.34,   283.9439939,   291.1210747,   290,   70.46698577,   0.64538,   83.73025441,   86.30142553,    -999999,  0.25548,    -999999,  340.42,   345.56,   1.96,   -1,   291.1219939,   277.2899939,   287.6499939,   924.38,    -999999,   -999999,   -999999,   -999999,  5.648814,   8.24726,   12.99732,   14.42114,   63.454,   42.556,   8.124,   0.812,   0.44528,   0.2001,   37.34,   416.4,   1.9567,   0.1284,    -999999,   -999999,   -999999,   -999999,   -999999,   -999999,   -999999,   -999999,   -999999,   -999999,   -999999,   -999999,   -999999,   -999999,   -999999,   -999999,   -999999,   -999999,   -999999,   -999999,   -999999,   -999999,   -999999,   -999999,   -999999,   -999999,   -999999,   -999999,   -999999,   -999999,   -999999,   -999999,   -999999,   -999999,   -999999,   -999999,   -999999,   -999999,   -999999,   -999999,   -999999,   -999999,   -999999,   -999999,   -999999,   -999999,   -999999,   -999999,   -999999,   -999999,   -999999,   -999999,         2.7922000  
77712,   48,          1403788.0,         14.000000,  15.2031763,   43.2333984,   264.2372278,   0.8398886024,   916.3,   283.9399939,   291.1206045,   290,   70.48030334,   0.64552,   83.80227601,   86.55658777,    -999999,  0.25624,    -999999,  340.5,   345.6,   1.82,   -2.06,   291.1219939,   277.2099939,   287.6699939,   924.5,    -999999,   -999999,   -999999,   -999999,  5.616772,   8.20054,   12.99386,   14.4168,   63.112,   42.81,   7.578,   0.406,   0.44216,   0.20336,   40.06,   416.3333333,   1.956811111,   0.12275,   417.22,   1958.03,   123.89,   341,   9.35,   485.8,   -47.23,    -999999,  232.71,   517.93,   3.36,   71.38,   8.62,   0.56,   32.66,   14.55,   100.8,   11.24,   23.93,   21.29,   1.4,   1.04,   4.39,   3.35,   0.41,   2.48,   85.24,   5.21,   2.5,   6.85,   0.26,   1.02,   513.46,   565.9,   64.7,   13.14,   3.31,   278.48,   2888.55,   1287.66,   361.77,   202.01,   104.09,   131.79,   78.89,   57.43,   0.21,   0.17,   0.67,   0.81,   45.91,   250.37,          2.7562000  
77717,   48,          1403789.0,         14.000000,  15.20447837,   43.2370492,   264.2359256,   0.8396996264,   916.32,   283.9479939,   291.1269913,   290,   70.49360817,   0.64548,   83.91545281,   86.22631729,    -999999,  0.25526,    -999999,  340.14,   345.2,   1.82,   -1.6,   291.1279939,   277.6099939,   287.6499939,   924.5,    -999999,   -999999,   -999999,   -999999,  5.77807,   8.43408,   13.0008,   14.42558,   64.874,   42.478,   7.438,   0.884,   0.43606,   0.20942,   37.38,   416.568,   1.957836364,   0.1297,   417.22,   1958.03,   123.89,   341,   9.35,   485.8,   -47.23,    -999999,  232.71,   517.93,   3.36,   71.38,   8.62,   0.56,   32.66,   14.55,   100.8,   11.24,   23.93,   21.29,   1.4,   1.04,   4.39,   3.35,   0.41,   2.48,   85.24,   5.21,   2.5,   6.85,   0.26,   1.02,   513.46,   565.9,   64.7,   13.14,   3.31,   278.48,   2888.55,   1287.66,   361.77,   202.01,   104.09,   131.79,   78.89,   57.43,   0.21,   0.17,   0.67,   0.81,   45.91,   250.37,          2.7766000  
77722,   48,          1403790.0,         14.000000,  15.20577932,   43.2407032,   264.2346064,   0.8388035144,   916.42,   283.9379939,   291.1076619,   290,   70.50690651,   0.64452,   84.01834081,   86.39608249,    -999999,  0.25576,    -999999,  339.32,   345.26,   2.02,   -0.96,   291.1059939,   277.6099939,   287.6499939,   924.68,    -999999,   -999999,   -999999,   -999999,  5.777284,   8.43386,   12.9921,   14.41462,   64.914,   42.656,   8.68,   1.264,   0.43512,   0.2094,   38.06,   416.49,   1.9569,   0.11965,   417.22,   1958.03,   123.89,   341,   9.35,   485.8,   -47.23,    -999999,  232.71,   517.93,   3.36,   71.38,   8.62,   0.56,   32.66,   14.55,   100.8,   11.24,   23.93,   21.29,   1.4,   1.04,   4.39,   3.35,   0.41,   2.48,   85.24,   5.21,   2.5,   6.85,   0.26,   1.02,   513.46,   565.9,   64.7,   13.14,   3.31,   278.48,   2888.55,   1287.66,   361.77,   202.01,   104.09,   131.79,   78.89,   57.43,   0.21,   0.17,   0.67,   0.81,   45.91,   250.37,          2.7978000  
77727,   48,          1403791.0,         14.000000,  15.20708127,   43.2443616,   264.2333024,   0.8384438504,   916.46,   283.9339939,   291.0999307,   290,   70.52021722,   0.6445,   83.99776321,   86.39814025,    -999999,  0.2558,    -999999,  340.38,   345.58,   2.04,   -0.76,   291.1019939,   277.3899939,   287.6499939,   924.54,    -999999,   -999999,   -999999,   -999999,  5.687812,   8.30482,   12.98866,   14.41022,   63.938,   42.66,   8.452,   1.128,   0.43852,   0.20598,   38.86,   416.495,   1.956333333,   0.1239473684,   417.22,   1958.03,   123.89,   341,   9.35,   485.8,   -47.23,    -999999,  232.71,   517.93,   3.36,   71.38,   8.62,   0.56,   32.66,   14.55,   100.8,   11.24,   23.93,   21.29,   1.4,   1.04,   4.39,   3.35,   0.41,   2.48,   85.24,   5.21,   2.5,   6.85,   0.26,   1.02,   513.46,   565.9,   64.7,   13.14,   3.31,   278.48,   2888.55,   1287.66,   361.77,   202.01,   104.09,   131.79,   78.89,   57.43,   0.21,   0.17,   0.67,   0.81,   45.91,   250.37,          2.7434000  
77732,   48,          1403792.0,         14.000000,  15.20838509,   43.248026,   264.2320264,   0.8389863944,   916.4,   283.9559939,   291.1279318,   290,   70.53354853,   0.64458,   84.05949601,   86.18413321,    -999999,  0.25514,    -999999,  340.7,   345.78,   1.98,   -1.4,   291.1259939,   277.3499939,   287.6499939,   924.58,    -999999,   -999999,   -999999,   -999999,  5.672676,   8.28234,   13.00768,   14.43434,   63.672,   42.44,   7.358,   0.978,   0.44404,   0.20054,   38.36,   416.462,   1.956511111,   0.1236090909,   417.22,   1958.03,   123.89,   341,   9.35,   485.8,   -47.23,    -999999,  232.71,   517.93,   3.36,   71.38,   8.62,   0.56,   32.66,   14.55,   100.8,   11.24,   23.93,   21.29,   1.4,   1.04,   4.39,   3.35,   0.41,   2.48,   85.24,   5.21,   2.5,   6.85,   0.26,   1.02,   513.46,   565.9,   64.7,   13.14,   3.31,   278.48,   2888.55,   1287.66,   361.77,   202.01,   104.09,   131.79,   78.89,   57.43,   0.21,   0.17,   0.67,   0.81,   45.91,   250.37,          2.8320000  
77737,   48,          1403793.0,         14.000000,  15.20968928,   43.251694,   264.2307558,   0.8389802984,   916.4,   283.9639939,   291.1361338,   290,   70.54688619,   0.64476,   84.11094001,   86.50205713,    -999999,  0.25608,    -999999,  340.06,   345.78,   1.96,   -1.48,   291.1359939,   277.1699939,   287.6899939,   924.42,    -999999,   -999999,   -999999,   -999999,  5.600234,   8.1775,   13.01466,   14.44318,   62.834,   42.756,   8.258,   1.026,   0.4514,   0.19336,   37.04,   416.455,   1.95675,   0.12,   417.22,   1958.03,   123.89,   341,   9.35,   485.8,   -47.23,    -999999,  232.71,   517.93,   3.36,   71.38,   8.62,   0.56,   32.66,   14.55,   100.8,   11.24,   23.93,   21.29,   1.4,   1.04,   4.39,   3.35,   0.41,   2.48,   85.24,   5.21,   2.5,   6.85,   0.26,   1.02,   513.46,   565.9,   64.7,   13.14,   3.31,   278.48,   2888.55,   1287.66,   361.77,   202.01,   104.09,   131.79,   78.89,   57.43,   0.21,   0.17,   0.67,   0.81,   45.91,   250.37,          2.7992000  
77742,   48,          1403794.0,         14.000000,  15.210993,   43.2553604,   264.2294784,   0.8397057224,   916.32,   283.9659939,   291.1454464,   290,   70.56022004,   0.64516,   84.01834081,   86.97122641,    -999999,  0.25744,    -999999,  340.04,   345.56,   1.8,   -2.68,   291.1459939,   277.0099939,   287.7299939,   924.48,    -999999,   -999999,   -999999,   -999999,  5.53751,   8.086,   13.01638,   14.44534,   62.122,   43.226,   8.412,   0.54,   0.4508,   0.19436,   37.82,   416.415,   1.9554,   0.12829,   417.22,   1958.03,   123.89,   341,   9.35,   485.8,   -47.23,    -999999,  232.71,   517.93,   3.36,   71.38,   8.62,   0.56,   32.66,   14.55,   100.8,   11.24,   23.93,   21.29,   1.4,   1.04,   4.39,   3.35,   0.41,   2.48,   85.24,   5.21,   2.5,   6.85,   0.26,   1.02,   513.46,   565.9,   64.7,   13.14,   3.31,   278.48,   2888.55,   1287.66,   361.77,   202.01,   104.09,   131.79,   78.89,   57.43,   0.21,   0.17,   0.67,   0.81,   45.91,   250.37,          2.8234000  
77747,   48,          1403795.0,         14.000000,  15.21229271,   43.259012,   264.2281406,   0.8386267304,   916.44,   283.9539939,   291.1222507,   290,   70.57351152,   0.64456,   83.92574161,   87.09366313,    -999999,  0.25782,    -999999,  338.42,   344.2,   1.92,   -4.72,   291.1219939,   277.1499939,   287.7299939,   924.54,    -999999,   -999999,   -999999,   -999999,  5.592386,   8.1665,   13.00598,   14.4322,   62.792,   43.36,   7.926,   0.346,   0.44956,   0.195,   38.5,   416.405,   1.955,   0.130075,    -999999,   -999999,   -999999,   -999999,   -999999,   -999999,   -999999,   -999999,   -999999,   -999999,   -999999,   -999999,   -999999,   -999999,   -999999,   -999999,   -999999,   -999999,   -999999,   -999999,   -999999,   -999999,   -999999,   -999999,   -999999,   -999999,   -999999,   -999999,   -999999,   -999999,   -999999,   -999999,   -999999,   -999999,   -999999,   -999999,   -999999,   -999999,   -999999,   -999999,   -999999,   -999999,   -999999,   -999999,   -999999,   -999999,   -999999,   -999999,   -999999,   -999999,   -999999,   -999999,         2.7884000  
77752,   48,          1403796.0,         14.000000,  15.21358292,   43.2626202,   264.2266604,   0.8398825064,   916.3,   283.9859939,   291.1677678,   290,   70.58669631,   0.64526,   83.50390081,   87.64514281,    -999999,  0.25944,    -999999,  336.7,   342.52,   1.94,   -3.46,   291.1679939,   276.2499939,   287.8099939,   924.54,    -999999,   -999999,   -999999,   -999999,  5.24597,   7.6637,   13.03372,   14.46738,   58.798,   43.904,   8.53,   -0.222,   0.45252,   0.19274,   39.74,   416.175,   1.95285,   0.135852381,    -999999,   -999999,   -999999,   -999999,   -999999,   -999999,   -999999,   -999999,   -999999,   -999999,   -999999,   -999999,   -999999,   -999999,   -999999,   -999999,   -999999,   -999999,   -999999,   -999999,   -999999,   -999999,   -999999,   -999999,   -999999,   -999999,   -999999,   -999999,   -999999,   -999999,   -999999,   -999999,   -999999,   -999999,   -999999,   -999999,   -999999,   -999999,   -999999,   -999999,   -999999,   -999999,   -999999,   -999999,   -999999,   -999999,   -999999,   -999999,   -999999,   -999999,   -999999,   -999999,         2.7862000  
77757,   48,          1403797.0,         14.000000,  15.21486646,   43.266188,   264.2250802,   0.8395228424,   916.34,   283.9679939,   291.1456814,   290,   70.59980019,   0.6454,   83.19523681,   87.16980025,    -999999,  0.25802,    -999999,  336.08,   341.82,   2.08,   -1.58,   291.1479939,   276.1899939,   287.7499939,   924.42,    -999999,   -999999,   -999999,   -999999,  5.223192,   7.63104,   13.01808,   14.4475,   58.618,   43.428,   8.834,   0.196,   0.45724,   0.18816,   39.34,   416.19,   1.9525,   0.12581,    -999999,   -999999,   -999999,   -999999,   -999999,   -999999,   -999999,   -999999,   -999999,   -999999,   -999999,   -999999,   -999999,   -999999,   -999999,   -999999,   -999999,   -999999,   -999999,   -999999,   -999999,   -999999,   -999999,   -999999,   -999999,   -999999,   -999999,   -999999,   -999999,   -999999,   -999999,   -999999,   -999999,   -999999,   -999999,   -999999,   -999999,   -999999,   -999999,   -999999,   -999999,   -999999,   -999999,   -999999,   -999999,   -999999,   -999999,   -999999,   -999999,   -999999,   -999999,   -999999,         2.7682000  
77762,   48,          1403798.0,         14.000000,  15.21614865,   43.26974,   264.2234798,   0.8389924904,   916.4,   284.0019939,   291.1750936,   290,   70.61288368,   0.64526,   83.01003841,   86.79734569,    -999999,  0.25692,    -999999,  336.3,   341.78,   2.08,   -1.44,   291.1739939,   276.2299939,   287.7499939,   924.46,    -999999,   -999999,   -999999,   -999999,  5.23783,   7.65276,   13.04756,   14.48494,   58.652,   43.05,   8.536,   0.27,   0.46046,   0.1848,   39.22,   416.32,   1.9532,   0.1257,    -999999,   -999999,   -999999,   -999999,   -999999,   -999999,   -999999,   -999999,   -999999,   -999999,   -999999,   -999999,   -999999,   -999999,   -999999,   -999999,   -999999,   -999999,   -999999,   -999999,   -999999,   -999999,   -999999,   -999999,   -999999,   -999999,   -999999,   -999999,   -999999,   -999999,   -999999,   -999999,   -999999,   -999999,   -999999,   -999999,   -999999,   -999999,   -999999,   -999999,   -999999,   -999999,   -999999,   -999999,   -999999,   -999999,   -999999,   -999999,   -999999,   -999999,   -999999,   -999999,         2.7370000  
77767,   48,          1403799.0,         14.000000,  15.2174312,   43.2732884,   264.2218846,   0.8395228424,   916.34,   283.9859939,   291.1641363,   290,   70.62596884,   0.64592,   82.98946081,   86.50720153,    -999999,  0.25606,    -999999,  336.46,   341.86,   1.9,   -1.08,   291.1659939,   276.2899939,   287.7099939,   924.36,    -999999,   -999999,   -999999,   -999999,  5.260724,   7.68542,   13.03372,   14.46738,   58.968,   42.756,   8.538,   0.524,   0.4548,   0.19112,   38.58,   416.355,   1.95345,   0.1306368421,    -999999,   -999999,   -999999,   -999999,   -999999,   -999999,   -999999,   -999999,   -999999,   -999999,   -999999,   -999999,   -999999,   -999999,   -999999,   -999999,   -999999,   -999999,   -999999,   -999999,   -999999,   -999999,   -999999,   -999999,   -999999,   -999999,   -999999,   -999999,   -999999,   -999999,   -999999,   -999999,   -999999,   -999999,   -999999,   -999999,   -999999,   -999999,   -999999,   -999999,   -999999,   -999999,   -999999,   -999999,   -999999,   -999999,   -999999,   -999999,   -999999,   -999999,   -999999,   -999999,         2.7956000  
77772,   48,          1403800.0,         14.000000,  15.21871415,   43.276841,   264.2202956,   0.8388035144,   916.42,   283.9999939,   291.1712275,   290,   70.63906115,   0.64508,   83.10263761,   85.85386273,    -999999,  0.25414,    -999999,  336.74,   341.88,   2.04,   -1.46,   291.1739939,   276.7899939,   287.6699939,   924.58,    -999999,   -999999,   -999999,   -999999,  5.451002,   7.96168,   13.04584,   14.48276,   61.032,   42.104,   7.722,   0.99,   0.4502,   0.19488,   36.62,   417.13,   1.9559,   0.1295263158,    -999999,   -999999,   -999999,   -999999,   -999999,   -999999,   -999999,   -999999,   -999999,   -999999,   -999999,   -999999,   -999999,   -999999,   -999999,   -999999,   -999999,   -999999,   -999999,   -999999,   -999999,   -999999,   -999999,   -999999,   -999999,   -999999,   -999999,   -999999,   -999999,   -999999,   -999999,   -999999,   -999999,   -999999,   -999999,   -999999,   -999999,   -999999,   -999999,   -999999,   -999999,   -999999,   -999999,   -999999,   -999999,   -999999,   -999999,   -999999,   -999999,   -999999,   -999999,   -999999,         2.8114000  
