inputs/ACTAMERICA_Merge/B200/ACTAMERICA-mrg05-b200_merge_20170209_R0_L2.ict
136, 1001
Shook, Michael
NASA Atmospheric Composition Branch, NASA Langley Research Center (SSAI)
Merged data file for ACT-AMERICA 2017, Flight 08 (20170209), on the b200 platform. Data is merged to 05 seconds.
NASA ACT-AMERICA 2017
1, 1
2017, 02, 09, 2018, 02, 22
05
UTC,s
97
1, 1, 1, 1, 1, 1, 1, 1, 1, 1, 1, 1, 1, 1, 1, 1, 1, 1, 1, 1, 1, 1, 1, 1, 1, 1, 1, 1, 1, 1, 1, 1, 1, 1, 1, 1, 1, 1, 1, 1, 1, 1, 1, 1, 1, 1, 1, 1, 1, 1, 1, 1, 1, 1, 1, 1, 1, 1, 1, 1, 1, 1, 1, 1, 1, 1, 1, 1, 1, 1, 1, 1, 1, 1, 1, 1, 1, 1, 1, 1, 1, 1, 1, 1, 1, 1, 1, 1, 1, 1, 1, 1, 1, 1, 1, 1, 1
-999999, -999999, -999999, -999999, -999999, -999999, -999999, -999999, -999999, -999999, -999999, -999999, -999999, -999999, -999999, -999999, -999999, -999999, -999999, -999999, -999999, -999999, -999999, -999999, -999999, -999999, -999999, -999999, -999999, -999999, -999999, -999999, -999999, -999999, -999999, -999999, -999999, -999999, -999999, -999999, -999999, -999999, -999999, -999999, -999999, -999999, -999999, -999999, -999999, -999999, -999999, -999999, -999999, -999999, -999999, -999999, -999999, -999999, -999999, -999999, -999999, -999999, -999999, -999999, -999999, -999999, -999999, -999999, -999999, -999999, -999999, -999999, -999999, -999999, -999999, -999999, -999999, -999999, -999999, -999999, -999999, -999999, -999999, -999999, -999999, -999999, -999999, -999999, -999999, -999999, -999999, -999999, -999999, -999999, -999999, -999999, -999999
JDAY, days
INDEX, none
FLIGHT, none
LOCAL_SUN_TIME, hour
LATITUDE, degs
LONGITUDE, degs
ALTP, km
PRESSURE, hPa
TEMPERATURE, K
THETA, K
O3COLUMN, DU
SZA, deg
GPS_ALT, km
GRD_SPD, m/s
TAS, m/s
IAS, m/s
MachNumber, mach
VerticalSpeed, ft min-1
HDG, degs
TRK, degs
PITCH, degs
ROLL, degs
PotentialTemp, K
Dewpoint, K
TotalAirTemp, K
CabinPressure, hPa
SolarZenithAngle, degs
AircraftSunElevation, degs
SunAzimuth, degs
AircraftSunAzimuth, degs
H2O_MixingRatio, g kg-1
H2O_VaporPressure, hPa
H2O_SatVaporPressureWater, hPa
H2O_SatVaporPressureIce, hPa
H2O_RelativeHumidity, %
DifferentialPressure, hPa
U_WINDS, m s-1
V_WINDS, m s-1
Ground_Elevation, km
Altitude_AGL, km
O3_MixingRatio, ppbv
CO2_MixingRatio_PICARRO, ppmv
CH4_MixingRatio_PICARRO, ppmv
CO_MixingRatio_PICARRO, ppmv
CO2_MoleFraction_PFP, ppm
CH4_MoleFraction_PFP, ppb
CO_MoleFraction_PFP, ppb
N2O_MoleFraction_PFP, ppb
SF6_MoleFraction_PFP, ppt
H2_MoleFraction_PFP, ppb
CH4C13_PFP, per mil
CO2C14_PFP, per mil
F11B_MoleFraction_PFP, ppt
FC12_MoleFraction_PFP, ppt
F13_MoleFraction_PFP, ppt
F113_MoleFraction_PFP, ppt
F115_MoleFraction_PFP, ppt
HF133a_MoleFraction_PFP, ppt
F23_MoleFraction_PFP, ppt
F32_MoleFraction_PFP, ppt
F134A_MoleFraction_PFP, ppt
F152A_MoleFraction_PFP, ppt
F125_MoleFraction_PFP, ppt
F143a_MoleFraction_PFP, ppt
F227e_MoleFraction_PFP, ppt
F365m_MoleFraction_PFP, ppt
H1211_MoleFraction_PFP, ppt
H1301_MoleFraction_PFP, ppt
H2402_MoleFraction_PFP, ppt
MCFA_MoleFraction_PFP, ppt
CF4_MoleFraction_PFP, ppt
C2F6_MoleFraction_PFP, ppt
SO2F2_MoleFraction_PFP, ppt
MEBR_MoleFraction_PFP, ppt
CH3I_MoleFraction_PFP, ppt
DIBR_MoleFraction_PFP, ppt
OCS_MoleFraction_PFP, ppt
MECL_MoleFraction_PFP, ppt
DICL_MoleFraction_PFP, ppt
CLHF_MoleFraction_PFP, ppt
PCE_MoleFraction_PFP, ppt
C2H2_MoleFraction_PFP, ppt
C2H6_MoleFraction_PFP, ppt
C3H8_MoleFraction_PFP, ppt
nC4H10_MoleFraction_PFP, ppt
[...]
[from data line 1159]
84057,   40,          804586.00,         8.0000000,  17.18887316,   32.404124,   267.5851808,   5.320875378,   517.28,   262.6399939,   317.068811,   287,   87.91728944,   5.42656,   106.540524,   125.9122767,    -999999,  0.38756,    -999999,  298.36,   297.94,   0.68,   -1.02,   317.0699939,   244.1299939,   270.5299939,   944.44,    -999999,   -999999,   -999999,   -999999,  0.674576,   0.56044,   2.75912,   2.49036,   22.508,   56.464,   15.448,   -9.264,   0.07402,   5.35254,   38.66,   406.476,   1.86705,   0.09391818182,    -999999,   -999999,   -999999,   -999999,   -999999,   -999999,   -999999,   -999999,   -999999,   -999999,   -999999,   -999999,   -999999,   -999999,   -999999,   -999999,   -999999,   -999999,   -999999,   -999999,   -999999,   -999999,   -999999,   -999999,   -999999,   -999999,   -999999,   -999999,   -999999,   -999999,   -999999,   -999999,   -999999,   -999999,   -999999,   -999999,   -999999,   -999999,   -999999,   -999999,   -999999,   -999999,   -999999,   -999999,   -999999,   -999999,   -999999,   -999999,   -999999,   -999999,   -999999,   -999999,        0.57780000  
84062,   40,          804587.00,         8.0000000,  17.18992923,   32.4063786,   267.5801884,   5.32116189,   517.26,   262.6319939,   317.0626557,   287,   87.93067418,   5.42684,   106.437636,   125.9853271,    -999999,  0.3878,    -999999,  298.6,   298.18,   0.6,   -0.78,   317.0639939,   244.0499939,   270.5299939,   944.26,    -999999,   -999999,   -999999,   -999999,  0.669562,   0.5562,   2.75736,   2.48852,   22.356,   56.53,   15.588,   -9.284,   0.06812,   5.35872,   43.14,   406.528,   1.867522222,   0.09080909091,    -999999,   -999999,   -999999,   -999999,   -999999,   -999999,   -999999,   -999999,   -999999,   -999999,   -999999,   -999999,   -999999,   -999999,   -999999,   -999999,   -999999,   -999999,   -999999,   -999999,   -999999,   -999999,   -999999,   -999999,   -999999,   -999999,   -999999,   -999999,   -999999,   -999999,   -999999,   -999999,   -999999,   -999999,   -999999,   -999999,   -999999,   -999999,   -999999,   -999999,   -999999,   -999999,   -999999,   -999999,   -999999,   -999999,   -999999,   -999999,   -999999,   -999999,   -999999,   -999999,        0.56760000  
84067,   40,          804588.00,         8.0000000,  17.19098648,   32.4086544,   267.5752138,   5.321734914,   517.22,   262.6439939,   317.0841487,   287,   87.94408001,   5.4271,   106.3964808,   126.0357423,    -999999,  0.38794,    -999999,  298.94,   298.52,   0.6,   -0.56,   317.0879939,   244.0499939,   270.5499939,   944.32,    -999999,   -999999,   -999999,   -999999,  0.669614,   0.5562,   2.75998,   2.49118,   22.332,   56.57,   15.71,   -9.282,   0.07094,   5.35616,   37.58,   406.548,   1.867144444,   0.09363333333,    -999999,   -999999,   -999999,   -999999,   -999999,   -999999,   -999999,   -999999,   -999999,   -999999,   -999999,   -999999,   -999999,   -999999,   -999999,   -999999,   -999999,   -999999,   -999999,   -999999,   -999999,   -999999,   -999999,   -999999,   -999999,   -999999,   -999999,   -999999,   -999999,   -999999,   -999999,   -999999,   -999999,   -999999,   -999999,   -999999,   -999999,   -999999,   -999999,   -999999,   -999999,   -999999,   -999999,   -999999,   -999999,   -999999,   -999999,   -999999,   -999999,   -999999,   -999999,   -999999,        0.60000000  
84072,   40,          804589.00,         8.0000000,  17.19204515,   32.4109584,   267.5702606,   5.320875378,   517.28,   262.6599939,   317.0929558,   287,   87.95751204,   5.42714,   106.3656144,   126.0563199,    -999999,  0.38798,    -999999,  299.3,   298.94,   0.5,   -0.66,   317.0959939,   243.9499939,   270.5699939,   944.14,    -999999,   -999999,   -999999,   -999999,  0.663298,   0.5511,   2.76348,   2.49476,   22.09,   56.592,   15.784,   -9.274,   0.06482,   5.36232,   35.26,   406.565,   1.866744444,   0.09505238095,    -999999,   -999999,   -999999,   -999999,   -999999,   -999999,   -999999,   -999999,   -999999,   -999999,   -999999,   -999999,   -999999,   -999999,   -999999,   -999999,   -999999,   -999999,   -999999,   -999999,   -999999,   -999999,   -999999,   -999999,   -999999,   -999999,   -999999,   -999999,   -999999,   -999999,   -999999,   -999999,   -999999,   -999999,   -999999,   -999999,   -999999,   -999999,   -999999,   -999999,   -999999,   -999999,   -999999,   -999999,   -999999,   -999999,   -999999,   -999999,   -999999,   -999999,   -999999,   -999999,        0.61680000  
84077,   40,          804590.00,         8.0000000,  17.19310504,   32.4132908,   267.5653256,   5.320009746,   517.34,   262.6959939,   317.1259071,   287,   87.97096779,   5.42648,   106.3964808,   126.1098216,    -999999,  0.38814,    -999999,  299.52,   299.3,   0.5,   -0.98,   317.1279939,   243.8699939,   270.6099939,   944.3,    -999999,   -999999,   -999999,   -999999,  0.65827,   0.54694,   2.77136,   2.5028,   21.856,   56.642,   15.79,   -9.348,   0.0603,   5.36618,   33.76,   406.495,   1.86795,   0.08825,    -999999,   -999999,   -999999,   -999999,   -999999,   -999999,   -999999,   -999999,   -999999,   -999999,   -999999,   -999999,   -999999,   -999999,   -999999,   -999999,   -999999,   -999999,   -999999,   -999999,   -999999,   -999999,   -999999,   -999999,   -999999,   -999999,   -999999,   -999999,   -999999,   -999999,   -999999,   -999999,   -999999,   -999999,   -999999,   -999999,   -999999,   -999999,   -999999,   -999999,   -999999,   -999999,   -999999,   -999999,   -999999,   -999999,   -999999,   -999999,   -999999,   -999999,   -999999,   -999999,        0.62580000  
84082,   40,          804591.00,         8.0000000,  17.1941657,   32.4156424,   267.5604022,   5.318857602,   517.42,   262.7119939,   317.1312115,   287,   87.98443899,   5.42554,   106.3759032,   126.1396591,    -999999,  0.3882,    -999999,  299.68,   299.42,   0.56,   -1.4,   317.1319939,   243.8499939,   270.6299939,   944.3,    -999999,   -999999,   -999999,   -999999,  0.656932,   0.5459,   2.77486,   2.50638,   21.784,   56.674,   15.758,   -9.418,   0.0638,   5.36174,   37.96,   406.595,   1.867,   0.09955,    -999999,   -999999,   -999999,   -999999,   -999999,   -999999,   -999999,   -999999,   -999999,   -999999,   -999999,   -999999,   -999999,   -999999,   -999999,   -999999,   -999999,   -999999,   -999999,   -999999,   -999999,   -999999,   -999999,   -999999,   -999999,   -999999,   -999999,   -999999,   -999999,   -999999,   -999999,   -999999,   -999999,   -999999,   -999999,   -999999,   -999999,   -999999,   -999999,   -999999,   -999999,   -999999,   -999999,   -999999,   -999999,   -999999,   -999999,   -999999,   -999999,   -999999,   -999999,   -999999,        0.69400000  
84087,   40,          804592.00,         8.0000000,  17.19522656,   32.4179994,   267.5554818,   5.31857109,   517.44,   262.6939939,   317.1059809,   287,   87.99791431,   5.42482,   106.3656144,   126.1242259,    -999999,  0.38816,    -999999,  299.64,   299.42,   0.6,   -1.86,   317.1079939,   243.8099939,   270.6099939,   944.42,    -999999,   -999999,   -999999,   -999999,  0.654452,   0.54386,   2.77092,   2.50236,   21.736,   56.666,   15.726,   -9.456,   0.06238,   5.36244,   39.12,   406.572,   1.867444444,   0.0961,   405.88,   1871.49,   91.83,   329.67,   9.18,   523.21,   -47.57,    -999999,  231.31,   516.45,   3.36,   71.1,   8.57,   0.5,   36.33,   13.4,   96.22,   7.42,   22.48,   20.32,   1.28,   0.97,   4.76,   3.32,   0.4,   2.4,   84.45,   4.65,   2.46,   7.01,   0.28,   0.98,   521.12,   578.84,   53.57,   10.64,   1.74,   110.83,   756.92,   101.3,   12.86,   17.27,   2.27,   7.57,   23.92,   25.69,   0.2,   0.16,   0.31,   0.67,   2.52,   244.42,         0.62640000  
84092,   40,          804593.00,         8.0000000,  17.19628708,   32.4203472,   267.5505562,   5.317699362,   517.5,   262.7259939,   317.1341028,   287,   88.0113825,   5.4246,   106.3759032,   126.0408867,    -999999,  0.38788,    -999999,  299.4,   299.22,   0.6,   -2.24,   317.1319939,   243.7499939,   270.6299939,   944.3,    -999999,   -999999,   -999999,   -999999,  0.650698,   0.5408,   2.77794,   2.50946,   21.552,   56.588,   15.688,   -9.4,   0.06374,   5.36086,   42.76,   406.5,   1.8676,   0.09735,   405.88,   1871.49,   91.83,   329.67,   9.18,   523.21,   -47.57,    -999999,  231.31,   516.45,   3.36,   71.1,   8.57,   0.5,   36.33,   13.4,   96.22,   7.42,   22.48,   20.32,   1.28,   0.97,   4.76,   3.32,   0.4,   2.4,   84.45,   4.65,   2.46,   7.01,   0.28,   0.98,   521.12,   578.84,   53.57,   10.64,   1.74,   110.83,   756.92,   101.3,   12.86,   17.27,   2.27,   7.57,   23.92,   25.69,   0.2,   0.16,   0.31,   0.67,   2.52,   244.42,         0.60160000  
84097,   40,          804594.00,         8.0000000,  17.19734658,   32.4226686,   267.5456154,   5.317985874,   517.48,   262.7299939,   317.1424332,   287,   88.02483002,   5.42472,   106.3141704,   126.0079625,    -999999,  0.38778,    -999999,  298.76,   298.62,   0.6,   -4.58,   317.1399939,   243.6899939,   270.6299939,   944.32,    -999999,   -999999,   -999999,   -999999,  0.647072,   0.5378,   2.77882,   2.51034,   21.424,   56.554,   15.502,   -9.776,   0.06702,   5.3577,   36.88,   406.596,   1.867066667,   0.09905,   405.88,   1871.49,   91.83,   329.67,   9.18,   523.21,   -47.57,    -999999,  231.31,   516.45,   3.36,   71.1,   8.57,   0.5,   36.33,   13.4,   96.22,   7.42,   22.48,   20.32,   1.28,   0.97,   4.76,   3.32,   0.4,   2.4,   84.45,   4.65,   2.46,   7.01,   0.28,   0.98,   521.12,   578.84,   53.57,   10.64,   1.74,   110.83,   756.92,   101.3,   12.86,   17.27,   2.27,   7.57,   23.92,   25.69,   0.2,   0.16,   0.31,   0.67,   2.52,   244.42,         0.59880000  
84102,   40,          804595.00,         8.0000000,  17.1984028,   32.4249104,   267.5406254,   5.317985874,   517.48,   262.7439939,   317.1593326,   287,   88.03821257,   5.42454,   106.3141704,   126.0378,    -999999,  0.38788,    -999999,  297.38,   297.12,   0.64,   -4.74,   317.1599939,   243.7099939,   270.6499939,   944.22,    -999999,   -999999,   -999999,   -999999,  0.64829,   0.5388,   2.78188,   2.51348,   21.434,   56.578,   15.252,   -10.39,   0.07076,   5.35378,   37.24,   406.4866667,   1.86685,   0.09115,   405.88,   1871.49,   91.83,   329.67,   9.18,   523.21,   -47.57,    -999999,  231.31,   516.45,   3.36,   71.1,   8.57,   0.5,   36.33,   13.4,   96.22,   7.42,   22.48,   20.32,   1.28,   0.97,   4.76,   3.32,   0.4,   2.4,   84.45,   4.65,   2.46,   7.01,   0.28,   0.98,   521.12,   578.84,   53.57,   10.64,   1.74,   110.83,   756.92,   101.3,   12.86,   17.27,   2.27,   7.57,   23.92,   25.69,   0.2,   0.16,   0.31,   0.67,   2.52,   244.42,         0.56940000  
84107,   40,          804596.00,         8.0000000,  17.19945459,   32.4270404,   267.5355688,   5.318863698,   517.42,   262.7419939,   317.1674258,   287,   88.05150592,   5.42478,   106.3038816,   126.0460311,    -999999,  0.38788,    -999999,  296.5,   295.86,   0.7,   -3.02,   317.1699939,   243.6499939,   270.6499939,   944.36,    -999999,   -999999,   -999999,   -999999,  0.644714,   0.5358,   2.78144,   2.51304,   21.316,   56.58,   15.566,   -9.934,   0.0702,   5.35458,   38.06,   406.4833333,   1.8669,   0.0843,   405.88,   1871.49,   91.83,   329.67,   9.18,   523.21,   -47.57,    -999999,  231.31,   516.45,   3.36,   71.1,   8.57,   0.5,   36.33,   13.4,   96.22,   7.42,   22.48,   20.32,   1.28,   0.97,   4.76,   3.32,   0.4,   2.4,   84.45,   4.65,   2.46,   7.01,   0.28,   0.98,   521.12,   578.84,   53.57,   10.64,   1.74,   110.83,   756.92,   101.3,   12.86,   17.27,   2.27,   7.57,   23.92,   25.69,   0.2,   0.16,   0.31,   0.67,   2.52,   244.42,         0.59920000  
84112,   40,          804597.00,         8.0000000,  17.20050386,   32.429103,   267.5304746,   5.318851506,   517.42,   262.7259939,   317.1481115,   287,   88.06474756,   5.42546,   106.2730152,   126.0182513,    -999999,  0.38782,    -999999,  296.14,   295.28,   0.7,   -1.86,   317.1499939,   243.6499939,   270.6299939,   944.4,    -999999,   -999999,   -999999,   -999999,  0.644712,   0.5358,   2.77794,   2.50946,   21.348,   56.558,   15.702,   -9.77,   0.06728,   5.35818,   41.38,   406.52,   1.866190909,   0.0976,   405.88,   1871.49,   91.83,   329.67,   9.18,   523.21,   -47.57,    -999999,  231.31,   516.45,   3.36,   71.1,   8.57,   0.5,   36.33,   13.4,   96.22,   7.42,   22.48,   20.32,   1.28,   0.97,   4.76,   3.32,   0.4,   2.4,   84.45,   4.65,   2.46,   7.01,   0.28,   0.98,   521.12,   578.84,   53.57,   10.64,   1.74,   110.83,   756.92,   101.3,   12.86,   17.27,   2.27,   7.57,   23.92,   25.69,   0.2,   0.16,   0.31,   0.67,   2.52,   244.42,         0.53680000  
84117,   40,          804598.00,         8.0000000,  17.20155252,   32.431141,   267.5253712,   5.320015842,   517.34,   262.7439939,   317.1838526,   287,   88.077974,   5.42618,   106.1495496,   126.0336845,    -999999,  0.38786,    -999999,  296.12,   295.2,   0.66,   -1.24,   317.1859939,   243.5699939,   270.6499939,   944.46,    -999999,   -999999,   -999999,   -999999,  0.639988,   0.5318,   2.78188,   2.51348,   21.154,   56.56,   15.748,   -9.874,   0.06012,   5.36606,   37.02,   406.47,   1.867245455,   0.09445,   405.88,   1871.49,   91.83,   329.67,   9.18,   523.21,   -47.57,    -999999,  231.31,   516.45,   3.36,   71.1,   8.57,   0.5,   36.33,   13.4,   96.22,   7.42,   22.48,   20.32,   1.28,   0.97,   4.76,   3.32,   0.4,   2.4,   84.45,   4.65,   2.46,   7.01,   0.28,   0.98,   521.12,   578.84,   53.57,   10.64,   1.74,   110.83,   756.92,   101.3,   12.86,   17.27,   2.27,   7.57,   23.92,   25.69,   0.2,   0.16,   0.31,   0.67,   2.52,   244.42,         0.61680000  
84122,   40,          804599.00,         8.0000000,  17.20260145,   32.4331806,   267.5202718,   5.320296258,   517.32,   262.7499939,   317.1945994,   287,   88.09120421,   5.42664,   106.0981056,   125.9760672,    -999999,  0.3877,    -999999,  296.28,   295.34,   0.62,   -0.82,   317.1979939,   243.5299939,   270.6499939,   944.28,    -999999,   -999999,   -999999,   -999999,  0.637608,   0.5298,   2.7832,   2.5148,   21.07,   56.502,   15.79,   -9.798,   0.0536,   5.37304,   40.86,   406.395,   1.86712,   0.08665,    -999999,   -999999,   -999999,   -999999,   -999999,   -999999,   -999999,   -999999,   -999999,   -999999,   -999999,   -999999,   -999999,   -999999,   -999999,   -999999,   -999999,   -999999,   -999999,   -999999,   -999999,   -999999,   -999999,   -999999,   -999999,   -999999,   -999999,   -999999,   -999999,   -999999,   -999999,   -999999,   -999999,   -999999,   -999999,   -999999,   -999999,   -999999,   -999999,   -999999,   -999999,   -999999,   -999999,   -999999,   -999999,   -999999,   -999999,   -999999,   -999999,   -999999,   -999999,   -999999,        0.62900000  
