inputs/ACTAMERICA_Merge/B200/ACTAMERICA-mrg05-b200_merge_20171004_R0.ict
138, 1001
Shook, Michael
NASA Atmospheric Composition Branch, NASA Langley Research Center (SSAI)
Merged data file for ACT-AMERICA Fall 2017, Flight 02 (20171004), on the b200 platform. Data is merged to 05 seconds.
NASA ACT-AMERICA Fall 2017
1, 1
2017, 10, 04, 2018, 07, 11
05
UTC,s
99
1, 1, 1, 1, 1, 1, 1, 1, 1, 1, 1, 1, 1, 1, 1, 1, 1, 1, 1, 1, 1, 1, 1, 1, 1, 1, 1, 1, 1, 1, 1, 1, 1, 1, 1, 1, 1, 1, 1, 1, 1, 1, 1, 1, 1, 1, 1, 1, 1, 1, 1, 1, 1, 1, 1, 1, 1, 1, 1, 1, 1, 1, 1, 1, 1, 1, 1, 1, 1, 1, 1, 1, 1, 1, 1, 1, 1, 1, 1, 1, 1, 1, 1, 1, 1, 1, 1, 1, 1, 1, 1, 1, 1, 1, 1, 1, 1, 1, 1
-999999, -999999, -999999, -999999, -999999, -999999, -999999, -999999, -999999, -999999, -999999, -999999, -999999, -999999, -999999, -999999, -999999, -999999, -999999, -999999, -999999, -999999, -999999, -999999, -999999, -999999, -999999, -999999, -999999, -999999, -999999, -999999, -999999, -999999, -999999, -999999, -999999, -999999, -999999, -999999, -999999, -999999, -999999, -999999, -999999, -999999, -999999, -999999, -999999, -999999, -999999, -999999, -999999, -999999, -999999, -999999, -999999, -999999, -999999, -999999, -999999, -999999, -999999, -999999, -999999, -999999, -999999, -999999, -999999, -999999, -999999, -999999, -999999, -999999, -999999, -999999, -999999, -999999, -999999, -999999, -999999, -999999, -999999, -999999, -999999, -999999, -999999, -999999, -999999, -999999, -999999, -999999, -999999, -999999, -999999, -999999, -999999, -999999, -999999
JDAY, days
INDEX, none
FLIGHT, none
LOCAL_SUN_TIME, hour
LATITUDE, degs
LONGITUDE, degs
ALTP, km
PRESSURE, hPa
TEMPERATURE, K
THETA, K, calculated from ambient temperature and pressure
O3COLUMN, DU, OMI ozone column data extracted along flight track
SZA, deg
WNS, m/s
WND, Degs
GPS_ALT, km
GRD_SPD, m/s
TAS, m/s
IAS, m/s
MachNumber, mach
VerticalSpeed, ft min-1
HDG, degs
TRK, degs
DifferentialPressure, hPa
PITCH, degs
ROLL, degs
PotentialTemp_Nav, K
Dewpoint, K
TotalAirTemp, K
CabinPressure, hPa
SolarZenithAngle, degs
AircraftSunElevation, degs
SunAzimuth, degs
AircraftSunAzimuth, degs
H2O_MixingRatio_Nav, g kg-1
H2O_VaporPressure_Nav, hPa
H2O_SatVaporPressureWater_Nav, hPa
H2O_SatVaporPressureIce_Nav, hPa
H2O_RelativeHumidity_Nav, %
U_WINDS, m s-1
V_WINDS, m s-1
GroundElevation-AMSL_GoogleMaps, km
Altitude-AGL_GoogleMaps, km
O3_MixingRatio, ppbv
CO2_DryMoleFrac_PICARRO, ppm
CH4_DryMoleFrac_PICARRO, ppm
CO_DryMoleFrac_PICARRO, ppm
CO2_MoleFraction_PFP, ppm
CH4_MoleFraction_PFP, ppb
CO_MoleFraction_PFP, ppb
N2O_MoleFraction_PFP, ppb
SF6_CCGG_MoleFraction_PFP, ppt
H2_MoleFraction_PFP, ppb
CH4C13_MoleFraction_PFP, permil
CO2C14_MoleFraction_PFP, permil
F11B_MoleFraction_PFP, ppt
FC12_MoleFraction_PFP, ppt
F13_MoleFraction_PFP, ppt
F113_MoleFraction_PFP, ppt
F115_MoleFraction_PFP, ppt
HF133a_MoleFraction_PFP, ppt
F23_MoleFraction_PFP, ppt
F32_MoleFraction_PFP, ppt
F134A_MoleFraction_PFP, ppt
F152A_MoleFraction_PFP, ppt
F125_MoleFraction_PFP, ppt
F143a_MoleFraction_PFP, ppt
F227e_MoleFraction_PFP, ppt
F365m_MoleFraction_PFP, ppt
H1211_MoleFraction_PFP, ppt
H1301_MoleFraction_PFP, ppt
H2402_MoleFraction_PFP, ppt
MCFA_MoleFraction_PFP, ppt
CF4_MoleFraction_PFP, ppt
C2F6_MoleFraction_PFP, ppt
SO2F2_MoleFraction_PFP, ppt
MEBR_MoleFraction_PFP, ppt
CH3I_MoleFraction_PFP, ppt
DIBR_MoleFraction_PFP, ppt
OCS_MoleFraction_PFP, ppt
[...]
[from data line 1519]
76872,   277,          201520.00,         2.0000000,  16.07084707,   40.3660604,   280.7522894,   0.8958681711,   910.12,   291.4899939,   299.4399553,   244.0829926,   71.42047505,   6.150500715,   234.236153,   1.02022,   85.23241921,   88.20588241,    -999999,  0.2578,    -999999,  171.128,   166.9,   43,   2.63,   -2.644,   300.5699939,   282.3299939,   295.3499939,   941.44,    -999999,   -999999,   -999999,   -999999,  8.075414,   11.665,   21.1659,   25.22538,   55.114,   5.722,   4.144,   0.49374,   0.52648,   63.9,   400.0157143,   2.353544444,   0.1479789474,   399.97,   2345.94,   144.12,   330.29,   9.75,   477.33,   -47.63,   8.56,   235.09,   515.42,   3.21,   70.15,   8.72,   0.55,   31.11,   22.21,   122.26,   23.83,   30,   24.04,   1.47,   1.34,    -999999,  3.34,   0.43,   2.43,   84.46,   5.66,   2.25,   7.27,   0.51,   1.01,   421.2,   492.14,   63.71,   18.01,   16.02,   214.07,   14009.16,   3089,   680.89,   406.8,   158.24,   239.16,   70.2,    -999999,  0.16,   0.33,   7.61,   0.64,   59.01,   267.87,      -999999  
76877,   277,          201521.00,         2.0000000,  16.07231257,   40.3623198,   280.7534386,   0.9072067312,   908.84,   291.3499939,   299.4165123,   244.0829926,   71.43443601,   7.055496765,   232.772834,   1.03314,   85.26328561,   88.15443841,    -999999,  0.2576,    -999999,  170.658,   166.7,   42.94,   4.02,   -2.182,   300.5499939,   282.2899939,   295.2099939,   941.58,    -999999,   -999999,   -999999,   -999999,  8.064854,   11.63356,   20.98068,   24.9717,   55.448,   5.324,   4.018,   0.49828,   0.53486,   63.54,   399.9742857,   2.36,   0.1464789474,   399.97,   2345.94,   144.12,   330.29,   9.75,   477.33,   -47.63,   8.56,   235.09,   515.42,   3.21,   70.15,   8.72,   0.55,   31.11,   22.21,   122.26,   23.83,   30,   24.04,   1.47,   1.34,    -999999,  3.34,   0.43,   2.43,   84.46,   5.66,   2.25,   7.27,   0.51,   1.01,   421.2,   492.14,   63.71,   18.01,   16.02,   214.07,   14009.16,   3089,   680.89,   406.8,   158.24,   239.16,   70.2,    -999999,  0.16,   0.33,   7.61,   0.64,   59.01,   267.87,      -999999  
76882,   277,          201522.00,         2.0000000,  16.07377785,   40.3586014,   280.7545844,   0.9245193714,   906.96,   291.2699939,   299.5114457,   244.0829926,   71.44840716,   6.653799459,   235.2326435,   1.0512,   84.56364721,   87.50624401,    -999999,  0.2558,    -999999,  171.444,   167.08,   42.2,   4.078,   0.85,   300.6499939,   282.2699939,   295.0899939,   941.42,    -999999,   -999999,   -999999,   -999999,  8.070676,   11.61776,   20.87542,   24.82772,   55.654,   5.898,   4.114,   0.51628,   0.53492,   62.6,   399.93,   2.34025,   0.1475210526,   399.97,   2345.94,   144.12,   330.29,   9.75,   477.33,   -47.63,   8.56,   235.09,   515.42,   3.21,   70.15,   8.72,   0.55,   31.11,   22.21,   122.26,   23.83,   30,   24.04,   1.47,   1.34,    -999999,  3.34,   0.43,   2.43,   84.46,   5.66,   2.25,   7.27,   0.51,   1.01,   421.2,   492.14,   63.71,   18.01,   16.02,   214.07,   14009.16,   3089,   680.89,   406.8,   158.24,   239.16,   70.2,    -999999,  0.16,   0.33,   7.61,   0.64,   59.01,   267.87,      -999999  
76887,   277,          201523.00,         2.0000000,  16.07523662,   40.3548944,   280.7556326,   0.9380524916,   905.48,   291.1499939,   299.5277823,   244.0829926,   71.46231815,   7.180158544,   236.8080516,   1.06438,   84.19325041,   87.29017921,    -999999,  0.2552,    -999999,  173.15,   168.48,   41.94,   2.54,   0.364,   300.6499939,   282.2299939,   294.9499939,   941.18,    -999999,   -999999,   -999999,   -999999,  8.061926,   11.5864,   20.7182,   24.6128,   55.924,   6.412,   4.168,   0.5365,   0.52788,   61.36,   400.07,   2.3393,   0.1449789474,    -999999,   -999999,   -999999,   -999999,   -999999,   -999999,   -999999,   -999999,   -999999,   -999999,   -999999,   -999999,   -999999,   -999999,   -999999,   -999999,   -999999,   -999999,   -999999,   -999999,   -999999,   -999999,   -999999,   -999999,   -999999,   -999999,   -999999,   -999999,   -999999,   -999999,   -999999,   -999999,   -999999,   -999999,   -999999,   -999999,   -999999,   -999999,   -999999,   -999999,   -999999,   -999999,   -999999,   -999999,   -999999,   -999999,   -999999,   -999999,   -999999,   -999999,   -999999,   -999999,     -999999  
76892,   277,          201524.00,         2.0000000,  16.07668825,   40.3511518,   280.7565738,   0.9397593716,   905.26,   291.0299939,   299.4251168,   244.0829926,   71.47614405,   7.638473118,   228.4201736,   1.06536,   85.07808721,   89.00840881,    -999999,  0.2602,    -999999,  173.626,   169.68,   43.66,   1.634,   -0.604,   300.5499939,   282.2699939,   294.9499939,   941.32,    -999999,   -999999,   -999999,   -999999,  8.08598,   11.6177,   20.56236,   24.40006,   56.498,   5.384,   4.75,   0.57462,   0.49074,   60.8,   400.16,   2.32265,   0.14705,    -999999,   -999999,   -999999,   -999999,   -999999,   -999999,   -999999,   -999999,   -999999,   -999999,   -999999,   -999999,   -999999,   -999999,   -999999,   -999999,   -999999,   -999999,   -999999,   -999999,   -999999,   -999999,   -999999,   -999999,   -999999,   -999999,   -999999,   -999999,   -999999,   -999999,   -999999,   -999999,   -999999,   -999999,   -999999,   -999999,   -999999,   -999999,   -999999,   -999999,   -999999,   -999999,   -999999,   -999999,   -999999,   -999999,   -999999,   -999999,   -999999,   -999999,   -999999,   -999999,         13.857000  
76897,   277,          201525.00,         2.0000000,  16.07813724,   40.34736,   280.7574752,   0.9434169717,   904.88,   290.9499939,   299.3787201,   244.0829926,   71.48992672,   7.162483276,   228.1556662,   1.06962,   85.78801441,   89.63602561,    -999999,  0.262,    -999999,  173.196,   169.36,   44.28,   3.11,   -3.91,   300.5499939,   282.2299939,   294.9499939,   941.62,    -999999,   -999999,   -999999,   -999999,  8.067332,   11.58638,   20.45894,   24.25904,   56.634,   5.246,   4.686,   0.63044,   0.43918,   61.92,   400.0514286,   2.3244,   0.1464052632,    -999999,   -999999,   -999999,   -999999,   -999999,   -999999,   -999999,   -999999,   -999999,   -999999,   -999999,   -999999,   -999999,   -999999,   -999999,   -999999,   -999999,   -999999,   -999999,   -999999,   -999999,   -999999,   -999999,   -999999,   -999999,   -999999,   -999999,   -999999,   -999999,   -999999,   -999999,   -999999,   -999999,   -999999,   -999999,   -999999,   -999999,   -999999,   -999999,   -999999,   -999999,   -999999,   -999999,   -999999,   -999999,   -999999,   -999999,   -999999,   -999999,   -999999,   -999999,   -999999,         13.676000  
76902,   277,          201526.00,         2.0000000,  16.07959116,   40.3435754,   280.7584508,   0.9564014518,   903.5,   290.8699939,   299.4269438,   244.0829926,   71.50376817,   7.019565661,   229.6616068,   1.08318,   85.60281601,   89.13187441,    -999999,  0.2606,    -999999,  172.402,   168.56,   43.72,   2.436,   -1.768,   300.6099939,   282.1899939,   294.8499939,   941.56,    -999999,   -999999,   -999999,   -999999,  8.05771,   11.5551,   20.35598,   24.1188,   56.766,   5.19,   4.448,   0.68362,   0.39956,   62.66,   400.0342857,   2.32875,   0.1414842105,    -999999,   -999999,   -999999,   -999999,   -999999,   -999999,   -999999,   -999999,   -999999,   -999999,   -999999,   -999999,   -999999,   -999999,   -999999,   -999999,   -999999,   -999999,   -999999,   -999999,   -999999,   -999999,   -999999,   -999999,   -999999,   -999999,   -999999,   -999999,   -999999,   -999999,   -999999,   -999999,   -999999,   -999999,   -999999,   -999999,   -999999,   -999999,   -999999,   -999999,   -999999,   -999999,   -999999,   -999999,   -999999,   -999999,   -999999,   -999999,   -999999,   -999999,   -999999,   -999999,         13.765600  
76907,   277,          201527.00,         2.0000000,  16.08104693,   40.3397734,   280.759454,   0.9554870518,   903.58,   290.8499939,   299.3987813,   244.0829926,   71.51762614,   6.829070741,   233.6938975,   1.08242,   86.78602801,   90.01671121,    -999999,  0.2632,    -999999,  172.722,   168.6,   44.62,   0.592,   -2.762,   300.5299939,   282.2299939,   294.8499939,   941.3,    -999999,   -999999,   -999999,   -999999,  8.079048,   11.5863,   20.3303,   24.08378,   56.992,   5.772,   4.212,   0.70822,   0.3742,   62.86,   400.0385714,   2.3291,   0.14435,    -999999,   -999999,   -999999,   -999999,   -999999,   -999999,   -999999,   -999999,   -999999,   -999999,   -999999,   -999999,   -999999,   -999999,   -999999,   -999999,   -999999,   -999999,   -999999,   -999999,   -999999,   -999999,   -999999,   -999999,   -999999,   -999999,   -999999,   -999999,   -999999,   -999999,   -999999,   -999999,   -999999,   -999999,   -999999,   -999999,   -999999,   -999999,   -999999,   -999999,   -999999,   -999999,   -999999,   -999999,   -999999,   -999999,   -999999,   -999999,   -999999,   -999999,   -999999,   -999999,         14.070800  
76912,   277,          201528.00,         2.0000000,  16.08250825,   40.3359038,   280.7605404,   0.9501225717,   904.16,   290.7699939,   299.2615587,   244.0829926,   71.53152021,   7.121356554,   234.1834997,   1.07802,   88.67916721,   91.70407441,    -999999,  0.2684,    -999999,  170.912,   166.62,   46.38,   0.504,   -9.226,   300.4099939,   282.2499939,   294.9699939,   941.52,    -999999,   -999999,   -999999,   -999999,  8.084834,   11.60196,   20.22806,   23.94466,   57.358,   6.84,   4.09,   0.69402,   0.384,   62.92,   400.1342857,   2.3186,   0.14405,    -999999,   -999999,   -999999,   -999999,   -999999,   -999999,   -999999,   -999999,   -999999,   -999999,   -999999,   -999999,   -999999,   -999999,   -999999,   -999999,   -999999,   -999999,   -999999,   -999999,   -999999,   -999999,   -999999,   -999999,   -999999,   -999999,   -999999,   -999999,   -999999,   -999999,   -999999,   -999999,   -999999,   -999999,   -999999,   -999999,   -999999,   -999999,   -999999,   -999999,   -999999,   -999999,   -999999,   -999999,   -999999,   -999999,   -999999,   -999999,   -999999,   -999999,   -999999,   -999999,         13.547000  
76917,   277,          201529.00,         2.0000000,  16.08399035,   40.3320046,   280.7619386,   0.9455505717,   904.66,   290.7299939,   299.1731306,   244.0829926,   71.54562584,   7.400234713,   228.2969065,   1.07012,   90.62375041,   93.88530001,    -999999,  0.2746,    -999999,  166.87,   162.8,   48.68,   -0.03,   -8.086,   300.3099939,   282.1899939,   295.1099939,   941.36,    -999999,   -999999,   -999999,   -999999,  8.047284,   11.55514,   20.1771,   23.87534,   57.268,   5.393333333,   5.046666667,   0.66768,   0.40244,   62.28,   400.175,   2.310763636,   0.1500684211,    -999999,   -999999,   -999999,   -999999,   -999999,   -999999,   -999999,   -999999,   -999999,   -999999,   -999999,   -999999,   -999999,   -999999,   -999999,   -999999,   -999999,   -999999,   -999999,   -999999,   -999999,   -999999,   -999999,   -999999,   -999999,   -999999,   -999999,   -999999,   -999999,   -999999,   -999999,   -999999,   -999999,   -999999,   -999999,   -999999,   -999999,   -999999,   -999999,   -999999,   -999999,   -999999,   -999999,   -999999,   -999999,   -999999,   -999999,   -999999,   -999999,   -999999,   -999999,   -999999,         13.328200  
76922,   277,          201530.00,         2.0000000,  16.08549405,   40.3280926,   280.7636608,   0.9357969716,   905.72,   290.7299939,   299.0730504,   244.0829926,   71.55995825,   7.318179407,   225.2333204,   1.06008,   92.38313521,   95.56237441,    -999999,  0.2796,    -999999,  163.992,   160.16,   50.54,   0.084,   -6.132,   300.2299939,   282.1899939,   295.2899939,   941.66,    -999999,   -999999,   -999999,   -999999,  8.037772,   11.5552,   20.17718,   23.87542,   57.268,   4.994,   4.958,   0.65204,   0.40804,   61.86,   400.295,   2.28701,   0.14725,    -999999,   -999999,   -999999,   -999999,   -999999,   -999999,   -999999,   -999999,   -999999,   -999999,   -999999,   -999999,   -999999,   -999999,   -999999,   -999999,   -999999,   -999999,   -999999,   -999999,   -999999,   -999999,   -999999,   -999999,   -999999,   -999999,   -999999,   -999999,   -999999,   -999999,   -999999,   -999999,   -999999,   -999999,   -999999,   -999999,   -999999,   -999999,   -999999,   -999999,   -999999,   -999999,   -999999,   -999999,   -999999,   -999999,   -999999,   -999999,   -999999,   -999999,   -999999,   -999999,         12.187800  
76927,   277,          201531.00,         2.0000000,  16.0870124,   40.3241694,   280.7656026,   0.9294571315,   906.4,   290.7499939,   299.0294968,   244.0829926,   71.57444483,   7.04073051,   221.0489088,   1.05416,   93.63836881,   96.35461201,    -999999,  0.282,    -999999,  161.662,   158.7,   51.42,   0.436,   -1.848,   300.1499939,   282.3699939,   295.3499939,   941.68,    -999999,   -999999,   -999999,   -999999,  8.131132,   11.69644,   20.20268,   23.9101,   57.898,   3.704,   4.214,   0.53086,   0.5233,   61.74,   400.14,   2.275363636,   0.14355,    -999999,   -999999,   -999999,   -999999,   -999999,   -999999,   -999999,   -999999,   -999999,   -999999,   -999999,   -999999,   -999999,   -999999,   -999999,   -999999,   -999999,   -999999,   -999999,   -999999,   -999999,   -999999,   -999999,   -999999,   -999999,   -999999,   -999999,   -999999,   -999999,   -999999,   -999999,   -999999,   -999999,   -999999,   -999999,   -999999,   -999999,   -999999,   -999999,   -999999,   -999999,   -999999,   -999999,   -999999,   -999999,   -999999,   -999999,   -999999,   -999999,   -999999,   -999999,   -999999,         11.734000  
76932,   277,          201532.00,         2.0000000,  16.08853278,   40.3202156,   280.767575,   0.9290304115,   906.48,   290.7499939,   299.0219564,   244.0829926,   71.58894529,   5.598647542,   225.3918379,   1.05316,   94.12194241,   96.81760801,    -999999,  0.2832,    -999999,  163.268,   159.92,   51.94,   0.814,   1.852,   300.1699939,   282.3099939,   295.4499939,   941.84,    -999999,   -999999,   -999999,   -999999,  8.097106,   11.64916,   20.2027,   23.9101,   57.664,   4.488,   4.316,   0.4647,   0.58846,   62.16,   400.295,   2.273408333,   0.1423,    -999999,   -999999,   -999999,   -999999,   -999999,   -999999,   -999999,   -999999,   -999999,   -999999,   -999999,   -999999,   -999999,   -999999,   -999999,   -999999,   -999999,   -999999,   -999999,   -999999,   -999999,   -999999,   -999999,   -999999,   -999999,   -999999,   -999999,   -999999,   -999999,   -999999,   -999999,   -999999,   -999999,   -999999,   -999999,   -999999,   -999999,   -999999,   -999999,   -999999,   -999999,   -999999,   -999999,   -999999,   -999999,   -999999,   -999999,   -999999,   -999999,   -999999,   -999999,   -999999,         11.631000  
