inputs/ACTAMERICA_Merge/B200/ACTAMERICA-mrg05-b200_merge_20180515_R0.ict
141, 1001
Shook, Michael
NASA Chemistry and Dynamics Branch, NASA Langley Research Center
Merged data file for ACT-AMERICA 2018, Flight 23 (20180515), on the b200 platform. Data is merged to 05 seconds.
NASA ACT-AMERICA 2018
1, 1
2018, 05, 15, 2018, 10, 15
05
UTC,s
102
1, 1, 1, 1, 1, 1, 1, 1, 1, 1, 1, 1, 1, 1, 1, 1, 1, 1, 1, 1, 1, 1, 1, 1, 1, 1, 1, 1, 1, 1, 1, 1, 1, 1, 1, 1, 1, 1, 1, 1, 1, 1, 1, 1, 1, 1, 1, 1, 1, 1, 1, 1, 1, 1, 1, 1, 1, 1, 1, 1, 1, 1, 1, 1, 1, 1, 1, 1, 1, 1, 1, 1, 1, 1, 1, 1, 1, 1, 1, 1, 1, 1, 1, 1, 1, 1, 1, 1, 1, 1, 1, 1, 1, 1, 1, 1, 1, 1, 1, 1, 1, 1
-999999, -999999, -999999, -999999, -999999, -999999, -999999, -999999, -999999, -999999, -999999, -999999, -999999, -999999, -999999, -999999, -999999, -999999, -999999, -999999, -999999, -999999, -999999, -999999, -999999, -999999, -999999, -999999, -999999, -999999, -999999, -999999, -999999, -999999, -999999, -999999, -999999, -999999, -999999, -999999, -999999, -999999, -999999, -999999, -999999, -999999, -999999, -999999, -999999, -999999, -999999, -999999, -999999, -999999, -999999, -999999, -999999, -999999, -999999, -999999, -999999, -999999, -999999, -999999, -999999, -999999, -999999, -999999, -999999, -999999, -999999, -999999, -999999, -999999, -999999, -999999, -999999, -999999, -999999, -999999, -999999, -999999, -999999, -999999, -999999, -999999, -999999, -999999, -999999, -999999, -999999, -999999, -999999, -999999, -999999, -999999, -999999, -999999, -999999, -999999, -999999, -999999
JDAY, days
INDEX, none
FLIGHT, none
LOCAL_SUN_TIME, hour
LATITUDE, degs
LONGITUDE, degs
ALTP, km
PRESSURE, hPa
TEMPERATURE, K
THETA, K, calculated from ambient temperature and pressure
O3COLUMN, DU, OMI ozone column data extracted along flight track
SZA, deg
WNS, m/s
WND, Degs
GPS_ALT, km
GRD_SPD, m/s
TAS, m/s
IAS, m/s
MachNumber, mach
VerticalSpeed, ft min-1
HDG, degs
TRK, degs
DifferentialPressure, hPa
DriftAngle, degs
PITCH, degs
ROLL, degs
PotentialTemp_Nav, K
Dewpoint, K
TotalAirTemp, K
StaticPressure, hPa
CabinPressure, hPa
SolarZenithAngle, degs
AircraftSunElevation, degs
SunAzimuth, degs
AircraftSunAzimuth, degs
H2O_MixingRatio_Nav, g kg-1
H2O_VaporPressure_Nav, hPa
H2O_SatVaporPressureWater_Nav, hPa
H2O_SatVaporPressureIce_Nav, hPa
H2O_RelativeHumidity_Nav, %
ManeuverFlag, none
U_WINDS, m s-1
V_WINDS, m s-1
GroundElevation-AMSL_GoogleMaps, km
Altitude-AGL_GoogleMaps, km
O3_MixingRatio, ppbv
CO2_DryMoleFrac_PICARRO, ppm
CH4_DryMoleFrac_PICARRO, ppm
CO_DryMoleFrac_PICARRO, ppm
CO2_MoleFraction_PFP, ppm
CH4_MoleFraction_PFP, ppb
CO_MoleFraction_PFP, ppb
N2O_MoleFraction_PFP, ppb
SF6_CCGG_MoleFraction_PFP, ppt
H2_MoleFraction_PFP, ppb
CH4C13_MoleFraction_PFP, permil
CO2C14_MoleFraction_PFP, permil
F11B_MoleFraction_PFP, ppt
FC12_MoleFraction_PFP, ppt
F13_MoleFraction_PFP, ppt
F113_MoleFraction_PFP, ppt
F115_MoleFraction_PFP, ppt
HF133a_MoleFraction_PFP, ppt
F23_MoleFraction_PFP, ppt
F32_MoleFraction_PFP, ppt
F134A_MoleFraction_PFP, ppt
F152A_MoleFraction_PFP, ppt
F125_MoleFraction_PFP, ppt
F143a_MoleFraction_PFP, ppt
F227e_MoleFraction_PFP, ppt
F365m_MoleFraction_PFP, ppt
H1211_MoleFraction_PFP, ppt
H1301_MoleFraction_PFP, ppt
H2402_MoleFraction_PFP, ppt
MCFA_MoleFraction_PFP, ppt
CF4_MoleFraction_PFP, ppt
C2F6_MoleFraction_PFP, ppt
SO2F2_MoleFraction_PFP, ppt
MEBR_MoleFraction_PFP, ppt
[...]
[from data line 780]
54567,   135,          2300781.0,         23.000000,  9.788843591,   38.7679112,   279.4597372,   4.883054556,   548.546,   265.7839939,   315.529074,   316,   34.94991078,   17.8064548,   244.2531662,   5.10788,   116.880768,   122.4470088,    -999999,  0.37468,    -999999,  312.032,   320.14,   55.82,    -999999,  -4.008,   -0.492,   315.5299939,   257.3399939,   273.2439939,   548.546,   960.338,    -999999,   -999999,   -999999,   -999999,  2.041638,   1.7947,   3.52934,   3.28502,   54.634,    -999999,   -999999,   -999999,  0.39402,   4.71386,   60.36,   412.22,   1.882241667,   0.1,    -999999,   -999999,   -999999,   -999999,   -999999,   -999999,   -999999,   -999999,   -999999,   -999999,   -999999,   -999999,   -999999,   -999999,   -999999,   -999999,   -999999,   -999999,   -999999,   -999999,   -999999,   -999999,   -999999,   -999999,   -999999,   -999999,   -999999,   -999999,   -999999,   -999999,   -999999,   -999999,   -999999,   -999999,   -999999,   -999999,   -999999,   -999999,   -999999,   -999999,   -999999,   -999999,   -999999,   -999999,   -999999,   -999999,   -999999,   -999999,   -999999,   -999999,   -999999,   -999999,         1.2560000  
54572,   135,          2300782.0,         23.000000,  9.78994588,   38.77195,   279.4554382,   4.88201214,   548.622,   265.7619939,   315.4904683,   316,   34.9399848,   17.88903199,   244.8504102,   5.1085,   116.7573024,   122.4974239,    -999999,  0.37482,    -999999,  312.122,   320.246,   55.88,    -999999,  -3.968,   -0.548,   315.4959939,   257.6899939,   273.2299939,   548.622,   960.34,    -999999,   -999999,   -999999,   -999999,  2.101676,   1.84754,   3.52336,   3.27874,   56.35,    -999999,   -999999,   -999999,  0.35474,   4.75376,   56.8,   412.214,   1.88205,   0.1015052632,    -999999,   -999999,   -999999,   -999999,   -999999,   -999999,   -999999,   -999999,   -999999,   -999999,   -999999,   -999999,   -999999,   -999999,   -999999,   -999999,   -999999,   -999999,   -999999,   -999999,   -999999,   -999999,   -999999,   -999999,   -999999,   -999999,   -999999,   -999999,   -999999,   -999999,   -999999,   -999999,   -999999,   -999999,   -999999,   -999999,   -999999,   -999999,   -999999,   -999999,   -999999,   -999999,   -999999,   -999999,   -999999,   -999999,   -999999,   -999999,   -999999,   -999999,   -999999,   -999999,         1.1950000  
54577,   135,          2300783.0,         23.000000,  9.791048982,   38.7759908,   279.4511514,   4.881439116,   548.664,   265.7199939,   315.4337101,   316,   34.93005549,   18.1411952,   245.1797373,   5.10798,   116.6955696,   122.6095719,    -999999,  0.37524,    -999999,  312.094,   320.316,   56,    -999999,  -4.026,   -0.518,   315.4319939,   257.9379939,   273.1999939,   548.664,   960.338,    -999999,   -999999,   -999999,   -999999,  2.145186,   1.88582,   3.51192,   3.2668,   57.726,    -999999,   -999999,   -999999,  0.2603,   4.84768,   58.2,   412.25,   1.8822,   0.099845,    -999999,   -999999,   -999999,   -999999,   -999999,   -999999,   -999999,   -999999,   -999999,   -999999,   -999999,   -999999,   -999999,   -999999,   -999999,   -999999,   -999999,   -999999,   -999999,   -999999,   -999999,   -999999,   -999999,   -999999,   -999999,   -999999,   -999999,   -999999,   -999999,   -999999,   -999999,   -999999,   -999999,   -999999,   -999999,   -999999,   -999999,   -999999,   -999999,   -999999,   -999999,   -999999,   -999999,   -999999,   -999999,   -999999,   -999999,   -999999,   -999999,   -999999,   -999999,   -999999,         1.1750000  
54582,   135,          2300784.0,         23.000000,  9.792152191,   38.7800288,   279.4468662,   4.880311356,   548.746,   265.7599939,   315.4677237,   316,   34.92012829,   18.40646368,   244.8853996,   5.106,   116.6132592,   122.5694455,    -999999,  0.37506,    -999999,  311.88,   320.234,   55.96,    -999999,  -4.006,   -0.438,   315.4719939,   258.0979939,   273.2359939,   548.746,   960.406,    -999999,   -999999,   -999999,   -999999,  2.173458,   1.91088,   3.52282,   3.27818,   58.292,    -999999,   -999999,   -999999,  0.33644,   4.76956,   60.3,   412.27,   1.8823,   0.101255,    -999999,   -999999,   -999999,   -999999,   -999999,   -999999,   -999999,   -999999,   -999999,   -999999,   -999999,   -999999,   -999999,   -999999,   -999999,   -999999,   -999999,   -999999,   -999999,   -999999,   -999999,   -999999,   -999999,   -999999,   -999999,   -999999,   -999999,   -999999,   -999999,   -999999,   -999999,   -999999,   -999999,   -999999,   -999999,   -999999,   -999999,   -999999,   -999999,   -999999,   -999999,   -999999,   -999999,   -999999,   -999999,   -999999,   -999999,   -999999,   -999999,   -999999,   -999999,   -999999,         1.1736000  
54587,   135,          2300785.0,         23.000000,  9.793254987,   38.7840586,   279.4425748,   4.87801926,   548.914,   265.7679939,   315.4496299,   316,   34.91020635,   18.40340932,   245.0030412,   5.1039,   116.5412376,   122.5529835,    -999999,  0.375,    -999999,  311.814,   320.16,   55.96,    -999999,  -4.028,   -0.55,   315.4519939,   258.1299939,   273.2419939,   548.914,   960.42,    -999999,   -999999,   -999999,   -999999,  2.178554,   1.91592,   3.525,   3.28044,   58.402,    -999999,   -999999,   -999999,  0.3483,   4.7556,   57.22,   412.246,   1.882066667,   0.101345,    -999999,   -999999,   -999999,   -999999,   -999999,   -999999,   -999999,   -999999,   -999999,   -999999,   -999999,   -999999,   -999999,   -999999,   -999999,   -999999,   -999999,   -999999,   -999999,   -999999,   -999999,   -999999,   -999999,   -999999,   -999999,   -999999,   -999999,   -999999,   -999999,   -999999,   -999999,   -999999,   -999999,   -999999,   -999999,   -999999,   -999999,   -999999,   -999999,   -999999,   -999999,   -999999,   -999999,   -999999,   -999999,   -999999,   -999999,   -999999,   -999999,   -999999,   -999999,   -999999,         1.1816000  
54592,   135,          2300786.0,         23.000000,  9.794357756,   38.7880828,   279.438283,   4.877933916,   548.92,   265.7519939,   315.4296538,   316,   34.90028671,   18.31298129,   245.7777024,   5.1028,   116.4280608,   122.6311783,    -999999,  0.37524,    -999999,  311.898,   320.168,   56.04,    -999999,  -4.076,   -0.568,   315.4339939,   258.0419939,   273.2359939,   548.92,   960.444,    -999999,   -999999,   -999999,   -999999,  2.162712,   1.90204,   3.52064,   3.2759,   58.06,    -999999,   -999999,   -999999,  0.28574,   4.81706,   60.4,   412.23,   1.88245,   0.10175,   411.78,   1882.86,   101.64,   330.79,   9.71,   536.23,   -47.36,   8.44,   230.49,   509.05,   3.35,   69.56,   8.67,   0.53,   31.13,   17.63,   107.59,   9.86,   26.97,   22.65,   1.41,   1,   4.43,   3.35,   0.42,   1.96,   85.38,   5.72,   2.48,   7.32,   0.26,   0.7,   545.15,   576.41,   62.67,   11.53,   2.37,   72.55,   1258.3,   339.38,   76.76,   31.74,   13.15,   13.27,   15.15,    -999999,  0.19,   0.2,   0.1,   0.65,   6.04,   249.98,          1.2130000  
54597,   135,          2300787.0,         23.000000,  9.795461284,   38.7921058,   279.4340026,   4.877665692,   548.94,   265.7539939,   315.4287441,   316,   34.89036296,   18.47661293,   246.1940383,   5.10322,   116.26344,   122.6311783,    -999999,  0.37524,    -999999,  311.926,   320.256,   56.04,    -999999,  -4.016,   -0.49,   315.4299939,   258.0099939,   273.2379939,   548.94,   960.346,    -999999,   -999999,   -999999,   -999999,  2.156908,   1.89702,   3.52118,   3.27646,   57.898,    -999999,   -999999,   -999999,  0.27108,   4.83214,   56.2,   412.235,   1.882163636,   0.1024842105,   411.78,   1882.86,   101.64,   330.79,   9.71,   536.23,   -47.36,   8.44,   230.49,   509.05,   3.35,   69.56,   8.67,   0.53,   31.13,   17.63,   107.59,   9.86,   26.97,   22.65,   1.41,   1,   4.43,   3.35,   0.42,   1.96,   85.38,   5.72,   2.48,   7.32,   0.26,   0.7,   545.15,   576.41,   62.67,   11.53,   2.37,   72.55,   1258.3,   339.38,   76.76,   31.74,   13.15,   13.27,   15.15,    -999999,  0.19,   0.2,   0.1,   0.65,   6.04,   249.98,          1.2226000  
54602,   135,          2300788.0,         23.000000,  9.796565493,   38.7961216,   279.4297324,   4.878573996,   548.874,   265.7779939,   315.4680676,   316,   34.88043336,   18.6021175,   246.1419043,   5.10424,   115.9856424,   122.4089403,    -999999,  0.37456,    -999999,  311.798,   320.2,   55.82,    -999999,  -3.93,   -0.522,   315.4679939,   258.0099939,   273.2319939,   548.874,   960.336,    -999999,   -999999,   -999999,   -999999,  2.157168,   1.89706,   3.52772,   3.28332,   57.778,    -999999,   -999999,   -999999,  0.29696,   4.80728,   55.38,   412.225,   1.8822,   0.1014058824,   411.78,   1882.86,   101.64,   330.79,   9.71,   536.23,   -47.36,   8.44,   230.49,   509.05,   3.35,   69.56,   8.67,   0.53,   31.13,   17.63,   107.59,   9.86,   26.97,   22.65,   1.41,   1,   4.43,   3.35,   0.42,   1.96,   85.38,   5.72,   2.48,   7.32,   0.26,   0.7,   545.15,   576.41,   62.67,   11.53,   2.37,   72.55,   1258.3,   339.38,   76.76,   31.74,   13.15,   13.27,   15.15,    -999999,  0.19,   0.2,   0.1,   0.65,   6.04,   249.98,          1.1738000  
54607,   135,          2300789.0,         23.000000,  9.797669969,   38.8001252,   279.4254662,   4.88094534,   548.7,   265.7619939,   315.4776539,   316,   34.87050011,   18.62572628,   246.0800147,   5.1048,   115.7181336,   122.1496625,    -999999,  0.37378,    -999999,  311.722,   320.154,   55.56,    -999999,  -3.928,   -0.464,   315.4799939,   258.0079939,   273.1879939,   548.7,   960.316,    -999999,   -999999,   -999999,   -999999,  2.157496,   1.89672,   3.52336,   3.27874,   57.85,    -999999,   -999999,   -999999,  0.24462,   4.86018,   56.94,   412.19,   1.8821,   0.0981,   411.78,   1882.86,   101.64,   330.79,   9.71,   536.23,   -47.36,   8.44,   230.49,   509.05,   3.35,   69.56,   8.67,   0.53,   31.13,   17.63,   107.59,   9.86,   26.97,   22.65,   1.41,   1,   4.43,   3.35,   0.42,   1.96,   85.38,   5.72,   2.48,   7.32,   0.26,   0.7,   545.15,   576.41,   62.67,   11.53,   2.37,   72.55,   1258.3,   339.38,   76.76,   31.74,   13.15,   13.27,   15.15,    -999999,  0.19,   0.2,   0.1,   0.65,   6.04,   249.98,          1.2676000  
54612,   135,          2300790.0,         23.000000,  9.798774684,   38.804119,   279.4212036,   4.87774494,   548.934,   265.7739939,   315.4534677,   316,   34.86056454,   18.51567582,   245.5018162,   5.10452,   115.5638016,   121.7874967,    -999999,  0.37266,    -999999,  311.702,   320.132,   55.24,    -999999,  -3.866,   -0.512,   315.4559939,   258.0479939,   273.1559939,   548.934,   960.416,    -999999,   -999999,   -999999,   -999999,  2.163734,   1.903,   3.5266,   3.28218,   57.98,    -999999,   -999999,   -999999,  0.27436,   4.83016,   59.18,   412.195,   1.8822,   0.1003473684,    -999999,   -999999,   -999999,   -999999,   -999999,   -999999,   -999999,   -999999,   -999999,   -999999,   -999999,   -999999,   -999999,   -999999,   -999999,   -999999,   -999999,   -999999,   -999999,   -999999,   -999999,   -999999,   -999999,   -999999,   -999999,   -999999,   -999999,   -999999,   -999999,   -999999,   -999999,   -999999,   -999999,   -999999,   -999999,   -999999,   -999999,   -999999,   -999999,   -999999,   -999999,   -999999,   -999999,   -999999,   -999999,   -999999,   -999999,   -999999,   -999999,   -999999,   -999999,   -999999,         1.2682000  
54617,   135,          2300791.0,         23.000000,  9.799879853,   38.8081088,   279.4169478,   4.879829772,   548.782,   265.7799939,   315.4855511,   316,   34.85062689,   18.53729087,   245.6279592,   5.10412,   115.4197584,   121.6763777,    -999999,  0.3723,    -999999,  311.736,   320.18,   55.12,    -999999,  -3.854,   -0.552,   315.4859939,   258.1359939,   273.1479939,   548.782,   960.484,    -999999,   -999999,   -999999,   -999999,  2.180172,   1.91686,   3.52828,   3.28386,   58.37,    -999999,   -999999,   -999999,  0.26912,   4.835,   58.14,   412.195,   1.8821,   0.1015421053,    -999999,   -999999,   -999999,   -999999,   -999999,   -999999,   -999999,   -999999,   -999999,   -999999,   -999999,   -999999,   -999999,   -999999,   -999999,   -999999,   -999999,   -999999,   -999999,   -999999,   -999999,   -999999,   -999999,   -999999,   -999999,   -999999,   -999999,   -999999,   -999999,   -999999,   -999999,   -999999,   -999999,   -999999,   -999999,   -999999,   -999999,   -999999,   -999999,   -999999,   -999999,   -999999,   -999999,   -999999,   -999999,   -999999,   -999999,   -999999,   -999999,   -999999,   -999999,   -999999,         1.2942000  
54622,   135,          2300792.0,         23.000000,  9.800985796,   38.8120974,   279.4127036,   4.879518876,   548.804,   265.7719939,   315.4724416,   316,   34.84068498,   18.64635673,   245.5895337,   5.10472,   115.2551376,   121.5230746,    -999999,  0.37186,    -999999,  311.75,   320.26,   54.98,    -999999,  -3.764,   -0.616,   315.4719939,   258.1759939,   273.1199939,   548.804,   960.444,    -999999,   -999999,   -999999,   -999999,  2.1873,   1.92318,   3.5261,   3.2816,   58.604,    -999999,   -999999,   -999999,  0.23982,   4.8649,   57.84,   412.2,   1.88225,   0.1032,    -999999,   -999999,   -999999,   -999999,   -999999,   -999999,   -999999,   -999999,   -999999,   -999999,   -999999,   -999999,   -999999,   -999999,   -999999,   -999999,   -999999,   -999999,   -999999,   -999999,   -999999,   -999999,   -999999,   -999999,   -999999,   -999999,   -999999,   -999999,   -999999,   -999999,   -999999,   -999999,   -999999,   -999999,   -999999,   -999999,   -999999,   -999999,   -999999,   -999999,   -999999,   -999999,   -999999,   -999999,   -999999,   -999999,   -999999,   -999999,   -999999,   -999999,   -999999,   -999999,         1.2532000  
54627,   135,          2300793.0,         23.000000,  9.802092511,   38.8160826,   279.408471,   4.881378156,   548.668,   265.7699939,   315.4924075,   316,   34.83073788,   18.56918175,   245.62561,   5.10584,   115.0596504,   121.3018654,    -999999,  0.37118,    -999999,  311.796,   320.286,   54.76,    -999999,  -3.792,   -0.554,   315.4979939,   258.2239939,   273.0939939,   548.668,   960.374,    -999999,   -999999,   -999999,   -999999,  2.196548,   1.93084,   3.52554,   3.28102,   58.848,    -999999,   -999999,   -999999,  0.28842,   4.81742,   59.24,   412.2,   1.882088889,   0.1049,    -999999,   -999999,   -999999,   -999999,   -999999,   -999999,   -999999,   -999999,   -999999,   -999999,   -999999,   -999999,   -999999,   -999999,   -999999,   -999999,   -999999,   -999999,   -999999,   -999999,   -999999,   -999999,   -999999,   -999999,   -999999,   -999999,   -999999,   -999999,   -999999,   -999999,   -999999,   -999999,   -999999,   -999999,   -999999,   -999999,   -999999,   -999999,   -999999,   -999999,   -999999,   -999999,   -999999,   -999999,   -999999,   -999999,   -999999,   -999999,   -999999,   -999999,   -999999,   -999999,         1.2246000  
