inputs/ACTAMERICA_Merge/B200/ACTAMERICA-mrg05-b200_merge_20171008_R0.ict
138, 1001
Shook, Michael
NASA Atmospheric Composition Branch, NASA Langley Research Center (SSAI)
Merged data file for ACT-AMERICA Fall 2017, Flight 04 (20171008), on the b200 platform. Data is merged to 05 seconds.
NASA ACT-AMERICA Fall 2017
1, 1
2017, 10, 08, 2018, 07, 11
05
UTC,s
99
1, 1, 1, 1, 1, 1, 1, 1, 1, 1, 1, 1, 1, 1, 1, 1, 1, 1, 1, 1, 1, 1, 1, 1, 1, 1, 1, 1, 1, 1, 1, 1, 1, 1, 1, 1, 1, 1, 1, 1, 1, 1, 1, 1, 1, 1, 1, 1, 1, 1, 1, 1, 1, 1, 1, 1, 1, 1, 1, 1, 1, 1, 1, 1, 1, 1, 1, 1, 1, 1, 1, 1, 1, 1, 1, 1, 1, 1, 1, 1, 1, 1, 1, 1, 1, 1, 1, 1, 1, 1, 1, 1, 1, 1, 1, 1, 1, 1, 1
-999999, -999999, -999999, -999999, -999999, -999999, -999999, -999999, -999999, -999999, -999999, -999999, -999999, -999999, -999999, -999999, -999999, -999999, -999999, -999999, -999999, -999999, -999999, -999999, -999999, -999999, -999999, -999999, -999999, -999999, -999999, -999999, -999999, -999999, -999999, -999999, -999999, -999999, -999999, -999999, -999999, -999999, -999999, -999999, -999999, -999999, -999999, -999999, -999999, -999999, -999999, -999999, -999999, -999999, -999999, -999999, -999999, -999999, -999999, -999999, -999999, -999999, -999999, -999999, -999999, -999999, -999999, -999999, -999999, -999999, -999999, -999999, -999999, -999999, -999999, -999999, -999999, -999999, -999999, -999999, -999999, -999999, -999999, -999999, -999999, -999999, -999999, -999999, -999999, -999999, -999999, -999999, -999999, -999999, -999999, -999999, -999999, -999999, -999999
JDAY, days
INDEX, none
FLIGHT, none
LOCAL_SUN_TIME, hour
LATITUDE, degs
LONGITUDE, degs
ALTP, km
PRESSURE, hPa
TEMPERATURE, K
THETA, K, calculated from ambient temperature and pressure
O3COLUMN, DU, OMI ozone column data extracted along flight track
SZA, deg
WNS, m/s
WND, Degs
GPS_ALT, km
GRD_SPD, m/s
TAS, m/s
IAS, m/s
MachNumber, mach
VerticalSpeed, ft min-1
HDG, degs
TRK, degs
DifferentialPressure, hPa
PITCH, degs
ROLL, degs
PotentialTemp_Nav, K
Dewpoint, K
TotalAirTemp, K
CabinPressure, hPa
SolarZenithAngle, degs
AircraftSunElevation, degs
SunAzimuth, degs
AircraftSunAzimuth, degs
H2O_MixingRatio_Nav, g kg-1
H2O_VaporPressure_Nav, hPa
H2O_SatVaporPressureWater_Nav, hPa
H2O_SatVaporPressureIce_Nav, hPa
H2O_RelativeHumidity_Nav, %
U_WINDS, m s-1
V_WINDS, m s-1
GroundElevation-AMSL_GoogleMaps, km
Altitude-AGL_GoogleMaps, km
O3_MixingRatio, ppbv
CO2_DryMoleFrac_PICARRO, ppm
CH4_DryMoleFrac_PICARRO, ppm
CO_DryMoleFrac_PICARRO, ppm
CO2_MoleFraction_PFP, ppm
CH4_MoleFraction_PFP, ppb
CO_MoleFraction_PFP, ppb
N2O_MoleFraction_PFP, ppb
SF6_CCGG_MoleFraction_PFP, ppt
H2_MoleFraction_PFP, ppb
CH4C13_MoleFraction_PFP, permil
CO2C14_MoleFraction_PFP, permil
F11B_MoleFraction_PFP, ppt
FC12_MoleFraction_PFP, ppt
F13_MoleFraction_PFP, ppt
F113_MoleFraction_PFP, ppt
F115_MoleFraction_PFP, ppt
HF133a_MoleFraction_PFP, ppt
F23_MoleFraction_PFP, ppt
F32_MoleFraction_PFP, ppt
F134A_MoleFraction_PFP, ppt
F152A_MoleFraction_PFP, ppt
F125_MoleFraction_PFP, ppt
F143a_MoleFraction_PFP, ppt
F227e_MoleFraction_PFP, ppt
F365m_MoleFraction_PFP, ppt
H1211_MoleFraction_PFP, ppt
H1301_MoleFraction_PFP, ppt
H2402_MoleFraction_PFP, ppt
MCFA_MoleFraction_PFP, ppt
CF4_MoleFraction_PFP, ppt
C2F6_MoleFraction_PFP, ppt
SO2F2_MoleFraction_PFP, ppt
MEBR_MoleFraction_PFP, ppt
CH3I_MoleFraction_PFP, ppt
DIBR_MoleFraction_PFP, ppt
OCS_MoleFraction_PFP, ppt
[...]
[from data line 822]
57582,   281,          400823.00,         4.0000000,  10.73098616,   40.0815026,   281.0293758,   4.250009333,   596.44,   272.9899939,   316.4247999,   244,   49.18446089,   19.34796705,   270.0003195,   4.4609,   103.4744616,   115.9341984,    -999999,  0.3502,    -999999,  316.312,   324.06,   52.72,   0.94,   -1.08,   317.6699939,   272.6699939,   279.6899939,   977.3,    -999999,   -999999,   -999999,   -999999,  6.240114,   5.9243,   6.0586,   6.04898,   97.97,   19.318,   -0.07,   0.6189,   3.842,   43.38,   405.52,   1.886081818,   0.09784736842,    -999999,   -999999,   -999999,   -999999,   -999999,   -999999,   -999999,   -999999,   -999999,   -999999,   -999999,   -999999,   -999999,   -999999,   -999999,   -999999,   -999999,   -999999,   -999999,   -999999,   -999999,   -999999,   -999999,   -999999,   -999999,   -999999,   -999999,   -999999,   -999999,   -999999,   -999999,   -999999,   -999999,   -999999,   -999999,   -999999,   -999999,   -999999,   -999999,   -999999,   -999999,   -999999,   -999999,   -999999,   -999999,   -999999,   -999999,   -999999,   -999999,   -999999,   -999999,   -999999,        0.75840000  
57587,   281,          400824.00,         4.0000000,  10.73213821,   40.0852694,   281.0258232,   4.248058613,   596.58,   272.7499939,   316.125415,   244,   49.18219878,   19.65289999,   268.9770201,   4.45922,   103.248108,   115.5843792,    -999999,  0.3492,    -999999,  316.108,   324.14,   52.5,   1.1,   -0.88,   317.3499939,   271.3699939,   279.3699939,   977.52,    -999999,   -999999,   -999999,   -999999,  5.671426,   5.39048,   5.95338,   5.93006,   90.96,   19.632,   0.388,   0.5732,   3.88602,   46.5,   405.065,   1.884472727,   0.09570526316,    -999999,   -999999,   -999999,   -999999,   -999999,   -999999,   -999999,   -999999,   -999999,   -999999,   -999999,   -999999,   -999999,   -999999,   -999999,   -999999,   -999999,   -999999,   -999999,   -999999,   -999999,   -999999,   -999999,   -999999,   -999999,   -999999,   -999999,   -999999,   -999999,   -999999,   -999999,   -999999,   -999999,   -999999,   -999999,   -999999,   -999999,   -999999,   -999999,   -999999,   -999999,   -999999,   -999999,   -999999,   -999999,   -999999,   -999999,   -999999,   -999999,   -999999,   -999999,   -999999,        0.65060000  
57592,   281,          400825.00,         4.0000000,  10.73329169,   40.0890346,   281.022292,   4.246595572,   596.72,   272.6499939,   315.9883271,   244,   49.17993394,   19.57792636,   264.8198802,   4.4588,   103.0217544,   114.20568,    -999999,  0.345,    -999999,  315.764,   324.26,   51.22,   1.16,   -1.56,   317.1899939,   273.9699939,   279.1099939,   977.5,    -999999,   -999999,   -999999,   -999999,  6.855312,   6.5052,   5.91012,   5.88122,   110.61,   19.482,   1.776,   0.57996,   3.87884,   42.94,   405.11,   1.88385,   0.09556,    -999999,   -999999,   -999999,   -999999,   -999999,   -999999,   -999999,   -999999,   -999999,   -999999,   -999999,   -999999,   -999999,   -999999,   -999999,   -999999,   -999999,   -999999,   -999999,   -999999,   -999999,   -999999,   -999999,   -999999,   -999999,   -999999,   -999999,   -999999,   -999999,   -999999,   -999999,   -999999,   -999999,   -999999,   -999999,   -999999,   -999999,   -999999,   -999999,   -999999,   -999999,   -999999,   -999999,   -999999,   -999999,   -999999,   -999999,   -999999,   -999999,   -999999,   -999999,   -999999,        0.69760000  
57597,   281,          400826.00,         4.0000000,  10.73444532,   40.0927898,   281.0187632,   4.248119573,   596.6,   272.5099939,   315.8442225,   244,   49.177665,   19.441894,   264.793041,   4.45946,   102.8159784,   113.94846,    -999999,  0.3446,    -999999,  315.754,   324.2,   51,   1.28,   -0.66,   317.0899939,   273.1099939,   279.0099939,   977.54,    -999999,   -999999,   -999999,   -999999,  6.44117,   6.11494,   5.84992,   5.81336,   105.202,   19.338,   1.748,   0.60598,   3.85348,   37.74,   405.24,   1.8845,   0.09316315789,    -999999,   -999999,   -999999,   -999999,   -999999,   -999999,   -999999,   -999999,   -999999,   -999999,   -999999,   -999999,   -999999,   -999999,   -999999,   -999999,   -999999,   -999999,   -999999,   -999999,   -999999,   -999999,   -999999,   -999999,   -999999,   -999999,   -999999,   -999999,   -999999,   -999999,   -999999,   -999999,   -999999,   -999999,   -999999,   -999999,   -999999,   -999999,   -999999,   -999999,   -999999,   -999999,   -999999,   -999999,   -999999,   -999999,   -999999,   -999999,   -999999,   -999999,   -999999,   -999999,        0.72880000  
57602,   281,          400827.00,         4.0000000,  10.73559979,   40.0965398,   281.0152468,   4.246107892,   596.76,   272.5699939,   315.8895611,   244,   49.17539304,   19.29458951,   265.1776797,   4.46002,   102.579336,   113.742684,    -999999,  0.3436,    -999999,  315.844,   324.2,   50.84,   1.34,   -1.74,   317.1299939,   273.5299939,   279.0099939,   977.4,    -999999,   -999999,   -999999,   -999999,  6.640504,   6.30384,   5.87576,   5.84248,   107.918,   19.216,   1.604,   0.6124,   3.84762,   37.02,   405.4,   1.8835,   0.09540526316,   404.47,   1883.95,   94.94,   330.14,   9.43,   526.32,   -47.55,   10.25,   231.61,   512.77,   3.48,   69.64,   8.64,   0.48,   31.26,   17.55,   105.23,   9.92,   25.82,   21.73,   1.33,   1.02,    -999999,  3.33,   0.41,   2.1,   83.69,   5.49,   2.48,   7.35,   0.64,   1.05,   501.85,   565.12,   44.42,   10.15,   12.69,   98.2,   705.57,   205.63,   72.25,   31.11,   24.22,   34.7,   29.12,    -999999,  0.24,   0.14,   0.57,   0.65,   9.2,   248.38,         0.66080000  
57607,   281,          400828.00,         4.0000000,  10.73675428,   40.1002756,   281.0117308,   4.249399733,   596.48,   272.7099939,   316.0941931,   244,   49.17311384,   19.39850341,   264.9999999,   4.46222,   102.322116,   113.536908,    -999999,  0.3432,    -999999,  315.658,   324.08,   50.56,   1.38,   -1.4,   317.3499939,   272.2499939,   279.1299939,   977.48,    -999999,   -999999,   -999999,   -999999,  6.043446,   5.7399,   5.9359,   5.91028,   97.122,   19.344,   1.676,   0.6041,   3.85812,   40.44,   405.425,   1.8839,   0.09472,   404.47,   1883.95,   94.94,   330.14,   9.43,   526.32,   -47.55,   10.25,   231.61,   512.77,   3.48,   69.64,   8.64,   0.48,   31.26,   17.55,   105.23,   9.92,   25.82,   21.73,   1.33,   1.02,    -999999,  3.33,   0.41,   2.1,   83.69,   5.49,   2.48,   7.35,   0.64,   1.05,   501.85,   565.12,   44.42,   10.15,   12.69,   98.2,   705.57,   205.63,   72.25,   31.11,   24.22,   34.7,   29.12,    -999999,  0.24,   0.14,   0.57,   0.65,   9.2,   248.38,         0.69780000  
57612,   281,          400829.00,         4.0000000,  10.73790856,   40.1039984,   281.0082118,   4.252142933,   596.3,   272.6699939,   316.0750846,   244,   49.17082959,   19.36384507,   264.396257,   4.4639,   102.1986504,   113.279688,    -999999,  0.3422,    -999999,  315.516,   323.98,   50.32,   1.26,   -1.28,   317.3099939,   272.1499939,   279.0699939,   977.56,    -999999,   -999999,   -999999,   -999999,  6.001356,   5.69856,   5.91864,   5.89084,   96.746,   19.286,   1.842,   0.65564,   3.80826,   40.4,   405.32,   1.883566667,   0.09263,   404.47,   1883.95,   94.94,   330.14,   9.43,   526.32,   -47.55,   10.25,   231.61,   512.77,   3.48,   69.64,   8.64,   0.48,   31.26,   17.55,   105.23,   9.92,   25.82,   21.73,   1.33,   1.02,    -999999,  3.33,   0.41,   2.1,   83.69,   5.49,   2.48,   7.35,   0.64,   1.05,   501.85,   565.12,   44.42,   10.15,   12.69,   98.2,   705.57,   205.63,   72.25,   31.11,   24.22,   34.7,   29.12,    -999999,  0.24,   0.14,   0.57,   0.65,   9.2,   248.38,         0.66980000  
57617,   281,          400830.00,         4.0000000,  10.7390622,   40.1077192,   281.004683,   4.252325813,   596.28,   272.9899939,   316.4490565,   244,   49.16855246,   19.54087924,   265.2036506,   4.46366,   102.425004,   113.8249944,    -999999,  0.344,    -999999,  315.49,   323.92,   50.78,   1.26,   -1.06,   317.6699939,   271.9499939,   279.4099939,   977.98,    -999999,   -999999,   -999999,   -999999,  5.920458,   5.62214,   6.0585,   6.04882,   92.988,   19.502,   1.564,   0.63498,   3.82868,   35.98,   405.68,   1.8853,   0.09473,   404.47,   1883.95,   94.94,   330.14,   9.43,   526.32,   -47.55,   10.25,   231.61,   512.77,   3.48,   69.64,   8.64,   0.48,   31.26,   17.55,   105.23,   9.92,   25.82,   21.73,   1.33,   1.02,    -999999,  3.33,   0.41,   2.1,   83.69,   5.49,   2.48,   7.35,   0.64,   1.05,   501.85,   565.12,   44.42,   10.15,   12.69,   98.2,   705.57,   205.63,   72.25,   31.11,   24.22,   34.7,   29.12,    -999999,  0.24,   0.14,   0.57,   0.65,   9.2,   248.38,         0.89300000  
57622,   281,          400831.00,         4.0000000,  10.74021512,   40.1114472,   281.0011434,   4.252386773,   596.28,   272.8699939,   316.3099529,   244,   49.16629107,   19.83529058,   265.2019766,   4.46372,   102.6410688,   114.20568,    -999999,  0.345,    -999999,  315.324,   323.86,   51.12,   1.3,   -1.4,   317.5499939,   271.6299939,   279.3699939,   978.08,    -999999,   -999999,   -999999,   -999999,  5.77866,   5.48882,   6.00546,   5.9888,   91.664,   19.784,   1.648,   0.59802,   3.8657,   31.26,   405.41,   1.884522222,   0.098735,    -999999,   -999999,   -999999,   -999999,   -999999,   -999999,   -999999,   -999999,   -999999,   -999999,   -999999,   -999999,   -999999,   -999999,   -999999,   -999999,   -999999,   -999999,   -999999,   -999999,   -999999,   -999999,   -999999,   -999999,   -999999,   -999999,   -999999,   -999999,   -999999,   -999999,   -999999,   -999999,   -999999,   -999999,   -999999,   -999999,   -999999,   -999999,   -999999,   -999999,   -999999,   -999999,   -999999,   -999999,   -999999,   -999999,   -999999,   -999999,   -999999,   -999999,   -999999,   -999999,        0.74880000  
57627,   281,          400832.00,         4.0000000,  10.74136706,   40.1151736,   280.9975892,   4.253605973,   596.16,   272.7499939,   316.1890313,   246,   49.16403871,   19.9273474,   264.9999999,   4.46544,   102.7439568,   114.3497232,    -999999,  0.3454,    -999999,  315.17,   323.74,   51.28,   1.26,   -1.24,   317.4299939,   272.2299939,   279.2499939,   978.14,    -999999,   -999999,   -999999,   -999999,  6.03836,   5.73204,   5.95324,   5.9298,   96.672,   19.842,   1.728,   0.62958,   3.83586,   32.94,   405.345,   1.88425,   0.0898,    -999999,   -999999,   -999999,   -999999,   -999999,   -999999,   -999999,   -999999,   -999999,   -999999,   -999999,   -999999,   -999999,   -999999,   -999999,   -999999,   -999999,   -999999,   -999999,   -999999,   -999999,   -999999,   -999999,   -999999,   -999999,   -999999,   -999999,   -999999,   -999999,   -999999,   -999999,   -999999,   -999999,   -999999,   -999999,   -999999,   -999999,   -999999,   -999999,   -999999,   -999999,   -999999,   -999999,   -999999,   -999999,   -999999,   -999999,   -999999,   -999999,   -999999,   -999999,   -999999,        0.71760000  
57632,   281,          400833.00,         4.0000000,  10.74251829,   40.118896,   280.9940244,   4.253910773,   596.16,   272.7499939,   316.1890313,   246,   49.16179187,   19.43997716,   264.3998389,   4.46582,   102.9805992,   114.1645248,    -999999,  0.345,    -999999,  315.23,   323.64,   51.12,   1.08,   -1,   317.4099939,   272.3299939,   279.2299939,   978.02,    -999999,   -999999,   -999999,   -999999,  6.082458,   5.7735,   5.9532,   5.92972,   97.368,   19.376,   1.858,   0.62866,   3.83716,   34.22,   405.28,   1.884,   0.0975,    -999999,   -999999,   -999999,   -999999,   -999999,   -999999,   -999999,   -999999,   -999999,   -999999,   -999999,   -999999,   -999999,   -999999,   -999999,   -999999,   -999999,   -999999,   -999999,   -999999,   -999999,   -999999,   -999999,   -999999,   -999999,   -999999,   -999999,   -999999,   -999999,   -999999,   -999999,   -999999,   -999999,   -999999,   -999999,   -999999,   -999999,   -999999,   -999999,   -999999,   -999999,   -999999,   -999999,   -999999,   -999999,   -999999,   -999999,   -999999,   -999999,   -999999,   -999999,   -999999,        0.75600000  
57637,   281,          400834.00,         4.0000000,  10.74366824,   40.122635,   280.9904402,   4.253666933,   596.14,   272.6699939,   316.0993202,   246,   49.15957207,   19.86283277,   264.6032344,   4.46474,   103.3407072,   114.8641632,    -999999,  0.347,    -999999,  315.124,   323.64,   51.78,   1.06,   -1.08,   317.3699939,   272.1899939,   279.2499939,   978.02,    -999999,   -999999,   -999999,   -999999,  6.020554,   5.71512,   5.91856,   5.89074,   97.022,   19.792,   1.79,   0.6184,   3.84634,   31.1,   404.925,   1.8859,   0.09475,    -999999,   -999999,   -999999,   -999999,   -999999,   -999999,   -999999,   -999999,   -999999,   -999999,   -999999,   -999999,   -999999,   -999999,   -999999,   -999999,   -999999,   -999999,   -999999,   -999999,   -999999,   -999999,   -999999,   -999999,   -999999,   -999999,   -999999,   -999999,   -999999,   -999999,   -999999,   -999999,   -999999,   -999999,   -999999,   -999999,   -999999,   -999999,   -999999,   -999999,   -999999,   -999999,   -999999,   -999999,   -999999,   -999999,   -999999,   -999999,   -999999,   -999999,   -999999,   -999999,        0.67420000  
57642,   281,          400835.00,         4.0000000,  10.74481723,   40.1263822,   280.9868418,   4.253666933,   596.14,   272.7699939,   316.2152476,   246,   49.15736999,   19.8671882,   265.2004095,   4.4647,   103.556772,   115.1625384,    -999999,  0.348,    -999999,  315.132,   323.6,   52.04,   1,   -1,   317.4499939,   271.9699939,   279.3899939,   978,    -999999,   -999999,   -999999,   -999999,  5.92502,   5.62526,   5.96194,   5.93964,   94.716,   19.772,   1.706,   0.61786,   3.84684,   29.46,   404.865,   1.8873,   0.0944,    -999999,   -999999,   -999999,   -999999,   -999999,   -999999,   -999999,   -999999,   -999999,   -999999,   -999999,   -999999,   -999999,   -999999,   -999999,   -999999,   -999999,   -999999,   -999999,   -999999,   -999999,   -999999,   -999999,   -999999,   -999999,   -999999,   -999999,   -999999,   -999999,   -999999,   -999999,   -999999,   -999999,   -999999,   -999999,   -999999,   -999999,   -999999,   -999999,   -999999,   -999999,   -999999,   -999999,   -999999,   -999999,   -999999,   -999999,   -999999,   -999999,   -999999,   -999999,   -999999,        0.67120000  
