inputs/ACTAMERICA_Merge/B200/ACTAMERICA-mrg05-b200_merge_20160721_R0.ict
142, 1001
Shook, Michael
NASA Atmospheric Composition Branch, NASA Langley Research Center (SSAI)
Merged data file for ACT-AMERICA 2016, Flight 04 (20160721), on the b200 platform. Data is merged to 05 seconds.
ACTAmerica - 2016
1, 1
2016, 07, 21, 2018, 09, 19
05
UTC,s
102
1, 1, 1, 1, 1, 1, 1, 1, 1, 1, 1, 1, 1, 1, 1, 1, 1, 1, 1, 1, 1, 1, 1, 1, 1, 1, 1, 1, 1, 1, 1, 1, 1, 1, 1, 1, 1, 1, 1, 1, 1, 1, 1, 1, 1, 1, 1, 1, 1, 1, 1, 1, 1, 1, 1, 1, 1, 1, 1, 1, 1, 1, 1, 1, 1, 1, 1, 1, 1, 1, 1, 1, 1, 1, 1, 1, 1, 1, 1, 1, 1, 1, 1, 1, 1, 1, 1, 1, 1, 1, 1, 1, 1, 1, 1, 1, 1, 1, 1, 1, 1, 1
-999999, -999999, -999999, -999999, -999999, -999999, -999999, -999999, -999999, -999999, -999999, -999999, -999999, -999999, -999999, -999999, -999999, -999999, -999999, -999999, -999999, -999999, -999999, -999999, -999999, -999999, -999999, -999999, -999999, -999999, -999999, -999999, -999999, -999999, -999999, -999999, -999999, -999999, -999999, -999999, -999999, -999999, -999999, -999999, -999999, -999999, -999999, -999999, -999999, -999999, -999999, -999999, -999999, -999999, -999999, -999999, -999999, -999999, -999999, -999999, -999999, -999999, -999999, -999999, -999999, -999999, -999999, -999999, -999999, -999999, -999999, -999999, -999999, -999999, -999999, -999999, -999999, -999999, -999999, -999999, -999999, -999999, -999999, -999999, -999999, -999999, -999999, -999999, -999999, -999999, -999999, -999999, -999999, -999999, -999999, -999999, -999999, -999999, -999999, -999999, -999999, -999999
JDAY, days
INDEX, none
FLIGHT, none
LOCAL_SUN_TIME, hour
LATITUDE, degs
LONGITUDE, degs
ALTP, km
PRESSURE, hPa
TEMPERATURE, K
THETA, K, calculated from ambient temperature and pressure
O3COLUMN, DU, OMI ozone column data extracted along flight track
SZA, deg
WNS, m s-1
WND, Degs
GPS_ALT, km
GRD_SPD, m/s
TAS, m/s
IAS, m/s
MachNumber, mach
VerticalSpeed, ft min-1
HDG, degs
TRK, degs
DifferentialPressure, hPa
DriftAngle, degs
PITCH, degs
ROLL, degs
PotentialTemp_Nav, K
Dewpoint, K
TotalAirTemp, K
StaticPressure, hPa
CabinPressure, hPa
SolarZenithAngle, degs
AircraftSunElevation, degs
SunAzimuth, degs
AircraftSunAzimuth, degs
H2O_MixingRatio_Nav, g kg-1
H2O_VaporPressure_Nav, hPa
H2O_SatVaporPressureWater_Nav, hPa
H2O_SatVaporPressureIce_Nav, hPa
H2O_RelativeHumidity_Nav, %
ManeuverFlag, none
U_WINDS, m s-1
V_WINDS, m s-1
GroundElevation-AMSL_GoogleMaps, km
Altitude-AGL_GoogleMaps, km
O3_MoleFraction, ppb
CO2_DryMoleFrac_PICARRO, ppm
CH4_DryMoleFrac_PICARRO, ppm
CO_DryMoleFrac_PICARRO, ppm
CO2_MoleFraction_PFP, ppm
CH4_MoleFraction_PFP, ppb
CO_MoleFraction_PFP, ppb
N2O_MoleFraction_PFP, ppb
SF6_CCGG_MoleFraction_PFP, ppt
H2_MoleFraction_PFP, ppb
CH4C13_MoleFraction_PFP, permil
CO2C14_MoleFraction_PFP, permil
F11B_MoleFraction_PFP, ppt
FC12_MoleFraction_PFP, ppt
F13_MoleFraction_PFP, ppt
F113_MoleFraction_PFP, ppt
F115_MoleFraction_PFP, ppt
HF133a_MoleFraction_PFP, ppt
F23_MoleFraction_PFP, ppt
F32_MoleFraction_PFP, ppt
F134A_MoleFraction_PFP, ppt
F152A_MoleFraction_PFP, ppt
F125_MoleFraction_PFP, ppt
F143a_MoleFraction_PFP, ppt
F227e_MoleFraction_PFP, ppt
F365m_MoleFraction_PFP, ppt
H1211_MoleFraction_PFP, ppt
H1301_MoleFraction_PFP, ppt
H2402_MoleFraction_PFP, ppt
MCFA_MoleFraction_PFP, ppt
CF4_MoleFraction_PFP, ppt
C2F6_MoleFraction_PFP, ppt
SO2F2_MoleFraction_PFP, ppt
MEBR_MoleFraction_PFP, ppt
[...]
[from data line 1767]
77977,   203,          401768.00,         4.0000000,  16.47572822,   37.48112,   282.22134,   2.921508036,   707.98,   280.3499939,   309.4223633,   318,   59.91464948,    -999999,   -999999,  3.01096,   113.485464,   110.9749968,    -999999,  0.3306,    -999999,  112.28,   114.16,    -999999,   -999999,  0.474,   -0.84,   310.6299939,   257.3299939,   286.5099939,   707.98,   920.42,    -999999,   -999999,   -999999,   -999999,  1.5672,   1.7878,   10.1744,   10.907,   17.57,   6,    -999999,   -999999,  0.0999,   2.91106,   55.32,   395.448,   1.90745,   0.1355,    -999999,   -999999,   -999999,   -999999,   -999999,   -999999,   -999999,   -999999,   -999999,   -999999,   -999999,   -999999,   -999999,   -999999,   -999999,   -999999,   -999999,   -999999,   -999999,   -999999,   -999999,   -999999,   -999999,   -999999,   -999999,   -999999,   -999999,   -999999,   -999999,   -999999,   -999999,   -999999,   -999999,   -999999,   -999999,   -999999,   -999999,   -999999,   -999999,   -999999,   -999999,   -999999,   -999999,   -999999,   -999999,   -999999,   -999999,   -999999,   -999999,   -999999,   -999999,   -999999,     -999999  
77982,   203,          401769.00,         4.0000000,  16.47750778,   37.47902,   282.2272,   2.920959396,   708.06,   280.3499939,   309.4123743,   318,   59.93592343,    -999999,   -999999,  3.01056,   113.1665112,   110.3165136,    -999999,  0.3286,    -999999,  112.66,   114.28,    -999999,   -999999,  0.538,   -1.452,   310.6099939,   258.4899939,   286.4099939,   708.06,   921.02,    -999999,   -999999,   -999999,   -999999,  1.7236,   1.966,   10.1586,   10.8868,   19.354,   6,    -999999,   -999999,  0.09486,   2.9157,   55.72,   395.4433333,   1.9083,   0.1375,    -999999,   -999999,   -999999,   -999999,   -999999,   -999999,   -999999,   -999999,   -999999,   -999999,   -999999,   -999999,   -999999,   -999999,   -999999,   -999999,   -999999,   -999999,   -999999,   -999999,   -999999,   -999999,   -999999,   -999999,   -999999,   -999999,   -999999,   -999999,   -999999,   -999999,   -999999,   -999999,   -999999,   -999999,   -999999,   -999999,   -999999,   -999999,   -999999,   -999999,   -999999,   -999999,   -999999,   -999999,   -999999,   -999999,   -999999,   -999999,   -999999,   -999999,   -999999,   -999999,     -999999  
77987,   203,          401770.00,         4.0000000,  16.47928333,   37.47694,   282.233,   2.920898436,   708.06,   280.3299939,   309.390301,   318,   59.95714938,    -999999,   -999999,  3.01036,   112.8990024,   109.8020736,    -999999,  0.3274,    -999999,  112.48,   114.14,    -999999,   -999999,  0.558,   -1.656,   310.6299939,   259.3299939,   286.3299939,   708.06,   921.86,    -999999,   -999999,   -999999,   -999999,  1.847,   2.1072,   10.1584,   10.887,   20.744,   6,    -999999,   -999999,  0.09622,   2.91414,   59.56,   395.455,   1.908563636,   0.1315,    -999999,   -999999,   -999999,   -999999,   -999999,   -999999,   -999999,   -999999,   -999999,   -999999,   -999999,   -999999,   -999999,   -999999,   -999999,   -999999,   -999999,   -999999,   -999999,   -999999,   -999999,   -999999,   -999999,   -999999,   -999999,   -999999,   -999999,   -999999,   -999999,   -999999,   -999999,   -999999,   -999999,   -999999,   -999999,   -999999,   -999999,   -999999,   -999999,   -999999,   -999999,   -999999,   -999999,   -999999,   -999999,   -999999,   -999999,   -999999,   -999999,   -999999,   -999999,   -999999,     -999999  
77992,   203,          401771.00,         4.0000000,  16.48106156,   37.47488,   282.23884,   2.920715556,   708.06,   280.3499939,   309.4123743,   318,   59.9784065,    -999999,   -999999,  3.0109,   112.66236,   109.4934096,    -999999,  0.3264,    -999999,  112.38,   114,    -999999,   -999999,  0.598,   -1.392,   310.5499939,   259.9699939,   286.2899939,   708.06,   922.52,    -999999,   -999999,   -999999,   -999999,  1.948,   2.2218,   10.1374,   10.861,   21.92,   6,    -999999,   -999999,  0.0888,   2.9221,   55.08,   395.372,   1.909072727,   0.1345,   395.33,   1912.79,   141.03,   328.66,   9.09,   508.42,   -47.72,    -999999,  233.04,   516.88,   3.36,   71.28,   8.61,   0.58,   28.54,   14.76,   100.74,   10.41,   22.4,   20.39,   1.23,   1.07,    -999999,  3.34,   0.4,   2.67,   81.69,   4.68,   2.11,   7.36,   0.14,   0.63,    -999999,  533.12,   60.01,   13.59,   3.06,   160.84,   1051.98,   149.5,   25.78,   8.1,   9.31,   12.56,   47.86,   81.77,   0.12,   0.17,   0.79,   0.63,   3.47,   251.39,      -999999  
77997,   203,          401772.00,         4.0000000,  16.48283711,   37.4728,   282.24464,   2.922117636,   707.94,   280.2899939,   309.3611352,   318,   59.99963403,    -999999,   -999999,  3.01154,   112.5286056,   108.701172,    -999999,  0.3238,    -999999,  112.3,   113.9,    -999999,   -999999,  0.54,   -1.132,   310.5699939,   260.8899939,   286.1699939,   707.94,   923.4,    -999999,   -999999,   -999999,   -999999,  2.096,   2.3904,   10.1258,   10.8472,   23.608,   6,    -999999,   -999999,  0.09708,   2.91446,   55.92,   395.262,   1.91002,   0.135,   395.33,   1912.79,   141.03,   328.66,   9.09,   508.42,   -47.72,    -999999,  233.04,   516.88,   3.36,   71.28,   8.61,   0.58,   28.54,   14.76,   100.74,   10.41,   22.4,   20.39,   1.23,   1.07,    -999999,  3.34,   0.4,   2.67,   81.69,   4.68,   2.11,   7.36,   0.14,   0.63,    -999999,  533.12,   60.01,   13.59,   3.06,   160.84,   1051.98,   149.5,   25.78,   8.1,   9.31,   12.56,   47.86,   81.77,   0.12,   0.17,   0.79,   0.63,   3.47,   251.39,      -999999  
78002,   203,          401773.00,         4.0000000,  16.484614,   37.47078,   282.25046,   2.922788196,   707.88,   280.2499939,   309.3244771,   318,   60.02087426,    -999999,   -999999,  3.01212,   112.4874504,   108.5879952,    -999999,  0.3236,    -999999,  112.52,   113.88,    -999999,   -999999,  0.598,   -1.202,   310.5499939,   261.7099939,   286.1499939,   707.88,   924.14,    -999999,   -999999,   -999999,   -999999,  2.2432,   2.5584,   10.101,   10.8168,   25.328,   6,    -999999,   -999999,  0.08732,   2.9248,   59.92,   395.342,   1.910572727,   0.1425,   395.33,   1912.79,   141.03,   328.66,   9.09,   508.42,   -47.72,    -999999,  233.04,   516.88,   3.36,   71.28,   8.61,   0.58,   28.54,   14.76,   100.74,   10.41,   22.4,   20.39,   1.23,   1.07,    -999999,  3.34,   0.4,   2.67,   81.69,   4.68,   2.11,   7.36,   0.14,   0.63,    -999999,  533.12,   60.01,   13.59,   3.06,   160.84,   1051.98,   149.5,   25.78,   8.1,   9.31,   12.56,   47.86,   81.77,   0.12,   0.17,   0.79,   0.63,   3.47,   251.39,      -999999  
78007,   203,          401774.00,         4.0000000,  16.48638956,   37.4687,   282.25626,   2.922544356,   707.88,   280.1899939,   309.2582524,   318,   60.04210335,    -999999,   -999999,  3.01192,   112.4668728,   108.341064,    -999999,  0.323,    -999999,  112.54,   113.9,    -999999,   -999999,  0.666,   -1.154,   310.4499939,   262.3899939,   286.0499939,   707.88,   924.88,    -999999,   -999999,   -999999,   -999999,  2.3628,   2.6952,   10.061,   10.768,   26.784,   6,    -999999,   -999999,  0.07384,   2.93808,   57.28,   395.19,   1.9117,   0.1396666667,   395.33,   1912.79,   141.03,   328.66,   9.09,   508.42,   -47.72,    -999999,  233.04,   516.88,   3.36,   71.28,   8.61,   0.58,   28.54,   14.76,   100.74,   10.41,   22.4,   20.39,   1.23,   1.07,    -999999,  3.34,   0.4,   2.67,   81.69,   4.68,   2.11,   7.36,   0.14,   0.63,    -999999,  533.12,   60.01,   13.59,   3.06,   160.84,   1051.98,   149.5,   25.78,   8.1,   9.31,   12.56,   47.86,   81.77,   0.12,   0.17,   0.79,   0.63,   3.47,   251.39,      -999999  
78012,   203,          401775.00,         4.0000000,  16.48816644,   37.46668,   282.26208,   2.922483396,   707.92,   280.2299939,   309.2974087,   318,   60.06334511,    -999999,   -999999,  3.01186,   112.4257176,   108.0015336,    -999999,  0.3216,    -999999,  112.68,   113.86,    -999999,   -999999,  0.682,   -1.428,   310.5099939,   263.8299939,   286.0499939,   707.92,   925.6,    -999999,   -999999,   -999999,   -999999,  2.6504,   3.023,   10.0782,   10.7892,   29.994,   6,    -999999,   -999999,  0.0776,   2.93426,   57.1,   395.21,   1.9114,   0.1329047619,    -999999,   -999999,   -999999,   -999999,   -999999,   -999999,   -999999,   -999999,   -999999,   -999999,   -999999,   -999999,   -999999,   -999999,   -999999,   -999999,   -999999,   -999999,   -999999,   -999999,   -999999,   -999999,   -999999,   -999999,   -999999,   -999999,   -999999,   -999999,   -999999,   -999999,   -999999,   -999999,   -999999,   -999999,   -999999,   -999999,   -999999,   -999999,   -999999,   -999999,   -999999,   -999999,   -999999,   -999999,   -999999,   -999999,   -999999,   -999999,   -999999,   -999999,   -999999,   -999999,     -999999  
78017,   203,          401776.00,         4.0000000,  16.489942,   37.4646,   282.26788,   2.921264196,   708.02,   280.2699939,   309.329074,   318,   60.08457575,    -999999,   -999999,  3.0116,   112.4257176,   107.7443136,    -999999,  0.321,    -999999,  112.38,   113.74,    -999999,   -999999,  0.72,   -1.186,   310.4899939,   263.6699939,   286.0099939,   708.02,   926.32,    -999999,   -999999,   -999999,   -999999,  2.6188,   2.9874,   10.0882,   10.8014,   29.612,   6,    -999999,   -999999,  0.06904,   2.94256,   56.46,   395.17,   1.9115,   0.1402380952,    -999999,   -999999,   -999999,   -999999,   -999999,   -999999,   -999999,   -999999,   -999999,   -999999,   -999999,   -999999,   -999999,   -999999,   -999999,   -999999,   -999999,   -999999,   -999999,   -999999,   -999999,   -999999,   -999999,   -999999,   -999999,   -999999,   -999999,   -999999,   -999999,   -999999,   -999999,   -999999,   -999999,   -999999,   -999999,   -999999,   -999999,   -999999,   -999999,   -999999,   -999999,   -999999,   -999999,   -999999,   -999999,   -999999,   -999999,   -999999,   -999999,   -999999,   -999999,   -999999,     -999999  
78022,   203,          401777.00,         4.0000000,  16.49171889,   37.4626,   282.2737,   2.922300516,   707.92,   280.1499939,   309.2091106,   318,   60.10581769,    -999999,   -999999,  3.012,   112.4154288,   107.7957576,    -999999,  0.3212,    -999999,  112.36,   113.72,    -999999,   -999999,  0.752,   -0.898,   310.3699939,   264.2899939,   285.9099939,   707.92,   927.14,    -999999,   -999999,   -999999,   -999999,  2.7548,   3.1418,   10.014,   10.7108,   31.37,   6,    -999999,   -999999,  0.071,   2.941,   57.2,   395.11,   1.911644444,   0.1364090909,    -999999,   -999999,   -999999,   -999999,   -999999,   -999999,   -999999,   -999999,   -999999,   -999999,   -999999,   -999999,   -999999,   -999999,   -999999,   -999999,   -999999,   -999999,   -999999,   -999999,   -999999,   -999999,   -999999,   -999999,   -999999,   -999999,   -999999,   -999999,   -999999,   -999999,   -999999,   -999999,   -999999,   -999999,   -999999,   -999999,   -999999,   -999999,   -999999,   -999999,   -999999,   -999999,   -999999,   -999999,   -999999,   -999999,   -999999,   -999999,   -999999,   -999999,   -999999,   -999999,     -999999  
78027,   203,          401778.00,         4.0000000,  16.49349578,   37.46054,   282.27952,   2.923458756,   707.82,   280.1899939,   309.2657421,   318,   60.12706437,    -999999,   -999999,  3.01208,   112.3331184,   107.9500896,    -999999,  0.3216,    -999999,  112.26,   113.82,    -999999,   -999999,  0.808,   -0.922,   310.4299939,   263.4699939,   285.9699939,   707.82,   927.86,    -999999,   -999999,   -999999,   -999999,  2.5788,   2.9408,   10.0358,   10.7378,   29.294,   6,    -999999,   -999999,  0.079,   2.93308,   55.4,   395.14,   1.91145,   0.1353333333,    -999999,   -999999,   -999999,   -999999,   -999999,   -999999,   -999999,   -999999,   -999999,   -999999,   -999999,   -999999,   -999999,   -999999,   -999999,   -999999,   -999999,   -999999,   -999999,   -999999,   -999999,   -999999,   -999999,   -999999,   -999999,   -999999,   -999999,   -999999,   -999999,   -999999,   -999999,   -999999,   -999999,   -999999,   -999999,   -999999,   -999999,   -999999,   -999999,   -999999,   -999999,   -999999,   -999999,   -999999,   -999999,   -999999,   -999999,   -999999,   -999999,   -999999,   -999999,   -999999,     -999999  
78032,   203,          401779.00,         4.0000000,  16.49527133,   37.4585,   282.28532,   2.922483396,   707.9,   280.1299939,   309.1895318,   318,   60.14829464,    -999999,   -999999,  3.01174,   112.2610968,   107.569404,    -999999,  0.3204,    -999999,  112.54,   113.96,    -999999,   -999999,  0.938,   -0.93,   310.3899939,   264.1899939,   285.8899939,   707.9,   928.68,    -999999,   -999999,   -999999,   -999999,  2.727,   3.11,   10.0058,   10.701,   31.084,   6,    -999999,   -999999,  0.0734,   2.93834,   55.32,   395.11,   1.91305,   0.1367142857,    -999999,   -999999,   -999999,   -999999,   -999999,   -999999,   -999999,   -999999,   -999999,   -999999,   -999999,   -999999,   -999999,   -999999,   -999999,   -999999,   -999999,   -999999,   -999999,   -999999,   -999999,   -999999,   -999999,   -999999,   -999999,   -999999,   -999999,   -999999,   -999999,   -999999,   -999999,   -999999,   -999999,   -999999,   -999999,   -999999,   -999999,   -999999,   -999999,   -999999,   -999999,   -999999,   -999999,   -999999,   -999999,   -999999,   -999999,   -999999,   -999999,   -999999,   -999999,   -999999,     -999999  
78037,   203,          401780.00,         4.0000000,  16.49704556,   37.45644,   282.2911,   2.922544356,   707.88,   279.8899939,   308.9271289,   318,   60.16951117,    -999999,   -999999,  3.01212,   112.1787864,   107.0446752,    -999999,  0.319,    -999999,  112.78,   114,    -999999,   -999999,  0.856,   -1.342,   310.1099939,   265.8699939,   285.5899939,   707.88,   929.28,    -999999,   -999999,   -999999,   -999999,  3.113,   3.5502,   9.8382,   10.4968,   36.098,   6,    -999999,   -999999,  0.06384,   2.94828,   57.24,   394.73,   1.917566667,   0.1337727273,    -999999,   -999999,   -999999,   -999999,   -999999,   -999999,   -999999,   -999999,   -999999,   -999999,   -999999,   -999999,   -999999,   -999999,   -999999,   -999999,   -999999,   -999999,   -999999,   -999999,   -999999,   -999999,   -999999,   -999999,   -999999,   -999999,   -999999,   -999999,   -999999,   -999999,   -999999,   -999999,   -999999,   -999999,   -999999,   -999999,   -999999,   -999999,   -999999,   -999999,   -999999,   -999999,   -999999,   -999999,   -999999,   -999999,   -999999,   -999999,   -999999,   -999999,   -999999,   -999999,     -999999  
