inputs/ACTAMERICA_Merge/B200/ACTAMERICA-mrg05-b200_merge_20171030_R0.ict
138, 1001
Shook, Michael
NASA Atmospheric Composition Branch, NASA Langley Research Center (SSAI)
Merged data file for ACT-AMERICA Fall 2017, Flight 16 (20171030), on the b200 platform. Data is merged to 05 seconds.
NASA ACT-AMERICA Fall 2017
1, 1
2017, 10, 30, 2018, 07, 11
05
UTC,s
99
1, 1, 1, 1, 1, 1, 1, 1, 1, 1, 1, 1, 1, 1, 1, 1, 1, 1, 1, 1, 1, 1, 1, 1, 1, 1, 1, 1, 1, 1, 1, 1, 1, 1, 1, 1, 1, 1, 1, 1, 1, 1, 1, 1, 1, 1, 1, 1, 1, 1, 1, 1, 1, 1, 1, 1, 1, 1, 1, 1, 1, 1, 1, 1, 1, 1, 1, 1, 1, 1, 1, 1, 1, 1, 1, 1, 1, 1, 1, 1, 1, 1, 1, 1, 1, 1, 1, 1, 1, 1, 1, 1, 1, 1, 1, 1, 1, 1, 1
-999999, -999999, -999999, -999999, -999999, -999999, -999999, -999999, -999999, -999999, -999999, -999999, -999999, -999999, -999999, -999999, -999999, -999999, -999999, -999999, -999999, -999999, -999999, -999999, -999999, -999999, -999999, -999999, -999999, -999999, -999999, -999999, -999999, -999999, -999999, -999999, -999999, -999999, -999999, -999999, -999999, -999999, -999999, -999999, -999999, -999999, -999999, -999999, -999999, -999999, -999999, -999999, -999999, -999999, -999999, -999999, -999999, -999999, -999999, -999999, -999999, -999999, -999999, -999999, -999999, -999999, -999999, -999999, -999999, -999999, -999999, -999999, -999999, -999999, -999999, -999999, -999999, -999999, -999999, -999999, -999999, -999999, -999999, -999999, -999999, -999999, -999999, -999999, -999999, -999999, -999999, -999999, -999999, -999999, -999999, -999999, -999999, -999999, -999999
JDAY, days
INDEX, none
FLIGHT, none
LOCAL_SUN_TIME, hour
LATITUDE, degs
LONGITUDE, degs
ALTP, km
PRESSURE, hPa
TEMPERATURE, K
THETA, K, calculated from ambient temperature and pressure
O3COLUMN, DU, OMI ozone column data extracted along flight track
SZA, deg
WNS, m/s
WND, Degs
GPS_ALT, km
GRD_SPD, m/s
TAS, m/s
IAS, m/s
MachNumber, mach
VerticalSpeed, ft min-1
HDG, degs
TRK, degs
DifferentialPressure, hPa
PITCH, degs
ROLL, degs
PotentialTemp_Nav, K
Dewpoint, K
TotalAirTemp, K
CabinPressure, hPa
SolarZenithAngle, degs
AircraftSunElevation, degs
SunAzimuth, degs
AircraftSunAzimuth, degs
H2O_MixingRatio_Nav, g kg-1
H2O_VaporPressure_Nav, hPa
H2O_SatVaporPressureWater_Nav, hPa
H2O_SatVaporPressureIce_Nav, hPa
H2O_RelativeHumidity_Nav, %
U_WINDS, m s-1
V_WINDS, m s-1
GroundElevation-AMSL_GoogleMaps, km
Altitude-AGL_GoogleMaps, km
O3_MixingRatio, ppbv
CO2_DryMoleFrac_PICARRO, ppm
CH4_DryMoleFrac_PICARRO, ppm
CO_DryMoleFrac_PICARRO, ppm
CO2_MoleFraction_PFP, ppm
CH4_MoleFraction_PFP, ppb
CO_MoleFraction_PFP, ppb
N2O_MoleFraction_PFP, ppb
SF6_CCGG_MoleFraction_PFP, ppt
H2_MoleFraction_PFP, ppb
CH4C13_MoleFraction_PFP, permil
CO2C14_MoleFraction_PFP, permil
F11B_MoleFraction_PFP, ppt
FC12_MoleFraction_PFP, ppt
F13_MoleFraction_PFP, ppt
F113_MoleFraction_PFP, ppt
F115_MoleFraction_PFP, ppt
HF133a_MoleFraction_PFP, ppt
F23_MoleFraction_PFP, ppt
F32_MoleFraction_PFP, ppt
F134A_MoleFraction_PFP, ppt
F152A_MoleFraction_PFP, ppt
F125_MoleFraction_PFP, ppt
F143a_MoleFraction_PFP, ppt
F227e_MoleFraction_PFP, ppt
F365m_MoleFraction_PFP, ppt
H1211_MoleFraction_PFP, ppt
H1301_MoleFraction_PFP, ppt
H2402_MoleFraction_PFP, ppt
MCFA_MoleFraction_PFP, ppt
CF4_MoleFraction_PFP, ppt
C2F6_MoleFraction_PFP, ppt
SO2F2_MoleFraction_PFP, ppt
MEBR_MoleFraction_PFP, ppt
CH3I_MoleFraction_PFP, ppt
DIBR_MoleFraction_PFP, ppt
OCS_MoleFraction_PFP, ppt
[...]
[from data line 937]
63582,   303,          1600938.0,         16.000000,  11.32496156,   36.306278,   264.9390068,   0.5815645032,   945.282,   280.9319939,   285.4852419,   269,   50.97985729,   9.478343742,   22.21135175,   0.623,   98.14074769,   90.54761329,    -999999,  0.2695,    -999999,  163.708,   167.152,   48.94,    -999999,   -999999,  285.4879939,   271.8879939,   285.0159939,   960.228,    -999999,   -999999,   -999999,   -999999,  3.704142,   5.5962,   10.61134,   11.43984,   52.738,   -3.58,   -8.774,   0.27126,   0.35174,   36.06,   407.785,   1.942409091,   0.1122266667,    -999999,   -999999,   -999999,   -999999,   -999999,   -999999,   -999999,   -999999,   -999999,   -999999,   -999999,   -999999,   -999999,   -999999,   -999999,   -999999,   -999999,   -999999,   -999999,   -999999,   -999999,   -999999,   -999999,   -999999,   -999999,   -999999,   -999999,   -999999,   -999999,   -999999,   -999999,   -999999,   -999999,   -999999,   -999999,   -999999,   -999999,   -999999,   -999999,   -999999,   -999999,   -999999,   -999999,   -999999,   -999999,   -999999,   -999999,   -999999,   -999999,   -999999,   -999999,   -999999,         1.3906000  
63587,   303,          1600939.0,         16.000000,  11.32643032,   36.301986,   264.9402048,   0.5914217353,   944.162,   280.8919939,   285.5412969,   269,   50.97177182,   8.703928493,   26.77593937,   0.63156,   97.29500833,   90.74412937,    -999999,  0.2701,    -999999,  163.854,   167.346,   49.1,    -999999,   -999999,  285.5419939,   271.8919939,   284.9899939,   959.714,    -999999,   -999999,   -999999,   -999999,  3.709634,   5.59782,   10.58238,   11.40426,   52.898,   -3.922,   -7.77,   0.22762,   0.40394,   36.42,   407.83,   1.942333333,   0.1126285714,    -999999,   -999999,   -999999,   -999999,   -999999,   -999999,   -999999,   -999999,   -999999,   -999999,   -999999,   -999999,   -999999,   -999999,   -999999,   -999999,   -999999,   -999999,   -999999,   -999999,   -999999,   -999999,   -999999,   -999999,   -999999,   -999999,   -999999,   -999999,   -999999,   -999999,   -999999,   -999999,   -999999,   -999999,   -999999,   -999999,   -999999,   -999999,   -999999,   -999999,   -999999,   -999999,   -999999,   -999999,   -999999,   -999999,   -999999,   -999999,   -999999,   -999999,   -999999,   -999999,         1.3696000  
63592,   303,          1600940.0,         16.000000,  11.3278983,   36.2977228,   264.9413912,   0.5944697353,   943.816,   280.7499939,   285.4268357,   269,   50.96372381,   7.975956471,   27.09415655,   0.63426,   96.85567657,   90.88097041,    -999999,  0.27058,    -999999,  163.994,   167.218,   49.26,    -999999,   -999999,  285.4279939,   271.8159939,   284.8619939,   959.728,    -999999,   -999999,   -999999,   -999999,  3.69023,   5.56668,   10.48032,   11.27888,   53.116,   -3.632,   -7.1,   0.21252,   0.42174,   37.62,   407.87,   1.942161538,   0.1113,    -999999,   -999999,   -999999,   -999999,   -999999,   -999999,   -999999,   -999999,   -999999,   -999999,   -999999,   -999999,   -999999,   -999999,   -999999,   -999999,   -999999,   -999999,   -999999,   -999999,   -999999,   -999999,   -999999,   -999999,   -999999,   -999999,   -999999,   -999999,   -999999,   -999999,   -999999,   -999999,   -999999,   -999999,   -999999,   -999999,   -999999,   -999999,   -999999,   -999999,   -999999,   -999999,   -999999,   -999999,   -999999,   -999999,   -999999,   -999999,   -999999,   -999999,   -999999,   -999999,         1.7770000  
63597,   303,          1600941.0,         16.000000,  11.32936743,   36.2934662,   264.9425948,   0.5886175753,   944.48,   280.7819939,   285.4020151,   269,   50.95568653,   10.28325039,   22.32396748,   0.62868,   97.08100129,   88.89523201,    -999999,  0.26464,    -999999,  163.13,   166.968,   47.12,    -999999,   -999999,  285.3999939,   271.7339939,   284.7139939,   959.716,    -999999,   -999999,   -999999,   -999999,  3.66535,   5.53322,   10.50326,   11.30706,   52.682,   -3.906,   -9.512,   0.26188,   0.3668,   39.9,   407.88,   1.94225,   0.1136357143,    -999999,   -999999,   -999999,   -999999,   -999999,   -999999,   -999999,   -999999,   -999999,   -999999,   -999999,   -999999,   -999999,   -999999,   -999999,   -999999,   -999999,   -999999,   -999999,   -999999,   -999999,   -999999,   -999999,   -999999,   -999999,   -999999,   -999999,   -999999,   -999999,   -999999,   -999999,   -999999,   -999999,   -999999,   -999999,   -999999,   -999999,   -999999,   -999999,   -999999,   -999999,   -999999,   -999999,   -999999,   -999999,   -999999,   -999999,   -999999,   -999999,   -999999,   -999999,   -999999,         1.7662000  
63602,   303,          1600942.0,         16.000000,  11.33083763,   36.2891946,   264.9438144,   0.5839358472,   945.012,   280.8419939,   285.417078,   269,   50.94763912,   10.50114851,   18.43171574,   0.62358,   97.41950281,   88.61949217,    -999999,  0.26382,    -999999,  163.572,   167.104,   46.84,    -999999,   -999999,  285.4179939,   271.6159939,   284.7519939,   960.032,    -999999,   -999999,   -999999,   -999999,  3.631454,   5.48546,   10.54636,   11.35998,   52.012,   -3.32,   -9.962,   0.25374,   0.36984,   39.14,   407.84,   1.9424,   0.115725,    -999999,   -999999,   -999999,   -999999,   -999999,   -999999,   -999999,   -999999,   -999999,   -999999,   -999999,   -999999,   -999999,   -999999,   -999999,   -999999,   -999999,   -999999,   -999999,   -999999,   -999999,   -999999,   -999999,   -999999,   -999999,   -999999,   -999999,   -999999,   -999999,   -999999,   -999999,   -999999,   -999999,   -999999,   -999999,   -999999,   -999999,   -999999,   -999999,   -999999,   -999999,   -999999,   -999999,   -999999,   -999999,   -999999,   -999999,   -999999,   -999999,   -999999,   -999999,   -999999,         1.6738000  
63607,   303,          1600943.0,         16.000000,  11.33230713,   36.2849196,   264.9450236,   0.5805708552,   945.394,   280.8979939,   285.4410284,   269,   50.93959757,   11.00488608,   14.7405332,   0.62152,   97.21990009,   87.62147857,    -999999,  0.2608,    -999999,  163.762,   167.102,   45.78,    -999999,   -999999,  285.4419939,   271.4219939,   284.7199939,   960.044,    -999999,   -999999,   -999999,   -999999,  3.578326,   5.40786,   10.58676,   11.40966,   51.08,   -2.798,   -10.642,   0.26102,   0.3605,   38.34,   407.8,   1.940784615,   0.11305,    -999999,   -999999,   -999999,   -999999,   -999999,   -999999,   -999999,   -999999,   -999999,   -999999,   -999999,   -999999,   -999999,   -999999,   -999999,   -999999,   -999999,   -999999,   -999999,   -999999,   -999999,   -999999,   -999999,   -999999,   -999999,   -999999,   -999999,   -999999,   -999999,   -999999,   -999999,   -999999,   -999999,   -999999,   -999999,   -999999,   -999999,   -999999,   -999999,   -999999,   -999999,   -999999,   -999999,   -999999,   -999999,   -999999,   -999999,   -999999,   -999999,   -999999,   -999999,   -999999,         1.4976000  
63612,   303,          1600944.0,         16.000000,  11.33377518,   36.2806608,   264.946211,   0.5831616552,   945.1,   280.8379939,   285.4054196,   269,   50.93158298,   10.89912758,   17.33223141,   0.62422,   96.62109193,   87.34162321,    -999999,  0.25998,    -999999,  163.872,   167.438,   45.48,    -999999,   -999999,  285.4079939,   271.2379939,   284.6359939,   960.118,    -999999,   -999999,   -999999,   -999999,  3.530812,   5.33478,   10.54348,   11.35644,   50.598,   -3.246,   -10.404,   0.27238,   0.35184,   37.56,   407.82,   1.941138462,   0.1135,    -999999,   -999999,   -999999,   -999999,   -999999,   -999999,   -999999,   -999999,   -999999,   -999999,   -999999,   -999999,   -999999,   -999999,   -999999,   -999999,   -999999,   -999999,   -999999,   -999999,   -999999,   -999999,   -999999,   -999999,   -999999,   -999999,   -999999,   -999999,   -999999,   -999999,   -999999,   -999999,   -999999,   -999999,   -999999,   -999999,   -999999,   -999999,   -999999,   -999999,   -999999,   -999999,   -999999,   -999999,   -999999,   -999999,   -999999,   -999999,   -999999,   -999999,   -999999,   -999999,         1.5622000  
63617,   303,          1600945.0,         16.000000,  11.33524173,   36.27643,   264.947376,   0.5854476552,   944.84,   280.8439939,   285.4339548,   269,   50.92360697,   10.89034146,   17.03574877,   0.62674,   95.96878201,   86.67079345,    -999999,  0.25798,    -999999,  163.842,   167.404,   44.76,    -999999,   -999999,  285.4359939,   271.2819939,   284.5839939,   959.86,    -999999,   -999999,   -999999,   -999999,  3.54334,   5.35214,   10.54778,   11.36174,   50.742,   -3.188,   -10.412,   0.2203,   0.40644,   38.08,   407.765,   1.9403,   0.1133058824,   407.75,   1941.9,   114.57,   330.66,   9.56,   476.17,   -47.82,    -999999,  233.02,   512.72,   3.38,   70.89,   8.63,   0.53,   31.02,   17.01,   108.16,   11.02,   26.57,   22.97,   1.41,   1.12,    -999999,  3.28,   0.4,   2.16,   84.59,   5.04,   2.13,   6.92,   0.66,   1.06,   448.81,   500.96,   62.44,   16.81,   5.76,   190.8,   1637.61,   753.83,   249.59,   107.26,   72.85,   77.81,   50.65,    -999999,  0.15,   0.17,   0.39,   0.68,   30.33,   254.48,          1.5670000  
63622,   303,          1600946.0,         16.000000,  11.33670833,   36.2722238,   264.9485416,   0.5878616713,   944.566,   280.8579939,   285.4718391,   269,   50.91566221,   10.86543426,   17.71760077,   0.6292,   95.52327697,   86.32406089,    -999999,  0.25696,    -999999,  163.702,   167.35,   44.38,    -999999,   -999999,  285.4739939,   271.1199939,   284.5679939,   959.9,    -999999,   -999999,   -999999,   -999999,  3.502002,   5.28852,   10.55786,   11.37412,   50.09,   -3.306,   -10.352,   0.27266,   0.35654,   37.74,   407.83,   1.940881818,   0.1121714286,   407.75,   1941.9,   114.57,   330.66,   9.56,   476.17,   -47.82,    -999999,  233.02,   512.72,   3.38,   70.89,   8.63,   0.53,   31.02,   17.01,   108.16,   11.02,   26.57,   22.97,   1.41,   1.12,    -999999,  3.28,   0.4,   2.16,   84.59,   5.04,   2.13,   6.92,   0.66,   1.06,   448.81,   500.96,   62.44,   16.81,   5.76,   190.8,   1637.61,   753.83,   249.59,   107.26,   72.85,   77.81,   50.65,    -999999,  0.15,   0.17,   0.39,   0.68,   30.33,   254.48,          1.7922000  
63627,   303,          1600947.0,         16.000000,  11.3381747,   36.2680314,   264.9497038,   0.5932993033,   943.948,   280.9679939,   285.6370539,   269,   50.90773885,   9.690428647,   17.57233896,   0.63464,   95.27428801,   87.06588337,    -999999,  0.25912,    -999999,  163.954,   167.194,   45.12,    -999999,   -999999,  285.6399939,   271.2439939,   284.7419939,   959.676,    -999999,   -999999,   -999999,   -999999,  3.536714,   5.33714,   10.6376,   11.47218,   50.176,   -2.926,   -9.238,   0.28372,   0.35092,   39.38,   407.735,   1.940730769,   0.1144157895,   407.75,   1941.9,   114.57,   330.66,   9.56,   476.17,   -47.82,    -999999,  233.02,   512.72,   3.38,   70.89,   8.63,   0.53,   31.02,   17.01,   108.16,   11.02,   26.57,   22.97,   1.41,   1.12,    -999999,  3.28,   0.4,   2.16,   84.59,   5.04,   2.13,   6.92,   0.66,   1.06,   448.81,   500.96,   62.44,   16.81,   5.76,   190.8,   1637.61,   753.83,   249.59,   107.26,   72.85,   77.81,   50.65,    -999999,  0.15,   0.17,   0.39,   0.68,   30.33,   254.48,          1.5072000  
63632,   303,          1600948.0,         16.000000,  11.339642,   36.2638456,   264.95088,   0.5997610634,   943.216,   280.8819939,   285.6129232,   269,   50.89982684,   9.919672238,   17.72698839,   0.63948,   95.31955873,   86.91875353,    -999999,  0.2587,    -999999,  163.948,   167.27,   44.94,    -999999,   -999999,  285.6139939,   271.4859939,   284.6419939,   959.692,    -999999,   -999999,   -999999,   -999999,  3.60354,   5.4332,   10.57508,   11.39528,   51.376,   -3.02,   -9.448,   0.28562,   0.35386,   38.18,   407.71,   1.940623077,   0.1130307692,   407.75,   1941.9,   114.57,   330.66,   9.56,   476.17,   -47.82,    -999999,  233.02,   512.72,   3.38,   70.89,   8.63,   0.53,   31.02,   17.01,   108.16,   11.02,   26.57,   22.97,   1.41,   1.12,    -999999,  3.28,   0.4,   2.16,   84.59,   5.04,   2.13,   6.92,   0.66,   1.06,   448.81,   500.96,   62.44,   16.81,   5.76,   190.8,   1637.61,   753.83,   249.59,   107.26,   72.85,   77.81,   50.65,    -999999,  0.15,   0.17,   0.39,   0.68,   30.33,   254.48,          1.5974000  
63637,   303,          1600949.0,         16.000000,  11.34110989,   36.2596474,   264.952065,   0.5933602633,   943.942,   280.9139939,   285.5826752,   269,   50.89190855,   10.97172438,   10.69114274,   0.6331,   95.84017201,   85.91868217,    -999999,  0.2557,    -999999,  163.982,   166.928,   43.92,    -999999,   -999999,  285.5839939,   271.3919939,   284.5879939,   959.802,    -999999,   -999999,   -999999,   -999999,  3.575762,   5.3957,   10.59834,   11.42386,   50.912,   -2.036,   -10.78,   0.28394,   0.34916,   38.7,   407.6575,   1.9405,   0.112147619,    -999999,   -999999,   -999999,   -999999,   -999999,   -999999,   -999999,   -999999,   -999999,   -999999,   -999999,   -999999,   -999999,   -999999,   -999999,   -999999,   -999999,   -999999,   -999999,   -999999,   -999999,   -999999,   -999999,   -999999,   -999999,   -999999,   -999999,   -999999,   -999999,   -999999,   -999999,   -999999,   -999999,   -999999,   -999999,   -999999,   -999999,   -999999,   -999999,   -999999,   -999999,   -999999,   -999999,   -999999,   -999999,   -999999,   -999999,   -999999,   -999999,   -999999,   -999999,   -999999,         1.4552000  
63642,   303,          1600950.0,         16.000000,  11.34257931,   36.2554204,   264.953273,   0.5932749193,   943.952,   281.1979939,   285.8705299,   269,   50.88396553,   9.320598368,   8.495994182,   0.63384,   96.55009921,   87.93528697,    -999999,  0.26158,    -999999,  164.972,   167.18,   46,    -999999,   -999999,  285.8719939,   271.6739939,   285.0459939,   960.092,    -999999,   -999999,   -999999,   -999999,  3.652082,   5.5102,   10.8056,   11.67908,   51.008,   -1.378,   -9.218,   0.27426,   0.35958,   36.86,   407.755,   1.9437,   0.1128380952,    -999999,   -999999,   -999999,   -999999,   -999999,   -999999,   -999999,   -999999,   -999999,   -999999,   -999999,   -999999,   -999999,   -999999,   -999999,   -999999,   -999999,   -999999,   -999999,   -999999,   -999999,   -999999,   -999999,   -999999,   -999999,   -999999,   -999999,   -999999,   -999999,   -999999,   -999999,   -999999,   -999999,   -999999,   -999999,   -999999,   -999999,   -999999,   -999999,   -999999,   -999999,   -999999,   -999999,   -999999,   -999999,   -999999,   -999999,   -999999,   -999999,   -999999,   -999999,   -999999,         1.6540000  
63647,   303,          1600951.0,         16.000000,  11.3440466,   36.251177,   264.954449,   0.6004864874,   943.134,   280.8539939,   285.5915457,   269,   50.87601938,   7.799164458,   11.47147424,   0.64024,   96.44309569,   89.37777673,    -999999,  0.26602,    -999999,  165.41,   167.446,   47.56,    -999999,   -999999,  285.5919939,   272.2379939,   284.8319939,   959.514,    -999999,   -999999,   -999999,   -999999,  3.809666,   5.74158,   10.55496,   11.37052,   54.4,   -1.552,   -7.642,   0.28266,   0.35758,   37.06,   407.915,   1.944,   0.1112,    -999999,   -999999,   -999999,   -999999,   -999999,   -999999,   -999999,   -999999,   -999999,   -999999,   -999999,   -999999,   -999999,   -999999,   -999999,   -999999,   -999999,   -999999,   -999999,   -999999,   -999999,   -999999,   -999999,   -999999,   -999999,   -999999,   -999999,   -999999,   -999999,   -999999,   -999999,   -999999,   -999999,   -999999,   -999999,   -999999,   -999999,   -999999,   -999999,   -999999,   -999999,   -999999,   -999999,   -999999,   -999999,   -999999,   -999999,   -999999,   -999999,   -999999,   -999999,   -999999,         1.5548000  
