inputs/ACTAMERICA_Merge/B200/ACTAMERICA-mrg05-b200_merge_20170201_R0.ict
136, 1001
Shook, Michael
NASA Atmospheric Composition Branch, NASA Langley Research Center (SSAI)
Merged data file for ACT-AMERICA 2017, Flight 04 (20170201), on the b200 platform. Data is merged to 05 seconds.
NASA ACT-AMERICA 2017
1, 1
2017, 02, 01, 2018, 02, 22
05
UTC,s
97
1, 1, 1, 1, 1, 1, 1, 1, 1, 1, 1, 1, 1, 1, 1, 1, 1, 1, 1, 1, 1, 1, 1, 1, 1, 1, 1, 1, 1, 1, 1, 1, 1, 1, 1, 1, 1, 1, 1, 1, 1, 1, 1, 1, 1, 1, 1, 1, 1, 1, 1, 1, 1, 1, 1, 1, 1, 1, 1, 1, 1, 1, 1, 1, 1, 1, 1, 1, 1, 1, 1, 1, 1, 1, 1, 1, 1, 1, 1, 1, 1, 1, 1, 1, 1, 1, 1, 1, 1, 1, 1, 1, 1, 1, 1, 1, 1
-999999, -999999, -999999, -999999, -999999, -999999, -999999, -999999, -999999, -999999, -999999, -999999, -999999, -999999, -999999, -999999, -999999, -999999, -999999, -999999, -999999, -999999, -999999, -999999, -999999, -999999, -999999, -999999, -999999, -999999, -999999, -999999, -999999, -999999, -999999, -999999, -999999, -999999, -999999, -999999, -999999, -999999, -999999, -999999, -999999, -999999, -999999, -999999, -999999, -999999, -999999, -999999, -999999, -999999, -999999, -999999, -999999, -999999, -999999, -999999, -999999, -999999, -999999, -999999, -999999, -999999, -999999, -999999, -999999, -999999, -999999, -999999, -999999, -999999, -999999, -999999, -999999, -999999, -999999, -999999, -999999, -999999, -999999, -999999, -999999, -999999, -999999, -999999, -999999, -999999, -999999, -999999, -999999, -999999, -999999, -999999, -999999
JDAY, days
INDEX, none
FLIGHT, none
LOCAL_SUN_TIME, hour
LATITUDE, degs
LONGITUDE, degs
ALTP, km
PRESSURE, hPa
TEMPERATURE, K
THETA, K
O3COLUMN, DU
SZA, deg
GPS_ALT, km
GRD_SPD, m/s
TAS, m/s
IAS, m/s
MachNumber, mach
VerticalSpeed, ft min-1
HDG, degs
TRK, degs
PITCH, degs
ROLL, degs
PotentialTemp, K
Dewpoint, K
TotalAirTemp, K
CabinPressure, hPa
SolarZenithAngle, degs
AircraftSunElevation, degs
SunAzimuth, degs
AircraftSunAzimuth, degs
H2O_MixingRatio, g kg-1
H2O_VaporPressure, hPa
H2O_SatVaporPressureWater, hPa
H2O_SatVaporPressureIce, hPa
H2O_RelativeHumidity, %
DifferentialPressure, hPa
U_WINDS, m s-1
V_WINDS, m s-1
Ground_Elevation, km
Altitude_AGL, km
O3_MixingRatio, ppbv
CO2_MixingRatio_PICARRO, ppmv
CH4_MixingRatio_PICARRO, ppmv
CO_MixingRatio_PICARRO, ppmv
CO2_MoleFraction_PFP, ppm
CH4_MoleFraction_PFP, ppb
CO_MoleFraction_PFP, ppb
N2O_MoleFraction_PFP, ppb
SF6_MoleFraction_PFP, ppt
H2_MoleFraction_PFP, ppb
CH4C13_PFP, per mil
CO2C14_PFP, per mil
F11B_MoleFraction_PFP, ppt
FC12_MoleFraction_PFP, ppt
F13_MoleFraction_PFP, ppt
F113_MoleFraction_PFP, ppt
F115_MoleFraction_PFP, ppt
HF133a_MoleFraction_PFP, ppt
F23_MoleFraction_PFP, ppt
F32_MoleFraction_PFP, ppt
F134A_MoleFraction_PFP, ppt
F152A_MoleFraction_PFP, ppt
F125_MoleFraction_PFP, ppt
F143a_MoleFraction_PFP, ppt
F227e_MoleFraction_PFP, ppt
F365m_MoleFraction_PFP, ppt
H1211_MoleFraction_PFP, ppt
H1301_MoleFraction_PFP, ppt
H2402_MoleFraction_PFP, ppt
MCFA_MoleFraction_PFP, ppt
CF4_MoleFraction_PFP, ppt
C2F6_MoleFraction_PFP, ppt
SO2F2_MoleFraction_PFP, ppt
MEBR_MoleFraction_PFP, ppt
CH3I_MoleFraction_PFP, ppt
DIBR_MoleFraction_PFP, ppt
OCS_MoleFraction_PFP, ppt
MECL_MoleFraction_PFP, ppt
DICL_MoleFraction_PFP, ppt
CLHF_MoleFraction_PFP, ppt
PCE_MoleFraction_PFP, ppt
C2H2_MoleFraction_PFP, ppt
C2H6_MoleFraction_PFP, ppt
C3H8_MoleFraction_PFP, ppt
nC4H10_MoleFraction_PFP, ppt
[...]
[from data line 1803]
71397,   32,          401804.00,         4.0000000,  13.54257114,   37.0438408,   265.6406504,   2.187616683,   776.52,   275.7939939,   296.4624981,   310,   58.37739383,   2.13084,   106.1392608,   105.2750016,    -999999,  0.3162,    -999999,  183.56,   183.66,   0.76,   -1.4,   296.4619939,   259.8499939,   281.3099939,   976,    -999999,   -999999,   -999999,   -999999,  1.773084,   2.2073,   7.41604,   7.60856,   29.766,   55.728,   -0.246,   -2.034,   0.33048,   1.80036,   50.04,   408.69,   1.905025,   0.1146,   408.68,   1906.47,   112.55,   329.91,   9.28,   508.78,   -47.56,    -999999,  232.69,   515.45,   3.35,   70.73,   8.67,   0.5,   31.67,   14.78,   99.66,   9.17,   23.14,   20.82,   1.31,   1.07,   5.79,   3.3,   0.42,   2.55,   87.02,   4.64,   2.45,   7.06,   0.29,   1.1,   514.89,   574.46,   69.09,   13.72,   2.74,   203.87,   1822.31,   620.72,   161.01,   94.84,   42.58,   46.76,   51.49,   47.48,   0.23,   0.17,   0.39,   0.59,   18.91,   248.58,          1.7106000  
71402,   32,          401805.00,         4.0000000,  13.54393349,   37.0390666,   265.6402524,   2.186787627,   776.6,   275.7239939,   296.3785285,   310,   58.38030683,   2.12934,   106.3141704,   105.3789185,    -999999,  0.31658,    -999999,  183.74,   183.88,   0.66,   -1.74,   296.3779939,   259.8499939,   281.2499939,   976,    -999999,   -999999,   -999999,   -999999,  1.7729,   2.2073,   7.37918,   7.56564,   29.912,   55.86,   -0.236,   -2.128,   0.33732,   1.79202,   48.84,   408.69,   1.904866667,   0.12265,   408.68,   1906.47,   112.55,   329.91,   9.28,   508.78,   -47.56,    -999999,  232.69,   515.45,   3.35,   70.73,   8.67,   0.5,   31.67,   14.78,   99.66,   9.17,   23.14,   20.82,   1.31,   1.07,   5.79,   3.3,   0.42,   2.55,   87.02,   4.64,   2.45,   7.06,   0.29,   1.1,   514.89,   574.46,   69.09,   13.72,   2.74,   203.87,   1822.31,   620.72,   161.01,   94.84,   42.58,   46.76,   51.49,   47.48,   0.23,   0.17,   0.39,   0.59,   18.91,   248.58,          1.6010000  
71407,   32,          401806.00,         4.0000000,  13.54529477,   37.034287,   265.6398382,   2.184721083,   776.8,   275.7579939,   296.3932686,   310,   58.38321634,   2.12848,   106.3759032,   105.8233947,    -999999,  0.31792,    -999999,  183.8,   184.02,   0.9,   -1.4,   296.3919939,   259.8499939,   281.3299939,   976.04,    -999999,   -999999,   -999999,   -999999,  1.77244,   2.2073,   7.39706,   7.58648,   29.84,   56.352,   -0.624,   -1.648,   0.34104,   1.78744,   48.26,   408.82,   1.904845455,   0.1146619048,   408.68,   1906.47,   112.55,   329.91,   9.28,   508.78,   -47.56,    -999999,  232.69,   515.45,   3.35,   70.73,   8.67,   0.5,   31.67,   14.78,   99.66,   9.17,   23.14,   20.82,   1.31,   1.07,   5.79,   3.3,   0.42,   2.55,   87.02,   4.64,   2.45,   7.06,   0.29,   1.1,   514.89,   574.46,   69.09,   13.72,   2.74,   203.87,   1822.31,   620.72,   161.01,   94.84,   42.58,   46.76,   51.49,   47.48,   0.23,   0.17,   0.39,   0.59,   18.91,   248.58,          1.5624000  
71412,   32,          401807.00,         4.0000000,  13.54665423,   37.0295116,   265.6393968,   2.185544043,   776.72,   275.7779939,   296.4234877,   310,   58.38612707,   2.1296,   106.3141704,   105.6186475,    -999999,  0.31726,    -999999,  184.1,   184.36,   0.84,   -1.26,   296.4239939,   259.8899939,   281.3299939,   975.98,    -999999,   -999999,   -999999,   -999999,  1.778424,   2.2145,   7.40756,   7.59872,   29.896,   56.12,   -0.572,   -1.778,   0.3463,   1.7833,   49.38,   408.76,   1.9051,   0.1141590909,   408.68,   1906.47,   112.55,   329.91,   9.28,   508.78,   -47.56,    -999999,  232.69,   515.45,   3.35,   70.73,   8.67,   0.5,   31.67,   14.78,   99.66,   9.17,   23.14,   20.82,   1.31,   1.07,   5.79,   3.3,   0.42,   2.55,   87.02,   4.64,   2.45,   7.06,   0.29,   1.1,   514.89,   574.46,   69.09,   13.72,   2.74,   203.87,   1822.31,   620.72,   161.01,   94.84,   42.58,   46.76,   51.49,   47.48,   0.23,   0.17,   0.39,   0.59,   18.91,   248.58,          1.6358000  
71417,   32,          401808.00,         4.0000000,  13.5480118,   37.02474,   265.638927,   2.186165835,   776.66,   275.7659939,   296.4171317,   310,   58.38903821,   2.12958,   106.2935928,   105.5270772,    -999999,  0.31702,    -999999,  184.36,   184.56,   0.78,   -1.98,   296.4199939,   259.9699939,   281.3099939,   975.92,    -999999,   -999999,   -999999,   -999999,  1.790182,   2.22894,   7.40124,   7.59138,   30.114,   56.016,   -0.286,   -1.91,   0.34626,   1.78332,   53.82,   408.79,   1.905,   0.1157545455,    -999999,   -999999,   -999999,   -999999,   -999999,   -999999,   -999999,   -999999,   -999999,   -999999,   -999999,   -999999,   -999999,   -999999,   -999999,   -999999,   -999999,   -999999,   -999999,   -999999,   -999999,   -999999,   -999999,   -999999,   -999999,   -999999,   -999999,   -999999,   -999999,   -999999,   -999999,   -999999,   -999999,   -999999,   -999999,   -999999,   -999999,   -999999,   -999999,   -999999,   -999999,   -999999,   -999999,   -999999,   -999999,   -999999,   -999999,   -999999,   -999999,   -999999,   -999999,   -999999,         1.6480000  
71422,   32,          401809.00,         4.0000000,  13.5493688,   37.0199664,   265.6384486,   2.185135611,   776.76,   275.7119939,   296.3481864,   310,   58.39195154,   2.12848,   106.3656144,   105.4612289,    -999999,  0.31684,    -999999,  184.52,   184.62,   0.7,   -1.7,   296.3499939,   260.0299939,   281.2499939,   975.92,    -999999,   -999999,   -999999,   -999999,  1.79871,   2.23986,   7.37286,   7.55832,   30.378,   55.964,   -0.266,   -2.078,   0.34836,   1.78012,   50.86,   408.78,   1.9051,   0.1097454545,    -999999,   -999999,   -999999,   -999999,   -999999,   -999999,   -999999,   -999999,   -999999,   -999999,   -999999,   -999999,   -999999,   -999999,   -999999,   -999999,   -999999,   -999999,   -999999,   -999999,   -999999,   -999999,   -999999,   -999999,   -999999,   -999999,   -999999,   -999999,   -999999,   -999999,   -999999,   -999999,   -999999,   -999999,   -999999,   -999999,   -999999,   -999999,   -999999,   -999999,   -999999,   -999999,   -999999,   -999999,   -999999,   -999999,   -999999,   -999999,   -999999,   -999999,   -999999,   -999999,         1.7724000  
71427,   32,          401810.00,         4.0000000,  13.55072471,   37.0151898,   265.637954,   2.183904219,   776.88,   275.7039939,   296.3265087,   310,   58.39486345,   2.12716,   106.4685024,   105.5538281,    -999999,  0.3171,    -999999,  184.7,   184.84,   0.84,   -1.3,   296.3279939,   260.0499939,   281.2499939,   976.02,    -999999,   -999999,   -999999,   -999999,  1.801354,   2.2435,   7.36868,   7.55344,   30.442,   56.074,   -0.5,   -2.022,   0.34938,   1.77778,   47.88,   408.77,   1.9053,   0.1186818182,    -999999,   -999999,   -999999,   -999999,   -999999,   -999999,   -999999,   -999999,   -999999,   -999999,   -999999,   -999999,   -999999,   -999999,   -999999,   -999999,   -999999,   -999999,   -999999,   -999999,   -999999,   -999999,   -999999,   -999999,   -999999,   -999999,   -999999,   -999999,   -999999,   -999999,   -999999,   -999999,   -999999,   -999999,   -999999,   -999999,   -999999,   -999999,   -999999,   -999999,   -999999,   -999999,   -999999,   -999999,   -999999,   -999999,   -999999,   -999999,   -999999,   -999999,   -999999,   -999999,         1.7236000  
71432,   32,          401811.00,         4.0000000,  13.55207864,   37.0104144,   265.6374296,   2.183910315,   776.88,   275.6739939,   296.2942647,   310,   58.39777289,   2.12718,   106.4479248,   105.451969,    -999999,  0.3168,    -999999,  184.88,   185.12,   0.9,   -1.62,   296.2979939,   260.0499939,   281.2099939,   976.08,    -999999,   -999999,   -999999,   -999999,  1.801356,   2.2435,   7.353,   7.53518,   30.51,   55.97,   -0.602,   -2.072,   0.34502,   1.78216,   49.6,   408.8,   1.90555,   0.1136952381,    -999999,   -999999,   -999999,   -999999,   -999999,   -999999,   -999999,   -999999,   -999999,   -999999,   -999999,   -999999,   -999999,   -999999,   -999999,   -999999,   -999999,   -999999,   -999999,   -999999,   -999999,   -999999,   -999999,   -999999,   -999999,   -999999,   -999999,   -999999,   -999999,   -999999,   -999999,   -999999,   -999999,   -999999,   -999999,   -999999,   -999999,   -999999,   -999999,   -999999,   -999999,   -999999,   -999999,   -999999,   -999999,   -999999,   -999999,   -999999,   -999999,   -999999,   -999999,   -999999,         1.7426000  
71437,   32,          401812.00,         4.0000000,  13.55343122,   37.0056424,   265.636885,   2.183703051,   776.9,   275.6179939,   296.231897,   310,   58.40068519,   2.12728,   106.3656144,   105.6186475,    -999999,  0.31734,    -999999,  184.96,   185.28,   0.94,   -1.5,   296.2319939,   260.0699939,   281.1699939,   976.14,    -999999,   -999999,   -999999,   -999999,  1.804248,   2.24714,   7.3237,   7.5011,   30.682,   56.164,   -0.82,   -1.828,   0.33648,   1.7908,   51.76,   408.835,   1.90545,   0.1130210526,    -999999,   -999999,   -999999,   -999999,   -999999,   -999999,   -999999,   -999999,   -999999,   -999999,   -999999,   -999999,   -999999,   -999999,   -999999,   -999999,   -999999,   -999999,   -999999,   -999999,   -999999,   -999999,   -999999,   -999999,   -999999,   -999999,   -999999,   -999999,   -999999,   -999999,   -999999,   -999999,   -999999,   -999999,   -999999,   -999999,   -999999,   -999999,   -999999,   -999999,   -999999,   -999999,   -999999,   -999999,   -999999,   -999999,   -999999,   -999999,   -999999,   -999999,   -999999,   -999999,         1.7786000  
71442,   32,          401813.00,         4.0000000,  13.55478234,   37.0008766,   265.6363184,   2.184111483,   776.86,   275.6099939,   296.2276564,   310,   58.40360222,   2.1278,   106.23186,   105.5147307,    -999999,  0.31706,    -999999,  185.06,   185.5,   0.96,   -1.6,   296.2259939,   260.1499939,   281.1499939,   976.04,    -999999,   -999999,   -999999,   -999999,  1.816106,   2.2617,   7.31956,   7.49624,   30.9,   56.052,   -1.034,   -1.778,   0.33202,   1.79578,   50.4,   408.745,   1.9055,   0.1107789474,    -999999,   -999999,   -999999,   -999999,   -999999,   -999999,   -999999,   -999999,   -999999,   -999999,   -999999,   -999999,   -999999,   -999999,   -999999,   -999999,   -999999,   -999999,   -999999,   -999999,   -999999,   -999999,   -999999,   -999999,   -999999,   -999999,   -999999,   -999999,   -999999,   -999999,   -999999,   -999999,   -999999,   -999999,   -999999,   -999999,   -999999,   -999999,   -999999,   -999999,   -999999,   -999999,   -999999,   -999999,   -999999,   -999999,   -999999,   -999999,   -999999,   -999999,   -999999,   -999999,         1.7882000  
71447,   32,          401814.00,         4.0000000,  13.55613201,   36.9961176,   265.6357302,   2.184105387,   776.86,   275.6159939,   296.2341053,   302.5,   58.40652462,   2.1282,   106.1495496,   105.640254,    -999999,  0.31742,    -999999,  185.26,   185.72,   0.9,   -1.42,   296.2319939,   260.1899939,   281.1699939,   976,    -999999,   -999999,   -999999,   -999999,  1.822032,   2.26906,   7.32266,   7.49992,   30.984,   56.186,   -1.05,   -1.564,   0.33012,   1.79808,   49.48,   408.69,   1.9046,   0.1189105263,    -999999,   -999999,   -999999,   -999999,   -999999,   -999999,   -999999,   -999999,   -999999,   -999999,   -999999,   -999999,   -999999,   -999999,   -999999,   -999999,   -999999,   -999999,   -999999,   -999999,   -999999,   -999999,   -999999,   -999999,   -999999,   -999999,   -999999,   -999999,   -999999,   -999999,   -999999,   -999999,   -999999,   -999999,   -999999,   -999999,   -999999,   -999999,   -999999,   -999999,   -999999,   -999999,   -999999,   -999999,   -999999,   -999999,   -999999,   -999999,   -999999,   -999999,   -999999,   -999999,         1.7810000  
71452,   32,          401815.00,         4.0000000,  13.55747998,   36.9913646,   265.6351164,   2.185958571,   776.68,   275.6399939,   296.2795162,   302.5,   58.40945023,   2.1284,   106.0878168,   105.768864,    -999999,  0.31782,    -999999,  185.46,   185.96,   0.96,   -1.84,   296.2819939,   260.3299939,   281.2099939,   975.94,    -999999,   -999999,   -999999,   -999999,  1.843292,   2.29498,   7.33522,   7.5145,   31.288,   56.308,   -1.18,   -1.3,   0.32794,   1.80046,   49.44,   408.6533333,   1.90455,   0.10535,    -999999,   -999999,   -999999,   -999999,   -999999,   -999999,   -999999,   -999999,   -999999,   -999999,   -999999,   -999999,   -999999,   -999999,   -999999,   -999999,   -999999,   -999999,   -999999,   -999999,   -999999,   -999999,   -999999,   -999999,   -999999,   -999999,   -999999,   -999999,   -999999,   -999999,   -999999,   -999999,   -999999,   -999999,   -999999,   -999999,   -999999,   -999999,   -999999,   -999999,   -999999,   -999999,   -999999,   -999999,   -999999,   -999999,   -999999,   -999999,   -999999,   -999999,   -999999,   -999999,         1.7732000  
71457,   32,          401816.00,         4.0000000,  13.55882718,   36.9866192,   265.634491,   2.185550139,   776.72,   275.6699939,   296.3074025,   302.5,   58.41238544,   2.12922,   105.8923296,   105.9129072,    -999999,  0.3182,    -999999,  185.38,   186.08,   0.98,   -1.7,   296.3059939,   260.3899939,   281.2499939,   976.08,    -999999,   -999999,   -999999,   -999999,  1.852194,   2.30614,   7.35086,   7.5327,   31.372,   56.464,   -1.28,   -0.964,   0.32178,   1.80744,   51.4,   408.59,   1.9046,   0.1162,    -999999,   -999999,   -999999,   -999999,   -999999,   -999999,   -999999,   -999999,   -999999,   -999999,   -999999,   -999999,   -999999,   -999999,   -999999,   -999999,   -999999,   -999999,   -999999,   -999999,   -999999,   -999999,   -999999,   -999999,   -999999,   -999999,   -999999,   -999999,   -999999,   -999999,   -999999,   -999999,   -999999,   -999999,   -999999,   -999999,   -999999,   -999999,   -999999,   -999999,   -999999,   -999999,   -999999,   -999999,   -999999,   -999999,   -999999,   -999999,   -999999,   -999999,   -999999,   -999999,         1.6160000  
