inputs/ACTAMERICA_Merge/B200/ACTAMERICA-mrg05-b200_merge_20170125_R0.ict
136, 1001
Shook, Michael
NASA Atmospheric Composition Branch, NASA Langley Research Center (SSAI)
Merged data file for ACT-AMERICA 2017, Flight 02 (20170125), on the b200 platform. Data is merged to 05 seconds.
NASA ACT-AMERICA 2017
1, 1
2017, 01, 25, 2018, 02, 22
05
UTC,s
97
1, 1, 1, 1, 1, 1, 1, 1, 1, 1, 1, 1, 1, 1, 1, 1, 1, 1, 1, 1, 1, 1, 1, 1, 1, 1, 1, 1, 1, 1, 1, 1, 1, 1, 1, 1, 1, 1, 1, 1, 1, 1, 1, 1, 1, 1, 1, 1, 1, 1, 1, 1, 1, 1, 1, 1, 1, 1, 1, 1, 1, 1, 1, 1, 1, 1, 1, 1, 1, 1, 1, 1, 1, 1, 1, 1, 1, 1, 1, 1, 1, 1, 1, 1, 1, 1, 1, 1, 1, 1, 1, 1, 1, 1, 1, 1, 1
-999999, -999999, -999999, -999999, -999999, -999999, -999999, -999999, -999999, -999999, -999999, -999999, -999999, -999999, -999999, -999999, -999999, -999999, -999999, -999999, -999999, -999999, -999999, -999999, -999999, -999999, -999999, -999999, -999999, -999999, -999999, -999999, -999999, -999999, -999999, -999999, -999999, -999999, -999999, -999999, -999999, -999999, -999999, -999999, -999999, -999999, -999999, -999999, -999999, -999999, -999999, -999999, -999999, -999999, -999999, -999999, -999999, -999999, -999999, -999999, -999999, -999999, -999999, -999999, -999999, -999999, -999999, -999999, -999999, -999999, -999999, -999999, -999999, -999999, -999999, -999999, -999999, -999999, -999999, -999999, -999999, -999999, -999999, -999999, -999999, -999999, -999999, -999999, -999999, -999999, -999999, -999999, -999999, -999999, -999999, -999999, -999999
JDAY, days
INDEX, none
FLIGHT, none
LOCAL_SUN_TIME, hour
LATITUDE, degs
LONGITUDE, degs
ALTP, km
PRESSURE, hPa
TEMPERATURE, K
THETA, K
O3COLUMN, DU
SZA, deg
GPS_ALT, km
GRD_SPD, m/s
TAS, m/s
IAS, m/s
MachNumber, mach
VerticalSpeed, ft min-1
HDG, degs
TRK, degs
PITCH, degs
ROLL, degs
PotentialTemp, K
Dewpoint, K
TotalAirTemp, K
CabinPressure, hPa
SolarZenithAngle, degs
AircraftSunElevation, degs
SunAzimuth, degs
AircraftSunAzimuth, degs
H2O_MixingRatio, g kg-1
H2O_VaporPressure, hPa
H2O_SatVaporPressureWater, hPa
H2O_SatVaporPressureIce, hPa
H2O_RelativeHumidity, %
DifferentialPressure, hPa
U_WINDS, m s-1
V_WINDS, m s-1
Ground_Elevation, km
Altitude_AGL, km
O3_MixingRatio, ppbv
CO2_MixingRatio_PICARRO, ppmv
CH4_MixingRatio_PICARRO, ppmv
CO_MixingRatio_PICARRO, ppmv
CO2_MoleFraction_PFP, ppm
CH4_MoleFraction_PFP, ppb
CO_MoleFraction_PFP, ppb
N2O_MoleFraction_PFP, ppb
SF6_MoleFraction_PFP, ppt
H2_MoleFraction_PFP, ppb
CH4C13_PFP, per mil
CO2C14_PFP, per mil
F11B_MoleFraction_PFP, ppt
FC12_MoleFraction_PFP, ppt
F13_MoleFraction_PFP, ppt
F113_MoleFraction_PFP, ppt
F115_MoleFraction_PFP, ppt
HF133a_MoleFraction_PFP, ppt
F23_MoleFraction_PFP, ppt
F32_MoleFraction_PFP, ppt
F134A_MoleFraction_PFP, ppt
F152A_MoleFraction_PFP, ppt
F125_MoleFraction_PFP, ppt
F143a_MoleFraction_PFP, ppt
F227e_MoleFraction_PFP, ppt
F365m_MoleFraction_PFP, ppt
H1211_MoleFraction_PFP, ppt
H1301_MoleFraction_PFP, ppt
H2402_MoleFraction_PFP, ppt
MCFA_MoleFraction_PFP, ppt
CF4_MoleFraction_PFP, ppt
C2F6_MoleFraction_PFP, ppt
SO2F2_MoleFraction_PFP, ppt
MEBR_MoleFraction_PFP, ppt
CH3I_MoleFraction_PFP, ppt
DIBR_MoleFraction_PFP, ppt
OCS_MoleFraction_PFP, ppt
MECL_MoleFraction_PFP, ppt
DICL_MoleFraction_PFP, ppt
CLHF_MoleFraction_PFP, ppt
PCE_MoleFraction_PFP, ppt
C2H2_MoleFraction_PFP, ppt
C2H6_MoleFraction_PFP, ppt
C3H8_MoleFraction_PFP, ppt
nC4H10_MoleFraction_PFP, ppt
[...]
[from data line 1684]
76432,   25,          201685.00,         2.0000000,  16.09436722,   36.6914366,   282.938425,   0.4768352219,   957.24,   287.5199939,   291.1324857,   258,   80.29132998,   0.34262,   103.9786128,   100.7376408,    -999999,  0.29636,    -999999,  54.34,   53.02,   -0.06,   -0.76,   291.1319939,   273.5899939,   292.5699939,   966.12,    -999999,   -999999,   -999999,   -999999,  4.144108,   6.33564,   16.43806,   18.8704,   38.544,   60.156,   2.026,   4.49,   0.01104,   0.33158,   44.4,   413.11,   1.962658333,   0.1558,   413.24,   1964.16,   152.23,   330.74,   9.35,   506.21,    -999999,   -999999,  234.94,   517.35,   3.4,   71.25,   8.58,   0.55,   30.64,   18.85,   120.03,   28.63,   27.02,   23.08,   1.45,   1.2,   6.32,   3.37,   0.42,   2.69,   84.25,   4.7,   2.51,   8.12,   0.47,   1.15,   483.85,   563.18,   76.53,   16.1,   6.82,   454.46,   3205.92,   1670.39,   489.14,   224.98,   105.89,   138.85,   105.38,   86.21,   0.27,   0.16,   2.01,   0.63,   37.09,   267.19,      -999999  
76437,   25,          201686.00,         2.0000000,  16.09606686,   36.6942514,   282.9430862,   0.4705685338,   957.96,   287.6999939,   291.252173,   258,   80.31007077,   0.33694,   104.3387208,   99.92585449,    -999999,  0.29386,    -999999,  54.64,   53.26,   0.06,   -0.22,   291.2519939,   273.1699939,   292.6699939,   966.6,    -999999,   -999999,   -999999,   -999999,  4.016022,   6.14568,   16.63042,   19.12374,   36.956,   59.174,   2.84,   5.242,   0.01886,   0.31808,   44.92,   412.995,   1.960381818,   0.1555238095,   413.24,   1964.16,   152.23,   330.74,   9.35,   506.21,    -999999,   -999999,  234.94,   517.35,   3.4,   71.25,   8.58,   0.55,   30.64,   18.85,   120.03,   28.63,   27.02,   23.08,   1.45,   1.2,   6.32,   3.37,   0.42,   2.69,   84.25,   4.7,   2.51,   8.12,   0.47,   1.15,   483.85,   563.18,   76.53,   16.1,   6.82,   454.46,   3205.92,   1670.39,   489.14,   224.98,   105.89,   138.85,   105.38,   86.21,   0.27,   0.16,   2.01,   0.63,   37.09,   267.19,      -999999  
76442,   25,          201687.00,         2.0000000,  16.09776877,   36.697055,   282.9477816,   0.4655149498,   958.54,   287.7999939,   291.303027,   258,   80.32883053,   0.33146,   104.7091176,   99.92585449,    -999999,  0.29384,    -999999,  55.06,   53.58,   -0.26,   -0.64,   291.3059939,   273.0299939,   292.7699939,   967.04,    -999999,   -999999,   -999999,   -999999,  3.97293,   6.08386,   16.73838,   19.26618,   36.35,   59.19,   3.176,   5.378,   0.01088,   0.32058,   45.24,   412.84,   1.95805,   0.1476571429,   413.24,   1964.16,   152.23,   330.74,   9.35,   506.21,    -999999,   -999999,  234.94,   517.35,   3.4,   71.25,   8.58,   0.55,   30.64,   18.85,   120.03,   28.63,   27.02,   23.08,   1.45,   1.2,   6.32,   3.37,   0.42,   2.69,   84.25,   4.7,   2.51,   8.12,   0.47,   1.15,   483.85,   563.18,   76.53,   16.1,   6.82,   454.46,   3205.92,   1670.39,   489.14,   224.98,   105.89,   138.85,   105.38,   86.21,   0.27,   0.16,   2.01,   0.63,   37.09,   267.19,      -999999  
76447,   25,          201688.00,         2.0000000,  16.09947296,   36.699856,   282.952511,   0.4616988537,   958.98,   287.7939939,   291.2587611,   258,   80.34761378,   0.32836,   105.048648,   100.0019916,    -999999,  0.29406,    -999999,  55.12,   53.7,   0.44,   -1.12,   291.2579939,   272.8699939,   292.7699939,   967.76,    -999999,   -999999,   -999999,   -999999,  3.924582,   6.01304,   16.73176,   19.25744,   35.938,   59.312,   3.472,   5.64,   0.01552,   0.31284,    -999999,  413.01,   1.9599,   0.157215,    -999999,   -999999,   -999999,   -999999,   -999999,   -999999,   -999999,   -999999,   -999999,   -999999,   -999999,   -999999,   -999999,   -999999,   -999999,   -999999,   -999999,   -999999,   -999999,   -999999,   -999999,   -999999,   -999999,   -999999,   -999999,   -999999,   -999999,   -999999,   -999999,   -999999,   -999999,   -999999,   -999999,   -999999,   -999999,   -999999,   -999999,   -999999,   -999999,   -999999,   -999999,   -999999,   -999999,   -999999,   -999999,   -999999,   -999999,   -999999,   -999999,   -999999,   -999999,   -999999,     -999999  
76452,   25,          201689.00,         2.0000000,  16.10117751,   36.7026556,   282.957246,   0.4627290777,   958.86,   287.7339939,   291.2084506,   258,   80.36640196,   0.32954,   104.894316,   100.7870271,    -999999,  0.2964,    -999999,  55.1,   53.78,   0.16,   -1,   291.2079939,   272.9299939,   292.7899939,   967.68,    -999999,   -999999,   -999999,   -999999,  3.942362,   6.03936,   16.66714,   19.1722,   36.234,   60.276,   2.832,   5.108,   0.01044,   0.3191,    -999999,  413.04,   1.96035,   0.15034,    -999999,   -999999,   -999999,   -999999,   -999999,   -999999,   -999999,   -999999,   -999999,   -999999,   -999999,   -999999,   -999999,   -999999,   -999999,   -999999,   -999999,   -999999,   -999999,   -999999,   -999999,   -999999,   -999999,   -999999,   -999999,   -999999,   -999999,   -999999,   -999999,   -999999,   -999999,   -999999,   -999999,   -999999,   -999999,   -999999,   -999999,   -999999,   -999999,   -999999,   -999999,   -999999,   -999999,   -999999,   -999999,   -999999,   -999999,   -999999,   -999999,   -999999,   -999999,   -999999,     -999999  
76457,   25,          201690.00,         2.0000000,  16.10288165,   36.7054514,   282.9619748,   0.4669170298,   958.38,   287.6659939,   291.1812837,   258,   80.3851858,   0.3368,   104.6268072,   101.4681456,    -999999,  0.29842,    -999999,  54.86,   53.58,   3.36,   -2,   291.1819939,   273.4499939,   292.7899939,   967.96,    -999999,   -999999,   -999999,   -999999,  4.097548,   6.27236,   16.5939,   19.07562,   37.798,   61.092,   2.264,   4.452,   0.0117,   0.3251,   44.3,   413.335,   1.9631,   0.15638,    -999999,   -999999,   -999999,   -999999,   -999999,   -999999,   -999999,   -999999,   -999999,   -999999,   -999999,   -999999,   -999999,   -999999,   -999999,   -999999,   -999999,   -999999,   -999999,   -999999,   -999999,   -999999,   -999999,   -999999,   -999999,   -999999,   -999999,   -999999,   -999999,   -999999,   -999999,   -999999,   -999999,   -999999,   -999999,   -999999,   -999999,   -999999,   -999999,   -999999,   -999999,   -999999,   -999999,   -999999,   -999999,   -999999,   -999999,   -999999,   -999999,   -999999,   -999999,   -999999,     -999999  
76462,   25,          201691.00,         2.0000000,  16.10458082,   36.708246,   282.966629,   0.5042428382,   954.1,   287.4999939,   291.385647,   258,   80.40392046,   0.37762,   102.6410688,   99.70773193,    -999999,  0.29334,    -999999,  54.16,   52.88,   6.16,   -3.44,   291.3859939,   273.5299939,   292.4499939,   965.72,    -999999,   -999999,   -999999,   -999999,  4.139716,   6.3083,   16.41652,   18.842,   38.428,   58.722,   2.346,   4.794,   0.01168,   0.36594,   43.5,   413.365,   1.96295,   0.1545,    -999999,   -999999,   -999999,   -999999,   -999999,   -999999,   -999999,   -999999,   -999999,   -999999,   -999999,   -999999,   -999999,   -999999,   -999999,   -999999,   -999999,   -999999,   -999999,   -999999,   -999999,   -999999,   -999999,   -999999,   -999999,   -999999,   -999999,   -999999,   -999999,   -999999,   -999999,   -999999,   -999999,   -999999,   -999999,   -999999,   -999999,   -999999,   -999999,   -999999,   -999999,   -999999,   -999999,   -999999,   -999999,   -999999,   -999999,   -999999,   -999999,   -999999,   -999999,   -999999,     -999999  
76467,   25,          201692.00,         2.0000000,  16.10626838,   36.7110524,   282.971109,   0.5557418469,   948.22,   287.2939939,   291.6916142,   258,   80.42254553,   0.4302,   100.3878216,   96.91123609,    -999999,  0.28524,    -999999,  52.38,   51.22,   6.36,   -5.7,   291.6939939,   273.1699939,   291.9699939,   960.52,    -999999,   -999999,   -999999,   -999999,  4.057468,   6.14566,   16.1987,   18.55568,   37.94,   55.104,   2.654,   4.944,   0.01916,   0.41104,   43.96,   413.31,   1.96205,   0.1567157895,    -999999,   -999999,   -999999,   -999999,   -999999,   -999999,   -999999,   -999999,   -999999,   -999999,   -999999,   -999999,   -999999,   -999999,   -999999,   -999999,   -999999,   -999999,   -999999,   -999999,   -999999,   -999999,   -999999,   -999999,   -999999,   -999999,   -999999,   -999999,   -999999,   -999999,   -999999,   -999999,   -999999,   -999999,   -999999,   -999999,   -999999,   -999999,   -999999,   -999999,   -999999,   -999999,   -999999,   -999999,   -999999,   -999999,   -999999,   -999999,   -999999,   -999999,   -999999,   -999999,     -999999  
76472,   25,          201693.00,         2.0000000,  16.10794312,   36.7139264,   282.9753968,   0.6014862314,   943.02,   286.9639939,   291.8146898,   258,   80.44107873,   0.47248,   99.62645041,   94.49748361,    -999999,  0.27826,    -999999,  50.6,   49.52,   2.54,   -1.02,   291.8159939,   273.0699939,   291.4099939,   955.08,    -999999,   -999999,   -999999,   -999999,  4.050074,   6.10084,   15.85506,   18.1052,   38.476,   52.114,   3.326,   5.468,   0.01822,   0.45426,   43.72,   413.3,   1.9624,   0.1598,    -999999,   -999999,   -999999,   -999999,   -999999,   -999999,   -999999,   -999999,   -999999,   -999999,   -999999,   -999999,   -999999,   -999999,   -999999,   -999999,   -999999,   -999999,   -999999,   -999999,   -999999,   -999999,   -999999,   -999999,   -999999,   -999999,   -999999,   -999999,   -999999,   -999999,   -999999,   -999999,   -999999,   -999999,   -999999,   -999999,   -999999,   -999999,   -999999,   -999999,   -999999,   -999999,   -999999,   -999999,   -999999,   -999999,   -999999,   -999999,   -999999,   -999999,   -999999,   -999999,     -999999  
76477,   25,          201694.00,         2.0000000,  16.1096208,   36.7168354,   282.9797286,   0.6074785995,   942.34,   286.7599939,   291.6673478,   258,   80.45966223,   0.47624,   102.1369176,   96.64372729,    -999999,  0.2847,    -999999,  52.8,   51.34,   1.32,   4.92,   291.6719939,   272.8899939,   291.4099939,   952.88,    -999999,   -999999,   -999999,   -999999,  4.000002,   6.02154,   15.64598,   17.83182,   38.486,   54.562,   3.76,   4.776666667,   0.02612,   0.45012,   46.42,   413.2316667,   1.960844444,   0.1497,    -999999,   -999999,   -999999,   -999999,   -999999,   -999999,   -999999,   -999999,   -999999,   -999999,   -999999,   -999999,   -999999,   -999999,   -999999,   -999999,   -999999,   -999999,   -999999,   -999999,   -999999,   -999999,   -999999,   -999999,   -999999,   -999999,   -999999,   -999999,   -999999,   -999999,   -999999,   -999999,   -999999,   -999999,   -999999,   -999999,   -999999,   -999999,   -999999,   -999999,   -999999,   -999999,   -999999,   -999999,   -999999,   -999999,   -999999,   -999999,   -999999,   -999999,   -999999,   -999999,     -999999  
76482,   25,          201695.00,         2.0000000,  16.11131572,   36.7196388,   282.9843192,   0.6152570956,   941.46,   286.6079939,   291.5905727,   258,   80.47836597,   0.48582,   103.5361944,   98.23849129,    -999999,  0.28948,    -999999,  55.94,   54.12,   2.44,   3.52,   291.5899939,   272.8299939,   291.4099939,   952.14,    -999999,   -999999,   -999999,   -999999,  3.986224,   5.99534,   15.49182,   17.63066,   38.702,   56.386,   3.335,   5.7425,   0.0239,   0.46192,   46.86,   413.214,   1.960827273,   0.15115,    -999999,   -999999,   -999999,   -999999,   -999999,   -999999,   -999999,   -999999,   -999999,   -999999,   -999999,   -999999,   -999999,   -999999,   -999999,   -999999,   -999999,   -999999,   -999999,   -999999,   -999999,   -999999,   -999999,   -999999,   -999999,   -999999,   -999999,   -999999,   -999999,   -999999,   -999999,   -999999,   -999999,   -999999,   -999999,   -999999,   -999999,   -999999,   -999999,   -999999,   -999999,   -999999,   -999999,   -999999,   -999999,   -999999,   -999999,   -999999,   -999999,   -999999,   -999999,   -999999,     -999999  
76487,   25,          201696.00,         2.0000000,  16.11302209,   36.7223264,   282.9890814,   0.6325819278,   939.5,   286.4699939,   291.6237666,   258,   80.49712561,   0.50324,   104.2564104,   99.01015129,    -999999,  0.29182,    -999999,  57.12,   55.52,   2.8,   0.58,   291.6259939,   272.5699939,   291.3499939,   950.48,    -999999,   -999999,   -999999,   -999999,  3.918962,   5.88252,   15.3528,   17.44952,   38.316,   57.204,   3.512,   5.82,   0.02164,   0.4816,   47.02,   413.134,   1.960045455,   0.15295,    -999999,   -999999,   -999999,   -999999,   -999999,   -999999,   -999999,   -999999,   -999999,   -999999,   -999999,   -999999,   -999999,   -999999,   -999999,   -999999,   -999999,   -999999,   -999999,   -999999,   -999999,   -999999,   -999999,   -999999,   -999999,   -999999,   -999999,   -999999,   -999999,   -999999,   -999999,   -999999,   -999999,   -999999,   -999999,   -999999,   -999999,   -999999,   -999999,   -999999,   -999999,   -999999,   -999999,   -999999,   -999999,   -999999,   -999999,   -999999,   -999999,   -999999,   -999999,   -999999,     -999999  
76492,   25,          201697.00,         2.0000000,  16.11473293,   36.7249648,   282.9939106,   0.6554297361,   936.92,   286.2799939,   291.6594126,   258,   80.51590619,   0.5276,   104.2049664,   99.13464577,    -999999,  0.29226,    -999999,  57.74,   56.1,   3.9,   0.06,   291.6599939,   272.3899939,   291.1699939,   948.08,    -999999,   -999999,   -999999,   -999999,  3.878172,   5.80572,   15.16344,   17.20318,   38.288,   57.234,   3.668,   5.758,   0.03126,   0.49634,   45.46,   413.115,   1.959425,   0.15175,    -999999,   -999999,   -999999,   -999999,   -999999,   -999999,   -999999,   -999999,   -999999,   -999999,   -999999,   -999999,   -999999,   -999999,   -999999,   -999999,   -999999,   -999999,   -999999,   -999999,   -999999,   -999999,   -999999,   -999999,   -999999,   -999999,   -999999,   -999999,   -999999,   -999999,   -999999,   -999999,   -999999,   -999999,   -999999,   -999999,   -999999,   -999999,   -999999,   -999999,   -999999,   -999999,   -999999,   -999999,   -999999,   -999999,   -999999,   -999999,   -999999,   -999999,   -999999,   -999999,     -999999  
76497,   25,          201698.00,         2.0000000,  16.11644503,   36.7275676,   282.9987588,   0.6825874164,   933.86,   286.0799939,   291.7281984,   258,   80.53468255,   0.55538,   104.019768,   99.32395969,    -999999,  0.29296,    -999999,  58.08,   56.44,   3.88,   -0.4,   291.7279939,   272.1899939,   290.9899939,   945.22,    -999999,   -999999,   -999999,   -999999,  3.83406,   5.7213,   14.96648,   16.94758,   38.23,   57.312,   3.356,   5.598,   0.023,   0.53238,   45.1,   413.24,   1.9596,   0.1554727273,    -999999,   -999999,   -999999,   -999999,   -999999,   -999999,   -999999,   -999999,   -999999,   -999999,   -999999,   -999999,   -999999,   -999999,   -999999,   -999999,   -999999,   -999999,   -999999,   -999999,   -999999,   -999999,   -999999,   -999999,   -999999,   -999999,   -999999,   -999999,   -999999,   -999999,   -999999,   -999999,   -999999,   -999999,   -999999,   -999999,   -999999,   -999999,   -999999,   -999999,   -999999,   -999999,   -999999,   -999999,   -999999,   -999999,   -999999,   -999999,   -999999,   -999999,   -999999,   -999999,     -999999  
