inputs/ACTAMERICA_Merge/B200/ACTAMERICA-mrg05-b200_merge_20170210_R0_L1.ict
136, 1001
Shook, Michael
NASA Atmospheric Composition Branch, NASA Langley Research Center (SSAI)
Merged data file for ACT-AMERICA 2017, Flight 09 (20170210), on the b200 platform. Data is merged to 05 seconds.
NASA ACT-AMERICA 2017
1, 1
2017, 02, 10, 2018, 02, 22
05
UTC,s
97
1, 1, 1, 1, 1, 1, 1, 1, 1, 1, 1, 1, 1, 1, 1, 1, 1, 1, 1, 1, 1, 1, 1, 1, 1, 1, 1, 1, 1, 1, 1, 1, 1, 1, 1, 1, 1, 1, 1, 1, 1, 1, 1, 1, 1, 1, 1, 1, 1, 1, 1, 1, 1, 1, 1, 1, 1, 1, 1, 1, 1, 1, 1, 1, 1, 1, 1, 1, 1, 1, 1, 1, 1, 1, 1, 1, 1, 1, 1, 1, 1, 1, 1, 1, 1, 1, 1, 1, 1, 1, 1, 1, 1, 1, 1, 1, 1
-999999, -999999, -999999, -999999, -999999, -999999, -999999, -999999, -999999, -999999, -999999, -999999, -999999, -999999, -999999, -999999, -999999, -999999, -999999, -999999, -999999, -999999, -999999, -999999, -999999, -999999, -999999, -999999, -999999, -999999, -999999, -999999, -999999, -999999, -999999, -999999, -999999, -999999, -999999, -999999, -999999, -999999, -999999, -999999, -999999, -999999, -999999, -999999, -999999, -999999, -999999, -999999, -999999, -999999, -999999, -999999, -999999, -999999, -999999, -999999, -999999, -999999, -999999, -999999, -999999, -999999, -999999, -999999, -999999, -999999, -999999, -999999, -999999, -999999, -999999, -999999, -999999, -999999, -999999, -999999, -999999, -999999, -999999, -999999, -999999, -999999, -999999, -999999, -999999, -999999, -999999, -999999, -999999, -999999, -999999, -999999, -999999
JDAY, days
INDEX, none
FLIGHT, none
LOCAL_SUN_TIME, hour
LATITUDE, degs
LONGITUDE, degs
ALTP, km
PRESSURE, hPa
TEMPERATURE, K
THETA, K
O3COLUMN, DU
SZA, deg
GPS_ALT, km
GRD_SPD, m/s
TAS, m/s
IAS, m/s
MachNumber, mach
VerticalSpeed, ft min-1
HDG, degs
TRK, degs
PITCH, degs
ROLL, degs
PotentialTemp, K
Dewpoint, K
TotalAirTemp, K
CabinPressure, hPa
SolarZenithAngle, degs
AircraftSunElevation, degs
SunAzimuth, degs
AircraftSunAzimuth, degs
H2O_MixingRatio, g kg-1
H2O_VaporPressure, hPa
H2O_SatVaporPressureWater, hPa
H2O_SatVaporPressureIce, hPa
H2O_RelativeHumidity, %
DifferentialPressure, hPa
U_WINDS, m s-1
V_WINDS, m s-1
Ground_Elevation, km
Altitude_AGL, km
O3_MixingRatio, ppbv
CO2_MixingRatio_PICARRO, ppmv
CH4_MixingRatio_PICARRO, ppmv
CO_MixingRatio_PICARRO, ppmv
CO2_MoleFraction_PFP, ppm
CH4_MoleFraction_PFP, ppb
CO_MoleFraction_PFP, ppb
N2O_MoleFraction_PFP, ppb
SF6_MoleFraction_PFP, ppt
H2_MoleFraction_PFP, ppb
CH4C13_PFP, per mil
CO2C14_PFP, per mil
F11B_MoleFraction_PFP, ppt
FC12_MoleFraction_PFP, ppt
F13_MoleFraction_PFP, ppt
F113_MoleFraction_PFP, ppt
F115_MoleFraction_PFP, ppt
HF133a_MoleFraction_PFP, ppt
F23_MoleFraction_PFP, ppt
F32_MoleFraction_PFP, ppt
F134A_MoleFraction_PFP, ppt
F152A_MoleFraction_PFP, ppt
F125_MoleFraction_PFP, ppt
F143a_MoleFraction_PFP, ppt
F227e_MoleFraction_PFP, ppt
F365m_MoleFraction_PFP, ppt
H1211_MoleFraction_PFP, ppt
H1301_MoleFraction_PFP, ppt
H2402_MoleFraction_PFP, ppt
MCFA_MoleFraction_PFP, ppt
CF4_MoleFraction_PFP, ppt
C2F6_MoleFraction_PFP, ppt
SO2F2_MoleFraction_PFP, ppt
MEBR_MoleFraction_PFP, ppt
CH3I_MoleFraction_PFP, ppt
DIBR_MoleFraction_PFP, ppt
OCS_MoleFraction_PFP, ppt
MECL_MoleFraction_PFP, ppt
DICL_MoleFraction_PFP, ppt
CLHF_MoleFraction_PFP, ppt
PCE_MoleFraction_PFP, ppt
C2H2_MoleFraction_PFP, ppt
C2H6_MoleFraction_PFP, ppt
C3H8_MoleFraction_PFP, ppt
nC4H10_MoleFraction_PFP, ppt
[...]
[from data line 2053]
69417,   41,          902054.00,         9.0000000,  13.12933994,   33.2781412,   267.6921824,   0.5490667268,   948.98,   286.5479939,   290.8676054,   280.3999939,   50.30333572,   0.544,   99.63673921,   94.91315113,    -999999,  0.2797,    -999999,  83.6,   81.02,   0.86,   -0.78,   290.8659939,   276.5099939,   291.0299939,   972.74,    -999999,   -999999,   -999999,   -999999,  5.159094,   7.80666,   15.43162,   17.55226,   50.588,   52.998,   5.088,   5.256,   0.02478,   0.51922,   46.74,   411.335,   1.973666667,   0.1509,    -999999,   -999999,   -999999,   -999999,   -999999,   -999999,   -999999,   -999999,   -999999,   -999999,   -999999,   -999999,   -999999,   -999999,   -999999,   -999999,   -999999,   -999999,   -999999,   -999999,   -999999,   -999999,   -999999,   -999999,   -999999,   -999999,   -999999,   -999999,   -999999,   -999999,   -999999,   -999999,   -999999,   -999999,   -999999,   -999999,   -999999,   -999999,   -999999,   -999999,   -999999,   -999999,   -999999,   -999999,   -999999,   -999999,   -999999,   -999999,   -999999,   -999999,   -999999,   -999999,         3.9210000  
69422,   41,          902055.00,         9.0000000,  13.13108025,   33.2788384,   267.6974538,   0.5450189827,   949.44,   286.7219939,   291.0039329,   280.3999939,   50.31199599,   0.54088,   99.16345441,   94.75573249,    -999999,  0.27914,    -999999,  84.5,   81.02,   1.42,   -1.58,   291.0039939,   276.3499939,   291.1899939,   972.96,    -999999,   -999999,   -999999,   -999999,  5.098486,   7.71944,   15.60778,   17.78204,   49.462,   52.808,   4.74,   6.628,   0.0234,   0.51748,   44.98,   411.25,   1.970927273,   0.1500714286,    -999999,   -999999,   -999999,   -999999,   -999999,   -999999,   -999999,   -999999,   -999999,   -999999,   -999999,   -999999,   -999999,   -999999,   -999999,   -999999,   -999999,   -999999,   -999999,   -999999,   -999999,   -999999,   -999999,   -999999,   -999999,   -999999,   -999999,   -999999,   -999999,   -999999,   -999999,   -999999,   -999999,   -999999,   -999999,   -999999,   -999999,   -999999,   -999999,   -999999,   -999999,   -999999,   -999999,   -999999,   -999999,   -999999,   -999999,   -999999,   -999999,   -999999,   -999999,   -999999,         3.9080000  
69427,   41,          902056.00,         9.0000000,  13.13281853,   33.2795494,   267.7026946,   0.5487131588,   949.02,   286.7399939,   291.0589946,   280.3999939,   50.32067045,   0.5442,   98.63872561,   94.75470361,    -999999,  0.27916,    -999999,  84,   80.5,   1.44,   -3.06,   291.0599939,   276.1499939,   291.2099939,   972.76,    -999999,   -999999,   -999999,   -999999,  5.028122,   7.61042,   15.6259,   17.80562,   48.704,   52.782,   4.178,   6.15,   0.02178,   0.52242,   48.82,   411.15,   1.97155,   0.1440909091,    -999999,   -999999,   -999999,   -999999,   -999999,   -999999,   -999999,   -999999,   -999999,   -999999,   -999999,   -999999,   -999999,   -999999,   -999999,   -999999,   -999999,   -999999,   -999999,   -999999,   -999999,   -999999,   -999999,   -999999,   -999999,   -999999,   -999999,   -999999,   -999999,   -999999,   -999999,   -999999,   -999999,   -999999,   -999999,   -999999,   -999999,   -999999,   -999999,   -999999,   -999999,   -999999,   -999999,   -999999,   -999999,   -999999,   -999999,   -999999,   -999999,   -999999,   -999999,   -999999,         3.7266000  
69432,   41,          902057.00,         9.0000000,  13.13455452,   33.2802992,   267.7079012,   0.5550286149,   948.3,   286.8039939,   291.1870948,   280.3999939,   50.32938117,   0.5495,   98.20659601,   96.37518961,    -999999,  0.2839,    -999999,  83.34,   80.24,   0.9,   -1.44,   291.1899939,   276.3499939,   291.4299939,   972.76,    -999999,   -999999,   -999999,   -999999,  5.10448,   7.71916,   15.6913,   17.89106,   49.198,   54.59,   2.232,   5.414,   0.02514,   0.52436,   49.18,   411.235,   1.9733,   0.14825,   411.52,   1974.28,   149.77,   330.49,   9.44,   501.15,   -47.39,    -999999,  233.09,   517.19,   3.39,   71.11,   8.62,   0.54,   30.38,   16.84,   108.06,   16.59,   25.17,   22.21,   1.38,   1.17,   4.56,   3.34,   0.42,   2.56,   84.72,   4.72,   2.5,   7.01,   0.5,   1.38,   484.82,   569.41,   75.23,   16.4,   5.64,   431.41,   3636.68,   1651.66,   540.69,   331.11,   145.67,   207.1,   127.27,   78.14,   0.88,   0.15,   1.24,   0.66,   71.68,   255.88,          3.7366000  
69437,   41,          902058.00,         9.0000000,  13.13629007,   33.2810416,   267.713101,   0.5615269509,   947.56,   286.7379939,   291.1850256,   280.3999939,   50.3380936,   0.55674,   98.48439361,   95.19917977,    -999999,  0.28046,    -999999,  81.94,   80.56,   -0.36,   0.12,   291.1859939,   276.4099939,   291.2499939,   972.32,    -999999,   -999999,   -999999,   -999999,  5.130166,   7.75168,   15.62398,   17.80314,   49.616,   53.206,   3.848,   2.91,   0.02434,   0.5324,   48.64,   411.3,   1.9732,   0.1495727273,   411.52,   1974.28,   149.77,   330.49,   9.44,   501.15,   -47.39,    -999999,  233.09,   517.19,   3.39,   71.11,   8.62,   0.54,   30.38,   16.84,   108.06,   16.59,   25.17,   22.21,   1.38,   1.17,   4.56,   3.34,   0.42,   2.56,   84.72,   4.72,   2.5,   7.01,   0.5,   1.38,   484.82,   569.41,   75.23,   16.4,   5.64,   431.41,   3636.68,   1651.66,   540.69,   331.11,   145.67,   207.1,   127.27,   78.14,   0.88,   0.15,   1.24,   0.66,   71.68,   255.88,          3.7962000  
69442,   41,          902059.00,         9.0000000,  13.13802854,   33.2817542,   267.7183448,   0.5571378309,   948.06,   286.7139939,   291.1167719,   280.3999939,   50.34680258,   0.55208,   99.48240721,   93.98201473,    -999999,  0.27686,    -999999,  83.28,   80.98,   -0.44,   -0.76,   291.1179939,   276.4099939,   291.1099939,   972.58,    -999999,   -999999,   -999999,   -999999,  5.127448,   7.75168,   15.59986,   17.77172,   49.698,   51.858,   5.876,   4.342,   0.02208,   0.53,   45.76,   411.255,   1.9732,   0.1508681818,   411.52,   1974.28,   149.77,   330.49,   9.44,   501.15,   -47.39,    -999999,  233.09,   517.19,   3.39,   71.11,   8.62,   0.54,   30.38,   16.84,   108.06,   16.59,   25.17,   22.21,   1.38,   1.17,   4.56,   3.34,   0.42,   2.56,   84.72,   4.72,   2.5,   7.01,   0.5,   1.38,   484.82,   569.41,   75.23,   16.4,   5.64,   431.41,   3636.68,   1651.66,   540.69,   331.11,   145.67,   207.1,   127.27,   78.14,   0.88,   0.15,   1.24,   0.66,   71.68,   255.88,          3.6580000  
69447,   41,          902060.00,         9.0000000,  13.13977006,   33.2824364,   267.7236342,   0.5466039428,   949.26,   286.6059939,   290.901959,   280.3999939,   50.35550814,   0.54168,   99.76020481,   95.35865617,    -999999,  0.28098,    -999999,  83.2,   81.68,   0.88,   1.48,   290.9019939,   276.3699939,   291.1299939,   972.92,    -999999,   -999999,   -999999,   -999999,  5.106334,   7.72976,   15.49018,   17.62858,   49.904,   53.506,   5.082,   3.308,   0.02252,   0.51916,   45.96,   411.345,   1.97265,   0.1483,   411.52,   1974.28,   149.77,   330.49,   9.44,   501.15,   -47.39,    -999999,  233.09,   517.19,   3.39,   71.11,   8.62,   0.54,   30.38,   16.84,   108.06,   16.59,   25.17,   22.21,   1.38,   1.17,   4.56,   3.34,   0.42,   2.56,   84.72,   4.72,   2.5,   7.01,   0.5,   1.38,   484.82,   569.41,   75.23,   16.4,   5.64,   431.41,   3636.68,   1651.66,   540.69,   331.11,   145.67,   207.1,   127.27,   78.14,   0.88,   0.15,   1.24,   0.66,   71.68,   255.88,          3.6990000  
69452,   41,          902061.00,         9.0000000,  13.14151175,   33.2830332,   267.7289262,   0.5444947267,   949.5,   286.7219939,   290.9986788,   280.3999939,   50.36414593,   0.53996,   99.19432081,   94.97385505,    -999999,  0.27978,    -999999,  85.5,   82.84,   1.34,   0.08,   290.9979939,   276.2299939,   291.2099939,   972.94,    -999999,   -999999,   -999999,   -999999,  5.054332,   7.65364,   15.60804,   17.78242,   49.04,   53.06,   4.828,   5.102,   0.02366,   0.5163,   47.44,   411.29,   1.9717,   0.1452,   411.52,   1974.28,   149.77,   330.49,   9.44,   501.15,   -47.39,    -999999,  233.09,   517.19,   3.39,   71.11,   8.62,   0.54,   30.38,   16.84,   108.06,   16.59,   25.17,   22.21,   1.38,   1.17,   4.56,   3.34,   0.42,   2.56,   84.72,   4.72,   2.5,   7.01,   0.5,   1.38,   484.82,   569.41,   75.23,   16.4,   5.64,   431.41,   3636.68,   1651.66,   540.69,   331.11,   145.67,   207.1,   127.27,   78.14,   0.88,   0.15,   1.24,   0.66,   71.68,   255.88,          3.6218000  
69457,   41,          902062.00,         9.0000000,  13.1432518,   33.2835822,   267.7341936,   0.5445008227,   949.5,   286.8839939,   291.1630952,   280.3999939,   50.37274248,   0.54074,   98.60785921,   93.87192457,    -999999,  0.27646,    -999999,  85.66,   82.84,   1.8,   -1.78,   291.1639939,   275.9699939,   291.2699939,   972.82,    -999999,   -999999,   -999999,   -999999,  4.961278,   7.51384,   15.77304,   17.99788,   47.636,   51.784,   5.334,   5.066,   0.02478,   0.51596,   48.02,   411.255,   1.9711,   0.1415,   411.52,   1974.28,   149.77,   330.49,   9.44,   501.15,   -47.39,    -999999,  233.09,   517.19,   3.39,   71.11,   8.62,   0.54,   30.38,   16.84,   108.06,   16.59,   25.17,   22.21,   1.38,   1.17,   4.56,   3.34,   0.42,   2.56,   84.72,   4.72,   2.5,   7.01,   0.5,   1.38,   484.82,   569.41,   75.23,   16.4,   5.64,   431.41,   3636.68,   1651.66,   540.69,   331.11,   145.67,   207.1,   127.27,   78.14,   0.88,   0.15,   1.24,   0.66,   71.68,   255.88,          3.6310000  
69462,   41,          902063.00,         9.0000000,  13.14498972,   33.2841368,   267.7394292,   0.5494141988,   948.94,   286.8419939,   291.169544,   280.3999939,   50.38134515,   0.54564,   98.18601841,   93.49432561,    -999999,  0.2754,    -999999,  85.46,   82.84,   1.24,   -0.94,   291.1679939,   276.1099939,   291.1899939,   972.62,    -999999,   -999999,   -999999,   -999999,  5.01413,   7.58878,   15.72998,   17.9416,   48.246,   51.336,   5.228,   4.92,   0.02486,   0.52078,   47.02,   411.256,   1.972344444,   0.1478,   411.52,   1974.28,   149.77,   330.49,   9.44,   501.15,   -47.39,    -999999,  233.09,   517.19,   3.39,   71.11,   8.62,   0.54,   30.38,   16.84,   108.06,   16.59,   25.17,   22.21,   1.38,   1.17,   4.56,   3.34,   0.42,   2.56,   84.72,   4.72,   2.5,   7.01,   0.5,   1.38,   484.82,   569.41,   75.23,   16.4,   5.64,   431.41,   3636.68,   1651.66,   540.69,   331.11,   145.67,   207.1,   127.27,   78.14,   0.88,   0.15,   1.24,   0.66,   71.68,   255.88,          3.6386000  
69467,   41,          902064.00,         9.0000000,  13.14672723,   33.2846666,   267.7446584,   0.5541446948,   948.4,   286.7719939,   291.1458342,   280.3999939,   50.38993355,   0.5502,   98.17572961,   94.00670785,    -999999,  0.27692,    -999999,  86.16,   83.5,   0.6,   0.54,   291.1459939,   276.2499939,   291.1699939,   972.54,    -999999,   -999999,   -999999,   -999999,  5.067392,   7.66436,   15.65864,   17.84842,   48.95,   51.894,   4.764,   4.868,   0.02458,   0.52562,   47.16,   411.4,   1.9728,   0.15005,    -999999,   -999999,   -999999,   -999999,   -999999,   -999999,   -999999,   -999999,   -999999,   -999999,   -999999,   -999999,   -999999,   -999999,   -999999,   -999999,   -999999,   -999999,   -999999,   -999999,   -999999,   -999999,   -999999,   -999999,   -999999,   -999999,   -999999,   -999999,   -999999,   -999999,   -999999,   -999999,   -999999,   -999999,   -999999,   -999999,   -999999,   -999999,   -999999,   -999999,   -999999,   -999999,   -999999,   -999999,   -999999,   -999999,   -999999,   -999999,   -999999,   -999999,   -999999,   -999999,         3.5824000  
69472,   41,          902065.00,         9.0000000,  13.14846592,   33.2851344,   267.7499054,   0.5543275749,   948.38,   286.6579939,   291.031849,   280.3999939,   50.39848069,   0.5496,   98.49468241,   93.32456041,    -999999,  0.27496,    -999999,  87.56,   84.32,   0.44,   -0.06,   291.0299939,   276.2099939,   290.9899939,   972.62,    -999999,   -999999,   -999999,   -999999,  5.053072,   7.64274,   15.54264,   17.69698,   49.174,   51.15,   5.772,   5.844,   0.02286,   0.52674,   46.84,   411.33,   1.972925,   0.14095,    -999999,   -999999,   -999999,   -999999,   -999999,   -999999,   -999999,   -999999,   -999999,   -999999,   -999999,   -999999,   -999999,   -999999,   -999999,   -999999,   -999999,   -999999,   -999999,   -999999,   -999999,   -999999,   -999999,   -999999,   -999999,   -999999,   -999999,   -999999,   -999999,   -999999,   -999999,   -999999,   -999999,   -999999,   -999999,   -999999,   -999999,   -999999,   -999999,   -999999,   -999999,   -999999,   -999999,   -999999,   -999999,   -999999,   -999999,   -999999,   -999999,   -999999,   -999999,   -999999,         3.6064000  
69477,   41,          902066.00,         9.0000000,  13.15020626,   33.2855714,   267.7551772,   0.5501152388,   948.86,   286.7699939,   291.1034697,   280.3999939,   50.40701776,   0.5454,   98.85479041,   93.37291777,    -999999,  0.27506,    -999999,  87.66,   84.26,   0.86,   -1.38,   291.1039939,   276.0899939,   291.1099939,   972.8,    -999999,   -999999,   -999999,   -999999,  5.007524,   7.57824,   15.65666,   17.84586,   48.406,   51.208,   6.084,   6.066,   0.02346,   0.52194,   48.78,   411.405,   1.97025,   0.14455,    -999999,   -999999,   -999999,   -999999,   -999999,   -999999,   -999999,   -999999,   -999999,   -999999,   -999999,   -999999,   -999999,   -999999,   -999999,   -999999,   -999999,   -999999,   -999999,   -999999,   -999999,   -999999,   -999999,   -999999,   -999999,   -999999,   -999999,   -999999,   -999999,   -999999,   -999999,   -999999,   -999999,   -999999,   -999999,   -999999,   -999999,   -999999,   -999999,   -999999,   -999999,   -999999,   -999999,   -999999,   -999999,   -999999,   -999999,   -999999,   -999999,   -999999,   -999999,   -999999,         3.6142000  
