inputs/ACTAMERICA_Merge/B200/ACTAMERICA-mrg05-b200_merge_20180426_R0.ict
141, 1001
Shook, Michael
NASA Chemistry and Dynamics Branch, NASA Langley Research Center
Merged data file for ACT-AMERICA 2018, Flight 12 (20180426), on the b200 platform. Data is merged to 05 seconds.
NASA ACT-AMERICA 2018
1, 1
2018, 04, 26, 2018, 10, 15
05
UTC,s
102
1, 1, 1, 1, 1, 1, 1, 1, 1, 1, 1, 1, 1, 1, 1, 1, 1, 1, 1, 1, 1, 1, 1, 1, 1, 1, 1, 1, 1, 1, 1, 1, 1, 1, 1, 1, 1, 1, 1, 1, 1, 1, 1, 1, 1, 1, 1, 1, 1, 1, 1, 1, 1, 1, 1, 1, 1, 1, 1, 1, 1, 1, 1, 1, 1, 1, 1, 1, 1, 1, 1, 1, 1, 1, 1, 1, 1, 1, 1, 1, 1, 1, 1, 1, 1, 1, 1, 1, 1, 1, 1, 1, 1, 1, 1, 1, 1, 1, 1, 1, 1, 1
-999999, -999999, -999999, -999999, -999999, -999999, -999999, -999999, -999999, -999999, -999999, -999999, -999999, -999999, -999999, -999999, -999999, -999999, -999999, -999999, -999999, -999999, -999999, -999999, -999999, -999999, -999999, -999999, -999999, -999999, -999999, -999999, -999999, -999999, -999999, -999999, -999999, -999999, -999999, -999999, -999999, -999999, -999999, -999999, -999999, -999999, -999999, -999999, -999999, -999999, -999999, -999999, -999999, -999999, -999999, -999999, -999999, -999999, -999999, -999999, -999999, -999999, -999999, -999999, -999999, -999999, -999999, -999999, -999999, -999999, -999999, -999999, -999999, -999999, -999999, -999999, -999999, -999999, -999999, -999999, -999999, -999999, -999999, -999999, -999999, -999999, -999999, -999999, -999999, -999999, -999999, -999999, -999999, -999999, -999999, -999999, -999999, -999999, -999999, -999999, -999999, -999999
JDAY, days
INDEX, none
FLIGHT, none
LOCAL_SUN_TIME, hour
LATITUDE, degs
LONGITUDE, degs
ALTP, km
PRESSURE, hPa
TEMPERATURE, K
THETA, K, calculated from ambient temperature and pressure
O3COLUMN, DU, OMI ozone column data extracted along flight track
SZA, deg
WNS, m/s
WND, Degs
GPS_ALT, km
GRD_SPD, m/s
TAS, m/s
IAS, m/s
MachNumber, mach
VerticalSpeed, ft min-1
HDG, degs
TRK, degs
DifferentialPressure, hPa
DriftAngle, degs
PITCH, degs
ROLL, degs
PotentialTemp_Nav, K
Dewpoint, K
TotalAirTemp, K
StaticPressure, hPa
CabinPressure, hPa
SolarZenithAngle, degs
AircraftSunElevation, degs
SunAzimuth, degs
AircraftSunAzimuth, degs
H2O_MixingRatio_Nav, g kg-1
H2O_VaporPressure_Nav, hPa
H2O_SatVaporPressureWater_Nav, hPa
H2O_SatVaporPressureIce_Nav, hPa
H2O_RelativeHumidity_Nav, %
ManeuverFlag, none
U_WINDS, m s-1
V_WINDS, m s-1
GroundElevation-AMSL_GoogleMaps, km
Altitude-AGL_GoogleMaps, km
O3_MixingRatio, ppbv
CO2_DryMoleFrac_PICARRO, ppm
CH4_DryMoleFrac_PICARRO, ppm
CO_DryMoleFrac_PICARRO, ppm
CO2_MoleFraction_PFP, ppm
CH4_MoleFraction_PFP, ppb
CO_MoleFraction_PFP, ppb
N2O_MoleFraction_PFP, ppb
SF6_CCGG_MoleFraction_PFP, ppt
H2_MoleFraction_PFP, ppb
CH4C13_MoleFraction_PFP, permil
CO2C14_MoleFraction_PFP, permil
F11B_MoleFraction_PFP, ppt
FC12_MoleFraction_PFP, ppt
F13_MoleFraction_PFP, ppt
F113_MoleFraction_PFP, ppt
F115_MoleFraction_PFP, ppt
HF133a_MoleFraction_PFP, ppt
F23_MoleFraction_PFP, ppt
F32_MoleFraction_PFP, ppt
F134A_MoleFraction_PFP, ppt
F152A_MoleFraction_PFP, ppt
F125_MoleFraction_PFP, ppt
F143a_MoleFraction_PFP, ppt
F227e_MoleFraction_PFP, ppt
F365m_MoleFraction_PFP, ppt
H1211_MoleFraction_PFP, ppt
H1301_MoleFraction_PFP, ppt
H2402_MoleFraction_PFP, ppt
MCFA_MoleFraction_PFP, ppt
CF4_MoleFraction_PFP, ppt
C2F6_MoleFraction_PFP, ppt
SO2F2_MoleFraction_PFP, ppt
MEBR_MoleFraction_PFP, ppt
[...]
[from data line 1558]
71147,   116,          1201559.0,         12.000000,  13.27855932,   42.0737166,   262.7221398,   0.9143573393,   908.08,   283.4099939,   291.3263053,   378,   33.11889111,   17.27009816,   357.7270742,   0.93732,   81.51816241,   98.26112665,    -999999,  0.29118,    -999999,  344.814,   342.1,   55.04,    -999999,  -4.428,   0.324,   291.3239939,   268.4439939,   288.2199939,   908.08,   943.134,    -999999,   -999999,   -999999,   -999999,  2.97996,   4.32992,   12.54214,   13.84532,   34.524,    -999999,   -999999,   -999999,  0.5474,   0.38992,   53.96,   415.005,   1.93445,   0.1298526316,    -999999,   -999999,   -999999,   -999999,   -999999,   -999999,   -999999,   -999999,   -999999,   -999999,   -999999,   -999999,   -999999,   -999999,   -999999,   -999999,   -999999,   -999999,   -999999,   -999999,   -999999,   -999999,   -999999,   -999999,   -999999,   -999999,   -999999,   -999999,   -999999,   -999999,   -999999,   -999999,   -999999,   -999999,   -999999,   -999999,   -999999,   -999999,   -999999,   -999999,   -999999,   -999999,   -999999,   -999999,   -999999,   -999999,   -999999,   -999999,   -999999,   -999999,   -999999,   -999999,         1.6830000  
71152,   116,          1201560.0,         12.000000,  13.27984681,   42.0772282,   262.7206188,   0.893740667,   910.35,   283.5319939,   291.2438855,   378,   33.1301251,   15.62326178,   358.3468197,   0.92332,   82.38242161,   97.47814897,    -999999,  0.28876,    -999999,  344.636,   342.06,   54.26,    -999999,  -4.13,   0.124,   291.2439939,   268.4899939,   288.2659939,   910.35,   943.454,    -999999,   -999999,   -999999,   -999999,  2.982874,   4.34496,   12.64492,   13.9751,   34.362,    -999999,   -999999,   -999999,  0.53798,   0.38534,   52,   415.02,   1.9342,   0.1342,    -999999,   -999999,   -999999,   -999999,   -999999,   -999999,   -999999,   -999999,   -999999,   -999999,   -999999,   -999999,   -999999,   -999999,   -999999,   -999999,   -999999,   -999999,   -999999,   -999999,   -999999,   -999999,   -999999,   -999999,   -999999,   -999999,   -999999,   -999999,   -999999,   -999999,   -999999,   -999999,   -999999,   -999999,   -999999,   -999999,   -999999,   -999999,   -999999,   -999999,   -999999,   -999999,   -999999,   -999999,   -999999,   -999999,   -999999,   -999999,   -999999,   -999999,   -999999,   -999999,         1.6170000  
71157,   116,          1201561.0,         12.000000,  13.28113344,   42.0807634,   262.719085,   0.889491755,   910.818,   283.6039939,   291.2750686,   378,   33.14137679,   14.2264226,   356.4606565,   0.9153,   82.55733121,   96.40296937,    -999999,  0.28556,    -999999,  344.146,   342.04,   53.06,    -999999,  -3.846,   0.036,   291.2739939,   268.3279939,   288.2339939,   910.818,   943.398,    -999999,   -999999,   -999999,   -999999,  2.944892,   4.29214,   12.70582,   14.05206,   33.784,    -999999,   -999999,   -999999,  0.54516,   0.37014,   53.78,   414.986,   1.9344,   0.132335,    -999999,   -999999,   -999999,   -999999,   -999999,   -999999,   -999999,   -999999,   -999999,   -999999,   -999999,   -999999,   -999999,   -999999,   -999999,   -999999,   -999999,   -999999,   -999999,   -999999,   -999999,   -999999,   -999999,   -999999,   -999999,   -999999,   -999999,   -999999,   -999999,   -999999,   -999999,   -999999,   -999999,   -999999,   -999999,   -999999,   -999999,   -999999,   -999999,   -999999,   -999999,   -999999,   -999999,   -999999,   -999999,   -999999,   -999999,   -999999,   -999999,   -999999,   -999999,   -999999,         1.6176000  
71162,   116,          1201562.0,         12.000000,  13.28242049,   42.0842858,   262.7175574,   0.889656347,   910.8,   283.5719939,   291.2438475,   378,   33.15262494,   15.73741488,   354.8590018,   0.91508,   81.71364961,   97.12627201,    -999999,  0.28774,    -999999,  344.15,   342.1,   53.88,    -999999,  -4.032,   -0.054,   291.2459939,   268.4019939,   288.2739939,   910.8,   943.514,    -999999,   -999999,   -999999,   -999999,  2.961528,   4.31618,   12.67876,   14.01782,   34.042,    -999999,   -999999,   -999999,  0.54188,   0.3732,   53.14,   414.99,   1.93435,   0.1359470588,    -999999,   -999999,   -999999,   -999999,   -999999,   -999999,   -999999,   -999999,   -999999,   -999999,   -999999,   -999999,   -999999,   -999999,   -999999,   -999999,   -999999,   -999999,   -999999,   -999999,   -999999,   -999999,   -999999,   -999999,   -999999,   -999999,   -999999,   -999999,   -999999,   -999999,   -999999,   -999999,   -999999,   -999999,   -999999,   -999999,   -999999,   -999999,   -999999,   -999999,   -999999,   -999999,   -999999,   -999999,   -999999,   -999999,   -999999,   -999999,   -999999,   -999999,   -999999,   -999999,         1.6610000  
71167,   116,          1201563.0,         12.000000,  13.28370985,   42.0877608,   262.7160644,   0.891143771,   910.636,   283.7379939,   291.4293324,   378,   33.16385387,   14.9385074,   346.2603344,   0.91946,   80.42754961,   95.34116521,    -999999,  0.28234,    -999999,  343.072,   342.48,   51.84,    -999999,  -3.746,   0.686,   291.4319939,   268.1239939,   288.2679939,   910.636,   943.488,    -999999,   -999999,   -999999,   -999999,  2.900344,   4.22668,   12.81998,   14.19648,   32.97,    -999999,   -999999,   -999999,  0.52446,   0.395,   51.12,   414.96,   1.93385,   0.13495,    -999999,   -999999,   -999999,   -999999,   -999999,   -999999,   -999999,   -999999,   -999999,   -999999,   -999999,   -999999,   -999999,   -999999,   -999999,   -999999,   -999999,   -999999,   -999999,   -999999,   -999999,   -999999,   -999999,   -999999,   -999999,   -999999,   -999999,   -999999,   -999999,   -999999,   -999999,   -999999,   -999999,   -999999,   -999999,   -999999,   -999999,   -999999,   -999999,   -999999,   -999999,   -999999,   -999999,   -999999,   -999999,   -999999,   -999999,   -999999,   -999999,   -999999,   -999999,   -999999,         1.6228000  
71172,   116,          1201564.0,         12.000000,  13.28500335,   42.0911934,   262.7146336,   0.9057924592,   909.022,   283.8059939,   291.6469583,   378,   33.17507971,   13.97110812,   347.2463361,   0.93568,   79.38838081,   93.32867593,    -999999,  0.27636,    -999999,  343.62,   342.98,   49.54,    -999999,  -3.03,   0.088,   291.6479939,   268.0559939,   288.1459939,   909.022,   943.552,    -999999,   -999999,   -999999,   -999999,  2.890308,   4.20466,   12.87822,   14.27024,   32.65,    -999999,   -999999,   -999999,  0.53394,   0.40174,   52.72,   414.98,   1.9335,   0.13015,    -999999,   -999999,   -999999,   -999999,   -999999,   -999999,   -999999,   -999999,   -999999,   -999999,   -999999,   -999999,   -999999,   -999999,   -999999,   -999999,   -999999,   -999999,   -999999,   -999999,   -999999,   -999999,   -999999,   -999999,   -999999,   -999999,   -999999,   -999999,   -999999,   -999999,   -999999,   -999999,   -999999,   -999999,   -999999,   -999999,   -999999,   -999999,   -999999,   -999999,   -999999,   -999999,   -999999,   -999999,   -999999,   -999999,   -999999,   -999999,   -999999,   -999999,   -999999,   -999999,         1.6484000  
71177,   116,          1201565.0,         12.000000,  13.28629796,   42.0946002,   262.7132194,   0.9265493395,   906.74,   283.5639939,   291.607617,   378,   33.18629611,   14.92320752,   349.1425706,   0.95158,   79.21347121,   94.06020961,    -999999,  0.27864,    -999999,  343.592,   342.56,   50.26,    -999999,  -3.71,   0.688,   291.6099939,   268.1479939,   287.9639939,   906.74,   942.956,    -999999,   -999999,   -999999,   -999999,  2.91796,   4.234,   12.6727,   14.01042,   33.416,    -999999,   -999999,   -999999,  0.54864,   0.40294,   52.08,   414.93,   1.93385,   0.1307,    -999999,   -999999,   -999999,   -999999,   -999999,   -999999,   -999999,   -999999,   -999999,   -999999,   -999999,   -999999,   -999999,   -999999,   -999999,   -999999,   -999999,   -999999,   -999999,   -999999,   -999999,   -999999,   -999999,   -999999,   -999999,   -999999,   -999999,   -999999,   -999999,   -999999,   -999999,   -999999,   -999999,   -999999,   -999999,   -999999,   -999999,   -999999,   -999999,   -999999,   -999999,   -999999,   -999999,   -999999,   -999999,   -999999,   -999999,   -999999,   -999999,   -999999,   -999999,   -999999,         1.6814000  
71182,   116,          1201566.0,         12.000000,  13.28758916,   42.098016,   262.711754,   0.9207398514,   907.378,   283.4079939,   291.3886275,   378,   33.19750171,   15.53544853,   355.9786565,   0.9433,   80.38639441,   95.53871017,    -999999,  0.28308,    -999999,  344.286,   342.04,   51.94,    -999999,  -3.766,   -0.144,   291.3899939,   268.4279939,   287.9459939,   907.378,   943.194,    -999999,   -999999,   -999999,   -999999,  2.978664,   4.32474,   12.54042,   13.8432,   34.486,    -999999,   -999999,   -999999,  0.55436,   0.38894,   50.88,   415.0342857,   1.9342,   0.1348,   415.03,   1935.42,   133.42,   332.15,   9.8,   514.65,   -47.46,    -999999,  231.78,   510.89,   3.46,   69.58,   8.69,   0.56,   31.92,   17.92,   108.55,   10.62,   27.16,   23.28,   1.46,   1.14,   3.72,   3.35,   0.4,   2.35,   84.94,   5.05,   2.24,   7.03,   0.31,   1.12,   531.43,   569.21,   81.84,   18.53,   3.26,   234.38,   1671.35,   312.72,   44.9,   24.47,   9.92,   17.24,   49.5,    -999999,  0.2,   0.2,   1.24,   0.66,   3.72,   254.47,          1.6282000  
71187,   116,          1201567.0,         12.000000,  13.28887752,   42.1014846,   262.7102462,   0.8965387311,   910.042,   283.3999939,   291.1364416,   378,   33.20873572,   15.27838192,   346.8653925,   0.9352,   81.44614081,   96.68899801,    -999999,  0.2865,    -999999,  342.95,   342.22,   53.38,    -999999,  -3.904,   -0.102,   291.1419939,   268.6359939,   288.0559939,   910.042,   943.314,    -999999,   -999999,   -999999,   -999999,  3.017092,   4.3931,   12.53416,   13.83534,   35.05,    -999999,   -999999,   -999999,  0.551,   0.3842,   52.14,   415.055,   1.934416667,   0.1338882353,   415.03,   1935.42,   133.42,   332.15,   9.8,   514.65,   -47.46,    -999999,  231.78,   510.89,   3.46,   69.58,   8.69,   0.56,   31.92,   17.92,   108.55,   10.62,   27.16,   23.28,   1.46,   1.14,   3.72,   3.35,   0.4,   2.35,   84.94,   5.05,   2.24,   7.03,   0.31,   1.12,   531.43,   569.21,   81.84,   18.53,   3.26,   234.38,   1671.35,   312.72,   44.9,   24.47,   9.92,   17.24,   49.5,    -999999,  0.2,   0.2,   1.24,   0.66,   3.72,   254.47,          1.6388000  
71192,   116,          1201568.0,         12.000000,  13.29016537,   42.1049818,   262.7087306,   0.9072859792,   908.858,   283.3479939,   291.1913156,   378,   33.21999359,   15.32914247,   352.5028347,   0.93264,   81.71364961,   96.83201233,    -999999,  0.28698,    -999999,  343.616,   341.96,   53.48,    -999999,  -4.108,   0.624,   291.1919939,   268.7079939,   288.0119939,   908.858,   943.35,    -999999,   -999999,   -999999,   -999999,  3.037562,   4.417,   12.49034,   13.78002,   35.364,    -999999,   -999999,   -999999,  0.5365,   0.39614,   53.46,   415.088,   1.934333333,   0.13065,   415.03,   1935.42,   133.42,   332.15,   9.8,   514.65,   -47.46,    -999999,  231.78,   510.89,   3.46,   69.58,   8.69,   0.56,   31.92,   17.92,   108.55,   10.62,   27.16,   23.28,   1.46,   1.14,   3.72,   3.35,   0.4,   2.35,   84.94,   5.05,   2.24,   7.03,   0.31,   1.12,   531.43,   569.21,   81.84,   18.53,   3.26,   234.38,   1671.35,   312.72,   44.9,   24.47,   9.92,   17.24,   49.5,    -999999,  0.2,   0.2,   1.24,   0.66,   3.72,   254.47,          1.6768000  
71197,   116,          1201569.0,         12.000000,  13.29145249,   42.1084774,   262.707204,   0.9011960751,   909.528,   283.3499939,   291.1320673,   378,   33.23124947,   17.10751041,   355.3343087,   0.92698,   81.53874001,   98.27758873,    -999999,  0.29124,    -999999,  344.32,   342.02,   55.16,    -999999,  -4.206,   -0.408,   291.1319939,   268.7499939,   288.1619939,   909.528,   943.412,    -999999,   -999999,   -999999,   -999999,  3.045088,   4.43118,   12.49196,   13.78206,   35.472,    -999999,   -999999,   -999999,  0.5255,   0.40148,   53.88,   415.07,   1.934,   0.12985,   415.03,   1935.42,   133.42,   332.15,   9.8,   514.65,   -47.46,    -999999,  231.78,   510.89,   3.46,   69.58,   8.69,   0.56,   31.92,   17.92,   108.55,   10.62,   27.16,   23.28,   1.46,   1.14,   3.72,   3.35,   0.4,   2.35,   84.94,   5.05,   2.24,   7.03,   0.31,   1.12,   531.43,   569.21,   81.84,   18.53,   3.26,   234.38,   1671.35,   312.72,   44.9,   24.47,   9.92,   17.24,   49.5,    -999999,  0.2,   0.2,   1.24,   0.66,   3.72,   254.47,          1.6676000  
71202,   116,          1201570.0,         12.000000,  13.29274036,   42.1119636,   262.7056888,   0.9032321392,   909.304,   283.5079939,   291.3149072,   378,   33.24250684,   15.72276229,   349.2475891,   0.93012,   81.28152001,   96.90917833,    -999999,  0.2871,    -999999,  343.226,   342.06,   53.56,    -999999,  -3.938,   0.624,   291.3139939,   268.4799939,   288.1879939,   909.304,   943.612,    -999999,   -999999,   -999999,   -999999,  2.984014,   4.34164,   12.62464,   13.94946,   34.39,    -999999,   -999999,   -999999,  0.53028,   0.39984,   55.2,   415.04,   1.93385,   0.1309714286,    -999999,   -999999,   -999999,   -999999,   -999999,   -999999,   -999999,   -999999,   -999999,   -999999,   -999999,   -999999,   -999999,   -999999,   -999999,   -999999,   -999999,   -999999,   -999999,   -999999,   -999999,   -999999,   -999999,   -999999,   -999999,   -999999,   -999999,   -999999,   -999999,   -999999,   -999999,   -999999,   -999999,   -999999,   -999999,   -999999,   -999999,   -999999,   -999999,   -999999,   -999999,   -999999,   -999999,   -999999,   -999999,   -999999,   -999999,   -999999,   -999999,   -999999,   -999999,   -999999,         1.6866000  
71207,   116,          1201571.0,         12.000000,  13.29402853,   42.115436,   262.704178,   0.9115226993,   908.392,   283.3139939,   291.1990414,   378,   33.25375909,   16.22586946,   353.9838352,   0.93636,   80.84939041,   96.78159721,    -999999,  0.28682,    -999999,  343.996,   342,   53.4,    -999999,  -4.106,   0.346,   291.2019939,   268.0479939,   287.9739939,   908.392,   943.154,    -999999,   -999999,   -999999,   -999999,  2.890998,   4.20272,   12.46192,   13.74422,   33.722,    -999999,   -999999,   -999999,  0.5114,   0.42496,   53.16,   414.964,   1.933344444,   0.131905,    -999999,   -999999,   -999999,   -999999,   -999999,   -999999,   -999999,   -999999,   -999999,   -999999,   -999999,   -999999,   -999999,   -999999,   -999999,   -999999,   -999999,   -999999,   -999999,   -999999,   -999999,   -999999,   -999999,   -999999,   -999999,   -999999,   -999999,   -999999,   -999999,   -999999,   -999999,   -999999,   -999999,   -999999,   -999999,   -999999,   -999999,   -999999,   -999999,   -999999,   -999999,   -999999,   -999999,   -999999,   -999999,   -999999,   -999999,   -999999,   -999999,   -999999,   -999999,   -999999,         1.7080000  
