inputs/ACTAMERICA_Merge/B200/ACTAMERICA-mrg05-b200_merge_20170210_R0_L1.ict
136, 1001
Shook, Michael
NASA Atmospheric Composition Branch, NASA Langley Research Center (SSAI)
Merged data file for ACT-AMERICA 2017, Flight 09 (20170210), on the b200 platform. Data is merged to 05 seconds.
NASA ACT-AMERICA 2017
1, 1
2017, 02, 10, 2018, 02, 22
05
UTC,s
97
1, 1, 1, 1, 1, 1, 1, 1, 1, 1, 1, 1, 1, 1, 1, 1, 1, 1, 1, 1, 1, 1, 1, 1, 1, 1, 1, 1, 1, 1, 1, 1, 1, 1, 1, 1, 1, 1, 1, 1, 1, 1, 1, 1, 1, 1, 1, 1, 1, 1, 1, 1, 1, 1, 1, 1, 1, 1, 1, 1, 1, 1, 1, 1, 1, 1, 1, 1, 1, 1, 1, 1, 1, 1, 1, 1, 1, 1, 1, 1, 1, 1, 1, 1, 1, 1, 1, 1, 1, 1, 1, 1, 1, 1, 1, 1, 1
-999999, -999999, -999999, -999999, -999999, -999999, -999999, -999999, -999999, -999999, -999999, -999999, -999999, -999999, -999999, -999999, -999999, -999999, -999999, -999999, -999999, -999999, -999999, -999999, -999999, -999999, -999999, -999999, -999999, -999999, -999999, -999999, -999999, -999999, -999999, -999999, -999999, -999999, -999999, -999999, -999999, -999999, -999999, -999999, -999999, -999999, -999999, -999999, -999999, -999999, -999999, -999999, -999999, -999999, -999999, -999999, -999999, -999999, -999999, -999999, -999999, -999999, -999999, -999999, -999999, -999999, -999999, -999999, -999999, -999999, -999999, -999999, -999999, -999999, -999999, -999999, -999999, -999999, -999999, -999999, -999999, -999999, -999999, -999999, -999999, -999999, -999999, -999999, -999999, -999999, -999999, -999999, -999999, -999999, -999999, -999999, -999999
JDAY, days
INDEX, none
FLIGHT, none
LOCAL_SUN_TIME, hour
LATITUDE, degs
LONGITUDE, degs
ALTP, km
PRESSURE, hPa
TEMPERATURE, K
THETA, K
O3COLUMN, DU
SZA, deg
GPS_ALT, km
GRD_SPD, m/s
TAS, m/s
IAS, m/s
MachNumber, mach
VerticalSpeed, ft min-1
HDG, degs
TRK, degs
PITCH, degs
ROLL, degs
PotentialTemp, K
Dewpoint, K
TotalAirTemp, K
CabinPressure, hPa
SolarZenithAngle, degs
AircraftSunElevation, degs
SunAzimuth, degs
AircraftSunAzimuth, degs
H2O_MixingRatio, g kg-1
H2O_VaporPressure, hPa
H2O_SatVaporPressureWater, hPa
H2O_SatVaporPressureIce, hPa
H2O_RelativeHumidity, %
DifferentialPressure, hPa
U_WINDS, m s-1
V_WINDS, m s-1
Ground_Elevation, km
Altitude_AGL, km
O3_MixingRatio, ppbv
CO2_MixingRatio_PICARRO, ppmv
CH4_MixingRatio_PICARRO, ppmv
CO_MixingRatio_PICARRO, ppmv
CO2_MoleFraction_PFP, ppm
CH4_MoleFraction_PFP, ppb
CO_MoleFraction_PFP, ppb
N2O_MoleFraction_PFP, ppb
SF6_MoleFraction_PFP, ppt
H2_MoleFraction_PFP, ppb
CH4C13_PFP, per mil
CO2C14_PFP, per mil
F11B_MoleFraction_PFP, ppt
FC12_MoleFraction_PFP, ppt
F13_MoleFraction_PFP, ppt
F113_MoleFraction_PFP, ppt
F115_MoleFraction_PFP, ppt
HF133a_MoleFraction_PFP, ppt
F23_MoleFraction_PFP, ppt
F32_MoleFraction_PFP, ppt
F134A_MoleFraction_PFP, ppt
F152A_MoleFraction_PFP, ppt
F125_MoleFraction_PFP, ppt
F143a_MoleFraction_PFP, ppt
F227e_MoleFraction_PFP, ppt
F365m_MoleFraction_PFP, ppt
H1211_MoleFraction_PFP, ppt
H1301_MoleFraction_PFP, ppt
H2402_MoleFraction_PFP, ppt
MCFA_MoleFraction_PFP, ppt
CF4_MoleFraction_PFP, ppt
C2F6_MoleFraction_PFP, ppt
SO2F2_MoleFraction_PFP, ppt
MEBR_MoleFraction_PFP, ppt
CH3I_MoleFraction_PFP, ppt
DIBR_MoleFraction_PFP, ppt
OCS_MoleFraction_PFP, ppt
MECL_MoleFraction_PFP, ppt
DICL_MoleFraction_PFP, ppt
CLHF_MoleFraction_PFP, ppt
PCE_MoleFraction_PFP, ppt
C2H2_MoleFraction_PFP, ppt
C2H6_MoleFraction_PFP, ppt
C3H8_MoleFraction_PFP, ppt
nC4H10_MoleFraction_PFP, ppt
[...]
[from data line 1410]
66202,   41,          901411.00,         9.0000000,  12.05057541,   32.7075526,   264.9065478,   0.5602894629,   947.7,   284.7239939,   289.1275859,   262,   47.06891593,   0.557,   103.7831256,   93.44391049,    -999999,  0.27626,    -999999,  352.78,   356.34,   1,   -1.34,   289.1279939,   283.1899939,   289.0699939,   972.98,    -999999,   -999999,   -999999,   -999999,  8.219518,   12.36062,   13.68928,   15.30266,   90.294,   51.602,   5.182,   11.94,   0.13674,   0.42026,   41.26,   415.36,   2.01105,   0.1635,    -999999,   -999999,   -999999,   -999999,   -999999,   -999999,   -999999,   -999999,   -999999,   -999999,   -999999,   -999999,   -999999,   -999999,   -999999,   -999999,   -999999,   -999999,   -999999,   -999999,   -999999,   -999999,   -999999,   -999999,   -999999,   -999999,   -999999,   -999999,   -999999,   -999999,   -999999,   -999999,   -999999,   -999999,   -999999,   -999999,   -999999,   -999999,   -999999,   -999999,   -999999,   -999999,   -999999,   -999999,   -999999,   -999999,   -999999,   -999999,   -999999,   -999999,   -999999,   -999999,         5.2966000  
66207,   41,          901412.00,         9.0000000,  12.05194119,   32.7122218,   264.9062012,   0.5599480869,   947.74,   284.6439939,   289.042863,   262,   47.07389045,   0.55686,   103.6493712,   94.08593161,    -999999,  0.27818,    -999999,  353.06,   356.56,   1.26,   -5.551115123E-018,   289.0439939,   283.1699939,   289.0499939,   973.18,    -999999,   -999999,   -999999,   -999999,  8.208006,   12.34406,   13.6173,   15.21068,   90.654,   52.346,   4.918,   11.138,   0.14476,   0.4121,   40.76,   415.416,   2.0114,   0.16795,    -999999,   -999999,   -999999,   -999999,   -999999,   -999999,   -999999,   -999999,   -999999,   -999999,   -999999,   -999999,   -999999,   -999999,   -999999,   -999999,   -999999,   -999999,   -999999,   -999999,   -999999,   -999999,   -999999,   -999999,   -999999,   -999999,   -999999,   -999999,   -999999,   -999999,   -999999,   -999999,   -999999,   -999999,   -999999,   -999999,   -999999,   -999999,   -999999,   -999999,   -999999,   -999999,   -999999,   -999999,   -999999,   -999999,   -999999,   -999999,   -999999,   -999999,   -999999,   -999999,         5.2362000  
66212,   41,          901413.00,         9.0000000,  12.05330928,   32.716882,   264.9058892,   0.5620512069,   947.5,   284.6279939,   289.0475309,   262,   47.07886457,   0.5584,   103.350996,   94.49439697,    -999999,  0.27942,    -999999,  353.54,   356.88,   1.2,   -1.02,   289.0479939,   283.0699939,   289.0699939,   973.14,    -999999,   -999999,   -999999,   -999999,  8.15463,   12.26168,   13.60272,   15.19206,   90.142,   52.802,   4.918,   10.378,   0.12862,   0.42978,   43.52,   415.456,   2.011927273,   0.17025,   415.71,   2009.8,   167.16,   330.67,   9.48,   503.65,   -47.45,    -999999,  233.66,   517.93,   3.34,   71.46,   8.62,   0.56,   30.26,   34.89,   110.72,   21.92,   34.42,   23.77,   1.34,   1.18,   4.55,   3.34,   0.42,   3.79,   84.37,   4.71,   2.47,   7.31,   0.89,   1.43,   498.27,   595.81,   73.57,   17.45,   10.32,   504.11,   5247.22,   2751.47,   1057.17,   554.53,   268.68,   358.35,   170.94,   135.61,   0.56,   0.16,   5.37,   0.56,   117.41,   261.51,          5.2458000  
66217,   41,          901414.00,         9.0000000,  12.05467776,   32.7215286,   264.905583,   0.5615208549,   947.56,   284.8159939,   289.2332172,   262,   47.08383329,   0.55864,   103.1555088,   93.56428945,    -999999,  0.27656,    -999999,  353.28,   356.78,   1.14,   -1.3,   289.2299939,   283.2299939,   289.1699939,   973.18,    -999999,   -999999,   -999999,   -999999,  8.243208,   12.39392,   13.77286,   15.40958,   89.99,   51.712,   5.002,   11.118,   0.12908,   0.42956,   42.64,   415.4,   2.0072,   0.16405,   415.71,   2009.8,   167.16,   330.67,   9.48,   503.65,   -47.45,    -999999,  233.66,   517.93,   3.34,   71.46,   8.62,   0.56,   30.26,   34.89,   110.72,   21.92,   34.42,   23.77,   1.34,   1.18,   4.55,   3.34,   0.42,   3.79,   84.37,   4.71,   2.47,   7.31,   0.89,   1.43,   498.27,   595.81,   73.57,   17.45,   10.32,   504.11,   5247.22,   2751.47,   1057.17,   554.53,   268.68,   358.35,   170.94,   135.61,   0.56,   0.16,   5.37,   0.56,   117.41,   261.51,          5.3600000  
66222,   41,          901415.00,         9.0000000,  12.0560456,   32.7261674,   264.9052674,   0.5618744229,   947.52,   284.5959939,   289.0132911,   262,   47.08880216,   0.55884,   102.9703104,   94.18470409,    -999999,  0.27852,    -999999,  353.54,   356.72,   1.16,   -1.08,   289.0119939,   283.1099939,   289.0099939,   973.06,    -999999,   -999999,   -999999,   -999999,  8.17678,   12.29482,   13.57394,   15.1553,   90.584,   52.454,   4.438,   10.242,   0.12602,   0.43282,   42.6,   415.54,   2.010325,   0.1686,   415.71,   2009.8,   167.16,   330.67,   9.48,   503.65,   -47.45,    -999999,  233.66,   517.93,   3.34,   71.46,   8.62,   0.56,   30.26,   34.89,   110.72,   21.92,   34.42,   23.77,   1.34,   1.18,   4.55,   3.34,   0.42,   3.79,   84.37,   4.71,   2.47,   7.31,   0.89,   1.43,   498.27,   595.81,   73.57,   17.45,   10.32,   504.11,   5247.22,   2751.47,   1057.17,   554.53,   268.68,   358.35,   170.94,   135.61,   0.56,   0.16,   5.37,   0.56,   117.41,   261.51,          5.3126000  
66227,   41,          901416.00,         9.0000000,  12.05741343,   32.7308002,   264.9049514,   0.5604723429,   947.68,   284.9059939,   289.3141452,   262,   47.09377311,   0.55752,   102.9805992,   93.00972313,    -999999,  0.27488,    -999999,  353.46,   356.68,   0.9,   -1.16,   289.3119939,   283.1699939,   289.2099939,   973.02,    -999999,   -999999,   -999999,   -999999,  8.20873,   12.34432,   13.85512,   15.51498,   89.098,   51.078,   4.902,   11.438,   0.12204,   0.43548,   41.84,   415.465,   2.00475,   0.1678727273,   415.71,   2009.8,   167.16,   330.67,   9.48,   503.65,   -47.45,    -999999,  233.66,   517.93,   3.34,   71.46,   8.62,   0.56,   30.26,   34.89,   110.72,   21.92,   34.42,   23.77,   1.34,   1.18,   4.55,   3.34,   0.42,   3.79,   84.37,   4.71,   2.47,   7.31,   0.89,   1.43,   498.27,   595.81,   73.57,   17.45,   10.32,   504.11,   5247.22,   2751.47,   1057.17,   554.53,   268.68,   358.35,   170.94,   135.61,   0.56,   0.16,   5.37,   0.56,   117.41,   261.51,          5.2770000  
66232,   41,          901417.00,         9.0000000,  12.05878125,   32.7354342,   264.9046354,   0.5602894629,   947.7,   284.7379939,   289.1418024,   262,   47.09875334,   0.55662,   102.8674224,   94.37607577,    -999999,  0.279,    -999999,  353.88,   356.76,   1.34,   -0.72,   289.1399939,   283.2899939,   289.1699939,   973.04,    -999999,   -999999,   -999999,   -999999,  8.27559,   12.44382,   13.70202,   15.31898,   90.818,   52.654,   4.022,   9.912,   0.12268,   0.43394,   43.76,   415.65,   2.00905,   0.1697181818,   415.71,   2009.8,   167.16,   330.67,   9.48,   503.65,   -47.45,    -999999,  233.66,   517.93,   3.34,   71.46,   8.62,   0.56,   30.26,   34.89,   110.72,   21.92,   34.42,   23.77,   1.34,   1.18,   4.55,   3.34,   0.42,   3.79,   84.37,   4.71,   2.47,   7.31,   0.89,   1.43,   498.27,   595.81,   73.57,   17.45,   10.32,   504.11,   5247.22,   2751.47,   1057.17,   554.53,   268.68,   358.35,   170.94,   135.61,   0.56,   0.16,   5.37,   0.56,   117.41,   261.51,          5.3970000  
66237,   41,          901418.00,         9.0000000,  12.06014976,   32.7400566,   264.9043298,   0.5604723429,   947.68,   284.7019939,   289.1069888,   262,   47.10373024,   0.5571,   102.5484696,   93.04367617,    -999999,  0.27508,    -999999,  354.2,   356.82,   1.44,   -1.12,   289.1039939,   283.0899939,   289.0099939,   973.12,    -999999,   -999999,   -999999,   -999999,  8.164356,   12.27846,   13.66972,   15.27772,   89.834,   51.156,   3.872,   10.914,   0.1306,   0.4265,   40.98,   415.625,   2.0108,   0.1677363636,   415.71,   2009.8,   167.16,   330.67,   9.48,   503.65,   -47.45,    -999999,  233.66,   517.93,   3.34,   71.46,   8.62,   0.56,   30.26,   34.89,   110.72,   21.92,   34.42,   23.77,   1.34,   1.18,   4.55,   3.34,   0.42,   3.79,   84.37,   4.71,   2.47,   7.31,   0.89,   1.43,   498.27,   595.81,   73.57,   17.45,   10.32,   504.11,   5247.22,   2751.47,   1057.17,   554.53,   268.68,   358.35,   170.94,   135.61,   0.56,   0.16,   5.37,   0.56,   117.41,   261.51,          5.3840000  
66242,   41,          901419.00,         9.0000000,  12.06151829,   32.7446672,   264.9040244,   0.5585460069,   947.9,   284.7499939,   289.1365554,   262,   47.10870343,   0.55568,   102.219228,   94.87714033,    -999999,  0.28048,    -999999,  353.64,   356.72,   1.52,   -1.4,   289.1359939,   283.3299939,   289.2299939,   973.12,    -999999,   -999999,   -999999,   -999999,  8.296622,   12.47762,   13.71436,   15.33504,   91.014,   53.238,   4.478,   8.828,   0.13948,   0.4162,   43.1,   415.33,   2.00975,   0.1653727273,    -999999,   -999999,   -999999,   -999999,   -999999,   -999999,   -999999,   -999999,   -999999,   -999999,   -999999,   -999999,   -999999,   -999999,   -999999,   -999999,   -999999,   -999999,   -999999,   -999999,   -999999,   -999999,   -999999,   -999999,   -999999,   -999999,   -999999,   -999999,   -999999,   -999999,   -999999,   -999999,   -999999,   -999999,   -999999,   -999999,   -999999,   -999999,   -999999,   -999999,   -999999,   -999999,   -999999,   -999999,   -999999,   -999999,   -999999,   -999999,   -999999,   -999999,   -999999,   -999999,         5.4454000  
66247,   41,          901420.00,         9.0000000,  12.06288624,   32.7492496,   264.9037102,   0.564867559,   947.18,   284.7359939,   289.185116,   262,   47.11365635,   0.56104,   101.5813224,   94.17750193,    -999999,  0.27842,    -999999,  354.22,   356.7,   1.22,   -1.68,   289.1839939,   282.7699939,   289.1499939,   973.16,    -999999,   -999999,   -999999,   -999999,  7.992722,   12.01728,   13.7017,   15.31892,   87.73,   52.404,   4.216,   8.852,   0.1465,   0.41454,   39.76,   415.465,   2.01065,   0.1691636364,    -999999,   -999999,   -999999,   -999999,   -999999,   -999999,   -999999,   -999999,   -999999,   -999999,   -999999,   -999999,   -999999,   -999999,   -999999,   -999999,   -999999,   -999999,   -999999,   -999999,   -999999,   -999999,   -999999,   -999999,   -999999,   -999999,   -999999,   -999999,   -999999,   -999999,   -999999,   -999999,   -999999,   -999999,   -999999,   -999999,   -999999,   -999999,   -999999,   -999999,   -999999,   -999999,   -999999,   -999999,   -999999,   -999999,   -999999,   -999999,   -999999,   -999999,   -999999,   -999999,         5.5388000  
66252,   41,          901421.00,         9.0000000,  12.06425318,   32.7538216,   264.903381,   0.562929031,   947.4,   284.7739939,   289.2045191,   262,   47.11860667,   0.5592,   101.756232,   92.24012089,    -999999,  0.27264,    -999999,  353.56,   356.44,   0.74,   -1.12,   289.2059939,   283.1699939,   289.0099939,   973.02,    -999999,   -999999,   -999999,   -999999,  8.21226,   12.34586,   13.73468,   15.36074,   89.892,   50.232,   3.296,   10.834,   0.13798,   0.42122,   40.08,   415.56,   2.01365,   0.16755,    -999999,   -999999,   -999999,   -999999,   -999999,   -999999,   -999999,   -999999,   -999999,   -999999,   -999999,   -999999,   -999999,   -999999,   -999999,   -999999,   -999999,   -999999,   -999999,   -999999,   -999999,   -999999,   -999999,   -999999,   -999999,   -999999,   -999999,   -999999,   -999999,   -999999,   -999999,   -999999,   -999999,   -999999,   -999999,   -999999,   -999999,   -999999,   -999999,   -999999,   -999999,   -999999,   -999999,   -999999,   -999999,   -999999,   -999999,   -999999,   -999999,   -999999,   -999999,   -999999,         5.4972000  
66257,   41,          901422.00,         9.0000000,  12.06561953,   32.75841,   264.903043,   0.5588995749,   947.86,   284.8719939,   289.2639224,   262,   47.12358128,   0.55602,   102.0957624,   92.05492249,    -999999,  0.27208,    -999999,  352.96,   356.42,   1.24,   -1.34,   289.2659939,   282.9499939,   289.0899939,   973.1,    -999999,   -999999,   -999999,   -999999,  8.08529,   12.16338,   13.82398,   15.47508,   87.988,   50.03,   5.136,   11.588,   0.14714,   0.40888,   41.52,   415.54,   2.01065,   0.1633,    -999999,   -999999,   -999999,   -999999,   -999999,   -999999,   -999999,   -999999,   -999999,   -999999,   -999999,   -999999,   -999999,   -999999,   -999999,   -999999,   -999999,   -999999,   -999999,   -999999,   -999999,   -999999,   -999999,   -999999,   -999999,   -999999,   -999999,   -999999,   -999999,   -999999,   -999999,   -999999,   -999999,   -999999,   -999999,   -999999,   -999999,   -999999,   -999999,   -999999,   -999999,   -999999,   -999999,   -999999,   -999999,   -999999,   -999999,   -999999,   -999999,   -999999,   -999999,   -999999,         5.4852000  
66262,   41,          901423.00,         9.0000000,  12.06698709,   32.7630086,   264.902723,   0.5585460069,   947.9,   285.0219939,   289.4127456,   262,   47.12857448,   0.55518,   102.2603832,   91.96746769,    -999999,  0.27174,    -999999,  353.24,   357.02,   1.36,   0.96,   289.4139939,   283.3299939,   289.2299939,   973,    -999999,   -999999,   -999999,   -999999,  8.296214,   12.47704,   13.96166,   15.65152,   89.368,   49.91,   5.354,   11.76,   0.15112,   0.40406,   42.64,   415.46,   2.00595,   0.16395,    -999999,   -999999,   -999999,   -999999,   -999999,   -999999,   -999999,   -999999,   -999999,   -999999,   -999999,   -999999,   -999999,   -999999,   -999999,   -999999,   -999999,   -999999,   -999999,   -999999,   -999999,   -999999,   -999999,   -999999,   -999999,   -999999,   -999999,   -999999,   -999999,   -999999,   -999999,   -999999,   -999999,   -999999,   -999999,   -999999,   -999999,   -999999,   -999999,   -999999,   -999999,   -999999,   -999999,   -999999,   -999999,   -999999,   -999999,   -999999,   -999999,   -999999,   -999999,   -999999,         5.4858000  
66267,   41,          901424.00,         9.0000000,  12.06835927,   32.7676116,   264.9024724,   0.5578327749,   947.98,   285.0639939,   289.4484132,   262,   47.13358152,   0.55378,   102.0957624,   92.36255761,    -999999,  0.2729,    -999999,  354.1,   357.56,   1.82,   -0.76,   289.4499939,   283.3899939,   289.3099939,   973.14,    -999999,   -999999,   -999999,   -999999,  8.329598,   12.52762,   14.00104,   15.7022,   89.496,   50.346,   4.19,   11.138,   0.1261,   0.42768,   44.46,   415.48,   2.0061,   0.16975,    -999999,   -999999,   -999999,   -999999,   -999999,   -999999,   -999999,   -999999,   -999999,   -999999,   -999999,   -999999,   -999999,   -999999,   -999999,   -999999,   -999999,   -999999,   -999999,   -999999,   -999999,   -999999,   -999999,   -999999,   -999999,   -999999,   -999999,   -999999,   -999999,   -999999,   -999999,   -999999,   -999999,   -999999,   -999999,   -999999,   -999999,   -999999,   -999999,   -999999,   -999999,   -999999,   -999999,   -999999,   -999999,   -999999,   -999999,   -999999,   -999999,   -999999,   -999999,   -999999,         5.5470000  
