inputs/ACTAMERICA_Merge/B200/ACTAMERICA-mrg05-b200_merge_20170308_R0_L1.ict
136, 1001
Shook, Michael
NASA Atmospheric Composition Branch, NASA Langley Research Center (SSAI)
Merged data file for ACT-AMERICA 2017, Flight 23 (20170308), on the b200 platform. Data is merged to 05 seconds.
NASA ACT-AMERICA 2017
1, 1
2017, 03, 08, 2018, 02, 22
05
UTC,s
97
1, 1, 1, 1, 1, 1, 1, 1, 1, 1, 1, 1, 1, 1, 1, 1, 1, 1, 1, 1, 1, 1, 1, 1, 1, 1, 1, 1, 1, 1, 1, 1, 1, 1, 1, 1, 1, 1, 1, 1, 1, 1, 1, 1, 1, 1, 1, 1, 1, 1, 1, 1, 1, 1, 1, 1, 1, 1, 1, 1, 1, 1, 1, 1, 1, 1, 1, 1, 1, 1, 1, 1, 1, 1, 1, 1, 1, 1, 1, 1, 1, 1, 1, 1, 1, 1, 1, 1, 1, 1, 1, 1, 1, 1, 1, 1, 1
-999999, -999999, -999999, -999999, -999999, -999999, -999999, -999999, -999999, -999999, -999999, -999999, -999999, -999999, -999999, -999999, -999999, -999999, -999999, -999999, -999999, -999999, -999999, -999999, -999999, -999999, -999999, -999999, -999999, -999999, -999999, -999999, -999999, -999999, -999999, -999999, -999999, -999999, -999999, -999999, -999999, -999999, -999999, -999999, -999999, -999999, -999999, -999999, -999999, -999999, -999999, -999999, -999999, -999999, -999999, -999999, -999999, -999999, -999999, -999999, -999999, -999999, -999999, -999999, -999999, -999999, -999999, -999999, -999999, -999999, -999999, -999999, -999999, -999999, -999999, -999999, -999999, -999999, -999999, -999999, -999999, -999999, -999999, -999999, -999999, -999999, -999999, -999999, -999999, -999999, -999999, -999999, -999999, -999999, -999999, -999999, -999999
JDAY, days
INDEX, none
FLIGHT, none
LOCAL_SUN_TIME, hour
LATITUDE, degs
LONGITUDE, degs
ALTP, km
PRESSURE, hPa
TEMPERATURE, K
THETA, K
O3COLUMN, DU
SZA, deg
GPS_ALT, km
GRD_SPD, m/s
TAS, m/s
IAS, m/s
MachNumber, mach
VerticalSpeed, ft min-1
HDG, degs
TRK, degs
PITCH, degs
ROLL, degs
PotentialTemp, K
Dewpoint, K
TotalAirTemp, K
CabinPressure, hPa
SolarZenithAngle, degs
AircraftSunElevation, degs
SunAzimuth, degs
AircraftSunAzimuth, degs
H2O_MixingRatio, g kg-1
H2O_VaporPressure, hPa
H2O_SatVaporPressureWater, hPa
H2O_SatVaporPressureIce, hPa
H2O_RelativeHumidity, %
DifferentialPressure, hPa
U_WINDS, m s-1
V_WINDS, m s-1
Ground_Elevation, km
Altitude_AGL, km
O3_MixingRatio, ppbv
CO2_MixingRatio_PICARRO, ppmv
CH4_MixingRatio_PICARRO, ppmv
CO_MixingRatio_PICARRO, ppmv
CO2_MoleFraction_PFP, ppm
CH4_MoleFraction_PFP, ppb
CO_MoleFraction_PFP, ppb
N2O_MoleFraction_PFP, ppb
SF6_MoleFraction_PFP, ppt
H2_MoleFraction_PFP, ppb
CH4C13_PFP, per mil
CO2C14_PFP, per mil
F11B_MoleFraction_PFP, ppt
FC12_MoleFraction_PFP, ppt
F13_MoleFraction_PFP, ppt
F113_MoleFraction_PFP, ppt
F115_MoleFraction_PFP, ppt
HF133a_MoleFraction_PFP, ppt
F23_MoleFraction_PFP, ppt
F32_MoleFraction_PFP, ppt
F134A_MoleFraction_PFP, ppt
F152A_MoleFraction_PFP, ppt
F125_MoleFraction_PFP, ppt
F143a_MoleFraction_PFP, ppt
F227e_MoleFraction_PFP, ppt
F365m_MoleFraction_PFP, ppt
H1211_MoleFraction_PFP, ppt
H1301_MoleFraction_PFP, ppt
H2402_MoleFraction_PFP, ppt
MCFA_MoleFraction_PFP, ppt
CF4_MoleFraction_PFP, ppt
C2F6_MoleFraction_PFP, ppt
SO2F2_MoleFraction_PFP, ppt
MEBR_MoleFraction_PFP, ppt
CH3I_MoleFraction_PFP, ppt
DIBR_MoleFraction_PFP, ppt
OCS_MoleFraction_PFP, ppt
MECL_MoleFraction_PFP, ppt
DICL_MoleFraction_PFP, ppt
CLHF_MoleFraction_PFP, ppt
PCE_MoleFraction_PFP, ppt
C2H2_MoleFraction_PFP, ppt
C2H6_MoleFraction_PFP, ppt
C3H8_MoleFraction_PFP, ppt
nC4H10_MoleFraction_PFP, ppt
[...]
[from data line 1655]
70852,   67,          2301656.0,         23.000000,  14.47371658,   40.913427,   281.8786654,   1.095634094,   888.32,   277.4559939,   287.0044019,   336,   57.00351042,   1.00634,   91.59089761,   92.66710609,    -999999,  0.27752,    -999999,  331.12,   344.18,   1.92,   -1.66,   287.0039939,   261.9899939,   281.7299939,   954.38,    -999999,   -999999,   -999999,   -999999,  1.842286,   2.6234,   8.3425,   8.69808,   31.446,   48.83,   19.168,   7.818,   0.59666,   0.40968,   50.96,   412.604,   1.93935,   0.1316,    -999999,   -999999,   -999999,   -999999,   -999999,   -999999,   -999999,   -999999,   -999999,   -999999,   -999999,   -999999,   -999999,   -999999,   -999999,   -999999,   -999999,   -999999,   -999999,   -999999,   -999999,   -999999,   -999999,   -999999,   -999999,   -999999,   -999999,   -999999,   -999999,   -999999,   -999999,   -999999,   -999999,   -999999,   -999999,   -999999,   -999999,   -999999,   -999999,   -999999,   -999999,   -999999,   -999999,   -999999,   -999999,   -999999,   -999999,   -999999,   -999999,   -999999,   -999999,   -999999,     -999999  
70857,   67,          2301657.0,         23.000000,  14.4750064,   40.9174146,   281.8771794,   1.105265774,   887.28,   277.4059939,   287.0487391,   336,   57.01677065,   1.01488,   92.71237681,   91.02192697,    -999999,  0.27262,    -999999,  332.16,   344.18,   0.86,   -1.68,   287.0459939,   261.9099939,   281.5299939,   954.2,    -999999,   -999999,   -999999,   -999999,  1.832668,   2.60668,   8.31354,   8.66382,   31.358,   47.032,   15.536,   8.87,   0.589,   0.42588,   48.6,   412.6616667,   1.940209091,   0.13615,    -999999,   -999999,   -999999,   -999999,   -999999,   -999999,   -999999,   -999999,   -999999,   -999999,   -999999,   -999999,   -999999,   -999999,   -999999,   -999999,   -999999,   -999999,   -999999,   -999999,   -999999,   -999999,   -999999,   -999999,   -999999,   -999999,   -999999,   -999999,   -999999,   -999999,   -999999,   -999999,   -999999,   -999999,   -999999,   -999999,   -999999,   -999999,   -999999,   -999999,   -999999,   -999999,   -999999,   -999999,   -999999,   -999999,   -999999,   -999999,   -999999,   -999999,   -999999,   -999999,     -999999  
70862,   67,          2301658.0,         23.000000,  14.47629441,   40.921495,   281.8756662,   1.109350094,   886.84,   277.5939939,   287.2839851,   336,   57.03008242,   1.0147,   95.87103841,   91.35116857,    -999999,  0.2735,    -999999,  335.64,   344.7,   -1.24,   1.52,   287.2839939,   261.6499939,   281.7499939,   954.28,    -999999,   -999999,   -999999,   -999999,  1.795792,   2.55314,   8.4241,   8.79504,   30.31,   47.34,   11.4,   9.566,   0.5699,   0.4448,   48.86,   412.655,   1.940833333,   0.1289684211,    -999999,   -999999,   -999999,   -999999,   -999999,   -999999,   -999999,   -999999,   -999999,   -999999,   -999999,   -999999,   -999999,   -999999,   -999999,   -999999,   -999999,   -999999,   -999999,   -999999,   -999999,   -999999,   -999999,   -999999,   -999999,   -999999,   -999999,   -999999,   -999999,   -999999,   -999999,   -999999,   -999999,   -999999,   -999999,   -999999,   -999999,   -999999,   -999999,   -999999,   -999999,   -999999,   -999999,   -999999,   -999999,   -999999,   -999999,   -999999,   -999999,   -999999,   -999999,   -999999,     -999999  
70867,   67,          2301659.0,         23.000000,  14.47758708,   40.9257202,   281.8742228,   1.103967326,   887.42,   277.6359939,   287.2737839,   336,   57.04353446,   1.01076,   97.38349201,   96.04800577,    -999999,  0.28754,    -999999,  335.4,   345.9,   1.46,   -1.34,   287.2759939,   261.2899939,   282.2299939,   954.14,    -999999,   -999999,   -999999,   -999999,  1.743464,   2.48056,   8.44874,   8.8242,   29.362,   52.444,   16.718,   8.566,   0.56272,   0.44804,   47.74,   412.665,   1.94018,   0.1321619048,   412.47,   1941.6,   135.22,   330.05,   9.32,   505.02,   -47.4,   4.99,   231.91,   516.66,   3.46,   70.61,   8.65,   0.54,   34.04,   16.29,   104.89,   16.48,   24.69,   22.08,   1.39,   1.18,   4.51,   3.35,   0.42,   2.55,   88.33,   4.81,   2.37,   6.8,   0.28,   1.19,   529.12,   565.65,   73.98,   14.63,   4.65,   350.87,   2495.86,   899.99,   266.97,   140.64,   64.37,   82.68,   93.29,   55.4,   0.23,   0.14,   1.38,   0.61,   26.83,   254.7,      -999999  
70872,   67,          2301660.0,         23.000000,  14.4788849,   40.9299696,   281.8728568,   1.108606382,   886.92,   277.3919939,   287.0675353,   336,   57.05704682,   1.0157,   96.94107361,   96.96268009,    -999999,  0.29042,    -999999,  335.28,   346.98,   1.34,   1.56,   287.0639939,   260.9899939,   282.0699939,   953.92,    -999999,   -999999,   -999999,   -999999,  1.702758,   2.42142,   8.30556,   8.65438,   29.158,   53.488,   18.6,   7.606666667,   0.55278,   0.46292,   48.18,   412.65,   1.94045,   0.1340142857,   412.47,   1941.6,   135.22,   330.05,   9.32,   505.02,   -47.4,   4.99,   231.91,   516.66,   3.46,   70.61,   8.65,   0.54,   34.04,   16.29,   104.89,   16.48,   24.69,   22.08,   1.39,   1.18,   4.51,   3.35,   0.42,   2.55,   88.33,   4.81,   2.37,   6.8,   0.28,   1.19,   529.12,   565.65,   73.98,   14.63,   4.65,   350.87,   2495.86,   899.99,   266.97,   140.64,   64.37,   82.68,   93.29,   55.4,   0.23,   0.14,   1.38,   0.61,   26.83,   254.7,      -999999  
70877,   67,          2301661.0,         23.000000,  14.48019488,   40.9342324,   281.8716732,   1.10563763,   887.24,   277.3279939,   286.9717242,   336,   57.07066891,   1.00848,   96.65298721,   97.18594705,    -999999,  0.29114,    -999999,  337.7,   348.88,   -0.68,   -0.04,   286.9719939,   260.9699939,   282.0299939,   953.32,    -999999,   -999999,   -999999,   -999999,  1.699374,   2.4175,   8.26796,   8.60974,   29.238,   53.764,   17.87,   5.984,   0.53558,   0.4729,   48.78,   412.56,   1.93995,   0.13566,   412.47,   1941.6,   135.22,   330.05,   9.32,   505.02,   -47.4,   4.99,   231.91,   516.66,   3.46,   70.61,   8.65,   0.54,   34.04,   16.29,   104.89,   16.48,   24.69,   22.08,   1.39,   1.18,   4.51,   3.35,   0.42,   2.55,   88.33,   4.81,   2.37,   6.8,   0.28,   1.19,   529.12,   565.65,   73.98,   14.63,   4.65,   350.87,   2495.86,   899.99,   266.97,   140.64,   64.37,   82.68,   93.29,   55.4,   0.23,   0.14,   1.38,   0.61,   26.83,   254.7,      -999999  
70882,   67,          2301662.0,         23.000000,  14.48150929,   40.9384946,   281.870556,   1.091750941,   888.74,   277.4319939,   286.9408207,   336,   57.08432815,   0.99764,   96.32374561,   98.57699281,    -999999,  0.29524,    -999999,  337.3,   348.12,   -1.16,   -5.54,   286.9419939,   261.2499939,   282.2699939,   953.82,    -999999,   -999999,   -999999,   -999999,  1.735316,   2.47268,   8.3287,   8.68174,   29.69,   55.414,   16.8,   3.856666667,   0.51282,   0.48482,   52.62,   412.54,   1.9398,   0.1356636364,   412.47,   1941.6,   135.22,   330.05,   9.32,   505.02,   -47.4,   4.99,   231.91,   516.66,   3.46,   70.61,   8.65,   0.54,   34.04,   16.29,   104.89,   16.48,   24.69,   22.08,   1.39,   1.18,   4.51,   3.35,   0.42,   2.55,   88.33,   4.81,   2.37,   6.8,   0.28,   1.19,   529.12,   565.65,   73.98,   14.63,   4.65,   350.87,   2495.86,   899.99,   266.97,   140.64,   64.37,   82.68,   93.29,   55.4,   0.23,   0.14,   1.38,   0.61,   26.83,   254.7,      -999999  
70887,   67,          2301663.0,         23.000000,  14.48281726,   40.9427066,   281.8693422,   1.09600595,   888.28,   277.5539939,   287.1094683,   336,   57.09790161,   1.00446,   95.29486561,   99.18403201,    -999999,  0.297,    -999999,  337.78,   348.04,   0.52,   1.56,   287.1079939,   261.7499939,   282.4499939,   953.88,    -999999,   -999999,   -999999,   -999999,  1.80739,   2.57372,   8.4002,   8.76658,   30.64,   56.078,   19.38,   3.4325,   0.49116,   0.5133,   47.7,   412.388,   1.938933333,   0.1382421053,   412.47,   1941.6,   135.22,   330.05,   9.32,   505.02,   -47.4,   4.99,   231.91,   516.66,   3.46,   70.61,   8.65,   0.54,   34.04,   16.29,   104.89,   16.48,   24.69,   22.08,   1.39,   1.18,   4.51,   3.35,   0.42,   2.55,   88.33,   4.81,   2.37,   6.8,   0.28,   1.19,   529.12,   565.65,   73.98,   14.63,   4.65,   350.87,   2495.86,   899.99,   266.97,   140.64,   64.37,   82.68,   93.29,   55.4,   0.23,   0.14,   1.38,   0.61,   26.83,   254.7,      -999999  
70892,   67,          2301664.0,         23.000000,  14.48413384,   40.9468886,   281.8682576,   1.098785726,   887.98,   277.3139939,   286.8888923,   336,   57.11152587,   1.00496,   94.23511921,   96.07887217,    -999999,  0.2878,    -999999,  336.22,   349.34,   0.22,   -1.08,   286.8899939,   262.0699939,   281.9099939,   953.58,    -999999,   -999999,   -999999,   -999999,  1.854814,   2.64022,   8.25978,   8.60006,   31.964,   52.564,   20.656,   5.584,   0.42294,   0.58202,   50.66,   412.18,   1.9353,   0.1234105263,   412.47,   1941.6,   135.22,   330.05,   9.32,   505.02,   -47.4,   4.99,   231.91,   516.66,   3.46,   70.61,   8.65,   0.54,   34.04,   16.29,   104.89,   16.48,   24.69,   22.08,   1.39,   1.18,   4.51,   3.35,   0.42,   2.55,   88.33,   4.81,   2.37,   6.8,   0.28,   1.19,   529.12,   565.65,   73.98,   14.63,   4.65,   350.87,   2495.86,   899.99,   266.97,   140.64,   64.37,   82.68,   93.29,   55.4,   0.23,   0.14,   1.38,   0.61,   26.83,   254.7,      -999999  
70897,   67,          2301665.0,         23.000000,  14.4854565,   40.9510716,   281.8672642,   1.086386461,   889.32,   277.5679939,   287.0279753,   336,   57.12520192,   0.99154,   94.89360241,   93.81327841,    -999999,  0.2809,    -999999,  337.68,   350.38,   -1.62,   0.94,   287.0299939,   262.0099939,   281.9499939,   953.48,    -999999,   -999999,   -999999,   -999999,  1.843212,   2.62766,   8.40858,   8.77652,   31.248,   50.106,   19.424,   7.618,   0.42394,   0.5676,   49.66,   412.285,   1.9373,   0.1286,   412.47,   1941.6,   135.22,   330.05,   9.32,   505.02,   -47.4,   4.99,   231.91,   516.66,   3.46,   70.61,   8.65,   0.54,   34.04,   16.29,   104.89,   16.48,   24.69,   22.08,   1.39,   1.18,   4.51,   3.35,   0.42,   2.55,   88.33,   4.81,   2.37,   6.8,   0.28,   1.19,   529.12,   565.65,   73.98,   14.63,   4.65,   350.87,   2495.86,   899.99,   266.97,   140.64,   64.37,   82.68,   93.29,   55.4,   0.23,   0.14,   1.38,   0.61,   26.83,   254.7,      -999999  
70902,   67,          2301666.0,         23.000000,  14.48678391,   40.9552928,   281.866342,   1.065873421,   891.54,   277.5679939,   286.8235875,   336,   57.13894479,   0.97098,   95.13024481,   94.43780857,    -999999,  0.28274,    -999999,  338.12,   350.52,   -0.94,   -2,   286.8259939,   261.4499939,   282.0099939,   953.6,    -999999,   -999999,   -999999,   -999999,  1.758118,   2.51294,   8.40902,   8.7771,   29.896,   50.908,   18.698,   7.004,   0.425,   0.54598,   47.86,   412.2514286,   1.936888889,   0.1339947368,    -999999,   -999999,   -999999,   -999999,   -999999,   -999999,   -999999,   -999999,   -999999,   -999999,   -999999,   -999999,   -999999,   -999999,   -999999,   -999999,   -999999,   -999999,   -999999,   -999999,   -999999,   -999999,   -999999,   -999999,   -999999,   -999999,   -999999,   -999999,   -999999,   -999999,   -999999,   -999999,   -999999,   -999999,   -999999,   -999999,   -999999,   -999999,   -999999,   -999999,   -999999,   -999999,   -999999,   -999999,   -999999,   -999999,   -999999,   -999999,   -999999,   -999999,   -999999,   -999999,     -999999  
70907,   67,          2301667.0,         23.000000,  14.48811117,   40.9595274,   281.8654176,   1.046512525,   893.64,   277.6839939,   286.7506365,   336,   57.15269741,   0.95236,   95.46977521,   94.72589497,    -999999,  0.28356,    -999999,  338.1,   350.78,   -0.62,   -1.12,   286.7519939,   260.5499939,   282.1499939,   953.5,    -999999,   -999999,   -999999,   -999999,  1.631288,   2.33764,   8.4771,   8.8579,   27.574,   51.326,   20.086,   7.486,   0.4238,   0.52856,   52.02,   412.265,   1.937833333,   0.1307578947,    -999999,   -999999,   -999999,   -999999,   -999999,   -999999,   -999999,   -999999,   -999999,   -999999,   -999999,   -999999,   -999999,   -999999,   -999999,   -999999,   -999999,   -999999,   -999999,   -999999,   -999999,   -999999,   -999999,   -999999,   -999999,   -999999,   -999999,   -999999,   -999999,   -999999,   -999999,   -999999,   -999999,   -999999,   -999999,   -999999,   -999999,   -999999,   -999999,   -999999,   -999999,   -999999,   -999999,   -999999,   -999999,   -999999,   -999999,   -999999,   -999999,   -999999,   -999999,   -999999,     -999999  
70912,   67,          2301668.0,         23.000000,  14.48944109,   40.9637642,   281.864533,   1.030864093,   895.34,   277.6339939,   286.5433666,   336,   57.16647478,   0.9378,   95.01706801,   96.08195881,    -999999,  0.28766,    -999999,  338.14,   351.04,   0.04,   -2.38,   286.5459939,   259.6699939,   282.2299939,   953.82,    -999999,   -999999,   -999999,   -999999,  1.515568,   2.17634,   8.44744,   8.82266,   25.762,   52.942,   21.012,   5.902,   0.42272,   0.51508,   50.38,   412.155,   1.93815,   0.1297263158,    -999999,   -999999,   -999999,   -999999,   -999999,   -999999,   -999999,   -999999,   -999999,   -999999,   -999999,   -999999,   -999999,   -999999,   -999999,   -999999,   -999999,   -999999,   -999999,   -999999,   -999999,   -999999,   -999999,   -999999,   -999999,   -999999,   -999999,   -999999,   -999999,   -999999,   -999999,   -999999,   -999999,   -999999,   -999999,   -999999,   -999999,   -999999,   -999999,   -999999,   -999999,   -999999,   -999999,   -999999,   -999999,   -999999,   -999999,   -999999,   -999999,   -999999,   -999999,   -999999,     -999999  
70917,   67,          2301669.0,         23.000000,  14.49077106,   40.9679804,   281.8636492,   1.020939805,   896.42,   277.7319939,   286.5457984,   336,   57.18023989,   0.92742,   94.80100321,   95.31029881,    -999999,  0.28528,    -999999,  337.42,   351,   -0.38,   -1.52,   286.5439939,   259.3299939,   282.2499939,   953.9,    -999999,   -999999,   -999999,   -999999,  1.472144,   2.11666,   8.50562,   8.8918,   24.888,   52.122,   21.216,   6.548,   0.46338,   0.46404,   50.74,   412.24,   1.93875,   0.1250727273,    -999999,   -999999,   -999999,   -999999,   -999999,   -999999,   -999999,   -999999,   -999999,   -999999,   -999999,   -999999,   -999999,   -999999,   -999999,   -999999,   -999999,   -999999,   -999999,   -999999,   -999999,   -999999,   -999999,   -999999,   -999999,   -999999,   -999999,   -999999,   -999999,   -999999,   -999999,   -999999,   -999999,   -999999,   -999999,   -999999,   -999999,   -999999,   -999999,   -999999,   -999999,   -999999,   -999999,   -999999,   -999999,   -999999,   -999999,   -999999,   -999999,   -999999,   -999999,   -999999,     -999999  
