inputs/ACTAMERICA_Merge/B200/ACTAMERICA-mrg05-b200_merge_20171008_R0.ict
138, 1001
Shook, Michael
NASA Atmospheric Composition Branch, NASA Langley Research Center (SSAI)
Merged data file for ACT-AMERICA Fall 2017, Flight 04 (20171008), on the b200 platform. Data is merged to 05 seconds.
NASA ACT-AMERICA Fall 2017
1, 1
2017, 10, 08, 2018, 07, 11
05
UTC,s
99
1, 1, 1, 1, 1, 1, 1, 1, 1, 1, 1, 1, 1, 1, 1, 1, 1, 1, 1, 1, 1, 1, 1, 1, 1, 1, 1, 1, 1, 1, 1, 1, 1, 1, 1, 1, 1, 1, 1, 1, 1, 1, 1, 1, 1, 1, 1, 1, 1, 1, 1, 1, 1, 1, 1, 1, 1, 1, 1, 1, 1, 1, 1, 1, 1, 1, 1, 1, 1, 1, 1, 1, 1, 1, 1, 1, 1, 1, 1, 1, 1, 1, 1, 1, 1, 1, 1, 1, 1, 1, 1, 1, 1, 1, 1, 1, 1, 1, 1
-999999, -999999, -999999, -999999, -999999, -999999, -999999, -999999, -999999, -999999, -999999, -999999, -999999, -999999, -999999, -999999, -999999, -999999, -999999, -999999, -999999, -999999, -999999, -999999, -999999, -999999, -999999, -999999, -999999, -999999, -999999, -999999, -999999, -999999, -999999, -999999, -999999, -999999, -999999, -999999, -999999, -999999, -999999, -999999, -999999, -999999, -999999, -999999, -999999, -999999, -999999, -999999, -999999, -999999, -999999, -999999, -999999, -999999, -999999, -999999, -999999, -999999, -999999, -999999, -999999, -999999, -999999, -999999, -999999, -999999, -999999, -999999, -999999, -999999, -999999, -999999, -999999, -999999, -999999, -999999, -999999, -999999, -999999, -999999, -999999, -999999, -999999, -999999, -999999, -999999, -999999, -999999, -999999, -999999, -999999, -999999, -999999, -999999, -999999
JDAY, days
INDEX, none
FLIGHT, none
LOCAL_SUN_TIME, hour
LATITUDE, degs
LONGITUDE, degs
ALTP, km
PRESSURE, hPa
TEMPERATURE, K
THETA, K, calculated from ambient temperature and pressure
O3COLUMN, DU, OMI ozone column data extracted along flight track
SZA, deg
WNS, m/s
WND, Degs
GPS_ALT, km
GRD_SPD, m/s
TAS, m/s
IAS, m/s
MachNumber, mach
VerticalSpeed, ft min-1
HDG, degs
TRK, degs
DifferentialPressure, hPa
PITCH, degs
ROLL, degs
PotentialTemp_Nav, K
Dewpoint, K
TotalAirTemp, K
CabinPressure, hPa
SolarZenithAngle, degs
AircraftSunElevation, degs
SunAzimuth, degs
AircraftSunAzimuth, degs
H2O_MixingRatio_Nav, g kg-1
H2O_VaporPressure_Nav, hPa
H2O_SatVaporPressureWater_Nav, hPa
H2O_SatVaporPressureIce_Nav, hPa
H2O_RelativeHumidity_Nav, %
U_WINDS, m s-1
V_WINDS, m s-1
GroundElevation-AMSL_GoogleMaps, km
Altitude-AGL_GoogleMaps, km
O3_MixingRatio, ppbv
CO2_DryMoleFrac_PICARRO, ppm
CH4_DryMoleFrac_PICARRO, ppm
CO_DryMoleFrac_PICARRO, ppm
CO2_MoleFraction_PFP, ppm
CH4_MoleFraction_PFP, ppb
CO_MoleFraction_PFP, ppb
N2O_MoleFraction_PFP, ppb
SF6_CCGG_MoleFraction_PFP, ppt
H2_MoleFraction_PFP, ppb
CH4C13_MoleFraction_PFP, permil
CO2C14_MoleFraction_PFP, permil
F11B_MoleFraction_PFP, ppt
FC12_MoleFraction_PFP, ppt
F13_MoleFraction_PFP, ppt
F113_MoleFraction_PFP, ppt
F115_MoleFraction_PFP, ppt
HF133a_MoleFraction_PFP, ppt
F23_MoleFraction_PFP, ppt
F32_MoleFraction_PFP, ppt
F134A_MoleFraction_PFP, ppt
F152A_MoleFraction_PFP, ppt
F125_MoleFraction_PFP, ppt
F143a_MoleFraction_PFP, ppt
F227e_MoleFraction_PFP, ppt
F365m_MoleFraction_PFP, ppt
H1211_MoleFraction_PFP, ppt
H1301_MoleFraction_PFP, ppt
H2402_MoleFraction_PFP, ppt
MCFA_MoleFraction_PFP, ppt
CF4_MoleFraction_PFP, ppt
C2F6_MoleFraction_PFP, ppt
SO2F2_MoleFraction_PFP, ppt
MEBR_MoleFraction_PFP, ppt
CH3I_MoleFraction_PFP, ppt
DIBR_MoleFraction_PFP, ppt
OCS_MoleFraction_PFP, ppt
[...]
[from data line 2215]
64547,   281,          402216.00,         4.0000000,  12.73602256,   38.8132086,   282.0840884,   0.5472988868,   949.16,   293.7499939,   298.1620157,   250,   45.84204781,   9.923741872,   207.7959706,   0.57738,   93.59721361,   100.5318648,    -999999,  0.2928,    -999999,  164.254,   160.06,   58.12,   -0.6,   -1.04,   299.2899939,   291.8499939,   298.7699939,   972.32,    -999999,   -999999,   -999999,   -999999,  14.521826,   21.65498,   24.36352,   29.66004,   88.886,   4.63,   8.77,   0.25598,   0.3214,   26.64,   407.93,   1.89597,   0.1052,   408.09,   1895.31,   99.68,   330.5,   9.39,   511.44,   -47.57,   10.82,   233.19,   514.43,   3.31,   71.29,   8.66,   0.51,   30.6,   19.74,   109.1,   13.13,   27.49,   22.14,   1.4,   1.06,    -999999,  3.27,   0.4,   2.28,   84.03,   5.73,   2.2,   7.27,   0.75,   0.86,   468.94,   542.97,   45.61,   11.64,   8.43,   102.49,   629.49,   219.12,   94.06,   27.79,   37.2,   62.71,   32.7,    -999999,  0.17,   0.17,   0.65,   0.64,   13.27,   255.4,      -999999  
64552,   281,          402217.00,         4.0000000,  12.73753333,   38.809254,   282.0859166,   0.5415686467,   949.84,   293.6099939,   297.9589387,   250,   45.84292891,   8.931169775,   205.6314274,   0.57356,   92.91815281,   99.38980801,    -999999,  0.2894,    -999999,  163.89,   160.22,   56.84,   1,   -0.3,   299.1099939,   291.8699939,   298.5499939,   972.42,    -999999,   -999999,   -999999,   -999999,  14.529328,   21.68144,   24.154,   29.36642,   89.764,   3.918,   7.964,   0.29192,   0.28164,   25.16,   409.405,   1.899045455,   0.10375,   408.09,   1895.31,   99.68,   330.5,   9.39,   511.44,   -47.57,   10.82,   233.19,   514.43,   3.31,   71.29,   8.66,   0.51,   30.6,   19.74,   109.1,   13.13,   27.49,   22.14,   1.4,   1.06,    -999999,  3.27,   0.4,   2.28,   84.03,   5.73,   2.2,   7.27,   0.75,   0.86,   468.94,   542.97,   45.61,   11.64,   8.43,   102.49,   629.49,   219.12,   94.06,   27.79,   37.2,   62.71,   32.7,    -999999,  0.17,   0.17,   0.65,   0.64,   13.27,   255.4,      -999999  
64557,   281,          402218.00,         4.0000000,  12.73904116,   38.8053464,   282.0877008,   0.5460796867,   949.3,   293.6099939,   298.0073548,   250,   45.84385645,   9.200255202,   205.221389,   0.57772,   91.57032001,   98.33006161,    -999999,  0.2862,    -999999,  164.29,   160.52,   55.56,   1.16,   -0.18,   299.1699939,   291.9899939,   298.4499939,   972.42,    -999999,   -999999,   -999999,   -999999,  14.647986,   21.84218,   24.15396,   29.36636,   90.428,   3.992,   8.22,   0.28108,   0.29664,   25.54,   409.45,   1.9004,   0.1017526316,   408.09,   1895.31,   99.68,   330.5,   9.39,   511.44,   -47.57,   10.82,   233.19,   514.43,   3.31,   71.29,   8.66,   0.51,   30.6,   19.74,   109.1,   13.13,   27.49,   22.14,   1.4,   1.06,    -999999,  3.27,   0.4,   2.28,   84.03,   5.73,   2.2,   7.27,   0.75,   0.86,   468.94,   542.97,   45.61,   11.64,   8.43,   102.49,   629.49,   219.12,   94.06,   27.79,   37.2,   62.71,   32.7,    -999999,  0.17,   0.17,   0.65,   0.64,   13.27,   255.4,      -999999  
64562,   281,          402219.00,         4.0000000,  12.74054572,   38.8014844,   282.0894358,   0.5494324868,   948.94,   293.7499939,   298.1817641,   250,   45.84482792,   9.883389016,   208.2265631,   0.58246,   90.30479761,   97.26002641,    -999999,  0.2832,    -999999,  165.054,   160.76,   54.32,   1.62,   -0.32,   299.3099939,   291.7699939,   298.4699939,   972.3,    -999999,   -999999,   -999999,   -999999,  14.449146,   21.54418,   24.36348,   29.66,   88.428,   4.702,   8.584,   0.24068,   0.34178,   25.86,   408.465,   1.89771,   0.1081,   408.09,   1895.31,   99.68,   330.5,   9.39,   511.44,   -47.57,   10.82,   233.19,   514.43,   3.31,   71.29,   8.66,   0.51,   30.6,   19.74,   109.1,   13.13,   27.49,   22.14,   1.4,   1.06,    -999999,  3.27,   0.4,   2.28,   84.03,   5.73,   2.2,   7.27,   0.75,   0.86,   468.94,   542.97,   45.61,   11.64,   8.43,   102.49,   629.49,   219.12,   94.06,   27.79,   37.2,   62.71,   32.7,    -999999,  0.17,   0.17,   0.65,   0.64,   13.27,   255.4,      -999999  
64567,   281,          402220.00,         4.0000000,  12.74204658,   38.7976696,   282.0911154,   0.5576620869,   948,   293.8299939,   298.34744,   250,   45.84584349,   9.84194792,   206.832641,   0.59124,   88.98783121,   96.14883601,    -999999,  0.28,    -999999,  165.424,   161.24,   53,   1.18,   0.06,   299.4499939,   291.8299939,   298.4299939,   972.22,    -999999,   -999999,   -999999,   -999999,  14.522014,   21.62874,   24.48456,   29.83004,   88.334,   4.456,   8.708,   0.1974,   0.39384,   25.74,   408.03,   1.89504,   0.09965,    -999999,   -999999,   -999999,   -999999,   -999999,   -999999,   -999999,   -999999,   -999999,   -999999,   -999999,   -999999,   -999999,   -999999,   -999999,   -999999,   -999999,   -999999,   -999999,   -999999,   -999999,   -999999,   -999999,   -999999,   -999999,   -999999,   -999999,   -999999,   -999999,   -999999,   -999999,   -999999,   -999999,   -999999,   -999999,   -999999,   -999999,   -999999,   -999999,   -999999,   -999999,   -999999,   -999999,   -999999,   -999999,   -999999,   -999999,   -999999,   -999999,   -999999,   -999999,   -999999,        0.55400000  
64572,   281,          402221.00,         4.0000000,  12.74354414,   38.7938886,   282.0927454,   0.5618073669,   947.54,   293.7099939,   298.2669533,   250,   45.84689135,   8.884567977,   207.5580582,   0.59556,   88.24703761,   94.62609361,    -999999,  0.2756,    -999999,  165.218,   161.34,   51.3,   1.18,   -1.04,   299.4099939,   291.9099939,   298.1299939,   971.92,    -999999,   -999999,   -999999,   -999999,  14.602024,   21.73472,   24.30344,   29.57586,   89.434,   4.116,   7.832,   0.16914,   0.42642,   27.9,   409.275,   1.90148,   0.1025,    -999999,   -999999,   -999999,   -999999,   -999999,   -999999,   -999999,   -999999,   -999999,   -999999,   -999999,   -999999,   -999999,   -999999,   -999999,   -999999,   -999999,   -999999,   -999999,   -999999,   -999999,   -999999,   -999999,   -999999,   -999999,   -999999,   -999999,   -999999,   -999999,   -999999,   -999999,   -999999,   -999999,   -999999,   -999999,   -999999,   -999999,   -999999,   -999999,   -999999,   -999999,   -999999,   -999999,   -999999,   -999999,   -999999,   -999999,   -999999,   -999999,   -999999,   -999999,   -999999,        0.65720000  
64577,   281,          402222.00,         4.0000000,  12.74504105,   38.7901332,   282.0943658,   0.562843687,   947.44,   293.7299939,   298.2962586,   250,   45.84797192,   9.38760177,   206.2062079,   0.59688,   87.77375281,   94.68782641,    -999999,  0.2754,    -999999,  165.412,   161.42,   51.34,   1.14,   -0.68,   299.4299939,   291.9699939,   298.1899939,   971.84,    -999999,   -999999,   -999999,   -999999,  14.658974,   21.8153,   24.3334,   29.61786,   89.654,   4.15,   8.402,   0.17284,   0.42404,   25.68,   408.755,   1.898654545,   0.09889473684,    -999999,   -999999,   -999999,   -999999,   -999999,   -999999,   -999999,   -999999,   -999999,   -999999,   -999999,   -999999,   -999999,   -999999,   -999999,   -999999,   -999999,   -999999,   -999999,   -999999,   -999999,   -999999,   -999999,   -999999,   -999999,   -999999,   -999999,   -999999,   -999999,   -999999,   -999999,   -999999,   -999999,   -999999,   -999999,   -999999,   -999999,   -999999,   -999999,   -999999,   -999999,   -999999,   -999999,   -999999,   -999999,   -999999,   -999999,   -999999,   -999999,   -999999,   -999999,   -999999,        0.55240000  
64582,   281,          402223.00,         4.0000000,  12.74653678,   38.786397,   282.0959684,   0.564367687,   947.24,   293.8099939,   298.3955007,   250,   45.8490773,   9.472857841,   206.6088528,   0.59714,   87.44451121,   94.36887361,    -999999,  0.2746,    -999999,  165.518,   161.44,   50.96,   -0.34,   -0.72,   299.5299939,   291.8499939,   298.2099939,   971.68,    -999999,   -999999,   -999999,   -999999,  14.549698,   21.65186,   24.45356,   29.78632,   88.544,   4.216,   8.456,   0.15882,   0.43832,   25.6,   408.4,   1.89695,   0.1027631579,    -999999,   -999999,   -999999,   -999999,   -999999,   -999999,   -999999,   -999999,   -999999,   -999999,   -999999,   -999999,   -999999,   -999999,   -999999,   -999999,   -999999,   -999999,   -999999,   -999999,   -999999,   -999999,   -999999,   -999999,   -999999,   -999999,   -999999,   -999999,   -999999,   -999999,   -999999,   -999999,   -999999,   -999999,   -999999,   -999999,   -999999,   -999999,   -999999,   -999999,   -999999,   -999999,   -999999,   -999999,   -999999,   -999999,   -999999,   -999999,   -999999,   -999999,   -999999,   -999999,        0.51760000  
64587,   281,          402224.00,         4.0000000,  12.74803306,   38.7826376,   282.0975792,   0.5513222468,   948.74,   293.6899939,   298.1388135,   250,   45.85017207,   8.861347676,   206.027231,   0.58176,   88.80263281,   95.29486561,    -999999,  0.2776,    -999999,  165.178,   161.42,   52.14,   -1.44,   -1.56,   299.2699939,   292.0499939,   298.2099939,   971.68,    -999999,   -999999,   -999999,   -999999,  14.714602,   21.9263,   24.27344,   29.53372,   90.33,   3.854,   8.096,   0.17458,   0.40718,   25.48,   409.156,   1.90155,   0.1051578947,    -999999,   -999999,   -999999,   -999999,   -999999,   -999999,   -999999,   -999999,   -999999,   -999999,   -999999,   -999999,   -999999,   -999999,   -999999,   -999999,   -999999,   -999999,   -999999,   -999999,   -999999,   -999999,   -999999,   -999999,   -999999,   -999999,   -999999,   -999999,   -999999,   -999999,   -999999,   -999999,   -999999,   -999999,   -999999,   -999999,   -999999,   -999999,   -999999,   -999999,   -999999,   -999999,   -999999,   -999999,   -999999,   -999999,   -999999,   -999999,   -999999,   -999999,   -999999,   -999999,        0.57860000  
64592,   281,          402225.00,         4.0000000,  12.7495318,   38.7788248,   282.099227,   0.5382158467,   950.22,   293.6299939,   297.9451832,   250,   45.85123327,   8.412812931,   202.6054805,   0.56934,   89.67718081,   96.14883601,    -999999,  0.2798,    -999999,  164.518,   161.2,   53.16,   -0.08,   -1.04,   299.0499939,   292.2299939,   298.2099939,   972.16,    -999999,   -999999,   -999999,   -999999,  14.859814,   22.17214,   24.18382,   29.4082,   91.68,   3.182,   7.796,   0.1835,   0.38584,   25.12,   409.64,   1.902611111,   0.104355,    -999999,   -999999,   -999999,   -999999,   -999999,   -999999,   -999999,   -999999,   -999999,   -999999,   -999999,   -999999,   -999999,   -999999,   -999999,   -999999,   -999999,   -999999,   -999999,   -999999,   -999999,   -999999,   -999999,   -999999,   -999999,   -999999,   -999999,   -999999,   -999999,   -999999,   -999999,   -999999,   -999999,   -999999,   -999999,   -999999,   -999999,   -999999,   -999999,   -999999,   -999999,   -999999,   -999999,   -999999,   -999999,   -999999,   -999999,   -999999,   -999999,   -999999,   -999999,   -999999,        0.68780000  
64597,   281,          402226.00,         4.0000000,  12.75103093,   38.7749944,   282.1008806,   0.5315712066,   950.96,   293.6499939,   297.8992115,   250,   45.85228884,   7.896873649,   203.7802658,   0.56252,   89.84180161,   95.85046081,    -999999,  0.2792,    -999999,  164.686,   161.52,   52.86,   0.12,   -0.42,   299.0299939,   292.3299939,   298.2299939,   972.16,    -999999,   -999999,   -999999,   -999999,  14.943032,   22.31072,   24.2137,   29.45,   92.138,   3.16,   7.268,   0.20292,   0.3596,   24.52,   409.865,   1.90385,   0.1097777778,    -999999,   -999999,   -999999,   -999999,   -999999,   -999999,   -999999,   -999999,   -999999,   -999999,   -999999,   -999999,   -999999,   -999999,   -999999,   -999999,   -999999,   -999999,   -999999,   -999999,   -999999,   -999999,   -999999,   -999999,   -999999,   -999999,   -999999,   -999999,   -999999,   -999999,   -999999,   -999999,   -999999,   -999999,   -999999,   -999999,   -999999,   -999999,   -999999,   -999999,   -999999,   -999999,   -999999,   -999999,   -999999,   -999999,   -999999,   -999999,   -999999,   -999999,   -999999,   -999999,        0.70600000  
64602,   281,          402227.00,         4.0000000,  12.75252923,   38.7711558,   282.1025218,   0.5257800065,   951.64,   293.5899939,   297.7775214,   250,   45.85334398,   7.263787819,   200.2044994,   0.55726,   89.88295681,   95.65497361,    -999999,  0.2784,    -999999,  164.096,   161.36,   52.7,   0.42,   -0.94,   298.8899939,   292.6699939,   298.1299939,   972.12,    -999999,   -999999,   -999999,   -999999,  15.259582,   22.78834,   24.12436,   29.3249,   94.464,   2.502,   6.832,   0.19368,   0.36358,   26.52,   410.645,   1.90695,   0.1118421053,    -999999,   -999999,   -999999,   -999999,   -999999,   -999999,   -999999,   -999999,   -999999,   -999999,   -999999,   -999999,   -999999,   -999999,   -999999,   -999999,   -999999,   -999999,   -999999,   -999999,   -999999,   -999999,   -999999,   -999999,   -999999,   -999999,   -999999,   -999999,   -999999,   -999999,   -999999,   -999999,   -999999,   -999999,   -999999,   -999999,   -999999,   -999999,   -999999,   -999999,   -999999,   -999999,   -999999,   -999999,   -999999,   -999999,   -999999,   -999999,   -999999,   -999999,   -999999,   -999999,        0.64960000  
64607,   281,          402228.00,         4.0000000,  12.75402672,   38.7673168,   282.1041508,   0.5232806465,   951.94,   293.6499939,   297.8115563,   250,   45.85440624,   7.925736189,   205.84603,   0.55446,   89.74920241,   95.61381841,    -999999,  0.2784,    -999999,  165.38,   162.08,   52.62,   0.36,   1.02,   298.9499939,   292.6099939,   298.2099939,   972.12,    -999999,   -999999,   -999999,   -999999,  15.19629,   22.7032,   24.21396,   29.45038,   93.762,   3.506,   7.12,   0.18692,   0.36754,   24.18,   410.17,   1.904611111,   0.1087789474,    -999999,   -999999,   -999999,   -999999,   -999999,   -999999,   -999999,   -999999,   -999999,   -999999,   -999999,   -999999,   -999999,   -999999,   -999999,   -999999,   -999999,   -999999,   -999999,   -999999,   -999999,   -999999,   -999999,   -999999,   -999999,   -999999,   -999999,   -999999,   -999999,   -999999,   -999999,   -999999,   -999999,   -999999,   -999999,   -999999,   -999999,   -999999,   -999999,   -999999,   -999999,   -999999,   -999999,   -999999,   -999999,   -999999,   -999999,   -999999,   -999999,   -999999,   -999999,   -999999,        0.66100000  
