inputs/ACTAMERICA_Merge/B200/ACTAMERICA-mrg05-b200_merge_20171106_R0.ict
138, 1001
Shook, Michael
NASA Atmospheric Composition Branch, NASA Langley Research Center (SSAI)
Merged data file for ACT-AMERICA Fall 2017, Flight 20 (20171106), on the b200 platform. Data is merged to 05 seconds.
NASA ACT-AMERICA Fall 2017
1, 1
2017, 11, 06, 2018, 07, 11
05
UTC,s
99
1, 1, 1, 1, 1, 1, 1, 1, 1, 1, 1, 1, 1, 1, 1, 1, 1, 1, 1, 1, 1, 1, 1, 1, 1, 1, 1, 1, 1, 1, 1, 1, 1, 1, 1, 1, 1, 1, 1, 1, 1, 1, 1, 1, 1, 1, 1, 1, 1, 1, 1, 1, 1, 1, 1, 1, 1, 1, 1, 1, 1, 1, 1, 1, 1, 1, 1, 1, 1, 1, 1, 1, 1, 1, 1, 1, 1, 1, 1, 1, 1, 1, 1, 1, 1, 1, 1, 1, 1, 1, 1, 1, 1, 1, 1, 1, 1, 1, 1
-999999, -999999, -999999, -999999, -999999, -999999, -999999, -999999, -999999, -999999, -999999, -999999, -999999, -999999, -999999, -999999, -999999, -999999, -999999, -999999, -999999, -999999, -999999, -999999, -999999, -999999, -999999, -999999, -999999, -999999, -999999, -999999, -999999, -999999, -999999, -999999, -999999, -999999, -999999, -999999, -999999, -999999, -999999, -999999, -999999, -999999, -999999, -999999, -999999, -999999, -999999, -999999, -999999, -999999, -999999, -999999, -999999, -999999, -999999, -999999, -999999, -999999, -999999, -999999, -999999, -999999, -999999, -999999, -999999, -999999, -999999, -999999, -999999, -999999, -999999, -999999, -999999, -999999, -999999, -999999, -999999, -999999, -999999, -999999, -999999, -999999, -999999, -999999, -999999, -999999, -999999, -999999, -999999, -999999, -999999, -999999, -999999, -999999, -999999
JDAY, days
INDEX, none
FLIGHT, none
LOCAL_SUN_TIME, hour
LATITUDE, degs
LONGITUDE, degs
ALTP, km
PRESSURE, hPa
TEMPERATURE, K
THETA, K, calculated from ambient temperature and pressure
O3COLUMN, DU, OMI ozone column data extracted along flight track
SZA, deg
WNS, m/s
WND, Degs
GPS_ALT, km
GRD_SPD, m/s
TAS, m/s
IAS, m/s
MachNumber, mach
VerticalSpeed, ft min-1
HDG, degs
TRK, degs
DifferentialPressure, hPa
PITCH, degs
ROLL, degs
PotentialTemp_Nav, K
Dewpoint, K
TotalAirTemp, K
CabinPressure, hPa
SolarZenithAngle, degs
AircraftSunElevation, degs
SunAzimuth, degs
AircraftSunAzimuth, degs
H2O_MixingRatio_Nav, g kg-1
H2O_VaporPressure_Nav, hPa
H2O_SatVaporPressureWater_Nav, hPa
H2O_SatVaporPressureIce_Nav, hPa
H2O_RelativeHumidity_Nav, %
U_WINDS, m s-1
V_WINDS, m s-1
GroundElevation-AMSL_GoogleMaps, km
Altitude-AGL_GoogleMaps, km
O3_MixingRatio, ppbv
CO2_DryMoleFrac_PICARRO, ppm
CH4_DryMoleFrac_PICARRO, ppm
CO_DryMoleFrac_PICARRO, ppm
CO2_MoleFraction_PFP, ppm
CH4_MoleFraction_PFP, ppb
CO_MoleFraction_PFP, ppb
N2O_MoleFraction_PFP, ppb
SF6_CCGG_MoleFraction_PFP, ppt
H2_MoleFraction_PFP, ppb
CH4C13_MoleFraction_PFP, permil
CO2C14_MoleFraction_PFP, permil
F11B_MoleFraction_PFP, ppt
FC12_MoleFraction_PFP, ppt
F13_MoleFraction_PFP, ppt
F113_MoleFraction_PFP, ppt
F115_MoleFraction_PFP, ppt
HF133a_MoleFraction_PFP, ppt
F23_MoleFraction_PFP, ppt
F32_MoleFraction_PFP, ppt
F134A_MoleFraction_PFP, ppt
F152A_MoleFraction_PFP, ppt
F125_MoleFraction_PFP, ppt
F143a_MoleFraction_PFP, ppt
F227e_MoleFraction_PFP, ppt
F365m_MoleFraction_PFP, ppt
H1211_MoleFraction_PFP, ppt
H1301_MoleFraction_PFP, ppt
H2402_MoleFraction_PFP, ppt
MCFA_MoleFraction_PFP, ppt
CF4_MoleFraction_PFP, ppt
C2F6_MoleFraction_PFP, ppt
SO2F2_MoleFraction_PFP, ppt
MEBR_MoleFraction_PFP, ppt
CH3I_MoleFraction_PFP, ppt
DIBR_MoleFraction_PFP, ppt
OCS_MoleFraction_PFP, ppt
[...]
[from data line 472]
68472,   310,          2000473.0,         20.000000,  12.75784916,   30.2600872,   266.0573208,   4.546274936,   573.626,   271.0139939,   317.6544265,   263,   47.50725249,   11.00546413,   264.8685144,   4.81356,   112.8887136,   113.7735504,    -999999,  0.345,    -999999,  182.248,   176.7,   49.16,   1.27,   -0.818,   318.9019939,   264.2779939,   277.4539939,   973.786,    -999999,   -999999,   -999999,   -999999,  3.425218,   3.14162,   5.24054,   5.13262,   61.208,   10.932,   0.992,   0.02014,   4.79342,   33.44,   404.03,   1.871433333,   0.07871176471,    -999999,   -999999,   -999999,   -999999,   -999999,   -999999,   -999999,   -999999,   -999999,   -999999,   -999999,   -999999,   -999999,   -999999,   -999999,   -999999,   -999999,   -999999,   -999999,   -999999,   -999999,   -999999,   -999999,   -999999,   -999999,   -999999,   -999999,   -999999,   -999999,   -999999,   -999999,   -999999,   -999999,   -999999,   -999999,   -999999,   -999999,   -999999,   -999999,   -999999,   -999999,   -999999,   -999999,   -999999,   -999999,   -999999,   -999999,   -999999,   -999999,   -999999,   -999999,   -999999,        0.40560000  
68477,   310,          2000474.0,         20.000000,  12.75926048,   30.2550118,   266.0576572,   4.544750936,   573.738,   271.0619939,   317.6929656,   263,   47.50705159,   11.00474582,   264.9716232,   4.81254,   113.0327568,   113.897016,    -999999,  0.345,    -999999,  182.242,   176.7,   49.28,   1.312,   -1.072,   318.9439939,   264.2599939,   277.5199939,   973.798,    -999999,   -999999,   -999999,   -999999,  3.41882,   3.13642,   5.25918,   5.15326,   60.862,   10.988,   0.97,   0.00968,   4.80286,   34.56,   404,   1.87069,   0.07784761905,    -999999,   -999999,   -999999,   -999999,   -999999,   -999999,   -999999,   -999999,   -999999,   -999999,   -999999,   -999999,   -999999,   -999999,   -999999,   -999999,   -999999,   -999999,   -999999,   -999999,   -999999,   -999999,   -999999,   -999999,   -999999,   -999999,   -999999,   -999999,   -999999,   -999999,   -999999,   -999999,   -999999,   -999999,   -999999,   -999999,   -999999,   -999999,   -999999,   -999999,   -999999,   -999999,   -999999,   -999999,   -999999,   -999999,   -999999,   -999999,   -999999,   -999999,   -999999,   -999999,        0.45100000  
68482,   310,          2000475.0,         20.000000,  12.76067217,   30.2499258,   266.0579992,   4.544263256,   573.78,   271.1099939,   317.7425776,   263,   47.50685124,   10.97595215,   264.2766688,   4.81246,   113.1150672,   114.0925032,    -999999,  0.3458,    -999999,  182.136,   176.62,   49.44,   1.334,   -1.146,   318.9919939,   263.8179939,   277.5899939,   974.024,    -999999,   -999999,   -999999,   -999999,  3.300388,   3.02856,   5.27784,   5.17402,   58.536,   10.912,   1.096,   0.00904,   4.80342,   35.94,   404.0257143,   1.870492308,   0.08303157895,    -999999,   -999999,   -999999,   -999999,   -999999,   -999999,   -999999,   -999999,   -999999,   -999999,   -999999,   -999999,   -999999,   -999999,   -999999,   -999999,   -999999,   -999999,   -999999,   -999999,   -999999,   -999999,   -999999,   -999999,   -999999,   -999999,   -999999,   -999999,   -999999,   -999999,   -999999,   -999999,   -999999,   -999999,   -999999,   -999999,   -999999,   -999999,   -999999,   -999999,   -999999,   -999999,   -999999,   -999999,   -999999,   -999999,   -999999,   -999999,   -999999,   -999999,   -999999,   -999999,        0.34640000  
68487,   310,          2000476.0,         20.000000,  12.76208439,   30.2448344,   266.0583492,   4.544629016,   573.752,   271.1299939,   317.7704483,   263,   47.50665699,   10.92770718,   264.2703492,   4.81244,   113.1870888,   114.154236,    -999999,  0.346,    -999999,  182.088,   176.6,   49.5,   1.322,   -0.856,   319.0199939,   263.8139939,   277.6139939,   974.006,    -999999,   -999999,   -999999,   -999999,  3.299472,   3.02758,   5.2856,   5.18266,   58.418,   10.936,   1.1,   0.00872,   4.80372,   28.46,   403.975,   1.870154545,   0.07627857143,    -999999,   -999999,   -999999,   -999999,   -999999,   -999999,   -999999,   -999999,   -999999,   -999999,   -999999,   -999999,   -999999,   -999999,   -999999,   -999999,   -999999,   -999999,   -999999,   -999999,   -999999,   -999999,   -999999,   -999999,   -999999,   -999999,   -999999,   -999999,   -999999,   -999999,   -999999,   -999999,   -999999,   -999999,   -999999,   -999999,   -999999,   -999999,   -999999,   -999999,   -999999,   -999999,   -999999,   -999999,   -999999,   -999999,   -999999,   -999999,   -999999,   -999999,   -999999,   -999999,        0.36700000  
68492,   310,          2000477.0,         20.000000,  12.76349639,   30.2397406,   266.0586958,   4.544141336,   573.788,   271.1339939,   317.7694398,   263,   47.50646921,   10.89052417,   265.1966739,   4.81208,   113.2488216,   114.051348,    -999999,  0.3454,    -999999,  182.158,   176.68,   49.42,   1.308,   -0.78,   319.0159939,   263.8519939,   277.6079939,   974.19,    -999999,   -999999,   -999999,   -999999,  3.309324,   3.03676,   5.2872,   5.18442,   58.576,   10.86,   0.918,   0.0087,   4.80338,   31.54,   403.99,   1.8701,   0.08123809524,    -999999,   -999999,   -999999,   -999999,   -999999,   -999999,   -999999,   -999999,   -999999,   -999999,   -999999,   -999999,   -999999,   -999999,   -999999,   -999999,   -999999,   -999999,   -999999,   -999999,   -999999,   -999999,   -999999,   -999999,   -999999,   -999999,   -999999,   -999999,   -999999,   -999999,   -999999,   -999999,   -999999,   -999999,   -999999,   -999999,   -999999,   -999999,   -999999,   -999999,   -999999,   -999999,   -999999,   -999999,   -999999,   -999999,   -999999,   -999999,   -999999,   -999999,   -999999,   -999999,        0.45520000  
68497,   310,          2000478.0,         20.000000,  12.76490797,   30.2346434,   266.0590362,   4.544689976,   573.748,   271.1859939,   317.8367147,   263,   47.50628632,   11.0447962,   265.0794242,   4.81222,   113.3105544,   114.154236,    -999999,  0.346,    -999999,  182.23,   176.68,   49.46,   1.346,   -1.082,   319.0879939,   263.9619939,   277.6719939,   974.188,    -999999,   -999999,   -999999,   -999999,  3.33847,   3.06316,   5.30756,   5.20698,   58.824,   11.012,   0.954,   0.0086,   4.80362,   33.9,   404.035,   1.869884615,   0.07065,   403.39,   1870.25,   76.32,   329.9,   9.6,   525.79,   -47.51,    -999999,  231.07,   513.55,   3.3,   70.54,   8.71,   0.47,   31.06,   14.54,   100.99,   6.85,   24.49,   21.68,   1.33,   1,    -999999,  3.36,   0.4,   2.17,   83.94,   5.08,   2.28,   6.98,   0.29,   0.91,    -999999,  565.42,   35.91,   8.22,   5.26,   43.63,   578.55,   75.94,   5.88,   4.59,   1.59,   1.9,   9.03,    -999999,  0.14,   0.16,   0.18,   0.6,   1.76,   243.15,         0.44060000  
68502,   310,          2000479.0,         20.000000,  12.7663197,   30.229544,   266.0593788,   4.544507096,   573.76,   271.1939939,   317.8441915,   263,   47.50611133,   11.0284791,   264.8517658,   4.8122,   113.331132,   114.2159688,    -999999,  0.346,    -999999,  182.218,   176.68,   49.54,   1.324,   -0.96,   319.0919939,   264.0419939,   277.6859939,   974.218,    -999999,   -999999,   -999999,   -999999,  3.359346,   3.08226,   5.3107,   5.21048,   59.154,   11.024,   0.984,   0.0082,   4.804,   35.58,   404.11,   1.8699,   0.08278333333,   403.39,   1870.25,   76.32,   329.9,   9.6,   525.79,   -47.51,    -999999,  231.07,   513.55,   3.3,   70.54,   8.71,   0.47,   31.06,   14.54,   100.99,   6.85,   24.49,   21.68,   1.33,   1,    -999999,  3.36,   0.4,   2.17,   83.94,   5.08,   2.28,   6.98,   0.29,   0.91,    -999999,  565.42,   35.91,   8.22,   5.26,   43.63,   578.55,   75.94,   5.88,   4.59,   1.59,   1.9,   9.03,    -999999,  0.14,   0.16,   0.18,   0.6,   1.76,   243.15,         0.36260000  
68507,   310,          2000480.0,         20.000000,  12.76773152,   30.2244432,   266.0597228,   4.544263256,   573.78,   271.2399939,   317.8949384,   263,   47.50594486,   11.18902408,   264.8249771,   4.81198,   113.382576,   114.2777016,    -999999,  0.346,    -999999,  182.216,   176.6,   49.58,   1.32,   -0.984,   319.1459939,   264.1559939,   277.7379939,   973.992,    -999999,   -999999,   -999999,   -999999,  3.389544,   3.10992,   5.32872,   5.2305,   59.458,   11.07,   1.002,   0.008,   4.80398,   35.78,   404.044,   1.8694,   0.078475,   403.39,   1870.25,   76.32,   329.9,   9.6,   525.79,   -47.51,    -999999,  231.07,   513.55,   3.3,   70.54,   8.71,   0.47,   31.06,   14.54,   100.99,   6.85,   24.49,   21.68,   1.33,   1,    -999999,  3.36,   0.4,   2.17,   83.94,   5.08,   2.28,   6.98,   0.29,   0.91,    -999999,  565.42,   35.91,   8.22,   5.26,   43.63,   578.55,   75.94,   5.88,   4.59,   1.59,   1.9,   9.03,    -999999,  0.14,   0.16,   0.18,   0.6,   1.76,   243.15,         0.32420000  
68512,   310,          2000481.0,         20.000000,  12.7691433,   30.2193406,   266.0600662,   4.543897496,   573.806,   271.2859939,   317.9447344,   263,   47.50578607,   11.03670531,   264.7685312,   4.81198,   113.3928648,   114.2982792,    -999999,  0.346,    -999999,  182.238,   176.7,   49.6,   1.332,   -0.966,   319.1899939,   264.6159939,   277.7859939,   974.25,    -999999,   -999999,   -999999,   -999999,  3.514366,   3.22396,   5.3469,   5.25064,   61.402,   11.06,   1.002,   0.00802,   4.80396,   32.84,   404.0466667,   1.86945,   0.08202380952,   403.39,   1870.25,   76.32,   329.9,   9.6,   525.79,   -47.51,    -999999,  231.07,   513.55,   3.3,   70.54,   8.71,   0.47,   31.06,   14.54,   100.99,   6.85,   24.49,   21.68,   1.33,   1,    -999999,  3.36,   0.4,   2.17,   83.94,   5.08,   2.28,   6.98,   0.29,   0.91,    -999999,  565.42,   35.91,   8.22,   5.26,   43.63,   578.55,   75.94,   5.88,   4.59,   1.59,   1.9,   9.03,    -999999,  0.14,   0.16,   0.18,   0.6,   1.76,   243.15,         0.38700000  
68517,   310,          2000482.0,         20.000000,  12.77055514,   30.2142374,   266.0604104,   4.543836536,   573.81,   271.2919939,   317.951133,   263,   47.50563643,   11.13863364,   264.948085,   4.81224,   113.43402,   114.2982792,    -999999,  0.346,    -999999,  182.19,   176.6,   49.6,   1.35,   -1.06,   319.2019939,   264.8439939,   277.7939939,   974.172,    -999999,   -999999,   -999999,   -999999,  3.57747,   3.28154,   5.34922,   5.25328,   62.466,   11.038,   0.99,   0.00776,   4.80448,   32.56,   404,   1.8692,   0.08013333333,    -999999,   -999999,   -999999,   -999999,   -999999,   -999999,   -999999,   -999999,   -999999,   -999999,   -999999,   -999999,   -999999,   -999999,   -999999,   -999999,   -999999,   -999999,   -999999,   -999999,   -999999,   -999999,   -999999,   -999999,   -999999,   -999999,   -999999,   -999999,   -999999,   -999999,   -999999,   -999999,   -999999,   -999999,   -999999,   -999999,   -999999,   -999999,   -999999,   -999999,   -999999,   -999999,   -999999,   -999999,   -999999,   -999999,   -999999,   -999999,   -999999,   -999999,   -999999,   -999999,        0.35440000  
68522,   310,          2000483.0,         20.000000,  12.7719672,   30.2091336,   266.060758,   4.544446136,   573.76,   271.2899939,   317.9567052,   263,   47.50549653,   11.05419253,   264.3040049,   4.81254,   113.43402,   114.411456,    -999999,  0.3464,    -999999,  182.14,   176.6,   49.68,   1.348,   -0.92,   319.2079939,   264.9179939,   277.8039939,   974.362,    -999999,   -999999,   -999999,   -999999,  3.598552,   3.30048,   5.34846,   5.25242,   62.838,   10.972,   1.1,   0.00756,   4.80498,   37.12,   404.11,   1.8687625,   0.07738333333,    -999999,   -999999,   -999999,   -999999,   -999999,   -999999,   -999999,   -999999,   -999999,   -999999,   -999999,   -999999,   -999999,   -999999,   -999999,   -999999,   -999999,   -999999,   -999999,   -999999,   -999999,   -999999,   -999999,   -999999,   -999999,   -999999,   -999999,   -999999,   -999999,   -999999,   -999999,   -999999,   -999999,   -999999,   -999999,   -999999,   -999999,   -999999,   -999999,   -999999,   -999999,   -999999,   -999999,   -999999,   -999999,   -999999,   -999999,   -999999,   -999999,   -999999,   -999999,   -999999,        0.43960000  
68527,   310,          2000484.0,         20.000000,  12.77337904,   30.2040304,   266.0611022,   4.544994776,   573.722,   271.2719939,   317.9416254,   263,   47.505366,   11.03765585,   263.5088031,   4.81296,   113.4237312,   114.565788,    -999999,  0.347,    -999999,  182.2,   176.68,   49.86,   1.316,   -0.686,   319.1919939,   264.6059939,   277.8059939,   974.298,    -999999,   -999999,   -999999,   -999999,  3.511964,   3.22132,   5.34132,   5.2445,   61.422,   10.91,   1.25,   0.00862,   4.80434,   39.72,   404.19,   1.86845,   0.07725,    -999999,   -999999,   -999999,   -999999,   -999999,   -999999,   -999999,   -999999,   -999999,   -999999,   -999999,   -999999,   -999999,   -999999,   -999999,   -999999,   -999999,   -999999,   -999999,   -999999,   -999999,   -999999,   -999999,   -999999,   -999999,   -999999,   -999999,   -999999,   -999999,   -999999,   -999999,   -999999,   -999999,   -999999,   -999999,   -999999,   -999999,   -999999,   -999999,   -999999,   -999999,   -999999,   -999999,   -999999,   -999999,   -999999,   -999999,   -999999,   -999999,   -999999,   -999999,   -999999,        0.39840000  
68532,   310,          2000485.0,         20.000000,  12.7747902,   30.198927,   266.0614364,   4.546396856,   573.612,   271.2579939,   317.942635,   263,   47.50524255,   11.00485669,   262.6952636,   4.81392,   113.3928648,   114.6995424,    -999999,  0.3474,    -999999,  182.252,   176.76,   49.94,   1.32,   -1.04,   319.1919939,   264.4779939,   277.8059939,   974.428,    -999999,   -999999,   -999999,   -999999,  3.477442,   3.18922,   5.3358,   5.23836,   60.88,   10.942,   1.384,   0.00862,   4.8053,   35.36,   404.08,   1.869084615,   0.080975,    -999999,   -999999,   -999999,   -999999,   -999999,   -999999,   -999999,   -999999,   -999999,   -999999,   -999999,   -999999,   -999999,   -999999,   -999999,   -999999,   -999999,   -999999,   -999999,   -999999,   -999999,   -999999,   -999999,   -999999,   -999999,   -999999,   -999999,   -999999,   -999999,   -999999,   -999999,   -999999,   -999999,   -999999,   -999999,   -999999,   -999999,   -999999,   -999999,   -999999,   -999999,   -999999,   -999999,   -999999,   -999999,   -999999,   -999999,   -999999,   -999999,   -999999,   -999999,   -999999,        0.38360000  
