inputs/ACTAMERICA_Merge/B200/ACTAMERICA-mrg05-b200_merge_20160827_R0.ict
142, 1001
Shook, Michael
NASA Atmospheric Composition Branch, NASA Langley Research Center (SSAI)
Merged data file for ACT-AMERICA 2016, Flight 24 (20160827), on the b200 platform. Data is merged to 05 seconds.
ACTAmerica - 2016
1, 1
2016, 08, 27, 2018, 09, 19
05
UTC,s
102
1, 1, 1, 1, 1, 1, 1, 1, 1, 1, 1, 1, 1, 1, 1, 1, 1, 1, 1, 1, 1, 1, 1, 1, 1, 1, 1, 1, 1, 1, 1, 1, 1, 1, 1, 1, 1, 1, 1, 1, 1, 1, 1, 1, 1, 1, 1, 1, 1, 1, 1, 1, 1, 1, 1, 1, 1, 1, 1, 1, 1, 1, 1, 1, 1, 1, 1, 1, 1, 1, 1, 1, 1, 1, 1, 1, 1, 1, 1, 1, 1, 1, 1, 1, 1, 1, 1, 1, 1, 1, 1, 1, 1, 1, 1, 1, 1, 1, 1, 1, 1, 1
-999999, -999999, -999999, -999999, -999999, -999999, -999999, -999999, -999999, -999999, -999999, -999999, -999999, -999999, -999999, -999999, -999999, -999999, -999999, -999999, -999999, -999999, -999999, -999999, -999999, -999999, -999999, -999999, -999999, -999999, -999999, -999999, -999999, -999999, -999999, -999999, -999999, -999999, -999999, -999999, -999999, -999999, -999999, -999999, -999999, -999999, -999999, -999999, -999999, -999999, -999999, -999999, -999999, -999999, -999999, -999999, -999999, -999999, -999999, -999999, -999999, -999999, -999999, -999999, -999999, -999999, -999999, -999999, -999999, -999999, -999999, -999999, -999999, -999999, -999999, -999999, -999999, -999999, -999999, -999999, -999999, -999999, -999999, -999999, -999999, -999999, -999999, -999999, -999999, -999999, -999999, -999999, -999999, -999999, -999999, -999999, -999999, -999999, -999999, -999999, -999999, -999999
JDAY, days
INDEX, none
FLIGHT, none
LOCAL_SUN_TIME, hour
LATITUDE, degs
LONGITUDE, degs
ALTP, km
PRESSURE, hPa
TEMPERATURE, K
THETA, K, calculated from ambient temperature and pressure
O3COLUMN, DU, OMI ozone column data extracted along flight track
SZA, deg
WNS, m s-1
WND, Degs
GPS_ALT, km
GRD_SPD, m/s
TAS, m/s
IAS, m/s
MachNumber, mach
VerticalSpeed, ft min-1
HDG, degs
TRK, degs
DifferentialPressure, hPa
DriftAngle, degs
PITCH, degs
ROLL, degs
PotentialTemp_Nav, K
Dewpoint, K
TotalAirTemp, K
StaticPressure, hPa
CabinPressure, hPa
SolarZenithAngle, degs
AircraftSunElevation, degs
SunAzimuth, degs
AircraftSunAzimuth, degs
H2O_MixingRatio_Nav, g kg-1
H2O_VaporPressure_Nav, hPa
H2O_SatVaporPressureWater_Nav, hPa
H2O_SatVaporPressureIce_Nav, hPa
H2O_RelativeHumidity_Nav, %
ManeuverFlag, none
U_WINDS, m s-1
V_WINDS, m s-1
GroundElevation-AMSL_GoogleMaps, km
Altitude-AGL_GoogleMaps, km
O3_MoleFraction, ppb
CO2_DryMoleFrac_PICARRO, ppm
CH4_DryMoleFrac_PICARRO, ppm
CO_DryMoleFrac_PICARRO, ppm
CO2_MoleFraction_PFP, ppm
CH4_MoleFraction_PFP, ppb
CO_MoleFraction_PFP, ppb
N2O_MoleFraction_PFP, ppb
SF6_CCGG_MoleFraction_PFP, ppt
H2_MoleFraction_PFP, ppb
CH4C13_MoleFraction_PFP, permil
CO2C14_MoleFraction_PFP, permil
F11B_MoleFraction_PFP, ppt
FC12_MoleFraction_PFP, ppt
F13_MoleFraction_PFP, ppt
F113_MoleFraction_PFP, ppt
F115_MoleFraction_PFP, ppt
HF133a_MoleFraction_PFP, ppt
F23_MoleFraction_PFP, ppt
F32_MoleFraction_PFP, ppt
F134A_MoleFraction_PFP, ppt
F152A_MoleFraction_PFP, ppt
F125_MoleFraction_PFP, ppt
F143a_MoleFraction_PFP, ppt
F227e_MoleFraction_PFP, ppt
F365m_MoleFraction_PFP, ppt
H1211_MoleFraction_PFP, ppt
H1301_MoleFraction_PFP, ppt
H2402_MoleFraction_PFP, ppt
MCFA_MoleFraction_PFP, ppt
CF4_MoleFraction_PFP, ppt
C2F6_MoleFraction_PFP, ppt
SO2F2_MoleFraction_PFP, ppt
MEBR_MoleFraction_PFP, ppt
[...]
[from data line 2653]
76467,   240,          2402654.0,         24.000000,  15.09624244,   33.01304,   267.82072,   4.527621176,   575.02,   274.0099939,   320.9433787,   294,   48.43168399,    -999999,   -999999,  4.665286,   116.2582956,   119.0619936,    -999999,  0.3588,    -999999,  246.442,   249.406,    -999999,   -999999,  0.782,   -2.308,   322.2099939,   256.0299939,   281.0699939,   575.02,   920.76,    -999999,   -999999,   -999999,   -999999,  1.745264,   1.609,   6.5222,   6.57618,   24.67,   6,   -0.448,   4.884,   0.04018,   4.6251,   42.58,   401.705,   1.86235,   0.05845454545,   401.33,   1862.72,   73.54,   328.89,   9.12,   528.85,   -47.67,    -999999,  234.06,   517.87,   3.3,   71.16,   8.55,   0.53,   29.82,   13.71,   98.04,   8.09,   22.22,   20.15,   1.23,   0.97,    -999999,  3.36,   0.42,   2.56,   83.08,   4.57,   2.13,   7.19,   0.17,   0.67,    -999999,  558.23,   46.83,   9.5,   1.73,   26.52,   861.04,   118.32,   9.58,   6.34,   1.93,   2.73,   5.89,   153.92,   0.14,   0.15,   0.62,   0.68,   3.57,   248.34,         0.89340000  
76472,   240,          2402655.0,         24.000000,  15.09724333,   33.01116,   267.8149,   4.531949336,   574.7,   273.9099939,   320.8772802,   294,   48.4431308,    -999999,   -999999,  4.670528,   116.1111658,   118.784196,    -999999,  0.3582,    -999999,  246.126,   249.16,    -999999,   -999999,  1.094,   -1.72,   322.1099939,   256.1299939,   280.9099939,   574.7,   920.26,    -999999,   -999999,   -999999,   -999999,  1.761196,   1.62272,   6.47532,   6.52258,   25.062,   6,   -0.632,   5.018,   0.03598,   4.63456,   40.5,   401.74,   1.86205,   0.06385,   401.33,   1862.72,   73.54,   328.89,   9.12,   528.85,   -47.67,    -999999,  234.06,   517.87,   3.3,   71.16,   8.55,   0.53,   29.82,   13.71,   98.04,   8.09,   22.22,   20.15,   1.23,   0.97,    -999999,  3.36,   0.42,   2.56,   83.08,   4.57,   2.13,   7.19,   0.17,   0.67,    -999999,  558.23,   46.83,   9.5,   1.73,   26.52,   861.04,   118.32,   9.58,   6.34,   1.93,   2.73,   5.89,   153.92,   0.14,   0.15,   0.62,   0.68,   3.57,   248.34,         0.74040000  
76477,   240,          2402656.0,         24.000000,  15.09824689,   33.00932,   267.80912,   4.539020696,   574.16,   273.7899939,   320.8228618,   294,   48.45462311,    -999999,   -999999,  4.677202,   115.8909855,   118.1462904,    -999999,  0.3562,    -999999,  246.068,   249.204,    -999999,   -999999,  0.684,   -1.298,   322.0699939,   256.7699939,   280.7299939,   574.16,   920.04,    -999999,   -999999,   -999999,   -999999,  1.85987,   1.71176,   6.41938,   6.45876,   26.666,   6,   -1.088,   4.93,   0.03142,   4.64576,   39.5,   401.84,   1.8622,   0.058,   401.33,   1862.72,   73.54,   328.89,   9.12,   528.85,   -47.67,    -999999,  234.06,   517.87,   3.3,   71.16,   8.55,   0.53,   29.82,   13.71,   98.04,   8.09,   22.22,   20.15,   1.23,   0.97,    -999999,  3.36,   0.42,   2.56,   83.08,   4.57,   2.13,   7.19,   0.17,   0.67,    -999999,  558.23,   46.83,   9.5,   1.73,   26.52,   861.04,   118.32,   9.58,   6.34,   1.93,   2.73,   5.89,   153.92,   0.14,   0.15,   0.62,   0.68,   3.57,   248.34,         0.71860000  
76482,   240,          2402657.0,         24.000000,  15.09924778,   33.00746,   267.8033,   4.539630296,   574.12,   273.8099939,   320.8526842,   294,   48.46607895,    -999999,   -999999,  4.676742,   116.1831874,   118.1462904,    -999999,  0.3564,    -999999,  246.276,   249.308,    -999999,   -999999,  -0.028,   -1.502,   322.1299939,   256.8499939,   280.7499939,   574.12,   919.58,    -999999,   -999999,   -999999,   -999999,  1.872386,   1.72312,   6.42864,   6.46934,   26.806,   6,   -1.418,   4.638,   0.02546,   4.6513,   40.06,   401.76,   1.862566667,   0.06595454545,   401.33,   1862.72,   73.54,   328.89,   9.12,   528.85,   -47.67,    -999999,  234.06,   517.87,   3.3,   71.16,   8.55,   0.53,   29.82,   13.71,   98.04,   8.09,   22.22,   20.15,   1.23,   0.97,    -999999,  3.36,   0.42,   2.56,   83.08,   4.57,   2.13,   7.19,   0.17,   0.67,    -999999,  558.23,   46.83,   9.5,   1.73,   26.52,   861.04,   118.32,   9.58,   6.34,   1.93,   2.73,   5.89,   153.92,   0.14,   0.15,   0.62,   0.68,   3.57,   248.34,         0.73020000  
76487,   240,          2402658.0,         24.000000,  15.10024733,   33.00562,   267.79746,   4.536582296,   574.36,   273.7099939,   320.6972059,   294,   48.47752628,    -999999,   -999999,  4.6735,   116.8385839,   119.1134376,    -999999,  0.3592,    -999999,  246.094,   249.272,    -999999,   -999999,  0.232,   -1.852,   321.9499939,   256.7499939,   280.7699939,   574.36,   919.28,    -999999,   -999999,   -999999,   -999999,  1.8561,   1.7089,   6.38236,   6.41656,   26.774,   6,   -1.196,   4.974,   0.02938,   4.6441,   39.18,   401.82,   1.86215,   0.06928571429,    -999999,   -999999,   -999999,   -999999,   -999999,   -999999,   -999999,   -999999,   -999999,   -999999,   -999999,   -999999,   -999999,   -999999,   -999999,   -999999,   -999999,   -999999,   -999999,   -999999,   -999999,   -999999,   -999999,   -999999,   -999999,   -999999,   -999999,   -999999,   -999999,   -999999,   -999999,   -999999,   -999999,   -999999,   -999999,   -999999,   -999999,   -999999,   -999999,   -999999,   -999999,   -999999,   -999999,   -999999,   -999999,   -999999,   -999999,   -999999,   -999999,   -999999,   -999999,   -999999,        0.65740000  
76492,   240,          2402659.0,         24.000000,  15.10124689,   33.00374,   267.79162,   4.534936376,   574.48,   273.7699939,   320.7483607,   294,   48.48896317,    -999999,   -999999,  4.672696,   117.1431324,   119.6690328,    -999999,  0.3606,    -999999,  246.184,   249.152,    -999999,   -999999,  0.29,   -2.044,   322.0299939,   256.7299939,   280.9099939,   574.48,   918.76,    -999999,   -999999,   -999999,   -999999,  1.852866,   1.70628,   6.4103,   6.44842,   26.624,   6,   -0.716,   4.586,   0.031,   4.64168,   37.78,   401.722,   1.863455556,   0.061,    -999999,   -999999,   -999999,   -999999,   -999999,   -999999,   -999999,   -999999,   -999999,   -999999,   -999999,   -999999,   -999999,   -999999,   -999999,   -999999,   -999999,   -999999,   -999999,   -999999,   -999999,   -999999,   -999999,   -999999,   -999999,   -999999,   -999999,   -999999,   -999999,   -999999,   -999999,   -999999,   -999999,   -999999,   -999999,   -999999,   -999999,   -999999,   -999999,   -999999,   -999999,   -999999,   -999999,   -999999,   -999999,   -999999,   -999999,   -999999,   -999999,   -999999,   -999999,   -999999,        0.66320000  
76497,   240,          2402660.0,         24.000000,  15.10224511,   33.00184,   267.78576,   4.533412376,   574.6,   273.7899939,   320.7526512,   294,   48.5003796,    -999999,   -999999,  4.670766,   117.4096123,   119.710188,    -999999,  0.361,    -999999,  246.258,   248.934,    -999999,   -999999,  -0.08,   -2.308,   322.0499939,   255.6499939,   280.9499939,   574.6,   918.44,    -999999,   -999999,   -999999,   -999999,  1.69128,   1.55822,   6.41942,   6.4588,   24.272,   6,   -0.836,   4.114,   0.03562,   4.63512,   36.26,   401.56,   1.864344444,   0.062,    -999999,   -999999,   -999999,   -999999,   -999999,   -999999,   -999999,   -999999,   -999999,   -999999,   -999999,   -999999,   -999999,   -999999,   -999999,   -999999,   -999999,   -999999,   -999999,   -999999,   -999999,   -999999,   -999999,   -999999,   -999999,   -999999,   -999999,   -999999,   -999999,   -999999,   -999999,   -999999,   -999999,   -999999,   -999999,   -999999,   -999999,   -999999,   -999999,   -999999,   -999999,   -999999,   -999999,   -999999,   -999999,   -999999,   -999999,   -999999,   -999999,   -999999,   -999999,   -999999,        0.60820000  
76502,   240,          2402661.0,         24.000000,  15.103242,   32.9999,   267.77988,   4.529449976,   574.9,   273.6099939,   320.4939763,   290,   48.51176962,    -999999,   -999999,  4.667026,   117.9137635,   119.9879856,    -999999,  0.362,    -999999,  245.968,   248.658,    -999999,   -999999,  -0.152,   -2.236,   321.7699939,   256.2099939,   280.7899939,   574.9,   918.06,    -999999,   -999999,   -999999,   -999999,  1.772398,   1.63358,   6.33638,   6.36416,   25.782,   6,   -1.11,   4.068,   0.03998,   4.62706,   40.34,   401.775,   1.862,   0.065,    -999999,   -999999,   -999999,   -999999,   -999999,   -999999,   -999999,   -999999,   -999999,   -999999,   -999999,   -999999,   -999999,   -999999,   -999999,   -999999,   -999999,   -999999,   -999999,   -999999,   -999999,   -999999,   -999999,   -999999,   -999999,   -999999,   -999999,   -999999,   -999999,   -999999,   -999999,   -999999,   -999999,   -999999,   -999999,   -999999,   -999999,   -999999,   -999999,   -999999,   -999999,   -999999,   -999999,   -999999,   -999999,   -999999,   -999999,   -999999,   -999999,   -999999,   -999999,   -999999,        0.63480000  
76507,   240,          2402662.0,         24.000000,  15.10424022,   32.99798,   267.77402,   4.526280056,   575.12,   273.6099939,   320.4589434,   290,   48.52318315,    -999999,   -999999,  4.662344,   118.4230591,   120.37896,    -999999,  0.363,    -999999,  245.686,   248.41,    -999999,   -999999,  0.076,   -2.146,   321.7299939,   255.7099939,   280.8299939,   575.12,   917.98,    -999999,   -999999,   -999999,   -999999,  1.69844,   1.5662,   6.33638,   6.36416,   24.718,   6,   -1.198,   4.02,   0.04336,   4.61898,   42.94,   401.81,   1.8613,   0.063,    -999999,   -999999,   -999999,   -999999,   -999999,   -999999,   -999999,   -999999,   -999999,   -999999,   -999999,   -999999,   -999999,   -999999,   -999999,   -999999,   -999999,   -999999,   -999999,   -999999,   -999999,   -999999,   -999999,   -999999,   -999999,   -999999,   -999999,   -999999,   -999999,   -999999,   -999999,   -999999,   -999999,   -999999,   -999999,   -999999,   -999999,   -999999,   -999999,   -999999,   -999999,   -999999,   -999999,   -999999,   -999999,   -999999,   -999999,   -999999,   -999999,   -999999,   -999999,   -999999,        0.64640000  
76512,   240,          2402663.0,         24.000000,  15.10523578,   32.996,   267.76812,   4.522500536,   575.42,   273.7099939,   320.5283042,   290,   48.53454831,    -999999,   -999999,  4.658726,   118.5588713,   120.8625336,    -999999,  0.3646,    -999999,  245.624,   248.27,    -999999,   -999999,  0.642,   -1.782,   321.7899939,   256.1299939,   280.9899939,   575.42,   917.66,    -999999,   -999999,   -999999,   -999999,  1.759222,   1.62296,   6.38246,   6.4167,   25.426,   6,   -0.736,   4.062,   0.05008,   4.60866,   44.06,   401.615,   1.864944444,   0.066,    -999999,   -999999,   -999999,   -999999,   -999999,   -999999,   -999999,   -999999,   -999999,   -999999,   -999999,   -999999,   -999999,   -999999,   -999999,   -999999,   -999999,   -999999,   -999999,   -999999,   -999999,   -999999,   -999999,   -999999,   -999999,   -999999,   -999999,   -999999,   -999999,   -999999,   -999999,   -999999,   -999999,   -999999,   -999999,   -999999,   -999999,   -999999,   -999999,   -999999,   -999999,   -999999,   -999999,   -999999,   -999999,   -999999,   -999999,   -999999,   -999999,   -999999,   -999999,   -999999,        0.62340000  
76517,   240,          2402664.0,         24.000000,  15.10623267,   32.994,   267.76224,   4.522317656,   575.42,   273.8299939,   320.6688303,   290,   48.54592509,    -999999,   -999999,  4.658614,   118.295478,   120.3892488,    -999999,  0.363,    -999999,  245.562,   248.256,    -999999,   -999999,  0.812,   -1.576,   321.9499939,   258.5699939,   281.0699939,   575.42,   917.46,    -999999,   -999999,   -999999,   -999999,  2.168472,   1.99908,   6.43802,   6.48,   31.042,   6,   -1.012,   4.234,   0.04786,   4.61074,   40.26,   401.304,   1.870222222,   0.0695,    -999999,   -999999,   -999999,   -999999,   -999999,   -999999,   -999999,   -999999,   -999999,   -999999,   -999999,   -999999,   -999999,   -999999,   -999999,   -999999,   -999999,   -999999,   -999999,   -999999,   -999999,   -999999,   -999999,   -999999,   -999999,   -999999,   -999999,   -999999,   -999999,   -999999,   -999999,   -999999,   -999999,   -999999,   -999999,   -999999,   -999999,   -999999,   -999999,   -999999,   -999999,   -999999,   -999999,   -999999,   -999999,   -999999,   -999999,   -999999,   -999999,   -999999,   -999999,   -999999,        0.66620000  
76522,   240,          2402665.0,         24.000000,  15.10722956,   32.99204,   267.75636,   4.525304696,   575.22,   273.7099939,   320.5601418,   290,   48.55731533,    -999999,   -999999,  4.662902,   118.0331136,   120.2966496,    -999999,  0.3628,    -999999,  245.394,   248.366,    -999999,   -999999,  0.698,   -0.888,   321.8299939,   262.9499939,   280.9299939,   575.22,   917.08,    -999999,   -999999,   -999999,   -999999,  3.078142,   2.83264,   6.38242,   6.41658,   44.386,   6,   -1.068,   4.772,   0.04642,   4.61648,   41.78,   401.6166667,   1.8637,   0.0665,    -999999,   -999999,   -999999,   -999999,   -999999,   -999999,   -999999,   -999999,   -999999,   -999999,   -999999,   -999999,   -999999,   -999999,   -999999,   -999999,   -999999,   -999999,   -999999,   -999999,   -999999,   -999999,   -999999,   -999999,   -999999,   -999999,   -999999,   -999999,   -999999,   -999999,   -999999,   -999999,   -999999,   -999999,   -999999,   -999999,   -999999,   -999999,   -999999,   -999999,   -999999,   -999999,   -999999,   -999999,   -999999,   -999999,   -999999,   -999999,   -999999,   -999999,   -999999,   -999999,        0.61760000  
76527,   240,          2402666.0,         24.000000,  15.10822911,   32.9901,   267.75052,   4.531827416,   574.72,   273.5299939,   320.4289357,   290,   48.56874509,    -999999,   -999999,  4.667728,   117.9312545,   120.7493568,    -999999,  0.3642,    -999999,  245.532,   248.742,    -999999,   -999999,  0.248,   -0.766,   321.6699939,   260.6499939,   280.7699939,   574.72,   916.86,    -999999,   -999999,   -999999,   -999999,  2.567064,   2.36218,   6.29986,   6.3226,   37.484,   6,   -0.796,   5.47,   0.04194,   4.62576,   41.84,   401.745,   1.862388889,   0.068,    -999999,   -999999,   -999999,   -999999,   -999999,   -999999,   -999999,   -999999,   -999999,   -999999,   -999999,   -999999,   -999999,   -999999,   -999999,   -999999,   -999999,   -999999,   -999999,   -999999,   -999999,   -999999,   -999999,   -999999,   -999999,   -999999,   -999999,   -999999,   -999999,   -999999,   -999999,   -999999,   -999999,   -999999,   -999999,   -999999,   -999999,   -999999,   -999999,   -999999,   -999999,   -999999,   -999999,   -999999,   -999999,   -999999,   -999999,   -999999,   -999999,   -999999,   -999999,   -999999,        0.66420000  
