inputs/ACTAMERICA_Merge/B200/ACTAMERICA-mrg05-b200_merge_20160828_R0.ict
142, 1001
Shook, Michael
NASA Atmospheric Composition Branch, NASA Langley Research Center (SSAI)
Merged data file for ACT-AMERICA 2016, Flight 25 (20160828), on the b200 platform. Data is merged to 05 seconds.
ACTAmerica - 2016
1, 1
2016, 08, 28, 2018, 09, 19
05
UTC,s
102
1, 1, 1, 1, 1, 1, 1, 1, 1, 1, 1, 1, 1, 1, 1, 1, 1, 1, 1, 1, 1, 1, 1, 1, 1, 1, 1, 1, 1, 1, 1, 1, 1, 1, 1, 1, 1, 1, 1, 1, 1, 1, 1, 1, 1, 1, 1, 1, 1, 1, 1, 1, 1, 1, 1, 1, 1, 1, 1, 1, 1, 1, 1, 1, 1, 1, 1, 1, 1, 1, 1, 1, 1, 1, 1, 1, 1, 1, 1, 1, 1, 1, 1, 1, 1, 1, 1, 1, 1, 1, 1, 1, 1, 1, 1, 1, 1, 1, 1, 1, 1, 1
-999999, -999999, -999999, -999999, -999999, -999999, -999999, -999999, -999999, -999999, -999999, -999999, -999999, -999999, -999999, -999999, -999999, -999999, -999999, -999999, -999999, -999999, -999999, -999999, -999999, -999999, -999999, -999999, -999999, -999999, -999999, -999999, -999999, -999999, -999999, -999999, -999999, -999999, -999999, -999999, -999999, -999999, -999999, -999999, -999999, -999999, -999999, -999999, -999999, -999999, -999999, -999999, -999999, -999999, -999999, -999999, -999999, -999999, -999999, -999999, -999999, -999999, -999999, -999999, -999999, -999999, -999999, -999999, -999999, -999999, -999999, -999999, -999999, -999999, -999999, -999999, -999999, -999999, -999999, -999999, -999999, -999999, -999999, -999999, -999999, -999999, -999999, -999999, -999999, -999999, -999999, -999999, -999999, -999999, -999999, -999999, -999999, -999999, -999999, -999999, -999999, -999999
JDAY, days
INDEX, none
FLIGHT, none
LOCAL_SUN_TIME, hour
LATITUDE, degs
LONGITUDE, degs
ALTP, km
PRESSURE, hPa
TEMPERATURE, K
THETA, K, calculated from ambient temperature and pressure
O3COLUMN, DU, OMI ozone column data extracted along flight track
SZA, deg
WNS, m s-1
WND, Degs
GPS_ALT, km
GRD_SPD, m/s
TAS, m/s
IAS, m/s
MachNumber, mach
VerticalSpeed, ft min-1
HDG, degs
TRK, degs
DifferentialPressure, hPa
DriftAngle, degs
PITCH, degs
ROLL, degs
PotentialTemp_Nav, K
Dewpoint, K
TotalAirTemp, K
StaticPressure, hPa
CabinPressure, hPa
SolarZenithAngle, degs
AircraftSunElevation, degs
SunAzimuth, degs
AircraftSunAzimuth, degs
H2O_MixingRatio_Nav, g kg-1
H2O_VaporPressure_Nav, hPa
H2O_SatVaporPressureWater_Nav, hPa
H2O_SatVaporPressureIce_Nav, hPa
H2O_RelativeHumidity_Nav, %
ManeuverFlag, none
U_WINDS, m s-1
V_WINDS, m s-1
GroundElevation-AMSL_GoogleMaps, km
Altitude-AGL_GoogleMaps, km
O3_MoleFraction, ppb
CO2_DryMoleFrac_PICARRO, ppm
CH4_DryMoleFrac_PICARRO, ppm
CO_DryMoleFrac_PICARRO, ppm
CO2_MoleFraction_PFP, ppm
CH4_MoleFraction_PFP, ppb
CO_MoleFraction_PFP, ppb
N2O_MoleFraction_PFP, ppb
SF6_CCGG_MoleFraction_PFP, ppt
H2_MoleFraction_PFP, ppb
CH4C13_MoleFraction_PFP, permil
CO2C14_MoleFraction_PFP, permil
F11B_MoleFraction_PFP, ppt
FC12_MoleFraction_PFP, ppt
F13_MoleFraction_PFP, ppt
F113_MoleFraction_PFP, ppt
F115_MoleFraction_PFP, ppt
HF133a_MoleFraction_PFP, ppt
F23_MoleFraction_PFP, ppt
F32_MoleFraction_PFP, ppt
F134A_MoleFraction_PFP, ppt
F152A_MoleFraction_PFP, ppt
F125_MoleFraction_PFP, ppt
F143a_MoleFraction_PFP, ppt
F227e_MoleFraction_PFP, ppt
F365m_MoleFraction_PFP, ppt
H1211_MoleFraction_PFP, ppt
H1301_MoleFraction_PFP, ppt
H2402_MoleFraction_PFP, ppt
MCFA_MoleFraction_PFP, ppt
CF4_MoleFraction_PFP, ppt
C2F6_MoleFraction_PFP, ppt
SO2F2_MoleFraction_PFP, ppt
MEBR_MoleFraction_PFP, ppt
[...]
[from data line 1084]
66932,   241,          2501085.0,         25.000000,  12.419638,   32.80506,   267.40082,   0.4512868856,   960.16,   298.9699939,   302.4630212,   291,   23.89164812,    -999999,   -999999,  0.4181,   102.2295168,   101.8694088,    -999999,  0.294,    -999999,  1.68,   358.8,    -999999,   -999999,  0.806,   2.816,   303.5899939,   294.6899939,   304.1299939,   960.16,   968.54,    -999999,   -999999,   -999999,   -999999,  17.1834,   25.81304,   33.40214,   42.69212,   77.286,   6,   -6.312,   1.638,   0.0665,   0.3516,   27.74,   409.0083333,   1.999888889,   0.1515,    -999999,   -999999,   -999999,   -999999,   -999999,   -999999,   -999999,   -999999,   -999999,   -999999,   -999999,   -999999,   -999999,   -999999,   -999999,   -999999,   -999999,   -999999,   -999999,   -999999,   -999999,   -999999,   -999999,   -999999,   -999999,   -999999,   -999999,   -999999,   -999999,   -999999,   -999999,   -999999,   -999999,   -999999,   -999999,   -999999,   -999999,   -999999,   -999999,   -999999,   -999999,   -999999,   -999999,   -999999,   -999999,   -999999,   -999999,   -999999,   -999999,   -999999,   -999999,   -999999,         1.2710000  
66937,   241,          2501086.0,         25.000000,  12.42101889,   32.80968,   267.4007,   0.4511649656,   960.18,   298.8499939,   302.3398198,   291,   23.90075333,    -999999,   -999999,  0.41688,   102.4147152,   102.5587584,    -999999,  0.296,    -999999,  1.68,   358.84,    -999999,   -999999,  0.67,   -1.126,   303.4699939,   294.7499939,   304.0699939,   960.18,   968.8,    -999999,   -999999,   -999999,   -999999,  17.24772,   25.90772,   33.1651,   42.3419,   78.118,   6,   -6.24,   1.152,   0.06468,   0.3522,   27.66,   410.25,   2.003127273,   0.1625,    -999999,   -999999,   -999999,   -999999,   -999999,   -999999,   -999999,   -999999,   -999999,   -999999,   -999999,   -999999,   -999999,   -999999,   -999999,   -999999,   -999999,   -999999,   -999999,   -999999,   -999999,   -999999,   -999999,   -999999,   -999999,   -999999,   -999999,   -999999,   -999999,   -999999,   -999999,   -999999,   -999999,   -999999,   -999999,   -999999,   -999999,   -999999,   -999999,   -999999,   -999999,   -999999,   -999999,   -999999,   -999999,   -999999,   -999999,   -999999,   -999999,   -999999,   -999999,   -999999,         1.2296000  
66942,   241,          2501087.0,         25.000000,  12.42240111,   32.81428,   267.4006,   0.4490923256,   960.4,   298.9499939,   302.4211915,   291,   23.9098561,    -999999,   -999999,  0.41856,   102.1060512,   101.7459432,    -999999,  0.2934,    -999999,  2.12,   359.34,    -999999,   -999999,  1.638,   2.036,   303.5499939,   294.9699939,   304.0699939,   960.4,   968.64,    -999999,   -999999,   -999999,   -999999,  17.48454,   26.25962,   33.3619,   42.6325,   78.71,   6,   -6.106,   1.69,   0.07458,   0.34398,   26.62,   411.018,   2.017154545,   0.1595,    -999999,   -999999,   -999999,   -999999,   -999999,   -999999,   -999999,   -999999,   -999999,   -999999,   -999999,   -999999,   -999999,   -999999,   -999999,   -999999,   -999999,   -999999,   -999999,   -999999,   -999999,   -999999,   -999999,   -999999,   -999999,   -999999,   -999999,   -999999,   -999999,   -999999,   -999999,   -999999,   -999999,   -999999,   -999999,   -999999,   -999999,   -999999,   -999999,   -999999,   -999999,   -999999,   -999999,   -999999,   -999999,   -999999,   -999999,   -999999,   -999999,   -999999,   -999999,   -999999,         1.4414000  
66947,   241,          2501088.0,         25.000000,  12.42378733,   32.81888,   267.40056,   0.4526889656,   960,   298.9899939,   302.497658,   291,   23.91898477,    -999999,   -999999,  0.42018,   102.2295168,   101.1800592,    -999999,  0.292,    -999999,  1.38,   359.3,    -999999,   -999999,  1.482,   -0.512,   303.6299939,   295.4699939,   304.0499939,   960,   968.4,    -999999,   -999999,   -999999,   -999999,  18.04856,   27.0716,   33.44134,   42.75,   80.956,   6,   -4.864,   2.312,   0.0616,   0.35858,   27.1,   410.47,   2.020436364,   0.1645,    -999999,   -999999,   -999999,   -999999,   -999999,   -999999,   -999999,   -999999,   -999999,   -999999,   -999999,   -999999,   -999999,   -999999,   -999999,   -999999,   -999999,   -999999,   -999999,   -999999,   -999999,   -999999,   -999999,   -999999,   -999999,   -999999,   -999999,   -999999,   -999999,   -999999,   -999999,   -999999,   -999999,   -999999,   -999999,   -999999,   -999999,   -999999,   -999999,   -999999,   -999999,   -999999,   -999999,   -999999,   -999999,   -999999,   -999999,   -999999,   -999999,   -999999,   -999999,   -999999,         1.3160000  
66952,   241,          2501089.0,         25.000000,  12.42516956,   32.82352,   267.40046,   0.4503115256,   960.26,   299.0099939,   302.4944875,   291,   23.92815073,    -999999,   -999999,  0.41858,   102.5690472,   101.5710336,    -999999,  0.293,    -999999,  1.62,   359.12,    -999999,   -999999,  1.116,   -2.276,   303.6499939,   295.0899939,   304.1099939,   960.26,   968.5,    -999999,   -999999,   -999999,   -999999,  17.61916,   26.45236,   33.4812,   42.80902,   79.016,   6,   -5.658,   2.292,   0.05318,   0.3654,   29.22,   410.17,   2.020163636,   0.1585,    -999999,   -999999,   -999999,   -999999,   -999999,   -999999,   -999999,   -999999,   -999999,   -999999,   -999999,   -999999,   -999999,   -999999,   -999999,   -999999,   -999999,   -999999,   -999999,   -999999,   -999999,   -999999,   -999999,   -999999,   -999999,   -999999,   -999999,   -999999,   -999999,   -999999,   -999999,   -999999,   -999999,   -999999,   -999999,   -999999,   -999999,   -999999,   -999999,   -999999,   -999999,   -999999,   -999999,   -999999,   -999999,   -999999,   -999999,   -999999,   -999999,   -999999,   -999999,   -999999,         1.2778000  
66957,   241,          2501090.0,         25.000000,  12.42655444,   32.82814,   267.4004,   0.4512259256,   960.16,   299.0699939,   302.5641895,   291,   23.93731882,    -999999,   -999999,  0.4205,   102.5690472,   102.3015384,    -999999,  0.295,    -999999,  1.74,   0.14,    -999999,   -999999,  1.134,   -0.614,   303.6899939,   295.0299939,   304.2699939,   960.16,   968.2,    -999999,   -999999,   -999999,   -999999,  17.55504,   26.35598,   33.5999,   42.98446,   78.442,   6,   -4.045,   1.4875,   0.05532,   0.36518,   25.5,   409.74,   2.02455,   0.1555714286,   411.77,   2047.28,   160.22,   329.99,   9.17,   502.92,   -47.89,    -999999,  233.87,   516.88,   3.35,   72.58,   8.55,   0.59,   29.66,   19.32,   113.19,   15.3,   26.13,   21.49,   1.3,   1.12,    -999999,  3.36,   0.43,   2.84,   82.78,   4.68,   2.1,   8.61,   1.69,   0.8,    -999999,  568.83,   50.38,   17.08,   3.26,   164.4,   1599.28,   746.53,   263.54,   157.38,   136.6,   191.02,   50.63,   145.33,   0.26,   0.17,   0.83,   0.62,   65.13,   261.68,          1.3832000  
66962,   241,          2501091.0,         25.000000,  12.42795133,   32.83274,   267.40052,   0.4540300856,   959.84,   299.0299939,   302.5525353,   291,   23.94652105,    -999999,   -999999,  0.42368,   102.3838488,   101.9311416,    -999999,  0.2942,    -999999,  2.6,   1.4,    -999999,   -999999,  0.916,   -1.838,   303.7099939,   295.1699939,   304.1899939,   959.84,   968.08,    -999999,   -999999,   -999999,   -999999,  17.72826,   26.59874,   33.52098,   42.8679,   79.374,   6,   -3.224,   1.81,   0.05804,   0.36564,   23.94,   412.164,   2.04195,   0.1621428571,   411.77,   2047.28,   160.22,   329.99,   9.17,   502.92,   -47.89,    -999999,  233.87,   516.88,   3.35,   72.58,   8.55,   0.59,   29.66,   19.32,   113.19,   15.3,   26.13,   21.49,   1.3,   1.12,    -999999,  3.36,   0.43,   2.84,   82.78,   4.68,   2.1,   8.61,   1.69,   0.8,    -999999,  568.83,   50.38,   17.08,   3.26,   164.4,   1599.28,   746.53,   263.54,   157.38,   136.6,   191.02,   50.63,   145.33,   0.26,   0.17,   0.83,   0.62,   65.13,   261.68,          1.2588000  
66967,   241,          2501092.0,         25.000000,  12.42934822,   32.83736,   267.40064,   0.4576876857,   959.44,   298.8499939,   302.4064271,   291,   23.95575507,    -999999,   -999999,  0.4273,   102.11634,   103.5156168,    -999999,  0.2988,    -999999,  3.72,   1.56,    -999999,   -999999,  0.278,   -1.204,   303.5499939,   295.8499939,   304.1699939,   959.44,   967.58,    -999999,   -999999,   -999999,   -999999,  18.4995,   27.71176,   33.1648,   42.34142,   83.552,   6,   -5.07,   0.112,   0.04582,   0.38148,   25.02,   413.182,   2.046344444,   0.1801428571,   411.77,   2047.28,   160.22,   329.99,   9.17,   502.92,   -47.89,    -999999,  233.87,   516.88,   3.35,   72.58,   8.55,   0.59,   29.66,   19.32,   113.19,   15.3,   26.13,   21.49,   1.3,   1.12,    -999999,  3.36,   0.43,   2.84,   82.78,   4.68,   2.1,   8.61,   1.69,   0.8,    -999999,  568.83,   50.38,   17.08,   3.26,   164.4,   1599.28,   746.53,   263.54,   157.38,   136.6,   191.02,   50.63,   145.33,   0.26,   0.17,   0.83,   0.62,   65.13,   261.68,          1.3886000  
66972,   241,          2501093.0,         25.000000,  12.43075044,   32.8419,   267.40084,   0.4729886458,   957.66,   298.6699939,   302.3846767,   291,   23.96494301,    -999999,   -999999,  0.43964,   100.984572,   102.4044264,    -999999,  0.2958,    -999999,  4.4,   2.82,    -999999,   -999999,  0.276,   -2.644,   303.5099939,   296.1499939,   303.8899939,   957.66,   966.9,    -999999,   -999999,   -999999,   -999999,  18.87898,   28.21144,   32.81276,   41.82224,   85.982,   6,   -3.98,   0.076,   0.05488,   0.38476,   24.34,   415.218,   2.048677778,   0.1724285714,    -999999,   -999999,   -999999,   -999999,   -999999,   -999999,   -999999,   -999999,   -999999,   -999999,   -999999,   -999999,   -999999,   -999999,   -999999,   -999999,   -999999,   -999999,   -999999,   -999999,   -999999,   -999999,   -999999,   -999999,   -999999,   -999999,   -999999,   -999999,   -999999,   -999999,   -999999,   -999999,   -999999,   -999999,   -999999,   -999999,   -999999,   -999999,   -999999,   -999999,   -999999,   -999999,   -999999,   -999999,   -999999,   -999999,   -999999,   -999999,   -999999,   -999999,   -999999,   -999999,         1.5746000  
66977,   241,          2501094.0,         25.000000,  12.432158,   32.84646,   267.40112,   0.4790236859,   956.98,   298.7699939,   302.5473155,   291,   23.97418124,    -999999,   -999999,  0.44894,   100.2952224,   99.81164881,    -999999,  0.288,    -999999,  4.74,   3,    -999999,   -999999,  0.344,   -0.752,   303.6699939,   296.1699939,   303.7099939,   956.98,   965.6,    -999999,   -999999,   -999999,   -999999,  18.91976,   28.2503,   33.00762,   42.10944,   85.596,   6,   -4.102,   1.984,   0.04152,   0.40742,   24.54,   411.575,   2.0289,   0.1632857143,    -999999,   -999999,   -999999,   -999999,   -999999,   -999999,   -999999,   -999999,   -999999,   -999999,   -999999,   -999999,   -999999,   -999999,   -999999,   -999999,   -999999,   -999999,   -999999,   -999999,   -999999,   -999999,   -999999,   -999999,   -999999,   -999999,   -999999,   -999999,   -999999,   -999999,   -999999,   -999999,   -999999,   -999999,   -999999,   -999999,   -999999,   -999999,   -999999,   -999999,   -999999,   -999999,   -999999,   -999999,   -999999,   -999999,   -999999,   -999999,   -999999,   -999999,   -999999,   -999999,         1.4720000  
66982,   241,          2501095.0,         25.000000,  12.43356422,   32.851,   267.40138,   0.4797552059,   956.9,   298.6699939,   302.4532754,   291,   23.98340835,    -999999,   -999999,  0.45094,   100.1820456,   100.3158,    -999999,  0.2894,    -999999,  4.38,   2.54,    -999999,   -999999,  0.926,   -1.378,   303.5699939,   295.0699939,   303.6899939,   956.9,   965.28,    -999999,   -999999,   -999999,   -999999,  17.66022,   26.41958,   32.81226,   41.8214,   80.522,   6,   -4.302,   1.348,   0.03252,   0.41842,   24.74,   413.226,   2.030111111,   0.165,    -999999,   -999999,   -999999,   -999999,   -999999,   -999999,   -999999,   -999999,   -999999,   -999999,   -999999,   -999999,   -999999,   -999999,   -999999,   -999999,   -999999,   -999999,   -999999,   -999999,   -999999,   -999999,   -999999,   -999999,   -999999,   -999999,   -999999,   -999999,   -999999,   -999999,   -999999,   -999999,   -999999,   -999999,   -999999,   -999999,   -999999,   -999999,   -999999,   -999999,   -999999,   -999999,   -999999,   -999999,   -999999,   -999999,   -999999,   -999999,   -999999,   -999999,   -999999,   -999999,     -999999  
66987,   241,          2501096.0,         25.000000,  12.43496911,   32.8555,   267.40162,   0.4812792059,   956.74,   298.4699939,   302.265183,   291,   23.99260506,    -999999,   -999999,  0.45284,   100.007136,   100.2334896,    -999999,  0.2896,    -999999,  3.86,   2.56,    -999999,   -999999,  1.122,   -0.088,   303.4099939,   295.4699939,   303.4699939,   956.74,   965.1,    -999999,   -999999,   -999999,   -999999,  18.1119,   27.07162,   32.4246,   41.25062,   83.498,   6,   -3.358,   1.19,   0.03332,   0.41952,   23.16,   415.315,   2.03225,   0.1662380952,    -999999,   -999999,   -999999,   -999999,   -999999,   -999999,   -999999,   -999999,   -999999,   -999999,   -999999,   -999999,   -999999,   -999999,   -999999,   -999999,   -999999,   -999999,   -999999,   -999999,   -999999,   -999999,   -999999,   -999999,   -999999,   -999999,   -999999,   -999999,   -999999,   -999999,   -999999,   -999999,   -999999,   -999999,   -999999,   -999999,   -999999,   -999999,   -999999,   -999999,   -999999,   -999999,   -999999,   -999999,   -999999,   -999999,   -999999,   -999999,   -999999,   -999999,   -999999,   -999999,     -999999  
66992,   241,          2501097.0,         25.000000,  12.43637267,   32.86,   267.40184,   0.4937760061,   955.28,   298.3099939,   302.2349962,   291,   24.00180979,    -999999,   -999999,  0.45492,   100.0380024,   100.2026232,    -999999,  0.2894,    -999999,  3.18,   2.16,    -999999,   -999999,  0.816,   -1.572,   303.3499939,   295.7299939,   303.2899939,   955.28,   965.22,    -999999,   -999999,   -999999,   -999999,  18.43776,   27.50254,   32.11724,   40.79892,   85.634,   6,   -2.892,   1.206,   0.02956,   0.42536,   22.8,   415.188,   2.02825,   0.1664761905,    -999999,   -999999,   -999999,   -999999,   -999999,   -999999,   -999999,   -999999,   -999999,   -999999,   -999999,   -999999,   -999999,   -999999,   -999999,   -999999,   -999999,   -999999,   -999999,   -999999,   -999999,   -999999,   -999999,   -999999,   -999999,   -999999,   -999999,   -999999,   -999999,   -999999,   -999999,   -999999,   -999999,   -999999,   -999999,   -999999,   -999999,   -999999,   -999999,   -999999,   -999999,   -999999,   -999999,   -999999,   -999999,   -999999,   -999999,   -999999,   -999999,   -999999,   -999999,   -999999,     -999999  
