inputs/ACTAMERICA_Merge/B200/ACTAMERICA-mrg05-b200_merge_20170217_R0_L2.ict
136, 1001
Shook, Michael
NASA Atmospheric Composition Branch, NASA Langley Research Center (SSAI)
Merged data file for ACT-AMERICA 2017, Flight 14 (20170217), on the b200 platform. Data is merged to 05 seconds.
NASA ACT-AMERICA 2017
1, 1
2017, 02, 17, 2018, 02, 22
05
UTC,s
97
1, 1, 1, 1, 1, 1, 1, 1, 1, 1, 1, 1, 1, 1, 1, 1, 1, 1, 1, 1, 1, 1, 1, 1, 1, 1, 1, 1, 1, 1, 1, 1, 1, 1, 1, 1, 1, 1, 1, 1, 1, 1, 1, 1, 1, 1, 1, 1, 1, 1, 1, 1, 1, 1, 1, 1, 1, 1, 1, 1, 1, 1, 1, 1, 1, 1, 1, 1, 1, 1, 1, 1, 1, 1, 1, 1, 1, 1, 1, 1, 1, 1, 1, 1, 1, 1, 1, 1, 1, 1, 1, 1, 1, 1, 1, 1, 1
-999999, -999999, -999999, -999999, -999999, -999999, -999999, -999999, -999999, -999999, -999999, -999999, -999999, -999999, -999999, -999999, -999999, -999999, -999999, -999999, -999999, -999999, -999999, -999999, -999999, -999999, -999999, -999999, -999999, -999999, -999999, -999999, -999999, -999999, -999999, -999999, -999999, -999999, -999999, -999999, -999999, -999999, -999999, -999999, -999999, -999999, -999999, -999999, -999999, -999999, -999999, -999999, -999999, -999999, -999999, -999999, -999999, -999999, -999999, -999999, -999999, -999999, -999999, -999999, -999999, -999999, -999999, -999999, -999999, -999999, -999999, -999999, -999999, -999999, -999999, -999999, -999999, -999999, -999999, -999999, -999999, -999999, -999999, -999999, -999999, -999999, -999999, -999999, -999999, -999999, -999999, -999999, -999999, -999999, -999999, -999999, -999999
JDAY, days
INDEX, none
FLIGHT, none
LOCAL_SUN_TIME, hour
LATITUDE, degs
LONGITUDE, degs
ALTP, km
PRESSURE, hPa
TEMPERATURE, K
THETA, K
O3COLUMN, DU
SZA, deg
GPS_ALT, km
GRD_SPD, m/s
TAS, m/s
IAS, m/s
MachNumber, mach
VerticalSpeed, ft min-1
HDG, degs
TRK, degs
PITCH, degs
ROLL, degs
PotentialTemp, K
Dewpoint, K
TotalAirTemp, K
CabinPressure, hPa
SolarZenithAngle, degs
AircraftSunElevation, degs
SunAzimuth, degs
AircraftSunAzimuth, degs
H2O_MixingRatio, g kg-1
H2O_VaporPressure, hPa
H2O_SatVaporPressureWater, hPa
H2O_SatVaporPressureIce, hPa
H2O_RelativeHumidity, %
DifferentialPressure, hPa
U_WINDS, m s-1
V_WINDS, m s-1
Ground_Elevation, km
Altitude_AGL, km
O3_MixingRatio, ppbv
CO2_MixingRatio_PICARRO, ppmv
CH4_MixingRatio_PICARRO, ppmv
CO_MixingRatio_PICARRO, ppmv
CO2_MoleFraction_PFP, ppm
CH4_MoleFraction_PFP, ppb
CO_MoleFraction_PFP, ppb
N2O_MoleFraction_PFP, ppb
SF6_MoleFraction_PFP, ppt
H2_MoleFraction_PFP, ppb
CH4C13_PFP, per mil
CO2C14_PFP, per mil
F11B_MoleFraction_PFP, ppt
FC12_MoleFraction_PFP, ppt
F13_MoleFraction_PFP, ppt
F113_MoleFraction_PFP, ppt
F115_MoleFraction_PFP, ppt
HF133a_MoleFraction_PFP, ppt
F23_MoleFraction_PFP, ppt
F32_MoleFraction_PFP, ppt
F134A_MoleFraction_PFP, ppt
F152A_MoleFraction_PFP, ppt
F125_MoleFraction_PFP, ppt
F143a_MoleFraction_PFP, ppt
F227e_MoleFraction_PFP, ppt
F365m_MoleFraction_PFP, ppt
H1211_MoleFraction_PFP, ppt
H1301_MoleFraction_PFP, ppt
H2402_MoleFraction_PFP, ppt
MCFA_MoleFraction_PFP, ppt
CF4_MoleFraction_PFP, ppt
C2F6_MoleFraction_PFP, ppt
SO2F2_MoleFraction_PFP, ppt
MEBR_MoleFraction_PFP, ppt
CH3I_MoleFraction_PFP, ppt
DIBR_MoleFraction_PFP, ppt
OCS_MoleFraction_PFP, ppt
MECL_MoleFraction_PFP, ppt
DICL_MoleFraction_PFP, ppt
CLHF_MoleFraction_PFP, ppt
PCE_MoleFraction_PFP, ppt
C2H2_MoleFraction_PFP, ppt
C2H6_MoleFraction_PFP, ppt
C3H8_MoleFraction_PFP, ppt
nC4H10_MoleFraction_PFP, ppt
[...]
[from data line 1586]
81637,   48,          1404573.0,         14.000000,  16.17603864,   42.6943276,   262.4759962,   0.891107195,   910.64,   285.2199939,   292.9511376,   289,   79.07425722,   0.71956,   100.4804208,   91.96746769,    -999999,  0.27166,    -999999,  165.82,   162.72,   1.32,   -0.54,   292.9519939,   273.6099939,   289.4299939,   919.12,    -999999,   -999999,   -999999,   -999999,  4.363264,   6.34374,   14.14322,   15.88452,   44.854,   47.912,   7.172,   -7.878,   0.46988,   0.24968,   45.04,   412.805,   1.9352,   0.126585,    -999999,   -999999,   -999999,   -999999,   -999999,   -999999,   -999999,   -999999,   -999999,   -999999,   -999999,   -999999,   -999999,   -999999,   -999999,   -999999,   -999999,   -999999,   -999999,   -999999,   -999999,   -999999,   -999999,   -999999,   -999999,   -999999,   -999999,   -999999,   -999999,   -999999,   -999999,   -999999,   -999999,   -999999,   -999999,   -999999,   -999999,   -999999,   -999999,   -999999,   -999999,   -999999,   -999999,   -999999,   -999999,   -999999,   -999999,   -999999,   -999999,   -999999,   -999999,   -999999,         2.3600000  
81642,   48,          1404574.0,         14.000000,  16.17754843,   42.6900094,   262.4778098,   0.892558043,   910.48,   285.2179939,   292.9637911,   289,   79.08697498,   0.72026,   100.3981104,   92.43355033,    -999999,  0.27302,    -999999,  165.92,   162.7,   1.32,   -2.1,   292.9639939,   273.6899939,   289.4699939,   919.1,    -999999,   -999999,   -999999,   -999999,  4.38954,   6.38058,   14.14132,   15.8821,   45.12,   48.402,   7.828,   -7.142,   0.47896,   0.2413,   43.64,   412.875,   1.9358,   0.1225619048,   412.95,   1937.73,   124.85,   331.49,   9.31,   492.62,   -47.39,    -999999,  232.5,   516.4,   3.32,   71.29,   8.64,   0.53,   34.67,   14.92,   101.1,   10.65,   24.02,   21.56,   1.35,   1.07,   4.25,   3.32,   0.42,   2.51,   87.58,   6.14,   2.6,   6.75,   0.34,   1.13,   512.2,   558.87,   69.01,   14.3,   2.99,   299.14,   2408,   999.35,   278.28,   137.95,   74.81,   68.76,   77.23,   34.56,   0.22,   0.16,   0.79,   1.11,   29.54,   251.04,          2.4310000  
81647,   48,          1404575.0,         14.000000,  16.17905988,   42.6857034,   262.4796482,   0.892911611,   910.44,   285.2059939,   292.9551426,   289,   79.09971913,   0.7209,   100.212912,   92.77822513,    -999999,  0.27402,    -999999,  165.16,   162.36,   1.24,   -0.7,   292.9559939,   273.6499939,   289.4899939,   918.92,    -999999,   -999999,   -999999,   -999999,  4.376938,   6.3621,   14.13012,   15.8677,   45.024,   48.77,   6.886,   -6.846,   0.49226,   0.22864,   44.84,   412.93,   1.935366667,   0.1241526316,   412.95,   1937.73,   124.85,   331.49,   9.31,   492.62,   -47.39,    -999999,  232.5,   516.4,   3.32,   71.29,   8.64,   0.53,   34.67,   14.92,   101.1,   10.65,   24.02,   21.56,   1.35,   1.07,   4.25,   3.32,   0.42,   2.51,   87.58,   6.14,   2.6,   6.75,   0.34,   1.13,   512.2,   558.87,   69.01,   14.3,   2.99,   299.14,   2408,   999.35,   278.28,   137.95,   74.81,   68.76,   77.23,   34.56,   0.22,   0.16,   0.79,   1.11,   29.54,   251.04,          2.3540000  
81652,   48,          1404576.0,         14.000000,  16.18057152,   42.6814052,   262.4814894,   0.8945575311,   910.26,   285.1999939,   292.9655296,   289,   79.11247331,   0.72232,   100.110024,   92.61154657,    -999999,  0.27356,    -999999,  165.5,   162.6,   1.18,   -0.92,   292.9639939,   273.6299939,   289.4699939,   918.92,    -999999,   -999999,   -999999,   -999999,  4.37145,   6.35292,   14.1246,   15.86058,   44.978,   48.584,   6.892,   -6.868,   0.4748,   0.24752,   46.62,   412.955,   1.93645,   0.12365,   412.95,   1937.73,   124.85,   331.49,   9.31,   492.62,   -47.39,    -999999,  232.5,   516.4,   3.32,   71.29,   8.64,   0.53,   34.67,   14.92,   101.1,   10.65,   24.02,   21.56,   1.35,   1.07,   4.25,   3.32,   0.42,   2.51,   87.58,   6.14,   2.6,   6.75,   0.34,   1.13,   512.2,   558.87,   69.01,   14.3,   2.99,   299.14,   2408,   999.35,   278.28,   137.95,   74.81,   68.76,   77.23,   34.56,   0.22,   0.16,   0.79,   1.11,   29.54,   251.04,          2.4000000  
81657,   48,          1404577.0,         14.000000,  16.18208212,   42.6771072,   262.4833152,   0.893277371,   910.4,   285.2419939,   292.9957987,   289,   79.12522213,   0.72128,   100.0894464,   92.13826177,    -999999,  0.27214,    -999999,  165.5,   162.52,   1.12,   -1.46,   292.9979939,   273.5099939,   289.4699939,   918.94,    -999999,   -999999,   -999999,   -999999,  4.33276,   6.29802,   14.16372,   15.91082,   44.466,   48.078,   7.416,   -7.204,   0.46568,   0.2556,   45.66,   412.775,   1.9351,   0.1227,   412.95,   1937.73,   124.85,   331.49,   9.31,   492.62,   -47.39,    -999999,  232.5,   516.4,   3.32,   71.29,   8.64,   0.53,   34.67,   14.92,   101.1,   10.65,   24.02,   21.56,   1.35,   1.07,   4.25,   3.32,   0.42,   2.51,   87.58,   6.14,   2.6,   6.75,   0.34,   1.13,   512.2,   558.87,   69.01,   14.3,   2.99,   299.14,   2408,   999.35,   278.28,   137.95,   74.81,   68.76,   77.23,   34.56,   0.22,   0.16,   0.79,   1.11,   29.54,   251.04,          2.3760000  
81662,   48,          1404578.0,         14.000000,  16.18359379,   42.6728114,   262.4851568,   0.891832619,   910.56,   285.2659939,   293.0057392,   289,   79.13798682,   0.72006,   100.1203128,   92.78131177,    -999999,  0.27402,    -999999,  165.22,   162.38,   1.2,   -1.18,   293.0059939,   273.4499939,   289.5499939,   919.1,    -999999,   -999999,   -999999,   -999999,  4.313092,   6.27072,   14.1861,   15.93962,   44.202,   48.77,   7.174,   -6.616,   0.47354,   0.24652,   45.52,   412.9214286,   1.9361,   0.1283,   412.95,   1937.73,   124.85,   331.49,   9.31,   492.62,   -47.39,    -999999,  232.5,   516.4,   3.32,   71.29,   8.64,   0.53,   34.67,   14.92,   101.1,   10.65,   24.02,   21.56,   1.35,   1.07,   4.25,   3.32,   0.42,   2.51,   87.58,   6.14,   2.6,   6.75,   0.34,   1.13,   512.2,   558.87,   69.01,   14.3,   2.99,   299.14,   2408,   999.35,   278.28,   137.95,   74.81,   68.76,   77.23,   34.56,   0.22,   0.16,   0.79,   1.11,   29.54,   251.04,          2.4158000  
81667,   48,          1404579.0,         14.000000,  16.1851054,   42.6685188,   262.4869976,   0.892198379,   910.52,   285.2859939,   293.0299597,   289,   79.15075704,   0.72012,   99.96598081,   92.79880273,    -999999,  0.27406,    -999999,  164.9,   162.56,   1.2,   -0.68,   293.0259939,   273.7099939,   289.5699939,   919.04,    -999999,   -999999,   -999999,   -999999,  4.395914,   6.39002,   14.2048,   15.9637,   44.984,   48.782,   6.11,   -6.772,   0.47686,   0.24326,   45.92,   413.0314286,   1.936355556,   0.13335,   412.95,   1937.73,   124.85,   331.49,   9.31,   492.62,   -47.39,    -999999,  232.5,   516.4,   3.32,   71.29,   8.64,   0.53,   34.67,   14.92,   101.1,   10.65,   24.02,   21.56,   1.35,   1.07,   4.25,   3.32,   0.42,   2.51,   87.58,   6.14,   2.6,   6.75,   0.34,   1.13,   512.2,   558.87,   69.01,   14.3,   2.99,   299.14,   2408,   999.35,   278.28,   137.95,   74.81,   68.76,   77.23,   34.56,   0.22,   0.16,   0.79,   1.11,   29.54,   251.04,          2.4112000  
81672,   48,          1404580.0,         14.000000,  16.18661548,   42.6642264,   262.4888156,   0.892009403,   910.54,   285.3119939,   293.0548263,   289,   79.16351707,   0.72006,   99.89395921,   92.51380297,    -999999,  0.2732,    -999999,  165.76,   162.74,   1.2,   -0.58,   293.0519939,   273.6899939,   289.5699939,   918.98,    -999999,   -999999,   -999999,   -999999,  4.389254,   6.38058,   14.22918,   15.99504,   44.842,   48.474,   6.552,   -6.872,   0.48094,   0.23912,   45.7,   413,   1.935609091,   0.1239105263,   412.95,   1937.73,   124.85,   331.49,   9.31,   492.62,   -47.39,    -999999,  232.5,   516.4,   3.32,   71.29,   8.64,   0.53,   34.67,   14.92,   101.1,   10.65,   24.02,   21.56,   1.35,   1.07,   4.25,   3.32,   0.42,   2.51,   87.58,   6.14,   2.6,   6.75,   0.34,   1.13,   512.2,   558.87,   69.01,   14.3,   2.99,   299.14,   2408,   999.35,   278.28,   137.95,   74.81,   68.76,   77.23,   34.56,   0.22,   0.16,   0.79,   1.11,   29.54,   251.04,          2.4296000  
81677,   48,          1404581.0,         14.000000,  16.18812423,   42.6599316,   262.4906134,   0.892009403,   910.54,   285.3139939,   293.0568806,   289,   79.17626737,   0.72042,   99.89395921,   92.70105913,    -999999,  0.27376,    -999999,  165.94,   162.9,   1.02,   -1.34,   293.0539939,   273.5499939,   289.5899939,   919,    -999999,   -999999,   -999999,   -999999,  4.344804,   6.31638,   14.23102,   15.99742,   44.384,   48.674,   7.282,   -6.476,   0.48766,   0.23276,   45.1,   413.08,   1.935566667,   0.12235,    -999999,   -999999,   -999999,   -999999,   -999999,   -999999,   -999999,   -999999,   -999999,   -999999,   -999999,   -999999,   -999999,   -999999,   -999999,   -999999,   -999999,   -999999,   -999999,   -999999,   -999999,   -999999,   -999999,   -999999,   -999999,   -999999,   -999999,   -999999,   -999999,   -999999,   -999999,   -999999,   -999999,   -999999,   -999999,   -999999,   -999999,   -999999,   -999999,   -999999,   -999999,   -999999,   -999999,   -999999,   -999999,   -999999,   -999999,   -999999,   -999999,   -999999,   -999999,   -999999,         2.4376000  
81682,   48,          1404582.0,         14.000000,  16.18963268,   42.6556374,   262.4924068,   0.892192283,   910.52,   285.2759939,   293.0196883,   289,   79.18901963,   0.71998,   99.77049361,   93.53753857,    -999999,  0.27626,    -999999,  165.14,   162.78,   1.08,   -1.34,   293.0179939,   273.7099939,   289.6299939,   919,    -999999,   -999999,   -999999,   -999999,  4.395744,   6.38982,   14.19546,   15.9517,   45.01,   49.578,   6.32,   -5.778,   0.50504,   0.21494,   46.1,   413.045,   1.93595,   0.124725,    -999999,   -999999,   -999999,   -999999,   -999999,   -999999,   -999999,   -999999,   -999999,   -999999,   -999999,   -999999,   -999999,   -999999,   -999999,   -999999,   -999999,   -999999,   -999999,   -999999,   -999999,   -999999,   -999999,   -999999,   -999999,   -999999,   -999999,   -999999,   -999999,   -999999,   -999999,   -999999,   -999999,   -999999,   -999999,   -999999,   -999999,   -999999,   -999999,   -999999,   -999999,   -999999,   -999999,   -999999,   -999999,   -999999,   -999999,   -999999,   -999999,   -999999,   -999999,   -999999,         2.4052000  
81687,   48,          1404583.0,         14.000000,  16.19114147,   42.6513532,   262.4942054,   0.893643131,   910.36,   285.1939939,   292.9501714,   289,   79.20178445,   0.72118,   99.50298481,   94.60654489,    -999999,  0.27944,    -999999,  165.04,   162.78,   0.98,   -0.86,   292.9499939,   274.0099939,   289.6499939,   918.96,    -999999,   -999999,   -999999,   -999999,  4.493844,   6.53022,   14.11896,   15.85336,   46.25,   50.744,   5.166,   -4.734,   0.5118,   0.20938,   45.7,   413.35,   1.93725,   0.1216285714,    -999999,   -999999,   -999999,   -999999,   -999999,   -999999,   -999999,   -999999,   -999999,   -999999,   -999999,   -999999,   -999999,   -999999,   -999999,   -999999,   -999999,   -999999,   -999999,   -999999,   -999999,   -999999,   -999999,   -999999,   -999999,   -999999,   -999999,   -999999,   -999999,   -999999,   -999999,   -999999,   -999999,   -999999,   -999999,   -999999,   -999999,   -999999,   -999999,   -999999,   -999999,   -999999,   -999999,   -999999,   -999999,   -999999,   -999999,   -999999,   -999999,   -999999,   -999999,   -999999,         2.4452000  
81692,   48,          1404584.0,         14.000000,  16.19264932,   42.6470768,   262.4959898,   0.892558043,   910.48,   285.3099939,   293.0582896,   289,   79.21454817,   0.72068,   99.35894161,   92.93770153,    -999999,  0.27446,    -999999,  165.56,   162.9,   1.06,   -0.98,   293.0599939,   274.0699939,   289.6099939,   918.88,    -999999,   -999999,   -999999,   -999999,  4.512828,   6.55846,   14.22736,   15.99274,   46.102,   48.926,   6.054,   -6.064,   0.52704,   0.19364,   46.68,   413.095,   1.9365,   0.1213454545,    -999999,   -999999,   -999999,   -999999,   -999999,   -999999,   -999999,   -999999,   -999999,   -999999,   -999999,   -999999,   -999999,   -999999,   -999999,   -999999,   -999999,   -999999,   -999999,   -999999,   -999999,   -999999,   -999999,   -999999,   -999999,   -999999,   -999999,   -999999,   -999999,   -999999,   -999999,   -999999,   -999999,   -999999,   -999999,   -999999,   -999999,   -999999,   -999999,   -999999,   -999999,   -999999,   -999999,   -999999,   -999999,   -999999,   -999999,   -999999,   -999999,   -999999,   -999999,   -999999,         2.3846000  
81697,   48,          1404585.0,         14.000000,  16.19415705,   42.6428008,   262.4977724,   0.891107195,   910.64,   285.3379939,   293.0723361,   289,   79.22731542,   0.71886,   99.42067441,   92.22777433,    -999999,  0.27236,    -999999,  165.4,   162.76,   1.16,   -1.7,   293.0719939,   273.7499939,   289.5699939,   919.12,    -999999,   -999999,   -999999,   -999999,  4.407956,   6.4083,   14.25354,   16.0264,   44.958,   48.17,   6.668,   -6.648,   0.51424,   0.20462,   46.16,   413.045,   1.9362,   0.1230333333,    -999999,   -999999,   -999999,   -999999,   -999999,   -999999,   -999999,   -999999,   -999999,   -999999,   -999999,   -999999,   -999999,   -999999,   -999999,   -999999,   -999999,   -999999,   -999999,   -999999,   -999999,   -999999,   -999999,   -999999,   -999999,   -999999,   -999999,   -999999,   -999999,   -999999,   -999999,   -999999,   -999999,   -999999,   -999999,   -999999,   -999999,   -999999,   -999999,   -999999,   -999999,   -999999,   -999999,   -999999,   -999999,   -999999,   -999999,   -999999,   -999999,   -999999,   -999999,   -999999,         2.3748000  
81702,   48,          1404586.0,         14.000000,  16.1956663,   42.638528,   262.4995778,   0.890198891,   910.74,   285.3719939,   293.0980621,   289,   79.24010355,   0.71844,   99.42067441,   91.84091545,    -999999,  0.27122,    -999999,  165.2,   162.6,   1.3,   -0.7,   293.0979939,   273.6699939,   289.5699939,   919.16,    -999999,   -999999,   -999999,   -999999,  4.381928,   6.3714,   14.28552,   16.06758,   44.6,   47.758,   6.562,   -7.072,   0.52112,   0.19732,   45.58,   413.015,   1.9354,   0.1203315789,    -999999,   -999999,   -999999,   -999999,   -999999,   -999999,   -999999,   -999999,   -999999,   -999999,   -999999,   -999999,   -999999,   -999999,   -999999,   -999999,   -999999,   -999999,   -999999,   -999999,   -999999,   -999999,   -999999,   -999999,   -999999,   -999999,   -999999,   -999999,   -999999,   -999999,   -999999,   -999999,   -999999,   -999999,   -999999,   -999999,   -999999,   -999999,   -999999,   -999999,   -999999,   -999999,   -999999,   -999999,   -999999,   -999999,   -999999,   -999999,   -999999,   -999999,   -999999,   -999999,         2.3720000  
