inputs/ACTAMERICA_Merge/B200/ACTAMERICA-mrg05-b200_merge_20171026_R0.ict
138, 1001
Shook, Michael
NASA Atmospheric Composition Branch, NASA Langley Research Center (SSAI)
Merged data file for ACT-AMERICA Fall 2017, Flight 14 (20171026), on the b200 platform. Data is merged to 05 seconds.
NASA ACT-AMERICA Fall 2017
1, 1
2017, 10, 26, 2018, 07, 11
05
UTC,s
99
1, 1, 1, 1, 1, 1, 1, 1, 1, 1, 1, 1, 1, 1, 1, 1, 1, 1, 1, 1, 1, 1, 1, 1, 1, 1, 1, 1, 1, 1, 1, 1, 1, 1, 1, 1, 1, 1, 1, 1, 1, 1, 1, 1, 1, 1, 1, 1, 1, 1, 1, 1, 1, 1, 1, 1, 1, 1, 1, 1, 1, 1, 1, 1, 1, 1, 1, 1, 1, 1, 1, 1, 1, 1, 1, 1, 1, 1, 1, 1, 1, 1, 1, 1, 1, 1, 1, 1, 1, 1, 1, 1, 1, 1, 1, 1, 1, 1, 1
-999999, -999999, -999999, -999999, -999999, -999999, -999999, -999999, -999999, -999999, -999999, -999999, -999999, -999999, -999999, -999999, -999999, -999999, -999999, -999999, -999999, -999999, -999999, -999999, -999999, -999999, -999999, -999999, -999999, -999999, -999999, -999999, -999999, -999999, -999999, -999999, -999999, -999999, -999999, -999999, -999999, -999999, -999999, -999999, -999999, -999999, -999999, -999999, -999999, -999999, -999999, -999999, -999999, -999999, -999999, -999999, -999999, -999999, -999999, -999999, -999999, -999999, -999999, -999999, -999999, -999999, -999999, -999999, -999999, -999999, -999999, -999999, -999999, -999999, -999999, -999999, -999999, -999999, -999999, -999999, -999999, -999999, -999999, -999999, -999999, -999999, -999999, -999999, -999999, -999999, -999999, -999999, -999999, -999999, -999999, -999999, -999999, -999999, -999999
JDAY, days
INDEX, none
FLIGHT, none
LOCAL_SUN_TIME, hour
LATITUDE, degs
LONGITUDE, degs
ALTP, km
PRESSURE, hPa
TEMPERATURE, K
THETA, K, calculated from ambient temperature and pressure
O3COLUMN, DU, OMI ozone column data extracted along flight track
SZA, deg
WNS, m/s
WND, Degs
GPS_ALT, km
GRD_SPD, m/s
TAS, m/s
IAS, m/s
MachNumber, mach
VerticalSpeed, ft min-1
HDG, degs
TRK, degs
DifferentialPressure, hPa
PITCH, degs
ROLL, degs
PotentialTemp_Nav, K
Dewpoint, K
TotalAirTemp, K
CabinPressure, hPa
SolarZenithAngle, degs
AircraftSunElevation, degs
SunAzimuth, degs
AircraftSunAzimuth, degs
H2O_MixingRatio_Nav, g kg-1
H2O_VaporPressure_Nav, hPa
H2O_SatVaporPressureWater_Nav, hPa
H2O_SatVaporPressureIce_Nav, hPa
H2O_RelativeHumidity_Nav, %
U_WINDS, m s-1
V_WINDS, m s-1
GroundElevation-AMSL_GoogleMaps, km
Altitude-AGL_GoogleMaps, km
O3_MixingRatio, ppbv
CO2_DryMoleFrac_PICARRO, ppm
CH4_DryMoleFrac_PICARRO, ppm
CO_DryMoleFrac_PICARRO, ppm
CO2_MoleFraction_PFP, ppm
CH4_MoleFraction_PFP, ppb
CO_MoleFraction_PFP, ppb
N2O_MoleFraction_PFP, ppb
SF6_CCGG_MoleFraction_PFP, ppt
H2_MoleFraction_PFP, ppb
CH4C13_MoleFraction_PFP, permil
CO2C14_MoleFraction_PFP, permil
F11B_MoleFraction_PFP, ppt
FC12_MoleFraction_PFP, ppt
F13_MoleFraction_PFP, ppt
F113_MoleFraction_PFP, ppt
F115_MoleFraction_PFP, ppt
HF133a_MoleFraction_PFP, ppt
F23_MoleFraction_PFP, ppt
F32_MoleFraction_PFP, ppt
F134A_MoleFraction_PFP, ppt
F152A_MoleFraction_PFP, ppt
F125_MoleFraction_PFP, ppt
F143a_MoleFraction_PFP, ppt
F227e_MoleFraction_PFP, ppt
F365m_MoleFraction_PFP, ppt
H1211_MoleFraction_PFP, ppt
H1301_MoleFraction_PFP, ppt
H2402_MoleFraction_PFP, ppt
MCFA_MoleFraction_PFP, ppt
CF4_MoleFraction_PFP, ppt
C2F6_MoleFraction_PFP, ppt
SO2F2_MoleFraction_PFP, ppt
MEBR_MoleFraction_PFP, ppt
CH3I_MoleFraction_PFP, ppt
DIBR_MoleFraction_PFP, ppt
OCS_MoleFraction_PFP, ppt
[...]
[from data line 2114]
70792,   299,          1402115.0,         14.000000,  13.30462986,   40.5295666,   264.5923646,   0.7081113688,   930.986,   284.9579939,   290.8400635,   273,   55.97801864,   16.16577161,   334.145622,   0.65684,   75.42719281,   87.41364481,    -999999,  0.2584,    -999999,  295.682,   288.02,   44.24,   1.774,   0.48,   291.9419939,   274.9239939,   288.7619939,   956.088,    -999999,   -999999,   -999999,   -999999,  4.69405,   6.97346,   13.90184,   15.57476,   50.162,   7.014,   -14.502,   0.32244,   0.3344,   32.7,   410.825,   1.9579,   0.1086526316,    -999999,   -999999,   -999999,   -999999,   -999999,   -999999,   -999999,   -999999,   -999999,   -999999,   -999999,   -999999,   -999999,   -999999,   -999999,   -999999,   -999999,   -999999,   -999999,   -999999,   -999999,   -999999,   -999999,   -999999,   -999999,   -999999,   -999999,   -999999,   -999999,   -999999,   -999999,   -999999,   -999999,   -999999,   -999999,   -999999,   -999999,   -999999,   -999999,   -999999,   -999999,   -999999,   -999999,   -999999,   -999999,   -999999,   -999999,   -999999,   -999999,   -999999,   -999999,   -999999,         2.5408000  
70797,   299,          1402116.0,         14.000000,  13.30573676,   40.5306266,   264.5881348,   0.7137196888,   930.366,   284.8139939,   290.7484262,   273,   55.98397483,   16.02709968,   323.2076154,   0.66186,   75.57123601,   89.17302961,    -999999,  0.2636,    -999999,  294.084,   288.16,   46.04,   0.562,   -1.436,   291.8499939,   274.8899939,   288.7699939,   956.008,    -999999,   -999999,   -999999,   -999999,  4.685714,   6.95654,   13.7702,   15.40616,   50.52,   9.634,   -12.866,   0.31788,   0.34398,   32.06,   410.775,   1.9573,   0.1097421053,    -999999,   -999999,   -999999,   -999999,   -999999,   -999999,   -999999,   -999999,   -999999,   -999999,   -999999,   -999999,   -999999,   -999999,   -999999,   -999999,   -999999,   -999999,   -999999,   -999999,   -999999,   -999999,   -999999,   -999999,   -999999,   -999999,   -999999,   -999999,   -999999,   -999999,   -999999,   -999999,   -999999,   -999999,   -999999,   -999999,   -999999,   -999999,   -999999,   -999999,   -999999,   -999999,   -999999,   -999999,   -999999,   -999999,   -999999,   -999999,   -999999,   -999999,   -999999,   -999999,         2.6682000  
70802,   299,          1402117.0,         14.000000,  13.30684189,   40.5316852,   264.5838784,   0.7138416088,   930.346,   284.6759939,   290.6093357,   273,   55.98992524,   17.01703475,   322.6302954,   0.66094,   76.10625361,   90.62375041,    -999999,  0.2678,    -999999,  294.11,   287.98,   47.6,   0.392,   -1.194,   291.7119939,   274.7999939,   288.7619939,   956.072,    -999999,   -999999,   -999999,   -999999,  4.65544,   6.91178,   13.64508,   15.24606,   50.654,   10.346,   -13.558,   0.3112,   0.34974,   33.38,   410.735,   1.95635,   0.114975,    -999999,   -999999,   -999999,   -999999,   -999999,   -999999,   -999999,   -999999,   -999999,   -999999,   -999999,   -999999,   -999999,   -999999,   -999999,   -999999,   -999999,   -999999,   -999999,   -999999,   -999999,   -999999,   -999999,   -999999,   -999999,   -999999,   -999999,   -999999,   -999999,   -999999,   -999999,   -999999,   -999999,   -999999,   -999999,   -999999,   -999999,   -999999,   -999999,   -999999,   -999999,   -999999,   -999999,   -999999,   -999999,   -999999,   -999999,   -999999,   -999999,   -999999,   -999999,   -999999,         2.6258000  
70807,   299,          1402118.0,         14.000000,  13.30794468,   40.5327408,   264.5795868,   0.7088428888,   930.904,   284.7619939,   290.6473321,   273,   55.9958658,   16.72376504,   325.9829893,   0.65628,   76.73387041,   90.47970721,    -999999,  0.2674,    -999999,  294.396,   287.84,   47.48,   0.324,   -0.806,   291.7499939,   274.7819939,   288.8359939,   955.972,    -999999,   -999999,   -999999,   -999999,  4.646646,   6.90298,   13.72306,   15.34584,   50.306,   9.4,   -13.916,   0.32596,   0.33032,   32.78,   410.715,   1.95635,   0.1075947368,    -999999,   -999999,   -999999,   -999999,   -999999,   -999999,   -999999,   -999999,   -999999,   -999999,   -999999,   -999999,   -999999,   -999999,   -999999,   -999999,   -999999,   -999999,   -999999,   -999999,   -999999,   -999999,   -999999,   -999999,   -999999,   -999999,   -999999,   -999999,   -999999,   -999999,   -999999,   -999999,   -999999,   -999999,   -999999,   -999999,   -999999,   -999999,   -999999,   -999999,   -999999,   -999999,   -999999,   -999999,   -999999,   -999999,   -999999,   -999999,   -999999,   -999999,   -999999,   -999999,         2.5584000  
70812,   299,          1402119.0,         14.000000,  13.30904564,   40.5338052,   264.575268,   0.7013448087,   931.746,   284.7419939,   290.5518564,   273,   56.00180972,   16.82865744,   329.3713135,   0.65032,   77.04253441,   90.35624161,    -999999,  0.267,    -999999,  295.054,   287.98,   47.38,   0.738,   -0.982,   291.6519939,   274.7419939,   288.8039939,   956.074,    -999999,   -999999,   -999999,   -999999,  4.628978,   6.88314,   13.70482,   15.32248,   50.224,   8.584,   -14.496,   0.33258,   0.31774,   33.04,   410.705,   1.95615,   0.1121736842,    -999999,   -999999,   -999999,   -999999,   -999999,   -999999,   -999999,   -999999,   -999999,   -999999,   -999999,   -999999,   -999999,   -999999,   -999999,   -999999,   -999999,   -999999,   -999999,   -999999,   -999999,   -999999,   -999999,   -999999,   -999999,   -999999,   -999999,   -999999,   -999999,   -999999,   -999999,   -999999,   -999999,   -999999,   -999999,   -999999,   -999999,   -999999,   -999999,   -999999,   -999999,   -999999,   -999999,   -999999,   -999999,   -999999,   -999999,   -999999,   -999999,   -999999,   -999999,   -999999,         2.5398000  
70817,   299,          1402120.0,         14.000000,  13.31014552,   40.534869,   264.5709328,   0.6978700886,   932.14,   284.7539939,   290.5290055,   273,   56.00775161,   16.7593479,   334.0035737,   0.64556,   77.24831041,   89.64631441,    -999999,  0.265,    -999999,  295.452,   287.68,   46.64,   1.036,   -1.082,   291.6299939,   274.8599939,   288.7539939,   956.018,    -999999,   -999999,   -999999,   -999999,  4.666608,   6.9416,   13.7157,   15.33642,   50.61,   7.36,   -15.054,   0.33484,   0.31072,   35.76,   410.76,   1.95635,   0.1081736842,   410.78,   1958.37,   110.56,   330.55,   9.5,   461.77,   -47.88,    -999999,  234.13,   514.69,   3.26,   71.01,   8.69,   0.51,   31.37,   17.01,   109.79,   11.86,   26.86,   22.91,   1.41,   1.18,    -999999,  3.3,   0.4,   2.23,   84.62,   5.01,   2.19,   6.61,   0.58,   0.91,   450.4,   497.39,   64.8,   16.38,   6.48,   193.6,   2885.59,   1979.22,   872.35,   386.86,   307.82,   293.68,   53.35,    -999999,  0.16,   0.17,   1.16,   0.67,   119.41,   257.56,          2.6422000  
70822,   299,          1402121.0,         14.000000,  13.311245,   40.5359266,   264.5665916,   0.6949440086,   932.474,   284.7419939,   290.487027,   273,   56.01368945,   17.21208584,   331.2339129,   0.643,   77.07340081,   90.34595281,    -999999,  0.2672,    -999999,  295.29,   287.76,   47.42,   1.728,   -0.628,   291.5879939,   274.9219939,   288.8039939,   956.326,    -999999,   -999999,   -999999,   -999999,  4.685888,   6.97256,   13.70486,   15.32252,   50.878,   8.234,   -15.082,   0.33388,   0.30912,   34.86,   410.765,   1.95655,   0.11245,   410.78,   1958.37,   110.56,   330.55,   9.5,   461.77,   -47.88,    -999999,  234.13,   514.69,   3.26,   71.01,   8.69,   0.51,   31.37,   17.01,   109.79,   11.86,   26.86,   22.91,   1.41,   1.18,    -999999,  3.3,   0.4,   2.23,   84.62,   5.01,   2.19,   6.61,   0.58,   0.91,   450.4,   497.39,   64.8,   16.38,   6.48,   193.6,   2885.59,   1979.22,   872.35,   386.86,   307.82,   293.68,   53.35,    -999999,  0.16,   0.17,   1.16,   0.67,   119.41,   257.56,          2.6152000  
70827,   299,          1402122.0,         14.000000,  13.31234667,   40.53698,   264.5622834,   0.6984796886,   932.07,   284.7619939,   290.5434018,   273,   56.01963682,   18.43729787,   331.0971894,   0.64686,   76.15769761,   90.46941841,    -999999,  0.2674,    -999999,  295.85,   287.82,   47.5,   2.034,   -0.392,   291.6439939,   275.0019939,   288.8359939,   956.186,    -999999,   -999999,   -999999,   -999999,  4.715024,   7.01258,   13.72298,   15.34572,   51.1,   8.804,   -16.122,   0.34222,   0.30464,   35.1,   410.78,   1.9572,   0.1076473684,   410.78,   1958.37,   110.56,   330.55,   9.5,   461.77,   -47.88,    -999999,  234.13,   514.69,   3.26,   71.01,   8.69,   0.51,   31.37,   17.01,   109.79,   11.86,   26.86,   22.91,   1.41,   1.18,    -999999,  3.3,   0.4,   2.23,   84.62,   5.01,   2.19,   6.61,   0.58,   0.91,   450.4,   497.39,   64.8,   16.38,   6.48,   193.6,   2885.59,   1979.22,   872.35,   386.86,   307.82,   293.68,   53.35,    -999999,  0.16,   0.17,   1.16,   0.67,   119.41,   257.56,          2.5322500  
70832,   299,          1402123.0,         14.000000,  13.31345124,   40.5380148,   264.5580186,   0.7034784087,   931.512,   284.8639939,   290.6972064,   273,   56.02558367,   18.72105233,   331.2054577,   0.65126,   75.61239121,   90.05786641,    -999999,  0.2662,    -999999,  295.656,   287.38,   47.02,   1.514,   -1.708,   291.7979939,   275.0179939,   288.9019939,   956.286,    -999999,   -999999,   -999999,   -999999,  4.723306,   7.02058,   13.81602,   15.46484,   50.816,   8.982,   -16.398,   0.34838,   0.30288,   34.2,   410.805,   1.95725,   0.11245,   410.78,   1958.37,   110.56,   330.55,   9.5,   461.77,   -47.88,    -999999,  234.13,   514.69,   3.26,   71.01,   8.69,   0.51,   31.37,   17.01,   109.79,   11.86,   26.86,   22.91,   1.41,   1.18,    -999999,  3.3,   0.4,   2.23,   84.62,   5.01,   2.19,   6.61,   0.58,   0.91,   450.4,   497.39,   64.8,   16.38,   6.48,   193.6,   2885.59,   1979.22,   872.35,   386.86,   307.82,   293.68,   53.35,    -999999,  0.16,   0.17,   1.16,   0.67,   119.41,   257.56,          2.4516000  
70837,   299,          1402124.0,         14.000000,  13.3145568,   40.539028,   264.5537686,   0.7021982487,   931.656,   284.8119939,   290.6313057,   273,   56.03151864,   18.73619402,   333.0036697,   0.65024,   75.33459361,   89.44053841,    -999999,  0.2642,    -999999,  295.958,   287.34,   46.38,   1.478,   -0.61,   291.7359939,   274.7979939,   288.7919939,   955.998,    -999999,   -999999,   -999999,   -999999,  4.648262,   6.91094,   13.76846,   15.40386,   50.196,   8.49,   -16.68,   0.34148,   0.30876,   34.44,   410.68,   1.9559,   0.1100210526,    -999999,   -999999,   -999999,   -999999,   -999999,   -999999,   -999999,   -999999,   -999999,   -999999,   -999999,   -999999,   -999999,   -999999,   -999999,   -999999,   -999999,   -999999,   -999999,   -999999,   -999999,   -999999,   -999999,   -999999,   -999999,   -999999,   -999999,   -999999,   -999999,   -999999,   -999999,   -999999,   -999999,   -999999,   -999999,   -999999,   -999999,   -999999,   -999999,   -999999,   -999999,   -999999,   -999999,   -999999,   -999999,   -999999,   -999999,   -999999,   -999999,   -999999,   -999999,   -999999,         2.7542000  
70842,   299,          1402125.0,         14.000000,  13.3156637,   40.540045,   264.5495388,   0.7039051287,   931.472,   284.8779939,   290.7150599,   273,   56.03746669,   19.6443165,   335.953668,   0.65444,   74.76870961,   89.05985281,    -999999,  0.2632,    -999999,  297.156,   287.68,   45.96,   2.492,   0.366,   291.8179939,   274.8459939,   288.8259939,   956.268,    -999999,   -999999,   -999999,   -999999,  4.665248,   6.93462,   13.82858,   15.48086,   50.148,   7.916,   -17.844,   0.31846,   0.33598,   32.44,   410.715,   1.95655,   0.1139105263,    -999999,   -999999,   -999999,   -999999,   -999999,   -999999,   -999999,   -999999,   -999999,   -999999,   -999999,   -999999,   -999999,   -999999,   -999999,   -999999,   -999999,   -999999,   -999999,   -999999,   -999999,   -999999,   -999999,   -999999,   -999999,   -999999,   -999999,   -999999,   -999999,   -999999,   -999999,   -999999,   -999999,   -999999,   -999999,   -999999,   -999999,   -999999,   -999999,   -999999,   -999999,   -999999,   -999999,   -999999,   -999999,   -999999,   -999999,   -999999,   -999999,   -999999,   -999999,   -999999,         2.5184000  
70847,   299,          1402126.0,         14.000000,  13.31677445,   40.5410674,   264.5453668,   0.7167676889,   930.026,   284.9359939,   290.9033465,   273,   56.04344068,   19.13511696,   343.9198622,   0.66804,   73.82214001,   85.96292401,    -999999,  0.2542,    -999999,  298.418,   287.76,   42.74,   2.646,   -1.408,   292.0059939,   274.8259939,   288.6159939,   955.862,    -999999,   -999999,   -999999,   -999999,  4.665852,   6.92474,   13.8818,   15.54912,   49.886,   5.232,   -18.426,   0.31884,   0.3492,   31.88,   410.77,   1.95685,   0.1126,    -999999,   -999999,   -999999,   -999999,   -999999,   -999999,   -999999,   -999999,   -999999,   -999999,   -999999,   -999999,   -999999,   -999999,   -999999,   -999999,   -999999,   -999999,   -999999,   -999999,   -999999,   -999999,   -999999,   -999999,   -999999,   -999999,   -999999,   -999999,   -999999,   -999999,   -999999,   -999999,   -999999,   -999999,   -999999,   -999999,   -999999,   -999999,   -999999,   -999999,   -999999,   -999999,   -999999,   -999999,   -999999,   -999999,   -999999,   -999999,   -999999,   -999999,   -999999,   -999999,         2.7194000  
70852,   299,          1402127.0,         14.000000,  13.31788738,   40.542078,   264.5412274,   0.729874089,   928.55,   284.7219939,   290.8168085,   273,   56.04941721,   18.93620466,   341.9510962,   0.6813,   73.49289841,   85.99379041,    -999999,  0.2544,    -999999,  298.186,   287.92,   42.66,   2.218,   -0.352,   291.9199939,   274.8099939,   288.4039939,   955.946,    -999999,   -999999,   -999999,   -999999,  4.667918,   6.91684,   13.68656,   15.29914,   50.538,   5.834,   -18.018,   0.32982,   0.35148,   33.44,   410.755,   1.9575,   0.108,    -999999,   -999999,   -999999,   -999999,   -999999,   -999999,   -999999,   -999999,   -999999,   -999999,   -999999,   -999999,   -999999,   -999999,   -999999,   -999999,   -999999,   -999999,   -999999,   -999999,   -999999,   -999999,   -999999,   -999999,   -999999,   -999999,   -999999,   -999999,   -999999,   -999999,   -999999,   -999999,   -999999,   -999999,   -999999,   -999999,   -999999,   -999999,   -999999,   -999999,   -999999,   -999999,   -999999,   -999999,   -999999,   -999999,   -999999,   -999999,   -999999,   -999999,   -999999,   -999999,         2.5848000  
