inputs/ACTAMERICA_Merge/B200/ACTAMERICA-mrg05-b200_merge_20170209_R0_L1.ict
136, 1001
Shook, Michael
NASA Atmospheric Composition Branch, NASA Langley Research Center (SSAI)
Merged data file for ACT-AMERICA 2017, Flight 08 (20170209), on the b200 platform. Data is merged to 05 seconds.
NASA ACT-AMERICA 2017
1, 1
2017, 02, 09, 2018, 02, 22
05
UTC,s
97
1, 1, 1, 1, 1, 1, 1, 1, 1, 1, 1, 1, 1, 1, 1, 1, 1, 1, 1, 1, 1, 1, 1, 1, 1, 1, 1, 1, 1, 1, 1, 1, 1, 1, 1, 1, 1, 1, 1, 1, 1, 1, 1, 1, 1, 1, 1, 1, 1, 1, 1, 1, 1, 1, 1, 1, 1, 1, 1, 1, 1, 1, 1, 1, 1, 1, 1, 1, 1, 1, 1, 1, 1, 1, 1, 1, 1, 1, 1, 1, 1, 1, 1, 1, 1, 1, 1, 1, 1, 1, 1, 1, 1, 1, 1, 1, 1
-999999, -999999, -999999, -999999, -999999, -999999, -999999, -999999, -999999, -999999, -999999, -999999, -999999, -999999, -999999, -999999, -999999, -999999, -999999, -999999, -999999, -999999, -999999, -999999, -999999, -999999, -999999, -999999, -999999, -999999, -999999, -999999, -999999, -999999, -999999, -999999, -999999, -999999, -999999, -999999, -999999, -999999, -999999, -999999, -999999, -999999, -999999, -999999, -999999, -999999, -999999, -999999, -999999, -999999, -999999, -999999, -999999, -999999, -999999, -999999, -999999, -999999, -999999, -999999, -999999, -999999, -999999, -999999, -999999, -999999, -999999, -999999, -999999, -999999, -999999, -999999, -999999, -999999, -999999, -999999, -999999, -999999, -999999, -999999, -999999, -999999, -999999, -999999, -999999, -999999, -999999, -999999, -999999, -999999, -999999, -999999, -999999
JDAY, days
INDEX, none
FLIGHT, none
LOCAL_SUN_TIME, hour
LATITUDE, degs
LONGITUDE, degs
ALTP, km
PRESSURE, hPa
TEMPERATURE, K
THETA, K
O3COLUMN, DU
SZA, deg
GPS_ALT, km
GRD_SPD, m/s
TAS, m/s
IAS, m/s
MachNumber, mach
VerticalSpeed, ft min-1
HDG, degs
TRK, degs
PITCH, degs
ROLL, degs
PotentialTemp, K
Dewpoint, K
TotalAirTemp, K
CabinPressure, hPa
SolarZenithAngle, degs
AircraftSunElevation, degs
SunAzimuth, degs
AircraftSunAzimuth, degs
H2O_MixingRatio, g kg-1
H2O_VaporPressure, hPa
H2O_SatVaporPressureWater, hPa
H2O_SatVaporPressureIce, hPa
H2O_RelativeHumidity, %
DifferentialPressure, hPa
U_WINDS, m s-1
V_WINDS, m s-1
Ground_Elevation, km
Altitude_AGL, km
O3_MixingRatio, ppbv
CO2_MixingRatio_PICARRO, ppmv
CH4_MixingRatio_PICARRO, ppmv
CO_MixingRatio_PICARRO, ppmv
CO2_MoleFraction_PFP, ppm
CH4_MoleFraction_PFP, ppb
CO_MoleFraction_PFP, ppb
N2O_MoleFraction_PFP, ppb
SF6_MoleFraction_PFP, ppt
H2_MoleFraction_PFP, ppb
CH4C13_PFP, per mil
CO2C14_PFP, per mil
F11B_MoleFraction_PFP, ppt
FC12_MoleFraction_PFP, ppt
F13_MoleFraction_PFP, ppt
F113_MoleFraction_PFP, ppt
F115_MoleFraction_PFP, ppt
HF133a_MoleFraction_PFP, ppt
F23_MoleFraction_PFP, ppt
F32_MoleFraction_PFP, ppt
F134A_MoleFraction_PFP, ppt
F152A_MoleFraction_PFP, ppt
F125_MoleFraction_PFP, ppt
F143a_MoleFraction_PFP, ppt
F227e_MoleFraction_PFP, ppt
F365m_MoleFraction_PFP, ppt
H1211_MoleFraction_PFP, ppt
H1301_MoleFraction_PFP, ppt
H2402_MoleFraction_PFP, ppt
MCFA_MoleFraction_PFP, ppt
CF4_MoleFraction_PFP, ppt
C2F6_MoleFraction_PFP, ppt
SO2F2_MoleFraction_PFP, ppt
MEBR_MoleFraction_PFP, ppt
CH3I_MoleFraction_PFP, ppt
DIBR_MoleFraction_PFP, ppt
OCS_MoleFraction_PFP, ppt
MECL_MoleFraction_PFP, ppt
DICL_MoleFraction_PFP, ppt
CLHF_MoleFraction_PFP, ppt
PCE_MoleFraction_PFP, ppt
C2H2_MoleFraction_PFP, ppt
C2H6_MoleFraction_PFP, ppt
C3H8_MoleFraction_PFP, ppt
nC4H10_MoleFraction_PFP, ppt
[...]
[from data line 2401]
73137,   40,          802402.00,         8.0000000,  13.97252388,   33.0584048,   264.8399416,   0.4900818301,   955.72,   280.1619939,   283.8108714,   280,   55.47190636,   0.51802,   96.87934081,   96.00376393,    -999999,  0.28612,    -999999,  357.58,   355.8,   1.08,   -1.46,   283.8099939,   270.1899939,   284.7499939,   973.46,    -999999,   -999999,   -999999,   -999999,  3.229214,   4.93632,   10.0673,   10.77354,   49.03,   55.898,   -3.018,   1.75,   0.1028,   0.41522,   38.68,   415.56,   1.96285,   0.1495666667,   415.3,   1964.05,   146.1,   330.48,   9.33,   482.56,   -47.46,    -999999,  232.71,   517.93,   3.38,   71.33,   8.65,   0.53,   35.93,   15.63,   108.51,   15.04,   24.8,   22.25,   1.41,   1.12,   4.47,   3.34,   0.41,   2.68,   84.69,   4.64,   2.52,   6.81,   0.42,   1.24,   508.32,   548.3,   72.81,   16.42,   4.14,   433.5,   2640.86,   1230.27,   339.27,   155.38,   77.53,   96.21,   113.28,   70.38,   0.22,   0.15,   1.09,   0.63,   37.97,   258.01,      -999999  
73142,   40,          802403.00,         8.0000000,  13.9738874,   33.062754,   264.839561,   0.4914778141,   955.56,   280.1459939,   283.808239,   280,   55.48538992,   0.51952,   96.68385361,   95.33190529,    -999999,  0.28416,    -999999,  357.5,   355.72,   1.06,   -1.88,   283.8099939,   270.0499939,   284.6699939,   973.28,    -999999,   -999999,   -999999,   -999999,  3.196094,   4.88514,   10.05624,   10.76008,   48.576,   55.096,   -3.178,   2.218,   0.10644,   0.41308,   38.2,   415,   1.9628,   0.1516,   415.3,   1964.05,   146.1,   330.48,   9.33,   482.56,   -47.46,    -999999,  232.71,   517.93,   3.38,   71.33,   8.65,   0.53,   35.93,   15.63,   108.51,   15.04,   24.8,   22.25,   1.41,   1.12,   4.47,   3.34,   0.41,   2.68,   84.69,   4.64,   2.52,   6.81,   0.42,   1.24,   508.32,   548.3,   72.81,   16.42,   4.14,   433.5,   2640.86,   1230.27,   339.27,   155.38,   77.53,   96.21,   113.28,   70.38,   0.22,   0.15,   1.09,   0.63,   37.97,   258.01,      -999999  
73147,   40,          802404.00,         8.0000000,  13.97524934,   33.0671008,   264.8391568,   0.4932334621,   955.36,   280.0959939,   283.7745565,   280,   55.49886336,   0.52086,   96.78674161,   95.44816873,    -999999,  0.28448,    -999999,  357.02,   355.34,   0.82,   -2.18,   283.7739939,   269.8499939,   284.6299939,   973.34,    -999999,   -999999,   -999999,   -999999,  3.149222,   4.81282,   10.0218,   10.7181,   48.026,   55.23,   -3.124,   2.166,   0.11496,   0.4059,   37.72,   415.165,   1.95985,   0.1456,   415.3,   1964.05,   146.1,   330.48,   9.33,   482.56,   -47.46,    -999999,  232.71,   517.93,   3.38,   71.33,   8.65,   0.53,   35.93,   15.63,   108.51,   15.04,   24.8,   22.25,   1.41,   1.12,   4.47,   3.34,   0.41,   2.68,   84.69,   4.64,   2.52,   6.81,   0.42,   1.24,   508.32,   548.3,   72.81,   16.42,   4.14,   433.5,   2640.86,   1230.27,   339.27,   155.38,   77.53,   96.21,   113.28,   70.38,   0.22,   0.15,   1.09,   0.63,   37.97,   258.01,      -999999  
73152,   40,          802405.00,         8.0000000,  13.97660946,   33.0714482,   264.8387252,   0.4942819741,   955.24,   279.9979939,   283.6854507,   280,   55.51232725,   0.52238,   96.69414241,   97.08820345,    -999999,  0.28942,    -999999,  356.6,   355.12,   0.92,   -1.7,   283.6879939,   269.7899939,   284.6899939,   973.3,    -999999,   -999999,   -999999,   -999999,  3.135426,   4.79122,   9.95454,   10.63616,   48.13,   57.2,   -2.526,   0.516,   0.12204,   0.40034,   37.48,   417.26,   1.961711111,   0.14735,    -999999,   -999999,   -999999,   -999999,   -999999,   -999999,   -999999,   -999999,   -999999,   -999999,   -999999,   -999999,   -999999,   -999999,   -999999,   -999999,   -999999,   -999999,   -999999,   -999999,   -999999,   -999999,   -999999,   -999999,   -999999,   -999999,   -999999,   -999999,   -999999,   -999999,   -999999,   -999999,   -999999,   -999999,   -999999,   -999999,   -999999,   -999999,   -999999,   -999999,   -999999,   -999999,   -999999,   -999999,   -999999,   -999999,   -999999,   -999999,   -999999,   -999999,   -999999,   -999999,     -999999  
73157,   40,          802406.00,         8.0000000,  13.977969,   33.075787,   264.838285,   0.4946294461,   955.2,   280.1539939,   283.8469012,   280,   55.52578323,   0.5229,   96.53981041,   96.30008137,    -999999,  0.28702,    -999999,  356.54,   355.12,   0.74,   -1.4,   283.8479939,   270.0299939,   284.7699939,   973.34,    -999999,   -999999,   -999999,   -999999,  3.192556,   4.87792,   10.06184,   10.76694,   48.476,   56.222,   -2.388,   1.136,   0.11992,   0.40298,   37.6,   417.645,   1.960955556,   0.15465,    -999999,   -999999,   -999999,   -999999,   -999999,   -999999,   -999999,   -999999,   -999999,   -999999,   -999999,   -999999,   -999999,   -999999,   -999999,   -999999,   -999999,   -999999,   -999999,   -999999,   -999999,   -999999,   -999999,   -999999,   -999999,   -999999,   -999999,   -999999,   -999999,   -999999,   -999999,   -999999,   -999999,   -999999,   -999999,   -999999,   -999999,   -999999,   -999999,   -999999,   -999999,   -999999,   -999999,   -999999,   -999999,   -999999,   -999999,   -999999,   -999999,   -999999,   -999999,   -999999,     -999999  
73162,   40,          802407.00,         8.0000000,  13.97932901,   33.080125,   264.8378518,   0.4928798941,   955.4,   280.2259939,   283.9028677,   280,   55.53924525,   0.52134,   96.60154321,   96.19204897,    -999999,  0.28664,    -999999,  356.28,   355.28,   0.84,   -1.32,   283.9019939,   269.9899939,   284.8299939,   973.3,    -999999,   -999999,   -999999,   -999999,  3.182308,   4.86336,   10.11158,   10.8276,   48.096,   56.09,   -1.824,   1.332,   0.12982,   0.39152,   38.62,   417.132,   1.95975,   0.14465,    -999999,   -999999,   -999999,   -999999,   -999999,   -999999,   -999999,   -999999,   -999999,   -999999,   -999999,   -999999,   -999999,   -999999,   -999999,   -999999,   -999999,   -999999,   -999999,   -999999,   -999999,   -999999,   -999999,   -999999,   -999999,   -999999,   -999999,   -999999,   -999999,   -999999,   -999999,   -999999,   -999999,   -999999,   -999999,   -999999,   -999999,   -999999,   -999999,   -999999,   -999999,   -999999,   -999999,   -999999,   -999999,   -999999,   -999999,   -999999,   -999999,   -999999,   -999999,   -999999,     -999999  
73167,   40,          802408.00,         8.0000000,  13.98068994,   33.0844608,   264.8374324,   0.4918374781,   955.52,   280.1599939,   283.8258167,   280,   55.55271548,   0.52042,   96.35461201,   96.87934081,    -999999,  0.28874,    -999999,  356.32,   355.48,   1.04,   -0.98,   283.8239939,   269.8499939,   284.8299939,   973.3,    -999999,   -999999,   -999999,   -999999,  3.148634,   4.8127,   10.06592,   10.77188,   47.81,   56.932,   -1.34,   0.474,   0.12888,   0.39154,   37.1,   417.81,   1.9625,   0.1514,    -999999,   -999999,   -999999,   -999999,   -999999,   -999999,   -999999,   -999999,   -999999,   -999999,   -999999,   -999999,   -999999,   -999999,   -999999,   -999999,   -999999,   -999999,   -999999,   -999999,   -999999,   -999999,   -999999,   -999999,   -999999,   -999999,   -999999,   -999999,   -999999,   -999999,   -999999,   -999999,   -999999,   -999999,   -999999,   -999999,   -999999,   -999999,   -999999,   -999999,   -999999,   -999999,   -999999,   -999999,   -999999,   -999999,   -999999,   -999999,   -999999,   -999999,   -999999,   -999999,     -999999  
73172,   40,          802409.00,         8.0000000,  13.98205204,   33.0887824,   264.8370306,   0.4937577181,   955.3,   280.3959939,   284.0835942,   280,   55.56618602,   0.52174,   96.09739201,   95.63233825,    -999999,  0.2849,    -999999,  356.74,   355.54,   1,   -1.42,   284.0859939,   270.1899939,   284.9499939,   973.3,    -999999,   -999999,   -999999,   -999999,  3.23071,   4.93642,   10.23056,   10.9731,   48.254,   55.39,   -2.214,   1.36,   0.1353,   0.38644,   35.82,   418.43,   1.96306,   0.1435,    -999999,   -999999,   -999999,   -999999,   -999999,   -999999,   -999999,   -999999,   -999999,   -999999,   -999999,   -999999,   -999999,   -999999,   -999999,   -999999,   -999999,   -999999,   -999999,   -999999,   -999999,   -999999,   -999999,   -999999,   -999999,   -999999,   -999999,   -999999,   -999999,   -999999,   -999999,   -999999,   -999999,   -999999,   -999999,   -999999,   -999999,   -999999,   -999999,   -999999,   -999999,   -999999,   -999999,   -999999,   -999999,   -999999,   -999999,   -999999,   -999999,   -999999,   -999999,   -999999,         2.6297500  
73177,   40,          802410.00,         8.0000000,  13.98341433,   33.0931106,   264.8366316,   0.4955072701,   955.1,   280.3799939,   284.084378,   280,   55.57966658,   0.52366,   96.53981041,   94.97076841,    -999999,  0.28292,    -999999,  357,   355.62,   0.3,   -1.16,   284.0839939,   270.4299939,   284.8699939,   973.14,    -999999,   -999999,   -999999,   -999999,  3.289806,   5.02516,   10.21912,   10.95904,   49.178,   54.604,   -2.256,   2.444,   0.13758,   0.38608,   37.82,   419.098,   1.96114,   0.1361,    -999999,   -999999,   -999999,   -999999,   -999999,   -999999,   -999999,   -999999,   -999999,   -999999,   -999999,   -999999,   -999999,   -999999,   -999999,   -999999,   -999999,   -999999,   -999999,   -999999,   -999999,   -999999,   -999999,   -999999,   -999999,   -999999,   -999999,   -999999,   -999999,   -999999,   -999999,   -999999,   -999999,   -999999,   -999999,   -999999,   -999999,   -999999,   -999999,   -999999,   -999999,   -999999,   -999999,   -999999,   -999999,   -999999,   -999999,   -999999,   -999999,   -999999,   -999999,   -999999,         2.6264000  
73182,   40,          802411.00,         8.0000000,  13.98477695,   33.0974544,   264.8362376,   0.4925385181,   955.44,   280.3519939,   284.0271234,   280,   55.59316555,   0.52038,   96.61183201,   96.54495481,    -999999,  0.28764,    -999999,  357.18,   355.56,   0.94,   -1.76,   284.0279939,   270.0299939,   284.9899939,   973.4,    -999999,   -999999,   -999999,   -999999,  3.191914,   4.87816,   10.19948,   10.93498,   47.832,   56.488,   -2.834,   0.97,   0.13272,   0.38766,   36.46,   421.64,   1.959418182,   0.15445,    -999999,   -999999,   -999999,   -999999,   -999999,   -999999,   -999999,   -999999,   -999999,   -999999,   -999999,   -999999,   -999999,   -999999,   -999999,   -999999,   -999999,   -999999,   -999999,   -999999,   -999999,   -999999,   -999999,   -999999,   -999999,   -999999,   -999999,   -999999,   -999999,   -999999,   -999999,   -999999,   -999999,   -999999,   -999999,   -999999,   -999999,   -999999,   -999999,   -999999,   -999999,   -999999,   -999999,   -999999,   -999999,   -999999,   -999999,   -999999,   -999999,   -999999,   -999999,   -999999,         2.6094000  
73187,   40,          802412.00,         8.0000000,  13.98613883,   33.1017978,   264.8358324,   0.4944526621,   955.22,   280.3039939,   283.9971795,   280,   55.606662,   0.52178,   96.76616401,   95.95334881,    -999999,  0.2859,    -999999,  356.88,   355.48,   0.5,   -1.86,   284.0019939,   269.5499939,   284.8899939,   973.42,    -999999,   -999999,   -999999,   -999999,  3.07956,   4.7062,   10.16588,   10.89392,   46.292,   55.778,   -2.612,   1.668,   0.12446,   0.39732,   36.42,   423.11,   1.95978,   0.1461,    -999999,   -999999,   -999999,   -999999,   -999999,   -999999,   -999999,   -999999,   -999999,   -999999,   -999999,   -999999,   -999999,   -999999,   -999999,   -999999,   -999999,   -999999,   -999999,   -999999,   -999999,   -999999,   -999999,   -999999,   -999999,   -999999,   -999999,   -999999,   -999999,   -999999,   -999999,   -999999,   -999999,   -999999,   -999999,   -999999,   -999999,   -999999,   -999999,   -999999,   -999999,   -999999,   -999999,   -999999,   -999999,   -999999,   -999999,   -999999,   -999999,   -999999,   -999999,   -999999,         2.5856000  
73192,   40,          802413.00,         8.0000000,  13.98749961,   33.1061526,   264.8354108,   0.4960254301,   955.04,   280.2799939,   283.9881541,   280,   55.62016299,   0.52352,   97.09540561,   96.65298721,    -999999,  0.28798,    -999999,  356.08,   355.28,   0.18,   -1.52,   283.9879939,   269.5699939,   284.9299939,   973.22,    -999999,   -999999,   -999999,   -999999,  3.084762,   4.7132,   10.14916,   10.87352,   46.442,   56.61,   -1.34,   1.362,   0.1295,   0.39402,   37.2,   424.74,   1.9655,   0.1455571429,    -999999,   -999999,   -999999,   -999999,   -999999,   -999999,   -999999,   -999999,   -999999,   -999999,   -999999,   -999999,   -999999,   -999999,   -999999,   -999999,   -999999,   -999999,   -999999,   -999999,   -999999,   -999999,   -999999,   -999999,   -999999,   -999999,   -999999,   -999999,   -999999,   -999999,   -999999,   -999999,   -999999,   -999999,   -999999,   -999999,   -999999,   -999999,   -999999,   -999999,   -999999,   -999999,   -999999,   -999999,   -999999,   -999999,   -999999,   -999999,   -999999,   -999999,   -999999,   -999999,         2.5784000  
73197,   40,          802414.00,         8.0000000,  13.98885991,   33.1105208,   264.834982,   0.4949830141,   955.16,   280.1159939,   283.8117961,   280,   55.6336746,   0.52226,   97.30118161,   97.75183105,    -999999,  0.29134,    -999999,  356.72,   355.34,   0.42,   -1.1,   283.8099939,   270.1699939,   284.8699939,   973.3,    -999999,   -999999,   -999999,   -999999,  3.226464,   4.92926,   10.0356,   10.73492,   49.118,   57.97,   -2.332,   0.47,   0.13712,   0.38514,   35.48,   425.59,   1.9662,   0.1447190476,    -999999,   -999999,   -999999,   -999999,   -999999,   -999999,   -999999,   -999999,   -999999,   -999999,   -999999,   -999999,   -999999,   -999999,   -999999,   -999999,   -999999,   -999999,   -999999,   -999999,   -999999,   -999999,   -999999,   -999999,   -999999,   -999999,   -999999,   -999999,   -999999,   -999999,   -999999,   -999999,   -999999,   -999999,   -999999,   -999999,   -999999,   -999999,   -999999,   -999999,   -999999,   -999999,   -999999,   -999999,   -999999,   -999999,   -999999,   -999999,   -999999,   -999999,   -999999,   -999999,         2.5888000  
73202,   40,          802415.00,         8.0000000,  13.99022331,   33.1148902,   264.8345996,   0.4942819741,   955.24,   280.2239939,   283.9144271,   280,   55.6472131,   0.52186,   96.97194001,   96.42251809,    -999999,  0.28734,    -999999,  357.72,   357.2,   1.52,   7.06,   283.9139939,   270.4299939,   284.8499939,   973.3,    -999999,   -999999,   -999999,   -999999,  3.289318,   5.02516,   10.11024,   10.826,   49.704,   56.362,   -3.08,   0.46,   0.14368,   0.37818,   33.76,   425.158,   1.9695,   0.1449142857,    -999999,   -999999,   -999999,   -999999,   -999999,   -999999,   -999999,   -999999,   -999999,   -999999,   -999999,   -999999,   -999999,   -999999,   -999999,   -999999,   -999999,   -999999,   -999999,   -999999,   -999999,   -999999,   -999999,   -999999,   -999999,   -999999,   -999999,   -999999,   -999999,   -999999,   -999999,   -999999,   -999999,   -999999,   -999999,   -999999,   -999999,   -999999,   -999999,   -999999,   -999999,   -999999,   -999999,   -999999,   -999999,   -999999,   -999999,   -999999,   -999999,   -999999,   -999999,   -999999,         2.6182000  
