inputs/ACTAMERICA_Merge/B200/ACTAMERICA-mrg05-b200_merge_20170223_R0.ict
136, 1001
Shook, Michael
NASA Atmospheric Composition Branch, NASA Langley Research Center (SSAI)
Merged data file for ACT-AMERICA 2017, Flight 17 (20170223), on the b200 platform. Data is merged to 05 seconds.
NASA ACT-AMERICA 2017
1, 1
2017, 02, 23, 2018, 02, 22
05
UTC,s
97
1, 1, 1, 1, 1, 1, 1, 1, 1, 1, 1, 1, 1, 1, 1, 1, 1, 1, 1, 1, 1, 1, 1, 1, 1, 1, 1, 1, 1, 1, 1, 1, 1, 1, 1, 1, 1, 1, 1, 1, 1, 1, 1, 1, 1, 1, 1, 1, 1, 1, 1, 1, 1, 1, 1, 1, 1, 1, 1, 1, 1, 1, 1, 1, 1, 1, 1, 1, 1, 1, 1, 1, 1, 1, 1, 1, 1, 1, 1, 1, 1, 1, 1, 1, 1, 1, 1, 1, 1, 1, 1, 1, 1, 1, 1, 1, 1
-999999, -999999, -999999, -999999, -999999, -999999, -999999, -999999, -999999, -999999, -999999, -999999, -999999, -999999, -999999, -999999, -999999, -999999, -999999, -999999, -999999, -999999, -999999, -999999, -999999, -999999, -999999, -999999, -999999, -999999, -999999, -999999, -999999, -999999, -999999, -999999, -999999, -999999, -999999, -999999, -999999, -999999, -999999, -999999, -999999, -999999, -999999, -999999, -999999, -999999, -999999, -999999, -999999, -999999, -999999, -999999, -999999, -999999, -999999, -999999, -999999, -999999, -999999, -999999, -999999, -999999, -999999, -999999, -999999, -999999, -999999, -999999, -999999, -999999, -999999, -999999, -999999, -999999, -999999, -999999, -999999, -999999, -999999, -999999, -999999, -999999, -999999, -999999, -999999, -999999, -999999, -999999, -999999, -999999, -999999, -999999, -999999
JDAY, days
INDEX, none
FLIGHT, none
LOCAL_SUN_TIME, hour
LATITUDE, degs
LONGITUDE, degs
ALTP, km
PRESSURE, hPa
TEMPERATURE, K
THETA, K
O3COLUMN, DU
SZA, deg
GPS_ALT, km
GRD_SPD, m/s
TAS, m/s
IAS, m/s
MachNumber, mach
VerticalSpeed, ft min-1
HDG, degs
TRK, degs
PITCH, degs
ROLL, degs
PotentialTemp, K
Dewpoint, K
TotalAirTemp, K
CabinPressure, hPa
SolarZenithAngle, degs
AircraftSunElevation, degs
SunAzimuth, degs
AircraftSunAzimuth, degs
H2O_MixingRatio, g kg-1
H2O_VaporPressure, hPa
H2O_SatVaporPressureWater, hPa
H2O_SatVaporPressureIce, hPa
H2O_RelativeHumidity, %
DifferentialPressure, hPa
U_WINDS, m s-1
V_WINDS, m s-1
Ground_Elevation, km
Altitude_AGL, km
O3_MixingRatio, ppbv
CO2_MixingRatio_PICARRO, ppmv
CH4_MixingRatio_PICARRO, ppmv
CO_MixingRatio_PICARRO, ppmv
CO2_MoleFraction_PFP, ppm
CH4_MoleFraction_PFP, ppb
CO_MoleFraction_PFP, ppb
N2O_MoleFraction_PFP, ppb
SF6_MoleFraction_PFP, ppt
H2_MoleFraction_PFP, ppb
CH4C13_PFP, per mil
CO2C14_PFP, per mil
F11B_MoleFraction_PFP, ppt
FC12_MoleFraction_PFP, ppt
F13_MoleFraction_PFP, ppt
F113_MoleFraction_PFP, ppt
F115_MoleFraction_PFP, ppt
HF133a_MoleFraction_PFP, ppt
F23_MoleFraction_PFP, ppt
F32_MoleFraction_PFP, ppt
F134A_MoleFraction_PFP, ppt
F152A_MoleFraction_PFP, ppt
F125_MoleFraction_PFP, ppt
F143a_MoleFraction_PFP, ppt
F227e_MoleFraction_PFP, ppt
F365m_MoleFraction_PFP, ppt
H1211_MoleFraction_PFP, ppt
H1301_MoleFraction_PFP, ppt
H2402_MoleFraction_PFP, ppt
MCFA_MoleFraction_PFP, ppt
CF4_MoleFraction_PFP, ppt
C2F6_MoleFraction_PFP, ppt
SO2F2_MoleFraction_PFP, ppt
MEBR_MoleFraction_PFP, ppt
CH3I_MoleFraction_PFP, ppt
DIBR_MoleFraction_PFP, ppt
OCS_MoleFraction_PFP, ppt
MECL_MoleFraction_PFP, ppt
DICL_MoleFraction_PFP, ppt
CLHF_MoleFraction_PFP, ppt
PCE_MoleFraction_PFP, ppt
C2H2_MoleFraction_PFP, ppt
C2H6_MoleFraction_PFP, ppt
C3H8_MoleFraction_PFP, ppt
nC4H10_MoleFraction_PFP, ppt
[...]
[from data line 2173]
75662,   54,          1702174.0,         17.000000,  14.57781849,   40.0440798,   263.3985274,   0.8324819623,   917.12,   275.8239939,   282.727091,   310,   61.37851049,   0.62912,   90.14017681,   99.48343609,    -999999,  0.2988,    -999999,  356.56,   352.92,   0.64,   -1.68,   282.7279939,   275.1699939,   280.7499939,   933.9,    -999999,   -999999,   -999999,   -999999,  4.850562,   7.09686,   7.43544,   7.63146,   95.45,   58.62,   -5.536,   -8.728,   0.38908,   0.24004,   19.36,   420.955,   1.97365,   0.1302238095,    -999999,   -999999,   -999999,   -999999,   -999999,   -999999,   -999999,   -999999,   -999999,   -999999,   -999999,   -999999,   -999999,   -999999,   -999999,   -999999,   -999999,   -999999,   -999999,   -999999,   -999999,   -999999,   -999999,   -999999,   -999999,   -999999,   -999999,   -999999,   -999999,   -999999,   -999999,   -999999,   -999999,   -999999,   -999999,   -999999,   -999999,   -999999,   -999999,   -999999,   -999999,   -999999,   -999999,   -999999,   -999999,   -999999,   -999999,   -999999,   -999999,   -999999,   -999999,   -999999,     -999999  
75667,   54,          1702175.0,         17.000000,  14.57916258,   40.0480926,   263.3978554,   0.8342863783,   916.92,   275.8499939,   282.7713617,   310,   61.39219631,   0.63204,   89.55371521,   97.99773337,    -999999,  0.29434,    -999999,  355.48,   352.4,   1.48,   -1.22,   282.7739939,   275.1099939,   280.6299939,   933.9,    -999999,   -999999,   -999999,   -999999,  4.830716,   7.0665,   7.44914,   7.64746,   94.864,   56.82,   -3.98,   -7.78,   0.39678,   0.23526,   18.54,   421.01,   1.97315,   0.130655,    -999999,   -999999,   -999999,   -999999,   -999999,   -999999,   -999999,   -999999,   -999999,   -999999,   -999999,   -999999,   -999999,   -999999,   -999999,   -999999,   -999999,   -999999,   -999999,   -999999,   -999999,   -999999,   -999999,   -999999,   -999999,   -999999,   -999999,   -999999,   -999999,   -999999,   -999999,   -999999,   -999999,   -999999,   -999999,   -999999,   -999999,   -999999,   -999999,   -999999,   -999999,   -999999,   -999999,   -999999,   -999999,   -999999,   -999999,   -999999,   -999999,   -999999,   -999999,   -999999,     -999999  
75672,   54,          1702176.0,         17.000000,  14.58050402,   40.052059,   263.3971436,   0.8433145544,   915.92,   275.8059939,   282.8144177,   310,   61.40582955,   0.64136,   88.27790401,   97.43184937,    -999999,  0.29266,    -999999,  355.44,   351.88,   1.48,   -1.56,   282.8119939,   275.0699939,   280.5299939,   933.68,    -999999,   -999999,   -999999,   -999999,  4.822086,   7.0463,   7.42588,   7.6203,   94.892,   56.1,   -4.714,   -8.556,   0.3985,   0.24286,   17.5,   421.075,   1.97275,   0.1362190476,    -999999,   -999999,   -999999,   -999999,   -999999,   -999999,   -999999,   -999999,   -999999,   -999999,   -999999,   -999999,   -999999,   -999999,   -999999,   -999999,   -999999,   -999999,   -999999,   -999999,   -999999,   -999999,   -999999,   -999999,   -999999,   -999999,   -999999,   -999999,   -999999,   -999999,   -999999,   -999999,   -999999,   -999999,   -999999,   -999999,   -999999,   -999999,   -999999,   -999999,   -999999,   -999999,   -999999,   -999999,   -999999,   -999999,   -999999,   -999999,   -999999,   -999999,   -999999,   -999999,     -999999  
75677,   54,          1702177.0,         17.000000,  14.58184353,   40.0559764,   263.396403,   0.8485571145,   915.34,   275.7679939,   282.8266345,   310,   61.41941428,   0.6444,   87.91779601,   97.01103745,    -999999,  0.29142,    -999999,  355.44,   351.82,   -0.6,   1.34,   282.8239939,   275.0699939,   280.4499939,   933.48,    -999999,   -999999,   -999999,   -999999,  4.82516,   7.0463,   7.40584,   7.59696,   95.144,   55.58,   -4.5,   -8.642,   0.39772,   0.24668,   17.44,   421.025,   1.97335,   0.1350272727,    -999999,   -999999,   -999999,   -999999,   -999999,   -999999,   -999999,   -999999,   -999999,   -999999,   -999999,   -999999,   -999999,   -999999,   -999999,   -999999,   -999999,   -999999,   -999999,   -999999,   -999999,   -999999,   -999999,   -999999,   -999999,   -999999,   -999999,   -999999,   -999999,   -999999,   -999999,   -999999,   -999999,   -999999,   -999999,   -999999,   -999999,   -999999,   -999999,   -999999,   -999999,   -999999,   -999999,   -999999,   -999999,   -999999,   -999999,   -999999,   -999999,   -999999,   -999999,   -999999,     -999999  
75682,   54,          1702178.0,         17.000000,  14.58318641,   40.0599152,   263.3957128,   0.8380780904,   916.5,   275.7659939,   282.7222608,   310,   61.4330432,   0.63478,   88.54541281,   97.63145209,    -999999,  0.29328,    -999999,  356.86,   352.86,   0.36,   -0.5,   282.7219939,   275.0499939,   280.5099939,   933.96,    -999999,   -999999,   -999999,   -999999,  4.812064,   7.0362,   7.40482,   7.59582,   95.022,   56.38,   -5.2,   -8.53,   0.39438,   0.2404,   18.92,   420.884,   1.973633333,   0.1328333333,    -999999,   -999999,   -999999,   -999999,   -999999,   -999999,   -999999,   -999999,   -999999,   -999999,   -999999,   -999999,   -999999,   -999999,   -999999,   -999999,   -999999,   -999999,   -999999,   -999999,   -999999,   -999999,   -999999,   -999999,   -999999,   -999999,   -999999,   -999999,   -999999,   -999999,   -999999,   -999999,   -999999,   -999999,   -999999,   -999999,   -999999,   -999999,   -999999,   -999999,   -999999,   -999999,   -999999,   -999999,   -999999,   -999999,   -999999,   -999999,   -999999,   -999999,   -999999,   -999999,     -999999  
75687,   54,          1702179.0,         17.000000,  14.58453126,   40.063864,   263.3950522,   0.8391631784,   916.38,   275.8659939,   282.8353645,   310,   61.44669702,   0.63754,   88.02068401,   96.80629033,    -999999,  0.29074,    -999999,  355.96,   352.2,   1.92,   -1.92,   282.8359939,   275.0499939,   280.5299939,   934.04,    -999999,   -999999,   -999999,   -999999,  4.812698,   7.0362,   7.45762,   7.65734,   94.348,   55.38,   -5.618,   -8.212,   0.39414,   0.2434,   18.22,   420.805,   1.9731,   0.1378,   421.03,   1975.16,   133.75,   338.32,   9.53,   482.09,   -47.34,    -999999,  231.95,   516.19,   3.29,   70.84,   8.69,   0.55,   30.06,   16.03,   105.72,   15.69,   24.76,   22.7,   1.29,   1.17,   4.66,   3.32,   0.41,   2.53,   82.86,   4.79,   2.22,   6.21,   0.34,   1.21,    -999999,  526.74,   70.91,   15.55,   4.75,   390,   3996.77,   2635.14,   817.95,   322.33,   214.34,   214.18,   97.05,   62.16,   0.24,   0.18,   1.11,   0.71,   77.05,   253.6,      -999999  
75692,   54,          1702180.0,         17.000000,  14.58587241,   40.0677686,   263.3943362,   0.8453018504,   915.7,   275.8619939,   282.8912564,   310,   61.46029148,   0.64308,   87.39306721,   95.78564137,    -999999,  0.2877,    -999999,  354.86,   351.96,   0.18,   -1.22,   282.8919939,   275.0899939,   280.4299939,   933.6,    -999999,   -999999,   -999999,   -999999,  4.830218,   7.0564,   7.45556,   7.65492,   94.652,   54.16,   -3.696,   -7.832,   0.39588,   0.2472,   19.06,   420.985,   1.9731,   0.1384,   421.03,   1975.16,   133.75,   338.32,   9.53,   482.09,   -47.34,    -999999,  231.95,   516.19,   3.29,   70.84,   8.69,   0.55,   30.06,   16.03,   105.72,   15.69,   24.76,   22.7,   1.29,   1.17,   4.66,   3.32,   0.41,   2.53,   82.86,   4.79,   2.22,   6.21,   0.34,   1.21,    -999999,  526.74,   70.91,   15.55,   4.75,   390,   3996.77,   2635.14,   817.95,   322.33,   214.34,   214.18,   97.05,   62.16,   0.24,   0.18,   1.11,   0.71,   77.05,   253.6,      -999999  
75697,   54,          1702181.0,         17.000000,  14.5872119,   40.0716738,   263.3935952,   0.8422416584,   916.04,   275.8619939,   282.8612528,   310,   61.47387479,   0.6403,   87.84577441,   96.39165169,    -999999,  0.28952,    -999999,  354.78,   351.4,   1,   -0.06,   282.8659939,   275.0899939,   280.4899939,   933.76,    -999999,   -999999,   -999999,   -999999,  4.828418,   7.0564,   7.45556,   7.6549,   94.652,   54.88,   -4.29,   -8.042,   0.38176,   0.25854,   16.12,   420.994,   1.973177778,   0.1324,   421.03,   1975.16,   133.75,   338.32,   9.53,   482.09,   -47.34,    -999999,  231.95,   516.19,   3.29,   70.84,   8.69,   0.55,   30.06,   16.03,   105.72,   15.69,   24.76,   22.7,   1.29,   1.17,   4.66,   3.32,   0.41,   2.53,   82.86,   4.79,   2.22,   6.21,   0.34,   1.21,    -999999,  526.74,   70.91,   15.55,   4.75,   390,   3996.77,   2635.14,   817.95,   322.33,   214.34,   214.18,   97.05,   62.16,   0.24,   0.18,   1.11,   0.71,   77.05,   253.6,      -999999  
75702,   54,          1702182.0,         17.000000,  14.58855114,   40.0755784,   263.3928504,   0.8463869385,   915.58,   275.8059939,   282.8444202,   310,   61.48745751,   0.64482,   87.36220081,   95.74757281,    -999999,  0.2876,    -999999,  355.68,   352.08,   0.66,   0.04,   282.8439939,   275.0899939,   280.3699939,   933.62,    -999999,   -999999,   -999999,   -999999,  4.83085,   7.0564,   7.42586,   7.62032,   95.026,   54.12,   -4.528,   -7.85,   0.39054,   0.25428,   18.36,   421.1,   1.97335,   0.1377,   421.03,   1975.16,   133.75,   338.32,   9.53,   482.09,   -47.34,    -999999,  231.95,   516.19,   3.29,   70.84,   8.69,   0.55,   30.06,   16.03,   105.72,   15.69,   24.76,   22.7,   1.29,   1.17,   4.66,   3.32,   0.41,   2.53,   82.86,   4.79,   2.22,   6.21,   0.34,   1.21,    -999999,  526.74,   70.91,   15.55,   4.75,   390,   3996.77,   2635.14,   817.95,   322.33,   214.34,   214.18,   97.05,   62.16,   0.24,   0.18,   1.11,   0.71,   77.05,   253.6,      -999999  
75707,   54,          1702183.0,         17.000000,  14.58989329,   40.0794808,   263.3921494,   0.8438510024,   915.86,   275.8339939,   282.8484232,   310,   61.50106408,   0.64188,   87.90750721,   95.22901729,    -999999,  0.286,    -999999,  355.22,   351.98,   -0.22,   -0.92,   282.8499939,   275.0899939,   280.3499939,   933.6,    -999999,   -999999,   -999999,   -999999,  4.829368,   7.0564,   7.44072,   7.63766,   94.838,   53.54,   -4.166,   -6.898,   0.38814,   0.25374,   17.62,   421.035,   1.974,   0.1365,    -999999,   -999999,   -999999,   -999999,   -999999,   -999999,   -999999,   -999999,   -999999,   -999999,   -999999,   -999999,   -999999,   -999999,   -999999,   -999999,   -999999,   -999999,   -999999,   -999999,   -999999,   -999999,   -999999,   -999999,   -999999,   -999999,   -999999,   -999999,   -999999,   -999999,   -999999,   -999999,   -999999,   -999999,   -999999,   -999999,   -999999,   -999999,   -999999,   -999999,   -999999,   -999999,   -999999,   -999999,   -999999,   -999999,   -999999,   -999999,   -999999,   -999999,   -999999,   -999999,     -999999  
75712,   54,          1702184.0,         17.000000,  14.59123321,   40.0834094,   263.3914148,   0.8397057224,   916.32,   275.7199939,   282.6909645,   310,   61.51467307,   0.63806,   88.12357201,   98.12325673,    -999999,  0.29476,    -999999,  355.64,   351.62,   1.16,   -0.96,   282.6899939,   275.0699939,   280.5099939,   933.96,    -999999,   -999999,   -999999,   -999999,  4.819974,   7.0463,   7.38062,   7.56764,   95.472,   56.96,   -5.518,   -9.516,   0.38306,   0.255,   17.1,   421.096,   1.97395,   0.13375,    -999999,   -999999,   -999999,   -999999,   -999999,   -999999,   -999999,   -999999,   -999999,   -999999,   -999999,   -999999,   -999999,   -999999,   -999999,   -999999,   -999999,   -999999,   -999999,   -999999,   -999999,   -999999,   -999999,   -999999,   -999999,   -999999,   -999999,   -999999,   -999999,   -999999,   -999999,   -999999,   -999999,   -999999,   -999999,   -999999,   -999999,   -999999,   -999999,   -999999,   -999999,   -999999,   -999999,   -999999,   -999999,   -999999,   -999999,   -999999,   -999999,   -999999,   -999999,   -999999,     -999999  
75717,   54,          1702185.0,         17.000000,  14.59257186,   40.0873182,   263.3906612,   0.8453079464,   915.7,   275.6939939,   282.7189756,   310,   61.52825962,   0.64384,   87.33133441,   97.13347417,    -999999,  0.29182,    -999999,  355.56,   351.66,   1.14,   -0.08,   282.7219939,   275.0099939,   280.3899939,   933.76,    -999999,   -999999,   -999999,   -999999,  4.802448,   7.01616,   7.36696,   7.55164,   95.238,   55.76,   -4.878,   -9.262,   0.37628,   0.26756,   18.1,   420.916,   1.97335,   0.13885,    -999999,   -999999,   -999999,   -999999,   -999999,   -999999,   -999999,   -999999,   -999999,   -999999,   -999999,   -999999,   -999999,   -999999,   -999999,   -999999,   -999999,   -999999,   -999999,   -999999,   -999999,   -999999,   -999999,   -999999,   -999999,   -999999,   -999999,   -999999,   -999999,   -999999,   -999999,   -999999,   -999999,   -999999,   -999999,   -999999,   -999999,   -999999,   -999999,   -999999,   -999999,   -999999,   -999999,   -999999,   -999999,   -999999,   -999999,   -999999,   -999999,   -999999,   -999999,   -999999,     -999999  
75722,   54,          1702186.0,         17.000000,  14.59391269,   40.0912004,   263.3899404,   0.8478316905,   915.42,   275.7659939,   282.8175212,   310,   61.54184678,   0.64764,   86.93007121,   95.33396305,    -999999,  0.28636,    -999999,  354.86,   352.2,   0.88,   0.42,   282.8179939,   275.0099939,   280.2899939,   933.64,    -999999,   -999999,   -999999,   -999999,  4.803926,   7.01616,   7.40478,   7.59574,   94.752,   53.64,   -3.408,   -7.748,   0.36658,   0.28106,   18.58,   420.922,   1.973036364,   0.14245,    -999999,   -999999,   -999999,   -999999,   -999999,   -999999,   -999999,   -999999,   -999999,   -999999,   -999999,   -999999,   -999999,   -999999,   -999999,   -999999,   -999999,   -999999,   -999999,   -999999,   -999999,   -999999,   -999999,   -999999,   -999999,   -999999,   -999999,   -999999,   -999999,   -999999,   -999999,   -999999,   -999999,   -999999,   -999999,   -999999,   -999999,   -999999,   -999999,   -999999,   -999999,   -999999,   -999999,   -999999,   -999999,   -999999,   -999999,   -999999,   -999999,   -999999,   -999999,   -999999,     -999999  
75727,   54,          1702187.0,         17.000000,  14.5952558,   40.0950804,   263.3892536,   0.8512637385,   915.04,   275.7099939,   282.7936344,   310,   61.55545257,   0.6506,   87.07411441,   95.30824105,    -999999,  0.28634,    -999999,  355.32,   351.92,   0.7,   -3.4,   282.7919939,   275.0299939,   280.2299939,   933.48,    -999999,   -999999,   -999999,   -999999,  4.812854,   7.02616,   7.3753,   7.5614,   95.268,   53.6,   -4.494,   -7.776,   0.36598,   0.28462,   17.54,   420.765,   1.972827273,   0.1396,    -999999,   -999999,   -999999,   -999999,   -999999,   -999999,   -999999,   -999999,   -999999,   -999999,   -999999,   -999999,   -999999,   -999999,   -999999,   -999999,   -999999,   -999999,   -999999,   -999999,   -999999,   -999999,   -999999,   -999999,   -999999,   -999999,   -999999,   -999999,   -999999,   -999999,   -999999,   -999999,   -999999,   -999999,   -999999,   -999999,   -999999,   -999999,   -999999,   -999999,   -999999,   -999999,   -999999,   -999999,   -999999,   -999999,   -999999,   -999999,   -999999,   -999999,   -999999,   -999999,     -999999  
