inputs/ACTAMERICA_Merge/B200/ACTAMERICA-mrg05-b200_merge_20170125_R0.ict
136, 1001
Shook, Michael
NASA Atmospheric Composition Branch, NASA Langley Research Center (SSAI)
Merged data file for ACT-AMERICA 2017, Flight 02 (20170125), on the b200 platform. Data is merged to 05 seconds.
NASA ACT-AMERICA 2017
1, 1
2017, 01, 25, 2018, 02, 22
05
UTC,s
97
1, 1, 1, 1, 1, 1, 1, 1, 1, 1, 1, 1, 1, 1, 1, 1, 1, 1, 1, 1, 1, 1, 1, 1, 1, 1, 1, 1, 1, 1, 1, 1, 1, 1, 1, 1, 1, 1, 1, 1, 1, 1, 1, 1, 1, 1, 1, 1, 1, 1, 1, 1, 1, 1, 1, 1, 1, 1, 1, 1, 1, 1, 1, 1, 1, 1, 1, 1, 1, 1, 1, 1, 1, 1, 1, 1, 1, 1, 1, 1, 1, 1, 1, 1, 1, 1, 1, 1, 1, 1, 1, 1, 1, 1, 1, 1, 1
-999999, -999999, -999999, -999999, -999999, -999999, -999999, -999999, -999999, -999999, -999999, -999999, -999999, -999999, -999999, -999999, -999999, -999999, -999999, -999999, -999999, -999999, -999999, -999999, -999999, -999999, -999999, -999999, -999999, -999999, -999999, -999999, -999999, -999999, -999999, -999999, -999999, -999999, -999999, -999999, -999999, -999999, -999999, -999999, -999999, -999999, -999999, -999999, -999999, -999999, -999999, -999999, -999999, -999999, -999999, -999999, -999999, -999999, -999999, -999999, -999999, -999999, -999999, -999999, -999999, -999999, -999999, -999999, -999999, -999999, -999999, -999999, -999999, -999999, -999999, -999999, -999999, -999999, -999999, -999999, -999999, -999999, -999999, -999999, -999999, -999999, -999999, -999999, -999999, -999999, -999999, -999999, -999999, -999999, -999999, -999999, -999999
JDAY, days
INDEX, none
FLIGHT, none
LOCAL_SUN_TIME, hour
LATITUDE, degs
LONGITUDE, degs
ALTP, km
PRESSURE, hPa
TEMPERATURE, K
THETA, K
O3COLUMN, DU
SZA, deg
GPS_ALT, km
GRD_SPD, m/s
TAS, m/s
IAS, m/s
MachNumber, mach
VerticalSpeed, ft min-1
HDG, degs
TRK, degs
PITCH, degs
ROLL, degs
PotentialTemp, K
Dewpoint, K
TotalAirTemp, K
CabinPressure, hPa
SolarZenithAngle, degs
AircraftSunElevation, degs
SunAzimuth, degs
AircraftSunAzimuth, degs
H2O_MixingRatio, g kg-1
H2O_VaporPressure, hPa
H2O_SatVaporPressureWater, hPa
H2O_SatVaporPressureIce, hPa
H2O_RelativeHumidity, %
DifferentialPressure, hPa
U_WINDS, m s-1
V_WINDS, m s-1
Ground_Elevation, km
Altitude_AGL, km
O3_MixingRatio, ppbv
CO2_MixingRatio_PICARRO, ppmv
CH4_MixingRatio_PICARRO, ppmv
CO_MixingRatio_PICARRO, ppmv
CO2_MoleFraction_PFP, ppm
CH4_MoleFraction_PFP, ppb
CO_MoleFraction_PFP, ppb
N2O_MoleFraction_PFP, ppb
SF6_MoleFraction_PFP, ppt
H2_MoleFraction_PFP, ppb
CH4C13_PFP, per mil
CO2C14_PFP, per mil
F11B_MoleFraction_PFP, ppt
FC12_MoleFraction_PFP, ppt
F13_MoleFraction_PFP, ppt
F113_MoleFraction_PFP, ppt
F115_MoleFraction_PFP, ppt
HF133a_MoleFraction_PFP, ppt
F23_MoleFraction_PFP, ppt
F32_MoleFraction_PFP, ppt
F134A_MoleFraction_PFP, ppt
F152A_MoleFraction_PFP, ppt
F125_MoleFraction_PFP, ppt
F143a_MoleFraction_PFP, ppt
F227e_MoleFraction_PFP, ppt
F365m_MoleFraction_PFP, ppt
H1211_MoleFraction_PFP, ppt
H1301_MoleFraction_PFP, ppt
H2402_MoleFraction_PFP, ppt
MCFA_MoleFraction_PFP, ppt
CF4_MoleFraction_PFP, ppt
C2F6_MoleFraction_PFP, ppt
SO2F2_MoleFraction_PFP, ppt
MEBR_MoleFraction_PFP, ppt
CH3I_MoleFraction_PFP, ppt
DIBR_MoleFraction_PFP, ppt
OCS_MoleFraction_PFP, ppt
MECL_MoleFraction_PFP, ppt
DICL_MoleFraction_PFP, ppt
CLHF_MoleFraction_PFP, ppt
PCE_MoleFraction_PFP, ppt
C2H2_MoleFraction_PFP, ppt
C2H6_MoleFraction_PFP, ppt
C3H8_MoleFraction_PFP, ppt
nC4H10_MoleFraction_PFP, ppt
[...]
[from data line 1539]
75707,   25,          201540.00,         2.0000000,  15.86011392,   36.1929168,   282.4454588,   5.5288709,   502.94,   257.8119939,   313.7503462,   258,   77.6641905,   5.52106,   103.4641728,   125.798071,    -999999,  0.3908,    -999999,  316.74,   334.26,   0.92,   -4.78,   313.7559939,   248.1499939,   265.6899939,   927.6,    -999999,   -999999,   -999999,   -999999,  1.00378,   0.8104,   1.86596,   1.6064,   50.448,   55.86,   40.242,   2.568,   0.03882,   5.48224,   24.78,   405.398,   1.849636364,   0.07135,    -999999,   -999999,   -999999,   -999999,   -999999,   -999999,   -999999,   -999999,   -999999,   -999999,   -999999,   -999999,   -999999,   -999999,   -999999,   -999999,   -999999,   -999999,   -999999,   -999999,   -999999,   -999999,   -999999,   -999999,   -999999,   -999999,   -999999,   -999999,   -999999,   -999999,   -999999,   -999999,   -999999,   -999999,   -999999,   -999999,   -999999,   -999999,   -999999,   -999999,   -999999,   -999999,   -999999,   -999999,   -999999,   -999999,   -999999,   -999999,   -999999,   -999999,   -999999,   -999999,     -999999  
75712,   25,          201541.00,         2.0000000,  15.8613307,   36.1970432,   282.4428772,   5.534735252,   502.54,   257.8379939,   313.8533263,   258,   77.67863164,   5.52608,   102.0443184,   125.7620602,    -999999,  0.3907,    -999999,  314.54,   331.76,   0.72,   -7.72,   313.8559939,   248.0699939,   265.7099939,   928.12,    -999999,   -999999,   -999999,   -999999,  0.997356,   0.80456,   1.86998,   1.61024,   49.966,   55.776,   40.0425,   2.485,   0.03818,   5.4879,   24.58,   405.36,   1.84905,   0.07378181818,   405.19,   1851.71,   71.26,   329.67,   9.26,   526.31,    -999999,   -999999,  232.52,   516.56,   3.32,   71.25,   8.54,   0.49,   29.87,   12.86,   95.36,   6.61,   21.9,   20.05,   1.25,   0.97,   7.79,   3.29,   0.41,   2.51,   83.62,   4.64,   2.44,   6.72,   0.08,   0.9,   521.27,   563.02,   52.62,   9.7,   1.37,   42.56,   473.32,   29.21,   2.54,   4.62,   0.84,   2.21,   8.31,   37.92,   0.21,   0.17,   0.11,   0.64,   1.81,   243.07,      -999999  
75717,   25,          201542.00,         2.0000000,  15.86253328,   36.201007,   282.4400826,   5.536789604,   502.4,   257.8079939,   313.8417917,   258,   77.69283921,   5.52612,   100.984572,   126.1550923,    -999999,  0.39194,    -999999,  312.1,   328.84,   -0.24,   -6.7,   313.8439939,   247.9699939,   265.7299939,   928.32,    -999999,   -999999,   -999999,   -999999,  0.988668,   0.79734,   1.86532,   1.6058,   49.652,   56.13,   40.17,   2.466666667,   0.03502,   5.4911,   18.64,   405.29,   1.849444444,   0.0741,   405.19,   1851.71,   71.26,   329.67,   9.26,   526.31,    -999999,   -999999,  232.52,   516.56,   3.32,   71.25,   8.54,   0.49,   29.87,   12.86,   95.36,   6.61,   21.9,   20.05,   1.25,   0.97,   7.79,   3.29,   0.41,   2.51,   83.62,   4.64,   2.44,   6.72,   0.08,   0.9,   521.27,   563.02,   52.62,   9.7,   1.37,   42.56,   473.32,   29.21,   2.54,   4.62,   0.84,   2.21,   8.31,   37.92,   0.21,   0.17,   0.11,   0.64,   1.81,   243.07,      -999999  
75722,   25,          201543.00,         2.0000000,  15.86372303,   36.204848,   282.4370954,   5.527993076,   503,   257.8139939,   313.7420866,   258,   77.70684949,   5.51738,   100.881684,   126.8958859,    -999999,  0.39422,    -999999,  310.78,   327.02,   -0.14,   -3.1,   313.7439939,   247.9099939,   265.8299939,   928,    -999999,   -999999,   -999999,   -999999,  0.982148,   0.79302,   1.86626,   1.6067,   49.356,   56.884,   40.176,   2.47,   0.03384,   5.48354,   21.96,   405.35,   1.84915,   0.07373636364,   405.19,   1851.71,   71.26,   329.67,   9.26,   526.31,    -999999,   -999999,  232.52,   516.56,   3.32,   71.25,   8.54,   0.49,   29.87,   12.86,   95.36,   6.61,   21.9,   20.05,   1.25,   0.97,   7.79,   3.29,   0.41,   2.51,   83.62,   4.64,   2.44,   6.72,   0.08,   0.9,   521.27,   563.02,   52.62,   9.7,   1.37,   42.56,   473.32,   29.21,   2.54,   4.62,   0.84,   2.21,   8.31,   37.92,   0.21,   0.17,   0.11,   0.64,   1.81,   243.07,      -999999  
75727,   25,          201544.00,         2.0000000,  15.86490581,   36.2086366,   282.4340038,   5.525048708,   503.2,   257.7839939,   313.6699495,   258,   77.72076116,   5.5155,   100.83024,   127.3053802,    -999999,  0.39552,    -999999,  310.02,   326.08,   0.7,   -2.58,   313.6699939,   247.8499939,   265.8499939,   928.52,    -999999,   -999999,   -999999,   -999999,  0.976432,   0.7887,   1.86166,   1.60222,   49.226,   57.296,   40.17,   2.684,   0.02964,   5.48586,   22.36,   405.385,   1.8495,   0.07000909091,   405.19,   1851.71,   71.26,   329.67,   9.26,   526.31,    -999999,   -999999,  232.52,   516.56,   3.32,   71.25,   8.54,   0.49,   29.87,   12.86,   95.36,   6.61,   21.9,   20.05,   1.25,   0.97,   7.79,   3.29,   0.41,   2.51,   83.62,   4.64,   2.44,   6.72,   0.08,   0.9,   521.27,   563.02,   52.62,   9.7,   1.37,   42.56,   473.32,   29.21,   2.54,   4.62,   0.84,   2.21,   8.31,   37.92,   0.21,   0.17,   0.11,   0.64,   1.81,   243.07,      -999999  
75732,   25,          201545.00,         2.0000000,  15.8660847,   36.2123896,   282.4308538,   5.527401764,   503.04,   257.8379939,   313.7641642,   258,   77.73461428,   5.51608,   100.881684,   127.6562283,    -999999,  0.39656,    -999999,  309.58,   325.54,   0.2,   -1.64,   313.7699939,   247.7699939,   265.9499939,   928.64,    -999999,   -999999,   -999999,   -999999,  0.969702,   0.78302,   1.87,   1.61028,   48.628,   57.592,   40.226,   2.59,   0.0257,   5.49038,   20.12,   405.31,   1.8496,   0.06519090909,   405.19,   1851.71,   71.26,   329.67,   9.26,   526.31,    -999999,   -999999,  232.52,   516.56,   3.32,   71.25,   8.54,   0.49,   29.87,   12.86,   95.36,   6.61,   21.9,   20.05,   1.25,   0.97,   7.79,   3.29,   0.41,   2.51,   83.62,   4.64,   2.44,   6.72,   0.08,   0.9,   521.27,   563.02,   52.62,   9.7,   1.37,   42.56,   473.32,   29.21,   2.54,   4.62,   0.84,   2.21,   8.31,   37.92,   0.21,   0.17,   0.11,   0.64,   1.81,   243.07,      -999999  
75737,   25,          201546.00,         2.0000000,  15.867262,   36.2161406,   282.42768,   5.525048708,   503.2,   257.8259939,   313.7210548,   258,   77.74845095,   5.51482,   101.1697704,   127.9103616,    -999999,  0.39738,    -999999,  309.72,   325.74,   0.66,   0.18,   313.7259939,   247.7699939,   265.9699939,   928.62,    -999999,   -999999,   -999999,   -999999,  0.969392,   0.78302,   1.86814,   1.60848,   48.684,   57.852,   40.476,   2.88,   0.0309,   5.48392,   21.38,   405.41,   1.8491,   0.06745789474,   405.19,   1851.71,   71.26,   329.67,   9.26,   526.31,    -999999,   -999999,  232.52,   516.56,   3.32,   71.25,   8.54,   0.49,   29.87,   12.86,   95.36,   6.61,   21.9,   20.05,   1.25,   0.97,   7.79,   3.29,   0.41,   2.51,   83.62,   4.64,   2.44,   6.72,   0.08,   0.9,   521.27,   563.02,   52.62,   9.7,   1.37,   42.56,   473.32,   29.21,   2.54,   4.62,   0.84,   2.21,   8.31,   37.92,   0.21,   0.17,   0.11,   0.64,   1.81,   243.07,      -999999  
75742,   25,          201547.00,         2.0000000,  15.86844112,   36.2199184,   282.4245334,   5.528572196,   502.96,   257.8259939,   313.7638189,   258,   77.7623214,   5.51688,   101.293236,   127.9031595,    -999999,  0.39736,    -999999,  309.98,   326.14,   0.32,   -0.94,   313.7679939,   247.7699939,   265.9699939,   928.76,    -999999,   -999999,   -999999,   -999999,  0.969856,   0.78302,   1.8681,   1.60848,   48.684,   57.818,   40.414,   2.714,   0.0235,   5.49338,   20.78,   405.265,   1.84945,   0.0727,   405.19,   1851.71,   71.26,   329.67,   9.26,   526.31,    -999999,   -999999,  232.52,   516.56,   3.32,   71.25,   8.54,   0.49,   29.87,   12.86,   95.36,   6.61,   21.9,   20.05,   1.25,   0.97,   7.79,   3.29,   0.41,   2.51,   83.62,   4.64,   2.44,   6.72,   0.08,   0.9,   521.27,   563.02,   52.62,   9.7,   1.37,   42.56,   473.32,   29.21,   2.54,   4.62,   0.84,   2.21,   8.31,   37.92,   0.21,   0.17,   0.11,   0.64,   1.81,   243.07,      -999999  
75747,   25,          201548.00,         2.0000000,  15.86962035,   36.223703,   282.4213886,   5.525926532,   503.14,   257.8899939,   313.8096208,   258,   77.77619737,   5.5153,   101.2829472,   128.0502893,    -999999,  0.39776,    -999999,  309.68,   325.8,   0.5,   -2.68,   313.8119939,   247.7699939,   266.0499939,   928.68,    -999999,   -999999,   -999999,   -999999,  0.96951,   0.78302,   1.87804,   1.61802,   48.398,   57.962,   40.48,   2.854,   0.02882,   5.48648,   17.98,   405.365,   1.84915,   0.06565,    -999999,   -999999,   -999999,   -999999,   -999999,   -999999,   -999999,   -999999,   -999999,   -999999,   -999999,   -999999,   -999999,   -999999,   -999999,   -999999,   -999999,   -999999,   -999999,   -999999,   -999999,   -999999,   -999999,   -999999,   -999999,   -999999,   -999999,   -999999,   -999999,   -999999,   -999999,   -999999,   -999999,   -999999,   -999999,   -999999,   -999999,   -999999,   -999999,   -999999,   -999999,   -999999,   -999999,   -999999,   -999999,   -999999,   -999999,   -999999,   -999999,   -999999,   -999999,   -999999,     -999999  
75752,   25,          201549.00,         2.0000000,  15.87079647,   36.2274428,   282.418197,   5.5288709,   502.94,   257.8879939,   313.8428361,   258,   77.79001723,   5.51892,   100.5524424,   127.9103616,    -999999,  0.3973,    -999999,  308.76,   324.8,   0.94,   -3.62,   313.8459939,   247.7499939,   266.0299939,   928.78,    -999999,   -999999,   -999999,   -999999,  0.968134,   0.7816,   1.87772,   1.61772,   48.316,   57.808,   40.624,   3.152,   0.03236,   5.48656,   20.26,   405.415,   1.84895,   0.07295,    -999999,   -999999,   -999999,   -999999,   -999999,   -999999,   -999999,   -999999,   -999999,   -999999,   -999999,   -999999,   -999999,   -999999,   -999999,   -999999,   -999999,   -999999,   -999999,   -999999,   -999999,   -999999,   -999999,   -999999,   -999999,   -999999,   -999999,   -999999,   -999999,   -999999,   -999999,   -999999,   -999999,   -999999,   -999999,   -999999,   -999999,   -999999,   -999999,   -999999,   -999999,   -999999,   -999999,   -999999,   -999999,   -999999,   -999999,   -999999,   -999999,   -999999,   -999999,   -999999,     -999999  
75757,   25,          201550.00,         2.0000000,  15.87196825,   36.2310954,   282.4149404,   5.533857428,   502.6,   257.9099939,   313.9302598,   258,   77.80374472,   5.52352,   99.58529521,   127.7231055,    -999999,  0.39672,    -999999,  307.44,   323.36,   0.4,   -5.5,   313.9319939,   247.7299939,   266.0299939,   928.6,    -999999,   -999999,   -999999,   -999999,  0.967042,   0.7802,   1.88112,   1.62102,   48.13,   57.588,   40.568,   2.92,   0.0343,   5.48922,   23.56,   405.3633333,   1.8496,   0.07384736842,    -999999,   -999999,   -999999,   -999999,   -999999,   -999999,   -999999,   -999999,   -999999,   -999999,   -999999,   -999999,   -999999,   -999999,   -999999,   -999999,   -999999,   -999999,   -999999,   -999999,   -999999,   -999999,   -999999,   -999999,   -999999,   -999999,   -999999,   -999999,   -999999,   -999999,   -999999,   -999999,   -999999,   -999999,   -999999,   -999999,   -999999,   -999999,   -999999,   -999999,   -999999,   -999999,   -999999,   -999999,   -999999,   -999999,   -999999,   -999999,   -999999,   -999999,   -999999,   -999999,     -999999  
75762,   25,          201551.00,         2.0000000,  15.87313238,   36.2346166,   282.411569,   5.533272212,   502.64,   257.8719939,   313.8768689,   258,   77.81732169,   5.52346,   98.39179441,   127.5451092,    -999999,  0.39622,    -999999,  305.48,   321.04,   0.7,   -4.68,   313.8819939,   247.7099939,   265.9699939,   928.42,    -999999,   -999999,   -999999,   -999999,  0.965218,   0.7788,   1.87524,   1.61532,   48.214,   57.434,   40.5925,   3.1875,   0.0349,   5.48856,   21.12,   405.255,   1.84905,   0.06891578947,    -999999,   -999999,   -999999,   -999999,   -999999,   -999999,   -999999,   -999999,   -999999,   -999999,   -999999,   -999999,   -999999,   -999999,   -999999,   -999999,   -999999,   -999999,   -999999,   -999999,   -999999,   -999999,   -999999,   -999999,   -999999,   -999999,   -999999,   -999999,   -999999,   -999999,   -999999,   -999999,   -999999,   -999999,   -999999,   -999999,   -999999,   -999999,   -999999,   -999999,   -999999,   -999999,   -999999,   -999999,   -999999,   -999999,   -999999,   -999999,   -999999,   -999999,   -999999,   -999999,     -999999  
75767,   25,          201552.00,         2.0000000,  15.87429124,   36.2380286,   282.4081186,   5.538252644,   502.3,   257.8979939,   313.9692096,   258,   77.83078454,   5.52738,   97.68186721,   127.0440447,    -999999,  0.39464,    -999999,  305.32,   320.8,   1.1,   0.82,   313.9699939,   247.6299939,   265.9299939,   927.96,    -999999,   -999999,   -999999,   -999999,  0.958888,   0.7732,   1.87928,   1.61922,   47.75,   56.924,   40.67,   3.27,   0.0311,   5.49628,   22.3,    -999999,  1.8488,    -999999,   -999999,   -999999,   -999999,   -999999,   -999999,   -999999,   -999999,   -999999,   -999999,   -999999,   -999999,   -999999,   -999999,   -999999,   -999999,   -999999,   -999999,   -999999,   -999999,   -999999,   -999999,   -999999,   -999999,   -999999,   -999999,   -999999,   -999999,   -999999,   -999999,   -999999,   -999999,   -999999,   -999999,   -999999,   -999999,   -999999,   -999999,   -999999,   -999999,   -999999,   -999999,   -999999,   -999999,   -999999,   -999999,   -999999,   -999999,   -999999,   -999999,   -999999,   -999999,   -999999,     -999999  
75772,   25,          201553.00,         2.0000000,  15.87545528,   36.2414572,   282.4047458,   5.544726597,   501.86,   257.9359939,   314.0941067,   258,   77.84430881,   5.53524,   96.91020721,   125.9431431,    -999999,  0.39118,    -999999,  306.22,   322.08,   1.14,   0.42,   314.0959939,   247.5899939,   265.8299939,   926.9,    -999999,   -999999,   -999999,   -999999,  0.95626,   0.7704,   1.88518,   1.6249,   47.414,   55.846,   40.752,   3.332,   0.03606,   5.49918,   24.1,    -999999,   -999999,   -999999,   -999999,   -999999,   -999999,   -999999,   -999999,   -999999,   -999999,   -999999,   -999999,   -999999,   -999999,   -999999,   -999999,   -999999,   -999999,   -999999,   -999999,   -999999,   -999999,   -999999,   -999999,   -999999,   -999999,   -999999,   -999999,   -999999,   -999999,   -999999,   -999999,   -999999,   -999999,   -999999,   -999999,   -999999,   -999999,   -999999,   -999999,   -999999,   -999999,   -999999,   -999999,   -999999,   -999999,   -999999,   -999999,   -999999,   -999999,   -999999,   -999999,   -999999,   -999999,   -999999,     -999999  
