inputs/ACTAMERICA_Merge/B200/ACTAMERICA-mrg05-b200_merge_20170223_R0.ict
136, 1001
Shook, Michael
NASA Atmospheric Composition Branch, NASA Langley Research Center (SSAI)
Merged data file for ACT-AMERICA 2017, Flight 17 (20170223), on the b200 platform. Data is merged to 05 seconds.
NASA ACT-AMERICA 2017
1, 1
2017, 02, 23, 2018, 02, 22
05
UTC,s
97
1, 1, 1, 1, 1, 1, 1, 1, 1, 1, 1, 1, 1, 1, 1, 1, 1, 1, 1, 1, 1, 1, 1, 1, 1, 1, 1, 1, 1, 1, 1, 1, 1, 1, 1, 1, 1, 1, 1, 1, 1, 1, 1, 1, 1, 1, 1, 1, 1, 1, 1, 1, 1, 1, 1, 1, 1, 1, 1, 1, 1, 1, 1, 1, 1, 1, 1, 1, 1, 1, 1, 1, 1, 1, 1, 1, 1, 1, 1, 1, 1, 1, 1, 1, 1, 1, 1, 1, 1, 1, 1, 1, 1, 1, 1, 1, 1
-999999, -999999, -999999, -999999, -999999, -999999, -999999, -999999, -999999, -999999, -999999, -999999, -999999, -999999, -999999, -999999, -999999, -999999, -999999, -999999, -999999, -999999, -999999, -999999, -999999, -999999, -999999, -999999, -999999, -999999, -999999, -999999, -999999, -999999, -999999, -999999, -999999, -999999, -999999, -999999, -999999, -999999, -999999, -999999, -999999, -999999, -999999, -999999, -999999, -999999, -999999, -999999, -999999, -999999, -999999, -999999, -999999, -999999, -999999, -999999, -999999, -999999, -999999, -999999, -999999, -999999, -999999, -999999, -999999, -999999, -999999, -999999, -999999, -999999, -999999, -999999, -999999, -999999, -999999, -999999, -999999, -999999, -999999, -999999, -999999, -999999, -999999, -999999, -999999, -999999, -999999, -999999, -999999, -999999, -999999, -999999, -999999
JDAY, days
INDEX, none
FLIGHT, none
LOCAL_SUN_TIME, hour
LATITUDE, degs
LONGITUDE, degs
ALTP, km
PRESSURE, hPa
TEMPERATURE, K
THETA, K
O3COLUMN, DU
SZA, deg
GPS_ALT, km
GRD_SPD, m/s
TAS, m/s
IAS, m/s
MachNumber, mach
VerticalSpeed, ft min-1
HDG, degs
TRK, degs
PITCH, degs
ROLL, degs
PotentialTemp, K
Dewpoint, K
TotalAirTemp, K
CabinPressure, hPa
SolarZenithAngle, degs
AircraftSunElevation, degs
SunAzimuth, degs
AircraftSunAzimuth, degs
H2O_MixingRatio, g kg-1
H2O_VaporPressure, hPa
H2O_SatVaporPressureWater, hPa
H2O_SatVaporPressureIce, hPa
H2O_RelativeHumidity, %
DifferentialPressure, hPa
U_WINDS, m s-1
V_WINDS, m s-1
Ground_Elevation, km
Altitude_AGL, km
O3_MixingRatio, ppbv
CO2_MixingRatio_PICARRO, ppmv
CH4_MixingRatio_PICARRO, ppmv
CO_MixingRatio_PICARRO, ppmv
CO2_MoleFraction_PFP, ppm
CH4_MoleFraction_PFP, ppb
CO_MoleFraction_PFP, ppb
N2O_MoleFraction_PFP, ppb
SF6_MoleFraction_PFP, ppt
H2_MoleFraction_PFP, ppb
CH4C13_PFP, per mil
CO2C14_PFP, per mil
F11B_MoleFraction_PFP, ppt
FC12_MoleFraction_PFP, ppt
F13_MoleFraction_PFP, ppt
F113_MoleFraction_PFP, ppt
F115_MoleFraction_PFP, ppt
HF133a_MoleFraction_PFP, ppt
F23_MoleFraction_PFP, ppt
F32_MoleFraction_PFP, ppt
F134A_MoleFraction_PFP, ppt
F152A_MoleFraction_PFP, ppt
F125_MoleFraction_PFP, ppt
F143a_MoleFraction_PFP, ppt
F227e_MoleFraction_PFP, ppt
F365m_MoleFraction_PFP, ppt
H1211_MoleFraction_PFP, ppt
H1301_MoleFraction_PFP, ppt
H2402_MoleFraction_PFP, ppt
MCFA_MoleFraction_PFP, ppt
CF4_MoleFraction_PFP, ppt
C2F6_MoleFraction_PFP, ppt
SO2F2_MoleFraction_PFP, ppt
MEBR_MoleFraction_PFP, ppt
CH3I_MoleFraction_PFP, ppt
DIBR_MoleFraction_PFP, ppt
OCS_MoleFraction_PFP, ppt
MECL_MoleFraction_PFP, ppt
DICL_MoleFraction_PFP, ppt
CLHF_MoleFraction_PFP, ppt
PCE_MoleFraction_PFP, ppt
C2H2_MoleFraction_PFP, ppt
C2H6_MoleFraction_PFP, ppt
C3H8_MoleFraction_PFP, ppt
nC4H10_MoleFraction_PFP, ppt
[...]
[from data line 1658]
73087,   54,          1701659.0,         17.000000,  13.83992229,   37.7666,   263.059251,   1.91338812,   803.46,   287.2259939,   305.757283,   274,   54.15289216,   1.71436,   114.1645248,   100.2448073,    -999999,  0.29504,    -999999,  15.1,   19.36,   1.06,   -0.56,   305.7599939,   268.7099939,   292.2299939,   934.44,    -999999,   -999999,   -999999,   -999999,  3.437496,   4.41608,   16.11922,   18.45072,   27.398,   50.04,   11.994,   12.016,   0.414,   1.30036,   31.42,   407.038,   1.869877778,   0.08736666667,    -999999,   -999999,   -999999,   -999999,   -999999,   -999999,   -999999,   -999999,   -999999,   -999999,   -999999,   -999999,   -999999,   -999999,   -999999,   -999999,   -999999,   -999999,   -999999,   -999999,   -999999,   -999999,   -999999,   -999999,   -999999,   -999999,   -999999,   -999999,   -999999,   -999999,   -999999,   -999999,   -999999,   -999999,   -999999,   -999999,   -999999,   -999999,   -999999,   -999999,   -999999,   -999999,   -999999,   -999999,   -999999,   -999999,   -999999,   -999999,   -999999,   -999999,   -999999,   -999999,         1.1312000  
73092,   54,          1701660.0,         17.000000,  13.84145412,   37.7714532,   263.0613952,   1.914192792,   803.38,   287.2219939,   305.7617237,   274,   54.16713358,   1.7149,   114.20568,   100.2880203,    -999999,  0.2952,    -999999,  14.96,   19.28,   1,   -1,   305.7639939,   268.5499939,   292.2299939,   934.32,    -999999,   -999999,   -999999,   -999999,  3.396324,   4.363,   16.11506,   18.44528,   27.076,   50.08,   12.244,   11.938,   0.4139,   1.301,   29.18,   407.09,   1.86975,   0.09117619048,    -999999,   -999999,   -999999,   -999999,   -999999,   -999999,   -999999,   -999999,   -999999,   -999999,   -999999,   -999999,   -999999,   -999999,   -999999,   -999999,   -999999,   -999999,   -999999,   -999999,   -999999,   -999999,   -999999,   -999999,   -999999,   -999999,   -999999,   -999999,   -999999,   -999999,   -999999,   -999999,   -999999,   -999999,   -999999,   -999999,   -999999,   -999999,   -999999,   -999999,   -999999,   -999999,   -999999,   -999999,   -999999,   -999999,   -999999,   -999999,   -999999,   -999999,   -999999,   -999999,         1.1580000  
73097,   54,          1701661.0,         17.000000,  13.84298503,   37.776311,   263.0635254,   1.914796296,   803.32,   287.1799939,   305.7235365,   274,   54.18137679,   1.71554,   114.2365464,   100.5009984,    -999999,  0.29584,    -999999,  14.72,   19.1,   0.9,   -1.1,   305.7279939,   268.6299939,   292.2099939,   934.48,    -999999,   -999999,   -999999,   -999999,  3.417302,   4.3895,   16.0712,   18.38774,   27.314,   50.3,   12.158,   11.774,   0.41598,   1.29956,   33.1,   407.05,   1.8692,   0.09513333333,    -999999,   -999999,   -999999,   -999999,   -999999,   -999999,   -999999,   -999999,   -999999,   -999999,   -999999,   -999999,   -999999,   -999999,   -999999,   -999999,   -999999,   -999999,   -999999,   -999999,   -999999,   -999999,   -999999,   -999999,   -999999,   -999999,   -999999,   -999999,   -999999,   -999999,   -999999,   -999999,   -999999,   -999999,   -999999,   -999999,   -999999,   -999999,   -999999,   -999999,   -999999,   -999999,   -999999,   -999999,   -999999,   -999999,   -999999,   -999999,   -999999,   -999999,   -999999,   -999999,         1.0624000  
73102,   54,          1701662.0,         17.000000,  13.84451457,   37.7811762,   263.0656352,   1.914997464,   803.3,   287.1779939,   305.7235821,   274,   54.19562124,   1.71516,   114.2982792,   100.5205471,    -999999,  0.29592,    -999999,  14.46,   18.88,   0.92,   -1.1,   305.7279939,   268.6499939,   292.2099939,   934.42,    -999999,   -999999,   -999999,   -999999,  3.422522,   4.3961,   16.0691,   18.38498,   27.356,   50.32,   12.288,   11.84,   0.41368,   1.30148,   31.26,   407.006,   1.869477778,   0.09496666667,    -999999,   -999999,   -999999,   -999999,   -999999,   -999999,   -999999,   -999999,   -999999,   -999999,   -999999,   -999999,   -999999,   -999999,   -999999,   -999999,   -999999,   -999999,   -999999,   -999999,   -999999,   -999999,   -999999,   -999999,   -999999,   -999999,   -999999,   -999999,   -999999,   -999999,   -999999,   -999999,   -999999,   -999999,   -999999,   -999999,   -999999,   -999999,   -999999,   -999999,   -999999,   -999999,   -999999,   -999999,   -999999,   -999999,   -999999,   -999999,   -999999,   -999999,   -999999,   -999999,         1.0826000  
73107,   54,          1701663.0,         17.000000,  13.84604267,   37.7860506,   263.0677234,   1.913790456,   803.42,   287.1899939,   305.7233091,   274,   54.20986786,   1.71444,   114.3188568,   100.6121175,    -999999,  0.29616,    -999999,  14.22,   18.7,   0.96,   -1.18,   305.7259939,   268.5899939,   292.2299939,   934.6,    -999999,   -999999,   -999999,   -999999,  3.4065,   4.37624,   16.0816,   18.40142,   27.212,   50.42,   12.142,   11.85,   0.4087,   1.30574,   30.64,   407.115,   1.86925,   0.09175,    -999999,   -999999,   -999999,   -999999,   -999999,   -999999,   -999999,   -999999,   -999999,   -999999,   -999999,   -999999,   -999999,   -999999,   -999999,   -999999,   -999999,   -999999,   -999999,   -999999,   -999999,   -999999,   -999999,   -999999,   -999999,   -999999,   -999999,   -999999,   -999999,   -999999,   -999999,   -999999,   -999999,   -999999,   -999999,   -999999,   -999999,   -999999,   -999999,   -999999,   -999999,   -999999,   -999999,   -999999,   -999999,   -999999,   -999999,   -999999,   -999999,   -999999,   -999999,   -999999,         1.1128000  
73112,   54,          1701664.0,         17.000000,  13.84756956,   37.79093,   263.0697934,   1.91338812,   803.46,   287.1779939,   305.7061862,   274,   54.22411467,   1.71378,   114.2777016,   100.7643917,    -999999,  0.29664,    -999999,  13.94,   18.58,   1.04,   -0.4,   305.7059939,   268.6299939,   292.2299939,   934.46,    -999999,   -999999,   -999999,   -999999,  3.41667,   4.38948,   16.06912,   18.38502,   27.318,   50.58,   12.444,   11.622,   0.40808,   1.3057,   30.08,   406.98,   1.8692,   0.09063684211,    -999999,   -999999,   -999999,   -999999,   -999999,   -999999,   -999999,   -999999,   -999999,   -999999,   -999999,   -999999,   -999999,   -999999,   -999999,   -999999,   -999999,   -999999,   -999999,   -999999,   -999999,   -999999,   -999999,   -999999,   -999999,   -999999,   -999999,   -999999,   -999999,   -999999,   -999999,   -999999,   -999999,   -999999,   -999999,   -999999,   -999999,   -999999,   -999999,   -999999,   -999999,   -999999,   -999999,   -999999,   -999999,   -999999,   -999999,   -999999,   -999999,   -999999,   -999999,   -999999,        0.96640000  
73117,   54,          1701665.0,         17.000000,  13.84909642,   37.795808,   263.071863,   1.913589288,   803.44,   287.2159939,   305.7488124,   274,   54.23836433,   1.71408,   114.2982792,   100.3425509,    -999999,  0.29536,    -999999,  14.14,   18.64,   0.96,   -0.8,   305.7519939,   268.4099939,   292.2299939,   934.42,    -999999,   -999999,   -999999,   -999999,  3.360468,   4.31752,   16.10876,   18.437,   26.804,   50.14,   12.63,   11.988,   0.40988,   1.3042,   32.54,   407.168,   1.871688889,   0.0946,   407.22,   1874.72,   92.06,   329.52,   9.24,   514.7,   -47.38,    -999999,  231.67,   515.92,   3.3,   70.78,   8.62,   0.49,   30.27,   14.5,   97.6,   8.41,   22.71,   20.51,   1.31,   1.02,   4.59,   3.37,   0.41,   2.5,   83.07,   4.75,   2.23,   6.88,   0.19,   0.94,    -999999,  569.12,   57.14,   10.75,   2.43,   121.86,   1289.5,   443.01,   138.76,   61.91,   34.78,   36.14,   29.77,   29.44,   0.21,   0.15,   0.54,   0.65,   14.06,   246.05,          1.1824000  
73122,   54,          1701666.0,         17.000000,  13.85062354,   37.8006882,   263.0739364,   1.91338812,   803.46,   287.1439939,   305.6699925,   274,   54.25262166,   1.71388,   114.3908784,   100.2509806,    -999999,  0.2951,    -999999,  14.2,   18.58,   1,   -1.16,   305.6779939,   268.1899939,   292.1499939,   934.32,    -999999,   -999999,   -999999,   -999999,  3.304368,   4.24594,   16.03366,   18.3385,   26.482,   50.06,   12.208,   12.288,   0.41644,   1.29744,   33.02,   407.125,   1.8712,   0.08705,   407.22,   1874.72,   92.06,   329.52,   9.24,   514.7,   -47.38,    -999999,  231.67,   515.92,   3.3,   70.78,   8.62,   0.49,   30.27,   14.5,   97.6,   8.41,   22.71,   20.51,   1.31,   1.02,   4.59,   3.37,   0.41,   2.5,   83.07,   4.75,   2.23,   6.88,   0.19,   0.94,    -999999,  569.12,   57.14,   10.75,   2.43,   121.86,   1289.5,   443.01,   138.76,   61.91,   34.78,   36.14,   29.77,   29.44,   0.21,   0.15,   0.54,   0.65,   14.06,   246.05,          1.1832000  
73127,   54,          1701667.0,         17.000000,  13.85214984,   37.8055746,   263.0759976,   1.913790456,   803.42,   287.1479939,   305.6785987,   274,   54.26688282,   1.7136,   114.4834776,   100.2149698,    -999999,  0.29502,    -999999,  13.86,   18.38,   1.02,   -1.28,   305.6859939,   268.1699939,   292.1499939,   934.5,    -999999,   -999999,   -999999,   -999999,  3.2995,   4.23952,   16.03782,   18.34394,   26.436,   50.02,   12.364,   12.366,   0.42014,   1.29346,   32.32,   407.104,   1.872288889,   0.08825,   407.22,   1874.72,   92.06,   329.52,   9.24,   514.7,   -47.38,    -999999,  231.67,   515.92,   3.3,   70.78,   8.62,   0.49,   30.27,   14.5,   97.6,   8.41,   22.71,   20.51,   1.31,   1.02,   4.59,   3.37,   0.41,   2.5,   83.07,   4.75,   2.23,   6.88,   0.19,   0.94,    -999999,  569.12,   57.14,   10.75,   2.43,   121.86,   1289.5,   443.01,   138.76,   61.91,   34.78,   36.14,   29.77,   29.44,   0.21,   0.15,   0.54,   0.65,   14.06,   246.05,          1.1886000  
73132,   54,          1701668.0,         17.000000,  13.85367465,   37.8104694,   263.0780364,   1.912985784,   803.5,   287.2039939,   305.729515,   274,   54.28114505,   1.71344,   114.4731888,   100.2972802,    -999999,  0.29524,    -999999,  13.62,   18.2,   1.02,   -0.76,   305.7299939,   268.1899939,   292.2099939,   934.48,    -999999,   -999999,   -999999,   -999999,  3.304238,   4.246,   16.09628,   18.42064,   26.38,   50.1,   12.554,   12.288,   0.42458,   1.28886,   31.32,   407.12,   1.87025,   0.086,   407.22,   1874.72,   92.06,   329.52,   9.24,   514.7,   -47.38,    -999999,  231.67,   515.92,   3.3,   70.78,   8.62,   0.49,   30.27,   14.5,   97.6,   8.41,   22.71,   20.51,   1.31,   1.02,   4.59,   3.37,   0.41,   2.5,   83.07,   4.75,   2.23,   6.88,   0.19,   0.94,    -999999,  569.12,   57.14,   10.75,   2.43,   121.86,   1289.5,   443.01,   138.76,   61.91,   34.78,   36.14,   29.77,   29.44,   0.21,   0.15,   0.54,   0.65,   14.06,   246.05,          1.0348000  
73137,   54,          1701669.0,         17.000000,  13.85519916,   37.8153666,   263.0800708,   1.913589288,   803.44,   287.1519939,   305.6806827,   274,   54.29541141,   1.71318,   114.5246328,   100.1758723,    -999999,  0.29488,    -999999,  13.72,   18.26,   1.04,   -0.48,   305.6879939,   268.5699939,   292.1499939,   934.6,    -999999,   -999999,   -999999,   -999999,  3.401244,   4.36962,   16.04198,   18.3494,   27.238,   49.98,   12.564,   12.462,   0.42368,   1.2895,   31.34,   407.0666667,   1.87015,   0.0925,    -999999,   -999999,   -999999,   -999999,   -999999,   -999999,   -999999,   -999999,   -999999,   -999999,   -999999,   -999999,   -999999,   -999999,   -999999,   -999999,   -999999,   -999999,   -999999,   -999999,   -999999,   -999999,   -999999,   -999999,   -999999,   -999999,   -999999,   -999999,   -999999,   -999999,   -999999,   -999999,   -999999,   -999999,   -999999,   -999999,   -999999,   -999999,   -999999,   -999999,   -999999,   -999999,   -999999,   -999999,   -999999,   -999999,   -999999,   -999999,   -999999,   -999999,   -999999,   -999999,        0.95940000  
73142,   54,          1701670.0,         17.000000,  13.85672457,   37.8202634,   263.0821186,   1.91338812,   803.46,   287.1599939,   305.6870248,   274,   54.30968757,   1.71308,   114.5966544,   100.1151684,    -999999,  0.29472,    -999999,  13.8,   18.44,   1.12,   -0.18,   305.6899939,   268.5699939,   292.1499939,   934.46,    -999999,   -999999,   -999999,   -999999,  3.401364,   4.36988,   16.05044,   18.36056,   27.224,   49.92,   12.946,   12.45,   0.4205,   1.29258,   31.38,   407.045,   1.869918182,   0.0891,    -999999,   -999999,   -999999,   -999999,   -999999,   -999999,   -999999,   -999999,   -999999,   -999999,   -999999,   -999999,   -999999,   -999999,   -999999,   -999999,   -999999,   -999999,   -999999,   -999999,   -999999,   -999999,   -999999,   -999999,   -999999,   -999999,   -999999,   -999999,   -999999,   -999999,   -999999,   -999999,   -999999,   -999999,   -999999,   -999999,   -999999,   -999999,   -999999,   -999999,   -999999,   -999999,   -999999,   -999999,   -999999,   -999999,   -999999,   -999999,   -999999,   -999999,   -999999,   -999999,         1.0510000  
73147,   54,          1701671.0,         17.000000,  13.85825144,   37.8251548,   263.0841882,   1.913186952,   803.48,   287.1359939,   305.6593025,   274,   54.32397317,   1.71288,   114.5760768,   100.1316305,    -999999,  0.29474,    -999999,  14.1,   18.64,   1.18,   -0.54,   305.6659939,   268.5699939,   292.1299939,   934.48,    -999999,   -999999,   -999999,   -999999,  3.401144,   4.3697,   16.02536,   18.32762,   27.268,   49.94,   12.52,   12.512,   0.4191,   1.29378,   30.6,   407.12,   1.870041667,   0.0916,    -999999,   -999999,   -999999,   -999999,   -999999,   -999999,   -999999,   -999999,   -999999,   -999999,   -999999,   -999999,   -999999,   -999999,   -999999,   -999999,   -999999,   -999999,   -999999,   -999999,   -999999,   -999999,   -999999,   -999999,   -999999,   -999999,   -999999,   -999999,   -999999,   -999999,   -999999,   -999999,   -999999,   -999999,   -999999,   -999999,   -999999,   -999999,   -999999,   -999999,   -999999,   -999999,   -999999,   -999999,   -999999,   -999999,   -999999,   -999999,   -999999,   -999999,   -999999,   -999999,         1.1496000  
73152,   54,          1701672.0,         17.000000,  13.85977924,   37.830041,   263.086272,   1.912985784,   803.5,   287.1379939,   305.6592578,   274,   54.338265,   1.71246,   114.4937664,   100.3260888,    -999999,  0.29532,    -999999,  14.2,   18.76,   1.24,   -0.26,   305.6659939,   268.6299939,   292.1499939,   934.34,    -999999,   -999999,   -999999,   -999999,  3.4165,   4.38948,   16.02742,   18.33034,   27.388,   50.14,   12.65,   12.2,   0.42124,   1.29122,   30.52,   407.052,   1.86934,   0.0901,    -999999,   -999999,   -999999,   -999999,   -999999,   -999999,   -999999,   -999999,   -999999,   -999999,   -999999,   -999999,   -999999,   -999999,   -999999,   -999999,   -999999,   -999999,   -999999,   -999999,   -999999,   -999999,   -999999,   -999999,   -999999,   -999999,   -999999,   -999999,   -999999,   -999999,   -999999,   -999999,   -999999,   -999999,   -999999,   -999999,   -999999,   -999999,   -999999,   -999999,   -999999,   -999999,   -999999,   -999999,   -999999,   -999999,   -999999,   -999999,   -999999,   -999999,   -999999,   -999999,         1.0354000  
