inputs/ACTAMERICA_Merge/B200/ACTAMERICA-mrg05-b200_merge_20170209_R0_L2.ict
136, 1001
Shook, Michael
NASA Atmospheric Composition Branch, NASA Langley Research Center (SSAI)
Merged data file for ACT-AMERICA 2017, Flight 08 (20170209), on the b200 platform. Data is merged to 05 seconds.
NASA ACT-AMERICA 2017
1, 1
2017, 02, 09, 2018, 02, 22
05
UTC,s
97
1, 1, 1, 1, 1, 1, 1, 1, 1, 1, 1, 1, 1, 1, 1, 1, 1, 1, 1, 1, 1, 1, 1, 1, 1, 1, 1, 1, 1, 1, 1, 1, 1, 1, 1, 1, 1, 1, 1, 1, 1, 1, 1, 1, 1, 1, 1, 1, 1, 1, 1, 1, 1, 1, 1, 1, 1, 1, 1, 1, 1, 1, 1, 1, 1, 1, 1, 1, 1, 1, 1, 1, 1, 1, 1, 1, 1, 1, 1, 1, 1, 1, 1, 1, 1, 1, 1, 1, 1, 1, 1, 1, 1, 1, 1, 1, 1
-999999, -999999, -999999, -999999, -999999, -999999, -999999, -999999, -999999, -999999, -999999, -999999, -999999, -999999, -999999, -999999, -999999, -999999, -999999, -999999, -999999, -999999, -999999, -999999, -999999, -999999, -999999, -999999, -999999, -999999, -999999, -999999, -999999, -999999, -999999, -999999, -999999, -999999, -999999, -999999, -999999, -999999, -999999, -999999, -999999, -999999, -999999, -999999, -999999, -999999, -999999, -999999, -999999, -999999, -999999, -999999, -999999, -999999, -999999, -999999, -999999, -999999, -999999, -999999, -999999, -999999, -999999, -999999, -999999, -999999, -999999, -999999, -999999, -999999, -999999, -999999, -999999, -999999, -999999, -999999, -999999, -999999, -999999, -999999, -999999, -999999, -999999, -999999, -999999, -999999, -999999, -999999, -999999, -999999, -999999, -999999, -999999
JDAY, days
INDEX, none
FLIGHT, none
LOCAL_SUN_TIME, hour
LATITUDE, degs
LONGITUDE, degs
ALTP, km
PRESSURE, hPa
TEMPERATURE, K
THETA, K
O3COLUMN, DU
SZA, deg
GPS_ALT, km
GRD_SPD, m/s
TAS, m/s
IAS, m/s
MachNumber, mach
VerticalSpeed, ft min-1
HDG, degs
TRK, degs
PITCH, degs
ROLL, degs
PotentialTemp, K
Dewpoint, K
TotalAirTemp, K
CabinPressure, hPa
SolarZenithAngle, degs
AircraftSunElevation, degs
SunAzimuth, degs
AircraftSunAzimuth, degs
H2O_MixingRatio, g kg-1
H2O_VaporPressure, hPa
H2O_SatVaporPressureWater, hPa
H2O_SatVaporPressureIce, hPa
H2O_RelativeHumidity, %
DifferentialPressure, hPa
U_WINDS, m s-1
V_WINDS, m s-1
Ground_Elevation, km
Altitude_AGL, km
O3_MixingRatio, ppbv
CO2_MixingRatio_PICARRO, ppmv
CH4_MixingRatio_PICARRO, ppmv
CO_MixingRatio_PICARRO, ppmv
CO2_MoleFraction_PFP, ppm
CH4_MoleFraction_PFP, ppb
CO_MoleFraction_PFP, ppb
N2O_MoleFraction_PFP, ppb
SF6_MoleFraction_PFP, ppt
H2_MoleFraction_PFP, ppb
CH4C13_PFP, per mil
CO2C14_PFP, per mil
F11B_MoleFraction_PFP, ppt
FC12_MoleFraction_PFP, ppt
F13_MoleFraction_PFP, ppt
F113_MoleFraction_PFP, ppt
F115_MoleFraction_PFP, ppt
HF133a_MoleFraction_PFP, ppt
F23_MoleFraction_PFP, ppt
F32_MoleFraction_PFP, ppt
F134A_MoleFraction_PFP, ppt
F152A_MoleFraction_PFP, ppt
F125_MoleFraction_PFP, ppt
F143a_MoleFraction_PFP, ppt
F227e_MoleFraction_PFP, ppt
F365m_MoleFraction_PFP, ppt
H1211_MoleFraction_PFP, ppt
H1301_MoleFraction_PFP, ppt
H2402_MoleFraction_PFP, ppt
MCFA_MoleFraction_PFP, ppt
CF4_MoleFraction_PFP, ppt
C2F6_MoleFraction_PFP, ppt
SO2F2_MoleFraction_PFP, ppt
MEBR_MoleFraction_PFP, ppt
CH3I_MoleFraction_PFP, ppt
DIBR_MoleFraction_PFP, ppt
OCS_MoleFraction_PFP, ppt
MECL_MoleFraction_PFP, ppt
DICL_MoleFraction_PFP, ppt
CLHF_MoleFraction_PFP, ppt
PCE_MoleFraction_PFP, ppt
C2H2_MoleFraction_PFP, ppt
C2H6_MoleFraction_PFP, ppt
C3H8_MoleFraction_PFP, ppt
nC4H10_MoleFraction_PFP, ppt
[...]
[from data line 543]
80977,   40,          803970.00,         8.0000000,  16.26190205,   31.599654,   266.5139474,   0.484863654,   956.32,   283.2219939,   286.8592826,   286,   76.74203761,   0.513,   97.63042321,   100.6923701,    -999999,  0.29846,    -999999,  93.68,   94.32,   0.6,   -1.76,   286.8599939,   271.3899939,   288.2699939,   972.4,    -999999,   -999999,   -999999,   -999999,  3.528932,   5.39524,   12.38748,   13.65054,   43.554,   60.974,   -2.054,   -1.05,   0.07686,   0.43614,   47.64,   409.825,   1.963277778,   0.1533105263,    -999999,   -999999,   -999999,   -999999,   -999999,   -999999,   -999999,   -999999,   -999999,   -999999,   -999999,   -999999,   -999999,   -999999,   -999999,   -999999,   -999999,   -999999,   -999999,   -999999,   -999999,   -999999,   -999999,   -999999,   -999999,   -999999,   -999999,   -999999,   -999999,   -999999,   -999999,   -999999,   -999999,   -999999,   -999999,   -999999,   -999999,   -999999,   -999999,   -999999,   -999999,   -999999,   -999999,   -999999,   -999999,   -999999,   -999999,   -999999,   -999999,   -999999,   -999999,   -999999,         2.6286000  
80982,   40,          803971.00,         8.0000000,  16.26363267,   31.599327,   266.5190734,   0.483991926,   956.42,   283.1619939,   286.7899441,   286,   76.76163015,   0.51216,   97.51724641,   101.0771712,    -999999,  0.29964,    -999999,  93,   94.14,   0.64,   -1.3,   286.7939939,   271.4299939,   288.2499939,   972.38,    -999999,   -999999,   -999999,   -999999,  3.539066,   5.4112,   12.33778,   13.58798,   43.86,   61.47,   -2.566,   -1.824,   0.06926,   0.4429,   46.64,   409.892,   1.964144444,   0.16315,    -999999,   -999999,   -999999,   -999999,   -999999,   -999999,   -999999,   -999999,   -999999,   -999999,   -999999,   -999999,   -999999,   -999999,   -999999,   -999999,   -999999,   -999999,   -999999,   -999999,   -999999,   -999999,   -999999,   -999999,   -999999,   -999999,   -999999,   -999999,   -999999,   -999999,   -999999,   -999999,   -999999,   -999999,   -999999,   -999999,   -999999,   -999999,   -999999,   -999999,   -999999,   -999999,   -999999,   -999999,   -999999,   -999999,   -999999,   -999999,   -999999,   -999999,   -999999,   -999999,         2.6340000  
80987,   40,          803972.00,         8.0000000,  16.26536292,   31.5990068,   266.5241938,   0.483815142,   956.44,   283.1759939,   286.80241,   286,   76.78122442,   0.51234,   97.38349201,   100.9650233,    -999999,  0.2993,    -999999,  92.92,   94.26,   0.78,   -0.56,   286.8039939,   271.4699939,   288.2499939,   972.46,    -999999,   -999999,   -999999,   -999999,  3.54949,   5.42718,   12.34934,   13.60256,   43.948,   61.33,   -2.58,   -1.926,   0.06992,   0.44242,   47.12,   409.9,   1.9642,   0.1488052632,    -999999,   -999999,   -999999,   -999999,   -999999,   -999999,   -999999,   -999999,   -999999,   -999999,   -999999,   -999999,   -999999,   -999999,   -999999,   -999999,   -999999,   -999999,   -999999,   -999999,   -999999,   -999999,   -999999,   -999999,   -999999,   -999999,   -999999,   -999999,   -999999,   -999999,   -999999,   -999999,   -999999,   -999999,   -999999,   -999999,   -999999,   -999999,   -999999,   -999999,   -999999,   -999999,   -999999,   -999999,   -999999,   -999999,   -999999,   -999999,   -999999,   -999999,   -999999,   -999999,         2.6598000  
80992,   40,          803973.00,         8.0000000,  16.26709238,   31.5986628,   266.5293024,   0.481718118,   956.68,   283.1999939,   286.8061568,   286,   76.80080193,   0.51058,   97.13656081,   100.3127134,    -999999,  0.29734,    -999999,  93.58,   94.72,   1.12,   -0.62,   286.8079939,   271.4699939,   288.2099939,   972.58,    -999999,   -999999,   -999999,   -999999,  3.548596,   5.4272,   12.36928,   13.62766,   43.878,   60.532,   -2.218,   -2.522,   0.07018,   0.4404,   46.52,   409.898,   1.963777778,   0.1609,    -999999,   -999999,   -999999,   -999999,   -999999,   -999999,   -999999,   -999999,   -999999,   -999999,   -999999,   -999999,   -999999,   -999999,   -999999,   -999999,   -999999,   -999999,   -999999,   -999999,   -999999,   -999999,   -999999,   -999999,   -999999,   -999999,   -999999,   -999999,   -999999,   -999999,   -999999,   -999999,   -999999,   -999999,   -999999,   -999999,   -999999,   -999999,   -999999,   -999999,   -999999,   -999999,   -999999,   -999999,   -999999,   -999999,   -999999,   -999999,   -999999,   -999999,   -999999,   -999999,         2.5512000  
80997,   40,          803974.00,         8.0000000,  16.26882055,   31.5982938,   266.5343916,   0.48365055,   956.46,   283.1119939,   286.7358773,   286,   76.82035638,   0.51162,   96.76616401,   100.4083992,    -999999,  0.29766,    -999999,  93.58,   94.88,   1.1,   -1.64,   286.7359939,   271.3699939,   288.1299939,   972.64,    -999999,   -999999,   -999999,   -999999,  3.523212,   5.38734,   12.29652,   13.53608,   43.812,   60.656,   -2.662,   -2.028,   0.07358,   0.43804,   47.68,   410.026,   1.9635,   0.1552,    -999999,   -999999,   -999999,   -999999,   -999999,   -999999,   -999999,   -999999,   -999999,   -999999,   -999999,   -999999,   -999999,   -999999,   -999999,   -999999,   -999999,   -999999,   -999999,   -999999,   -999999,   -999999,   -999999,   -999999,   -999999,   -999999,   -999999,   -999999,   -999999,   -999999,   -999999,   -999999,   -999999,   -999999,   -999999,   -999999,   -999999,   -999999,   -999999,   -999999,   -999999,   -999999,   -999999,   -999999,   -999999,   -999999,   -999999,   -999999,   -999999,   -999999,   -999999,   -999999,         2.6044000  
81002,   40,          803975.00,         8.0000000,  16.27054757,   31.5979318,   266.5394636,   0.485217222,   956.28,   283.1799939,   286.820171,   286,   76.83990383,   0.51364,   96.51923281,   99.31778641,    -999999,  0.29442,    -999999,  93.1,   94.6,   0.92,   -2,   286.8219939,   271.2499939,   288.0899939,   972.4,    -999999,   -999999,   -999999,   -999999,  3.492674,   5.33988,   12.35266,   13.60674,   43.226,   59.292,   -1.856,   -1.964,   0.08264,   0.431,   47.92,   410.042,   1.96308,   0.1561,    -999999,   -999999,   -999999,   -999999,   -999999,   -999999,   -999999,   -999999,   -999999,   -999999,   -999999,   -999999,   -999999,   -999999,   -999999,   -999999,   -999999,   -999999,   -999999,   -999999,   -999999,   -999999,   -999999,   -999999,   -999999,   -999999,   -999999,   -999999,   -999999,   -999999,   -999999,   -999999,   -999999,   -999999,   -999999,   -999999,   -999999,   -999999,   -999999,   -999999,   -999999,   -999999,   -999999,   -999999,   -999999,   -999999,   -999999,   -999999,   -999999,   -999999,   -999999,   -999999,         2.5468000  
81007,   40,          803976.00,         8.0000000,  16.27227429,   31.5975944,   266.544531,   0.485028246,   956.3,   283.1699939,   286.8083286,   286,   76.85946175,   0.51308,   96.48836641,   99.21181177,    -999999,  0.29408,    -999999,  92.9,   94.32,   0.98,   -1.66,   286.8099939,   271.2899939,   288.0699939,   972.38,    -999999,   -999999,   -999999,   -999999,  3.503002,   5.3557,   12.34442,   13.59636,   43.386,   59.166,   -1.788,   -2.2,   0.08364,   0.42944,   47.86,   409.98,   1.961836364,   0.15235,   409.62,   1963.6,   160.79,   330.23,   9.39,   490.71,   -47.5,    -999999,  232.47,   517.82,   3.41,   71.18,   8.65,   0.54,   35.96,   16.84,   103.63,   14.66,   24.92,   21.83,   1.31,   1.12,   4.7,   3.34,   0.41,   2.57,   84.42,   4.69,   2.49,   6.89,   0.45,   1.17,   489,   559.78,   73.13,   16.09,   3.83,   527.42,   2619.14,   1087.55,   331,   138.62,   71.82,   96.28,   136.71,   75.68,   0.23,   0.16,   1.08,   0.66,   27.22,   253.59,          2.5438000  
81012,   40,          803977.00,         8.0000000,  16.27400095,   31.5972734,   266.5495976,   0.485564694,   956.24,   283.1319939,   286.7749813,   286,   76.87902934,   0.51402,   96.42663361,   99.40524121,    -999999,  0.2947,    -999999,  93,   94.24,   0.8,   -0.4,   286.7759939,   271.1299939,   288.0499939,   972.36,    -999999,   -999999,   -999999,   -999999,  3.461826,   5.29278,   12.31298,   13.5568,   42.984,   59.406,   -2.05,   -2.438,   0.08502,   0.429,   46.98,   409.88,   1.961009091,   0.15465,   409.62,   1963.6,   160.79,   330.23,   9.39,   490.71,   -47.5,    -999999,  232.47,   517.82,   3.41,   71.18,   8.65,   0.54,   35.96,   16.84,   103.63,   14.66,   24.92,   21.83,   1.31,   1.12,   4.7,   3.34,   0.41,   2.57,   84.42,   4.69,   2.49,   6.89,   0.45,   1.17,   489,   559.78,   73.13,   16.09,   3.83,   527.42,   2619.14,   1087.55,   331,   138.62,   71.82,   96.28,   136.71,   75.68,   0.23,   0.16,   1.08,   0.66,   27.22,   253.59,          2.5628000  
81017,   40,          803978.00,         8.0000000,  16.27572752,   31.5969372,   266.5546628,   0.485899974,   956.2,   283.1059939,   286.7520739,   286,   76.89859195,   0.51468,   96.40605601,   100.076071,    -999999,  0.2967,    -999999,  93.74,   94.64,   0.86,   -1.44,   286.7519939,   271.4099939,   288.0899939,   972.36,    -999999,   -999999,   -999999,   -999999,  3.53454,   5.40308,   12.29156,   13.52988,   43.958,   60.232,   -2.662,   -1.758,   0.08498,   0.4297,   47.34,   409.66,   1.961516667,   0.1689,   409.62,   1963.6,   160.79,   330.23,   9.39,   490.71,   -47.5,    -999999,  232.47,   517.82,   3.41,   71.18,   8.65,   0.54,   35.96,   16.84,   103.63,   14.66,   24.92,   21.83,   1.31,   1.12,   4.7,   3.34,   0.41,   2.57,   84.42,   4.69,   2.49,   6.89,   0.45,   1.17,   489,   559.78,   73.13,   16.09,   3.83,   527.42,   2619.14,   1087.55,   331,   138.62,   71.82,   96.28,   136.71,   75.68,   0.23,   0.16,   1.08,   0.66,   27.22,   253.59,          2.5786000  
81022,   40,          803979.00,         8.0000000,  16.27745377,   31.59659,   266.5597232,   0.484863654,   956.32,   283.1099939,   286.7458443,   286,   76.91814889,   0.51324,   96.27230161,   99.62747929,    -999999,  0.29538,    -999999,  93.42,   94.56,   1.06,   -1,   286.7459939,   271.6299939,   288.0499939,   972.46,    -999999,   -999999,   -999999,   -999999,  3.592272,   5.49154,   12.29484,   13.53396,   44.666,   59.686,   -2.338,   -1.41,   0.08818,   0.42506,   48.02,   409.615,   1.9616,   0.1625181818,   409.62,   1963.6,   160.79,   330.23,   9.39,   490.71,   -47.5,    -999999,  232.47,   517.82,   3.41,   71.18,   8.65,   0.54,   35.96,   16.84,   103.63,   14.66,   24.92,   21.83,   1.31,   1.12,   4.7,   3.34,   0.41,   2.57,   84.42,   4.69,   2.49,   6.89,   0.45,   1.17,   489,   559.78,   73.13,   16.09,   3.83,   527.42,   2619.14,   1087.55,   331,   138.62,   71.82,   96.28,   136.71,   75.68,   0.23,   0.16,   1.08,   0.66,   27.22,   253.59,          2.5712000  
81027,   40,          803980.00,         8.0000000,  16.2791794,   31.5962388,   266.5647744,   0.484345494,   956.38,   283.0979939,   286.7285504,   286,   76.93769993,   0.51346,   96.11796961,   99.33321961,    -999999,  0.29452,    -999999,  93.42,   94.78,   1.04,   -1.16,   286.7299939,   271.6499939,   288.0099939,   972.48,    -999999,   -999999,   -999999,   -999999,  3.597348,   5.49962,   12.28498,   13.52162,   44.768,   59.334,   -2.284,   -2.456,   0.08598,   0.42748,   46.3,   409.65,   1.9612,   0.1603809524,   409.62,   1963.6,   160.79,   330.23,   9.39,   490.71,   -47.5,    -999999,  232.47,   517.82,   3.41,   71.18,   8.65,   0.54,   35.96,   16.84,   103.63,   14.66,   24.92,   21.83,   1.31,   1.12,   4.7,   3.34,   0.41,   2.57,   84.42,   4.69,   2.49,   6.89,   0.45,   1.17,   489,   559.78,   73.13,   16.09,   3.83,   527.42,   2619.14,   1087.55,   331,   138.62,   71.82,   96.28,   136.71,   75.68,   0.23,   0.16,   1.08,   0.66,   27.22,   253.59,          2.6328000  
81032,   40,          803981.00,         8.0000000,  16.28090452,   31.5958784,   266.5698178,   0.485381814,   956.26,   283.0979939,   286.7388303,   286,   76.95724382,   0.51416,   95.99450401,   99.32293081,    -999999,  0.29446,    -999999,  93.78,   94.8,   0.96,   -1.26,   286.7419939,   271.8099939,   288.0099939,   972.36,    -999999,   -999999,   -999999,   -999999,  3.64063,   5.56468,   12.28506,   13.5217,   45.298,   59.314,   -2.332,   -1.694,   0.09104,   0.42312,   49.9,   409.485,   1.96135,   0.158847619,   409.62,   1963.6,   160.79,   330.23,   9.39,   490.71,   -47.5,    -999999,  232.47,   517.82,   3.41,   71.18,   8.65,   0.54,   35.96,   16.84,   103.63,   14.66,   24.92,   21.83,   1.31,   1.12,   4.7,   3.34,   0.41,   2.57,   84.42,   4.69,   2.49,   6.89,   0.45,   1.17,   489,   559.78,   73.13,   16.09,   3.83,   527.42,   2619.14,   1087.55,   331,   138.62,   71.82,   96.28,   136.71,   75.68,   0.23,   0.16,   1.08,   0.66,   27.22,   253.59,          2.6560000  
81037,   40,          803982.00,         8.0000000,  16.28262926,   31.5955142,   266.5748556,   0.486253542,   956.16,   283.0639939,   286.7129599,   286,   76.97678465,   0.51498,   95.90190481,   99.28794889,    -999999,  0.29436,    -999999,  93.6,   94.82,   0.98,   -1.24,   286.7119939,   271.8499939,   287.9699939,   972.28,    -999999,   -999999,   -999999,   -999999,  3.651728,   5.58098,   12.25702,   13.48642,   45.534,   59.272,   -2.402,   -1.864,   0.09056,   0.42442,   47.88,   409.665,   1.9619,   0.1605380952,   409.62,   1963.6,   160.79,   330.23,   9.39,   490.71,   -47.5,    -999999,  232.47,   517.82,   3.41,   71.18,   8.65,   0.54,   35.96,   16.84,   103.63,   14.66,   24.92,   21.83,   1.31,   1.12,   4.7,   3.34,   0.41,   2.57,   84.42,   4.69,   2.49,   6.89,   0.45,   1.17,   489,   559.78,   73.13,   16.09,   3.83,   527.42,   2619.14,   1087.55,   331,   138.62,   71.82,   96.28,   136.71,   75.68,   0.23,   0.16,   1.08,   0.66,   27.22,   253.59,          2.5936000  
81042,   40,          803983.00,         8.0000000,  16.2843537,   31.5951528,   266.5798888,   0.48590607,   956.2,   283.0199939,   286.6649663,   286,   76.99632614,   0.51434,   95.81959441,   99.52047577,    -999999,  0.2951,    -999999,  93.8,   94.78,   1.08,   -1.36,   286.6659939,   271.6499939,   287.9499939,   972.28,    -999999,   -999999,   -999999,   -999999,  3.597958,   5.49952,   12.2209,   13.441,   45,   59.568,   -2.73,   -1.634,   0.08736,   0.42698,   48.88,   409.486,   1.959022222,   0.1558909091,    -999999,   -999999,   -999999,   -999999,   -999999,   -999999,   -999999,   -999999,   -999999,   -999999,   -999999,   -999999,   -999999,   -999999,   -999999,   -999999,   -999999,   -999999,   -999999,   -999999,   -999999,   -999999,   -999999,   -999999,   -999999,   -999999,   -999999,   -999999,   -999999,   -999999,   -999999,   -999999,   -999999,   -999999,   -999999,   -999999,   -999999,   -999999,   -999999,   -999999,   -999999,   -999999,   -999999,   -999999,   -999999,   -999999,   -999999,   -999999,   -999999,   -999999,   -999999,   -999999,         2.5552000  
