inputs/ACTAMERICA_Merge/B200/ACTAMERICA-mrg05-b200_merge_20170210_R0_L1.ict
136, 1001
Shook, Michael
NASA Atmospheric Composition Branch, NASA Langley Research Center (SSAI)
Merged data file for ACT-AMERICA 2017, Flight 09 (20170210), on the b200 platform. Data is merged to 05 seconds.
NASA ACT-AMERICA 2017
1, 1
2017, 02, 10, 2018, 02, 22
05
UTC,s
97
1, 1, 1, 1, 1, 1, 1, 1, 1, 1, 1, 1, 1, 1, 1, 1, 1, 1, 1, 1, 1, 1, 1, 1, 1, 1, 1, 1, 1, 1, 1, 1, 1, 1, 1, 1, 1, 1, 1, 1, 1, 1, 1, 1, 1, 1, 1, 1, 1, 1, 1, 1, 1, 1, 1, 1, 1, 1, 1, 1, 1, 1, 1, 1, 1, 1, 1, 1, 1, 1, 1, 1, 1, 1, 1, 1, 1, 1, 1, 1, 1, 1, 1, 1, 1, 1, 1, 1, 1, 1, 1, 1, 1, 1, 1, 1, 1
-999999, -999999, -999999, -999999, -999999, -999999, -999999, -999999, -999999, -999999, -999999, -999999, -999999, -999999, -999999, -999999, -999999, -999999, -999999, -999999, -999999, -999999, -999999, -999999, -999999, -999999, -999999, -999999, -999999, -999999, -999999, -999999, -999999, -999999, -999999, -999999, -999999, -999999, -999999, -999999, -999999, -999999, -999999, -999999, -999999, -999999, -999999, -999999, -999999, -999999, -999999, -999999, -999999, -999999, -999999, -999999, -999999, -999999, -999999, -999999, -999999, -999999, -999999, -999999, -999999, -999999, -999999, -999999, -999999, -999999, -999999, -999999, -999999, -999999, -999999, -999999, -999999, -999999, -999999, -999999, -999999, -999999, -999999, -999999, -999999, -999999, -999999, -999999, -999999, -999999, -999999, -999999, -999999, -999999, -999999, -999999, -999999
JDAY, days
INDEX, none
FLIGHT, none
LOCAL_SUN_TIME, hour
LATITUDE, degs
LONGITUDE, degs
ALTP, km
PRESSURE, hPa
TEMPERATURE, K
THETA, K
O3COLUMN, DU
SZA, deg
GPS_ALT, km
GRD_SPD, m/s
TAS, m/s
IAS, m/s
MachNumber, mach
VerticalSpeed, ft min-1
HDG, degs
TRK, degs
PITCH, degs
ROLL, degs
PotentialTemp, K
Dewpoint, K
TotalAirTemp, K
CabinPressure, hPa
SolarZenithAngle, degs
AircraftSunElevation, degs
SunAzimuth, degs
AircraftSunAzimuth, degs
H2O_MixingRatio, g kg-1
H2O_VaporPressure, hPa
H2O_SatVaporPressureWater, hPa
H2O_SatVaporPressureIce, hPa
H2O_RelativeHumidity, %
DifferentialPressure, hPa
U_WINDS, m s-1
V_WINDS, m s-1
Ground_Elevation, km
Altitude_AGL, km
O3_MixingRatio, ppbv
CO2_MixingRatio_PICARRO, ppmv
CH4_MixingRatio_PICARRO, ppmv
CO_MixingRatio_PICARRO, ppmv
CO2_MoleFraction_PFP, ppm
CH4_MoleFraction_PFP, ppb
CO_MoleFraction_PFP, ppb
N2O_MoleFraction_PFP, ppb
SF6_MoleFraction_PFP, ppt
H2_MoleFraction_PFP, ppb
CH4C13_PFP, per mil
CO2C14_PFP, per mil
F11B_MoleFraction_PFP, ppt
FC12_MoleFraction_PFP, ppt
F13_MoleFraction_PFP, ppt
F113_MoleFraction_PFP, ppt
F115_MoleFraction_PFP, ppt
HF133a_MoleFraction_PFP, ppt
F23_MoleFraction_PFP, ppt
F32_MoleFraction_PFP, ppt
F134A_MoleFraction_PFP, ppt
F152A_MoleFraction_PFP, ppt
F125_MoleFraction_PFP, ppt
F143a_MoleFraction_PFP, ppt
F227e_MoleFraction_PFP, ppt
F365m_MoleFraction_PFP, ppt
H1211_MoleFraction_PFP, ppt
H1301_MoleFraction_PFP, ppt
H2402_MoleFraction_PFP, ppt
MCFA_MoleFraction_PFP, ppt
CF4_MoleFraction_PFP, ppt
C2F6_MoleFraction_PFP, ppt
SO2F2_MoleFraction_PFP, ppt
MEBR_MoleFraction_PFP, ppt
CH3I_MoleFraction_PFP, ppt
DIBR_MoleFraction_PFP, ppt
OCS_MoleFraction_PFP, ppt
MECL_MoleFraction_PFP, ppt
DICL_MoleFraction_PFP, ppt
CLHF_MoleFraction_PFP, ppt
PCE_MoleFraction_PFP, ppt
C2H2_MoleFraction_PFP, ppt
C2H6_MoleFraction_PFP, ppt
C3H8_MoleFraction_PFP, ppt
nC4H10_MoleFraction_PFP, ppt
[...]
[from data line 244]
60372,   41,          900245.00,         9.0000000,  10.60561227,   32.072298,   267.5237674,   5.345844594,   515.54,   265.8679939,   321.2749129,   274,   50.56733121,   5.52424,   116.8601904,   108.7299807,    -999999,  0.33266,    -999999,  113.36,   110.94,   2.04,   -2.6,   321.2739939,   240.9099939,   271.7499939,   918.82,    -999999,   -999999,   -999999,   -999999,  0.498578,   0.4129,   3.5519,   3.30864,   12.482,   41.05,   10.258,   0.618,   0.05642,   5.46782,   34.38,   406.035,   1.85705,   0.07105909091,    -999999,   -999999,   -999999,   -999999,   -999999,   -999999,   -999999,   -999999,   -999999,   -999999,   -999999,   -999999,   -999999,   -999999,   -999999,   -999999,   -999999,   -999999,   -999999,   -999999,   -999999,   -999999,   -999999,   -999999,   -999999,   -999999,   -999999,   -999999,   -999999,   -999999,   -999999,   -999999,   -999999,   -999999,   -999999,   -999999,   -999999,   -999999,   -999999,   -999999,   -999999,   -999999,   -999999,   -999999,   -999999,   -999999,   -999999,   -999999,   -999999,   -999999,   -999999,   -999999,        0.48900000  
60377,   41,          900246.00,         9.0000000,  10.60738797,   32.0704424,   267.5295696,   5.340388674,   515.92,   265.8239939,   321.1541268,   274,   50.55557056,   5.51868,   117.4878072,   109.3092401,    -999999,  0.33446,    -999999,  112.5,   110.18,   1.68,   -3.18,   321.1539939,   240.9499939,   271.7699939,   918.78,    -999999,   -999999,   -999999,   -999999,  0.500128,   0.4145,   3.53988,   3.29604,   12.576,   41.538,   10.186,   0.518,   0.05296,   5.46572,   33.08,   405.895,   1.8545,   0.07638181818,   405.58,   1856.73,   77.85,   329.64,   9.14,   523.22,   -47.38,    -999999,  230.75,   516.56,   3.42,   70.92,   8.53,   0.48,   30.02,   12.98,   95.39,   6.65,   22.02,   20.25,   1.3,   0.96,   4.7,   3.27,   0.41,   2.4,   83.65,   4.64,   2.32,   6.83,   0.15,   0.96,   514.16,   573.16,   44.41,   8.9,   1.47,   55.94,   602.38,   49.41,   3.3,   59.82,   0.52,   25.28,   10.92,   27.59,   0.17,   0.15,   0.11,   0.65,   1.29,   241.35,         0.52400000  
60382,   41,          900247.00,         9.0000000,  10.60916802,   32.0686474,   267.535437,   5.334067122,   516.36,   265.8019939,   321.0493413,   274,   50.54384938,   5.51188,   118.1565792,   110.0438604,    -999999,  0.3367,    -999999,  111.44,   109.36,   1.66,   -2.94,   321.0519939,   240.8499939,   271.8299939,   918.56,    -999999,   -999999,   -999999,   -999999,  0.494912,   0.4105,   3.53386,   3.28972,   12.48,   42.152,   10.068,   0.482,   0.04654,   5.46534,   31.16,   405.958,   1.85445,   0.0754,   405.58,   1856.73,   77.85,   329.64,   9.14,   523.22,   -47.38,    -999999,  230.75,   516.56,   3.42,   70.92,   8.53,   0.48,   30.02,   12.98,   95.39,   6.65,   22.02,   20.25,   1.3,   0.96,   4.7,   3.27,   0.41,   2.4,   83.65,   4.64,   2.32,   6.83,   0.15,   0.96,   514.16,   573.16,   44.41,   8.9,   1.47,   55.94,   602.38,   49.41,   3.3,   59.82,   0.52,   25.28,   10.92,   27.59,   0.17,   0.15,   0.11,   0.65,   1.29,   241.35,         0.45780000  
60387,   41,          900248.00,         9.0000000,  10.61095139,   32.0668988,   267.5413542,   5.330616786,   516.6,   265.7779939,   320.9777348,   274,   50.53216093,   5.50802,   118.5372648,   110.4389503,    -999999,  0.33794,    -999999,  111,   109.02,   1.94,   -1.28,   320.9819939,   240.8099939,   271.8499939,   918.5,    -999999,   -999999,   -999999,   -999999,  0.492782,   0.40894,   3.5273,   3.28286,   12.456,   42.488,   10.018,   0.364,   0.05008,   5.45794,   32.88,   405.902,   1.854044444,   0.07321052632,   405.58,   1856.73,   77.85,   329.64,   9.14,   523.22,   -47.38,    -999999,  230.75,   516.56,   3.42,   70.92,   8.53,   0.48,   30.02,   12.98,   95.39,   6.65,   22.02,   20.25,   1.3,   0.96,   4.7,   3.27,   0.41,   2.4,   83.65,   4.64,   2.32,   6.83,   0.15,   0.96,   514.16,   573.16,   44.41,   8.9,   1.47,   55.94,   602.38,   49.41,   3.3,   59.82,   0.52,   25.28,   10.92,   27.59,   0.17,   0.15,   0.11,   0.65,   1.29,   241.35,         0.50020000  
60392,   41,          900249.00,         9.0000000,  10.61273576,   32.065152,   267.5472864,   5.329470738,   516.68,   265.7659939,   320.9490428,   274,   50.52047852,   5.50648,   118.7121744,   110.7465855,    -999999,  0.3389,    -999999,  111.06,   109.1,   1.96,   -0.96,   320.9499939,   240.7499939,   271.8699939,   918.32,    -999999,   -999999,   -999999,   -999999,  0.48986,   0.4066,   3.52408,   3.27946,   12.402,   42.74,   9.924,   0.418,   0.04378,   5.4627,   31.52,   405.925,   1.85425,   0.07675,   405.58,   1856.73,   77.85,   329.64,   9.14,   523.22,   -47.38,    -999999,  230.75,   516.56,   3.42,   70.92,   8.53,   0.48,   30.02,   12.98,   95.39,   6.65,   22.02,   20.25,   1.3,   0.96,   4.7,   3.27,   0.41,   2.4,   83.65,   4.64,   2.32,   6.83,   0.15,   0.96,   514.16,   573.16,   44.41,   8.9,   1.47,   55.94,   602.38,   49.41,   3.3,   59.82,   0.52,   25.28,   10.92,   27.59,   0.17,   0.15,   0.11,   0.65,   1.29,   241.35,         0.52300000  
60397,   41,          900250.00,         9.0000000,  10.61452052,   32.0634044,   267.5532244,   5.329184226,   516.7,   265.7439939,   320.9189256,   274,   50.50880334,   5.50674,   118.784196,   110.776423,    -999999,  0.33898,    -999999,  110.84,   108.96,   2.28,   -1.6,   320.9199939,   240.7099939,   271.8499939,   918.44,    -999999,   -999999,   -999999,   -999999,  0.48796,   0.40504,   3.51808,   3.27316,   12.378,   42.768,   9.838,   0.198,   0.04468,   5.46206,   30.2,   405.894,   1.854388889,   0.07592631579,   405.58,   1856.73,   77.85,   329.64,   9.14,   523.22,   -47.38,    -999999,  230.75,   516.56,   3.42,   70.92,   8.53,   0.48,   30.02,   12.98,   95.39,   6.65,   22.02,   20.25,   1.3,   0.96,   4.7,   3.27,   0.41,   2.4,   83.65,   4.64,   2.32,   6.83,   0.15,   0.96,   514.16,   573.16,   44.41,   8.9,   1.47,   55.94,   602.38,   49.41,   3.3,   59.82,   0.52,   25.28,   10.92,   27.59,   0.17,   0.15,   0.11,   0.65,   1.29,   241.35,         0.48400000  
60402,   41,          900251.00,         9.0000000,  10.61630556,   32.0616784,   267.5591668,   5.33118981,   516.56,   265.7239939,   320.9196193,   274,   50.49715599,   5.50914,   118.5681312,   110.5665315,    -999999,  0.33836,    -999999,  110.46,   108.66,   2.5,   -1.88,   320.9239939,   240.7299939,   271.8099939,   918.38,    -999999,   -999999,   -999999,   -999999,  0.489034,   0.40582,   3.51264,   3.26748,   12.422,   42.594,   9.848,   0.096,   0.04208,   5.46706,   32.84,   405.9366667,   1.8541,   0.0761,   405.58,   1856.73,   77.85,   329.64,   9.14,   523.22,   -47.38,    -999999,  230.75,   516.56,   3.42,   70.92,   8.53,   0.48,   30.02,   12.98,   95.39,   6.65,   22.02,   20.25,   1.3,   0.96,   4.7,   3.27,   0.41,   2.4,   83.65,   4.64,   2.32,   6.83,   0.15,   0.96,   514.16,   573.16,   44.41,   8.9,   1.47,   55.94,   602.38,   49.41,   3.3,   59.82,   0.52,   25.28,   10.92,   27.59,   0.17,   0.15,   0.11,   0.65,   1.29,   241.35,         0.39340000  
60407,   41,          900252.00,         9.0000000,  10.61809056,   32.0599866,   267.5651084,   5.334926658,   516.3,   265.7099939,   320.9488747,   274,   50.48554974,   5.5138,   118.2388896,   110.1632105,    -999999,  0.33712,    -999999,  110.04,   108.32,   2.78,   -1.9,   320.9499939,   240.7099939,   271.7499939,   918.5,    -999999,   -999999,   -999999,   -999999,  0.488336,   0.40504,   3.50882,   3.26348,   12.412,   42.256,   9.844,   -0.026,   0.03942,   5.47438,   35.24,   405.888,   1.8546,   0.07585,   405.58,   1856.73,   77.85,   329.64,   9.14,   523.22,   -47.38,    -999999,  230.75,   516.56,   3.42,   70.92,   8.53,   0.48,   30.02,   12.98,   95.39,   6.65,   22.02,   20.25,   1.3,   0.96,   4.7,   3.27,   0.41,   2.4,   83.65,   4.64,   2.32,   6.83,   0.15,   0.96,   514.16,   573.16,   44.41,   8.9,   1.47,   55.94,   602.38,   49.41,   3.3,   59.82,   0.52,   25.28,   10.92,   27.59,   0.17,   0.15,   0.11,   0.65,   1.29,   241.35,         0.42620000  
60412,   41,          900253.00,         9.0000000,  10.61987492,   32.0583288,   267.5710404,   5.340961698,   515.88,   265.6699939,   320.9751828,   274,   50.47398775,   5.51912,   117.8170488,   109.7773805,    -999999,  0.33594,    -999999,  109.7,   108.08,   2.74,   -1.6,   320.9779939,   240.8499939,   271.6699939,   918.26,    -999999,   -999999,   -999999,   -999999,  0.495374,   0.4105,   3.49802,   3.25216,   12.624,   41.926,   9.774,   -0.106,   0.03778,   5.48134,   35.56,   405.945,   1.853975,   0.07397368421,    -999999,   -999999,   -999999,   -999999,   -999999,   -999999,   -999999,   -999999,   -999999,   -999999,   -999999,   -999999,   -999999,   -999999,   -999999,   -999999,   -999999,   -999999,   -999999,   -999999,   -999999,   -999999,   -999999,   -999999,   -999999,   -999999,   -999999,   -999999,   -999999,   -999999,   -999999,   -999999,   -999999,   -999999,   -999999,   -999999,   -999999,   -999999,   -999999,   -999999,   -999999,   -999999,   -999999,   -999999,   -999999,   -999999,   -999999,   -999999,   -999999,   -999999,   -999999,   -999999,        0.45140000  
60417,   41,          900254.00,         9.0000000,  10.62165874,   32.056696,   267.5769644,   5.346131106,   515.52,   265.6779939,   321.0488755,   274,   50.46246137,   5.52292,   117.6112728,   109.7351964,    -999999,  0.33586,    -999999,  109.48,   107.8,   2.52,   -1.62,   321.0479939,   240.9499939,   271.6699939,   918.24,    -999999,   -999999,   -999999,   -999999,  0.500516,   0.4145,   3.50018,   3.25442,   12.74,   41.862,   9.646,   0.156,   0.03642,   5.4865,   33.68,   405.896,   1.854066667,   0.07716363636,    -999999,   -999999,   -999999,   -999999,   -999999,   -999999,   -999999,   -999999,   -999999,   -999999,   -999999,   -999999,   -999999,   -999999,   -999999,   -999999,   -999999,   -999999,   -999999,   -999999,   -999999,   -999999,   -999999,   -999999,   -999999,   -999999,   -999999,   -999999,   -999999,   -999999,   -999999,   -999999,   -999999,   -999999,   -999999,   -999999,   -999999,   -999999,   -999999,   -999999,   -999999,   -999999,   -999999,   -999999,   -999999,   -999999,   -999999,   -999999,   -999999,   -999999,   -999999,   -999999,        0.40500000  
60422,   41,          900255.00,         9.0000000,  10.62344257,   32.05508,   267.5828886,   5.354196114,   514.96,   265.5599939,   321.0059508,   274,   50.45096019,   5.52424,   117.5804064,   109.7135899,    -999999,  0.33582,    -999999,  109.46,   107.8,   2.26,   -0.76,   321.0079939,   240.8899939,   271.5499939,   918.02,    -999999,   -999999,   -999999,   -999999,  0.49818,   0.4121,   3.4683,   3.2211,   12.798,   41.818,   9.648,   0.196,   0.03554,   5.4887,   35.8,   405.88,   1.85395,   0.07029545455,    -999999,   -999999,   -999999,   -999999,   -999999,   -999999,   -999999,   -999999,   -999999,   -999999,   -999999,   -999999,   -999999,   -999999,   -999999,   -999999,   -999999,   -999999,   -999999,   -999999,   -999999,   -999999,   -999999,   -999999,   -999999,   -999999,   -999999,   -999999,   -999999,   -999999,   -999999,   -999999,   -999999,   -999999,   -999999,   -999999,   -999999,   -999999,   -999999,   -999999,   -999999,   -999999,   -999999,   -999999,   -999999,   -999999,   -999999,   -999999,   -999999,   -999999,   -999999,   -999999,        0.43540000  
60427,   41,          900256.00,         9.0000000,  10.62522622,   32.0534462,   267.58881,   5.344698546,   515.62,   265.6499939,   320.9972506,   274,   50.43945434,   5.52276,   117.7450272,   109.8041314,    -999999,  0.33608,    -999999,  109.84,   108.16,   2,   0.14,   320.9959939,   240.9099939,   271.6499939,   918.08,    -999999,   -999999,   -999999,   -999999,  0.498502,   0.4129,   3.4926,   3.24648,   12.72,   41.928,   9.73,   0.152,   0.03516,   5.4876,   33.5,   405.935,   1.85425,   0.07163181818,    -999999,   -999999,   -999999,   -999999,   -999999,   -999999,   -999999,   -999999,   -999999,   -999999,   -999999,   -999999,   -999999,   -999999,   -999999,   -999999,   -999999,   -999999,   -999999,   -999999,   -999999,   -999999,   -999999,   -999999,   -999999,   -999999,   -999999,   -999999,   -999999,   -999999,   -999999,   -999999,   -999999,   -999999,   -999999,   -999999,   -999999,   -999999,   -999999,   -999999,   -999999,   -999999,   -999999,   -999999,   -999999,   -999999,   -999999,   -999999,   -999999,   -999999,   -999999,   -999999,        0.41960000  
60432,   41,          900257.00,         9.0000000,  10.62701012,   32.0517834,   267.5947352,   5.344985058,   515.6,   265.6139939,   320.9573072,   274,   50.42793127,   5.51936,   118.1051352,   110.1127954,    -999999,  0.33702,    -999999,  109.96,   108.14,   1.9,   -2.22,   320.9599939,   240.9499939,   271.6499939,   917.94,    -999999,   -999999,   -999999,   -999999,  0.500438,   0.4145,   3.4829,   3.23636,   12.806,   42.174,   9.71,   0.048,   0.03514,   5.48422,   30.94,   405.89,   1.85405,   0.07194285714,    -999999,   -999999,   -999999,   -999999,   -999999,   -999999,   -999999,   -999999,   -999999,   -999999,   -999999,   -999999,   -999999,   -999999,   -999999,   -999999,   -999999,   -999999,   -999999,   -999999,   -999999,   -999999,   -999999,   -999999,   -999999,   -999999,   -999999,   -999999,   -999999,   -999999,   -999999,   -999999,   -999999,   -999999,   -999999,   -999999,   -999999,   -999999,   -999999,   -999999,   -999999,   -999999,   -999999,   -999999,   -999999,   -999999,   -999999,   -999999,   -999999,   -999999,   -999999,   -999999,        0.45620000  
60437,   41,          900258.00,         9.0000000,  10.62879629,   32.0501558,   267.6006944,   5.338956114,   516.02,   265.6679939,   320.9478834,   274,   50.41643728,   5.5154,   118.475532,   110.3556111,    -999999,  0.33776,    -999999,  109.16,   107.46,   1.82,   -2.68,   320.9499939,   240.9699939,   271.7299939,   918.02,    -999999,   -999999,   -999999,   -999999,  0.501002,   0.4153,   3.49746,   3.25158,   12.772,   42.392,   9.842,   0.058,   0.03558,   5.47982,   35.72,   405.9,   1.85385,   0.0669,    -999999,   -999999,   -999999,   -999999,   -999999,   -999999,   -999999,   -999999,   -999999,   -999999,   -999999,   -999999,   -999999,   -999999,   -999999,   -999999,   -999999,   -999999,   -999999,   -999999,   -999999,   -999999,   -999999,   -999999,   -999999,   -999999,   -999999,   -999999,   -999999,   -999999,   -999999,   -999999,   -999999,   -999999,   -999999,   -999999,   -999999,   -999999,   -999999,   -999999,   -999999,   -999999,   -999999,   -999999,   -999999,   -999999,   -999999,   -999999,   -999999,   -999999,   -999999,   -999999,        0.42660000  
