inputs/ACTAMERICA_Merge/B200/ACTAMERICA-mrg05-b200_merge_20170208_R0_L2.ict
136, 1001
Shook, Michael
NASA Atmospheric Composition Branch, NASA Langley Research Center (SSAI)
Merged data file for ACT-AMERICA 2017, Flight 07 (20170208), on the b200 platform. Data is merged to 05 seconds.
NASA ACT-AMERICA 2017
1, 1
2017, 02, 08, 2018, 02, 22
05
UTC,s
97
1, 1, 1, 1, 1, 1, 1, 1, 1, 1, 1, 1, 1, 1, 1, 1, 1, 1, 1, 1, 1, 1, 1, 1, 1, 1, 1, 1, 1, 1, 1, 1, 1, 1, 1, 1, 1, 1, 1, 1, 1, 1, 1, 1, 1, 1, 1, 1, 1, 1, 1, 1, 1, 1, 1, 1, 1, 1, 1, 1, 1, 1, 1, 1, 1, 1, 1, 1, 1, 1, 1, 1, 1, 1, 1, 1, 1, 1, 1, 1, 1, 1, 1, 1, 1, 1, 1, 1, 1, 1, 1, 1, 1, 1, 1, 1, 1
-999999, -999999, -999999, -999999, -999999, -999999, -999999, -999999, -999999, -999999, -999999, -999999, -999999, -999999, -999999, -999999, -999999, -999999, -999999, -999999, -999999, -999999, -999999, -999999, -999999, -999999, -999999, -999999, -999999, -999999, -999999, -999999, -999999, -999999, -999999, -999999, -999999, -999999, -999999, -999999, -999999, -999999, -999999, -999999, -999999, -999999, -999999, -999999, -999999, -999999, -999999, -999999, -999999, -999999, -999999, -999999, -999999, -999999, -999999, -999999, -999999, -999999, -999999, -999999, -999999, -999999, -999999, -999999, -999999, -999999, -999999, -999999, -999999, -999999, -999999, -999999, -999999, -999999, -999999, -999999, -999999, -999999, -999999, -999999, -999999, -999999, -999999, -999999, -999999, -999999, -999999, -999999, -999999, -999999, -999999, -999999, -999999
JDAY, days
INDEX, none
FLIGHT, none
LOCAL_SUN_TIME, hour
LATITUDE, degs
LONGITUDE, degs
ALTP, km
PRESSURE, hPa
TEMPERATURE, K
THETA, K
O3COLUMN, DU
SZA, deg
GPS_ALT, km
GRD_SPD, m/s
TAS, m/s
IAS, m/s
MachNumber, mach
VerticalSpeed, ft min-1
HDG, degs
TRK, degs
PITCH, degs
ROLL, degs
PotentialTemp, K
Dewpoint, K
TotalAirTemp, K
CabinPressure, hPa
SolarZenithAngle, degs
AircraftSunElevation, degs
SunAzimuth, degs
AircraftSunAzimuth, degs
H2O_MixingRatio, g kg-1
H2O_VaporPressure, hPa
H2O_SatVaporPressureWater, hPa
H2O_SatVaporPressureIce, hPa
H2O_RelativeHumidity, %
DifferentialPressure, hPa
U_WINDS, m s-1
V_WINDS, m s-1
Ground_Elevation, km
Altitude_AGL, km
O3_MixingRatio, ppbv
CO2_MixingRatio_PICARRO, ppmv
CH4_MixingRatio_PICARRO, ppmv
CO_MixingRatio_PICARRO, ppmv
CO2_MoleFraction_PFP, ppm
CH4_MoleFraction_PFP, ppb
CO_MoleFraction_PFP, ppb
N2O_MoleFraction_PFP, ppb
SF6_MoleFraction_PFP, ppt
H2_MoleFraction_PFP, ppb
CH4C13_PFP, per mil
CO2C14_PFP, per mil
F11B_MoleFraction_PFP, ppt
FC12_MoleFraction_PFP, ppt
F13_MoleFraction_PFP, ppt
F113_MoleFraction_PFP, ppt
F115_MoleFraction_PFP, ppt
HF133a_MoleFraction_PFP, ppt
F23_MoleFraction_PFP, ppt
F32_MoleFraction_PFP, ppt
F134A_MoleFraction_PFP, ppt
F152A_MoleFraction_PFP, ppt
F125_MoleFraction_PFP, ppt
F143a_MoleFraction_PFP, ppt
F227e_MoleFraction_PFP, ppt
F365m_MoleFraction_PFP, ppt
H1211_MoleFraction_PFP, ppt
H1301_MoleFraction_PFP, ppt
H2402_MoleFraction_PFP, ppt
MCFA_MoleFraction_PFP, ppt
CF4_MoleFraction_PFP, ppt
C2F6_MoleFraction_PFP, ppt
SO2F2_MoleFraction_PFP, ppt
MEBR_MoleFraction_PFP, ppt
CH3I_MoleFraction_PFP, ppt
DIBR_MoleFraction_PFP, ppt
OCS_MoleFraction_PFP, ppt
MECL_MoleFraction_PFP, ppt
DICL_MoleFraction_PFP, ppt
CLHF_MoleFraction_PFP, ppt
PCE_MoleFraction_PFP, ppt
C2H2_MoleFraction_PFP, ppt
C2H6_MoleFraction_PFP, ppt
C3H8_MoleFraction_PFP, ppt
nC4H10_MoleFraction_PFP, ppt
[...]
[from data line 229]
77502,   39,          703049.00,         7.0000000,  15.22961876,   38.003333,   265.5088648,   6.217560413,   457.74,   246.8779939,   308.6373082,   312.2219849,   69.7836142,   6.05062,   81.55931761,   114.9289827,    -999999,  0.36488,    -999999,  335.14,   352.9,   2.02,   0.6,   308.6379939,   223.7699939,   253.4499939,   886.84,    -999999,   -999999,   -999999,   -999999,  0.093474,   0.06876,   0.72204,   0.55838,   12.318,   44.098,   38.158,   -22.026,   0.24358,   5.80704,   63.68,   408.55,   1.90715,   0.11437,   408.08,   1909.3,   119.83,   328.55,   9.33,   512.01,   -47.78,    -999999,  235.03,   516.98,   3.39,   72.19,   8.61,   0.54,   30.21,   14.53,   100.14,   9.24,   23.39,   20.84,   1.3,   1.05,   5.31,   3.38,   0.43,   2.65,    -999999,   -999999,  2.17,   7.22,   0.36,   1.49,    -999999,  591.97,   71.06,   15.13,   4.79,   316.96,    -999999,  529.84,   124.98,   73.68,   25.15,   32.39,   84.94,   102.02,   0.27,   0.16,   1.41,   0.66,   9.84,   251.2,          1.3788000  
77507,   39,          703050.00,         7.0000000,  15.23097208,   38.0069848,   265.5083312,   6.217560413,   457.74,   246.8879939,   308.6498098,   312.2219849,   69.79826474,   6.05036,   81.75480481,   114.6563295,    -999999,  0.364,    -999999,  335.78,   353.76,   1.94,   -0.3,   308.6519939,   223.7499939,   253.4299939,   886.5,    -999999,   -999999,   -999999,   -999999,  0.093262,   0.0686,   0.7227,   0.55898,   12.278,   43.88,   38.12,   -21.932,   0.24094,   5.80942,   64.12,   408.536,   1.907788889,   0.1152590909,   408.08,   1909.3,   119.83,   328.55,   9.33,   512.01,   -47.78,    -999999,  235.03,   516.98,   3.39,   72.19,   8.61,   0.54,   30.21,   14.53,   100.14,   9.24,   23.39,   20.84,   1.3,   1.05,   5.31,   3.38,   0.43,   2.65,    -999999,   -999999,  2.17,   7.22,   0.36,   1.49,    -999999,  591.97,   71.06,   15.13,   4.79,   316.96,    -999999,  529.84,   124.98,   73.68,   25.15,   32.39,   84.94,   102.02,   0.27,   0.16,   1.41,   0.66,   9.84,   251.2,          1.4262000  
77512,   39,          703051.00,         7.0000000,  15.23232882,   38.0106476,   265.507849,   6.217243421,   457.76,   246.8859939,   308.6434565,   312.2219849,   69.81295485,   6.04954,   81.87827041,   114.660445,    -999999,  0.36402,    -999999,  336.02,   354.26,   1.9,   -0.68,   308.6459939,   223.7099939,   253.4299939,   886.44,    -999999,   -999999,   -999999,   -999999,  0.092834,   0.06828,   0.72256,   0.55884,   12.222,   43.886,   38.136,   -22.044,   0.24334,   5.8062,   64.58,   408.515,   1.90715,   0.1167095238,   408.08,   1909.3,   119.83,   328.55,   9.33,   512.01,   -47.78,    -999999,  235.03,   516.98,   3.39,   72.19,   8.61,   0.54,   30.21,   14.53,   100.14,   9.24,   23.39,   20.84,   1.3,   1.05,   5.31,   3.38,   0.43,   2.65,    -999999,   -999999,  2.17,   7.22,   0.36,   1.49,    -999999,  591.97,   71.06,   15.13,   4.79,   316.96,    -999999,  529.84,   124.98,   73.68,   25.15,   32.39,   84.94,   102.02,   0.27,   0.16,   1.41,   0.66,   9.84,   251.2,          1.4740000  
77517,   39,          703052.00,         7.0000000,  15.23368759,   38.0143162,   265.5073972,   6.216609437,   457.8,   246.9039939,   308.6582533,   312.2219849,   69.82766847,   6.04888,   81.91942561,   114.6913114,    -999999,  0.3641,    -999999,  336.06,   354.56,   1.96,   -0.8,   308.6579939,   223.6299939,   253.4499939,   886.16,    -999999,   -999999,   -999999,   -999999,  0.091982,   0.06766,   0.72374,   0.55984,   12.088,   43.912,   38.402,   -22.068,   0.24638,   5.8025,   63.62,   408.54,   1.9074,   0.11265,    -999999,   -999999,   -999999,   -999999,   -999999,   -999999,   -999999,   -999999,   -999999,   -999999,   -999999,   -999999,   -999999,   -999999,   -999999,   -999999,   -999999,   -999999,   -999999,   -999999,   -999999,   -999999,   -999999,   -999999,   -999999,   -999999,   -999999,   -999999,   -999999,   -999999,   -999999,   -999999,   -999999,   -999999,   -999999,   -999999,   -999999,   -999999,   -999999,   -999999,   -999999,   -999999,   -999999,   -999999,   -999999,   -999999,   -999999,   -999999,   -999999,   -999999,   -999999,   -999999,         1.4606000  
77522,   39,          703053.00,         7.0000000,  15.23504785,   38.0179864,   265.5069678,   6.215658461,   457.86,   246.8899939,   308.6291953,   312.2219849,   69.84239806,   6.04824,   81.92971441,   114.6110587,    -999999,  0.36386,    -999999,  336.38,   354.88,   2,   -0.5,   308.6339939,   223.6299939,   253.4299939,   886.14,    -999999,   -999999,   -999999,   -999999,  0.09197,   0.06766,   0.72282,   0.55908,   12.108,   43.856,   38.392,   -22.15,   0.24414,   5.8041,   63.26,   408.55,   1.9079,   0.1172,    -999999,   -999999,   -999999,   -999999,   -999999,   -999999,   -999999,   -999999,   -999999,   -999999,   -999999,   -999999,   -999999,   -999999,   -999999,   -999999,   -999999,   -999999,   -999999,   -999999,   -999999,   -999999,   -999999,   -999999,   -999999,   -999999,   -999999,   -999999,   -999999,   -999999,   -999999,   -999999,   -999999,   -999999,   -999999,   -999999,   -999999,   -999999,   -999999,   -999999,   -999999,   -999999,   -999999,   -999999,   -999999,   -999999,   -999999,   -999999,   -999999,   -999999,   -999999,   -999999,         1.4386000  
77527,   39,          703054.00,         7.0000000,  15.23641029,   38.0216606,   265.506571,   6.215975453,   457.84,   246.8939939,   308.6380475,   312.2219849,   69.85715136,   6.04788,   81.96058081,   114.4248315,    -999999,  0.36328,    -999999,  336.78,   355.36,   2.08,   -0.28,   308.6379939,   223.5899939,   253.4099939,   885.86,    -999999,   -999999,   -999999,   -999999,  0.091558,   0.06738,   0.72308,   0.55928,   12.05,   43.706,   38.484,   -22.092,   0.24482,   5.80306,   61.78,   408.475,   1.90745,   0.12145,    -999999,   -999999,   -999999,   -999999,   -999999,   -999999,   -999999,   -999999,   -999999,   -999999,   -999999,   -999999,   -999999,   -999999,   -999999,   -999999,   -999999,   -999999,   -999999,   -999999,   -999999,   -999999,   -999999,   -999999,   -999999,   -999999,   -999999,   -999999,   -999999,   -999999,   -999999,   -999999,   -999999,   -999999,   -999999,   -999999,   -999999,   -999999,   -999999,   -999999,   -999999,   -999999,   -999999,   -999999,   -999999,   -999999,   -999999,   -999999,   -999999,   -999999,   -999999,   -999999,         1.4394000  
77532,   39,          703055.00,         7.0000000,  15.23777568,   38.0253404,   265.5062186,   6.216292445,   457.82,   246.9339939,   308.6919037,   312.2219849,   69.87193656,   6.04834,   82.02231361,   114.4155715,    -999999,  0.3632,    -999999,  336.94,   355.92,   2.1,   -0.64,   308.6939939,   223.5499939,   253.4499939,   885.64,    -999999,   -999999,   -999999,   -999999,  0.091146,   0.0671,   0.72572,   0.56156,   11.946,   43.69,   38.804,   -22.164,   0.25206,   5.79628,   62.9,   408.4666667,   1.9078,   0.11965,    -999999,   -999999,   -999999,   -999999,   -999999,   -999999,   -999999,   -999999,   -999999,   -999999,   -999999,   -999999,   -999999,   -999999,   -999999,   -999999,   -999999,   -999999,   -999999,   -999999,   -999999,   -999999,   -999999,   -999999,   -999999,   -999999,   -999999,   -999999,   -999999,   -999999,   -999999,   -999999,   -999999,   -999999,   -999999,   -999999,   -999999,   -999999,   -999999,   -999999,   -999999,   -999999,   -999999,   -999999,   -999999,   -999999,   -999999,   -999999,   -999999,   -999999,   -999999,   -999999,         1.4352000  
77537,   39,          703056.00,         7.0000000,  15.23914339,   38.0290224,   265.5059008,   6.216292445,   457.82,   246.9299939,   308.6869033,   312.2219849,   69.88674555,   6.04868,   82.00173601,   114.1058787,    -999999,  0.36222,    -999999,  337.18,   356.2,   2.04,   -0.88,   308.6899939,   223.4899939,   253.4099939,   885.42,    -999999,   -999999,   -999999,   -999999,  0.090528,   0.06662,   0.72546,   0.56134,   11.87,   43.446,   38.61,   -22.1,   0.25032,   5.79836,   68.9,   408.565,   1.9069,   0.11485,    -999999,   -999999,   -999999,   -999999,   -999999,   -999999,   -999999,   -999999,   -999999,   -999999,   -999999,   -999999,   -999999,   -999999,   -999999,   -999999,   -999999,   -999999,   -999999,   -999999,   -999999,   -999999,   -999999,   -999999,   -999999,   -999999,   -999999,   -999999,   -999999,   -999999,   -999999,   -999999,   -999999,   -999999,   -999999,   -999999,   -999999,   -999999,   -999999,   -999999,   -999999,   -999999,   -999999,   -999999,   -999999,   -999999,   -999999,   -999999,   -999999,   -999999,   -999999,   -999999,         1.4046000  
77542,   39,          703057.00,         7.0000000,  15.24051237,   38.0327036,   265.5056022,   6.217243421,   457.76,   246.9119939,   308.6759603,   312.2219849,   69.90156706,   6.04864,   81.99144721,   113.922738,    -999999,  0.36164,    -999999,  337.34,   356.4,   2,   -1.3,   308.6759939,   223.4699939,   253.3699939,   885.38,    -999999,   -999999,   -999999,   -999999,  0.090334,   0.06646,   0.72426,   0.56034,   11.864,   43.3,   38.44,   -22.088,   0.23856,   5.81008,   66.86,   408.505,   1.907416667,   0.1158,    -999999,   -999999,   -999999,   -999999,   -999999,   -999999,   -999999,   -999999,   -999999,   -999999,   -999999,   -999999,   -999999,   -999999,   -999999,   -999999,   -999999,   -999999,   -999999,   -999999,   -999999,   -999999,   -999999,   -999999,   -999999,   -999999,   -999999,   -999999,   -999999,   -999999,   -999999,   -999999,   -999999,   -999999,   -999999,   -999999,   -999999,   -999999,   -999999,   -999999,   -999999,   -999999,   -999999,   -999999,   -999999,   -999999,   -999999,   -999999,   -999999,   -999999,   -999999,   -999999,         1.4376000  
77547,   39,          703058.00,         7.0000000,  15.24188154,   38.036382,   265.5053064,   6.216609437,   457.8,   246.9179939,   308.6757549,   312.2219849,   69.91638988,   6.04824,   81.81653761,   113.6799223,    -999999,  0.36088,    -999999,  337.24,   356.26,   2.08,   -1.78,   308.6779939,   223.4699939,   253.3499939,   885.16,    -999999,   -999999,   -999999,   -999999,  0.090326,   0.06646,   0.72466,   0.56066,   11.858,   43.112,   38.24,   -21.986,   0.2471,   5.80114,   67.18,   408.555,   1.907245455,   0.1175666667,    -999999,   -999999,   -999999,   -999999,   -999999,   -999999,   -999999,   -999999,   -999999,   -999999,   -999999,   -999999,   -999999,   -999999,   -999999,   -999999,   -999999,   -999999,   -999999,   -999999,   -999999,   -999999,   -999999,   -999999,   -999999,   -999999,   -999999,   -999999,   -999999,   -999999,   -999999,   -999999,   -999999,   -999999,   -999999,   -999999,   -999999,   -999999,   -999999,   -999999,   -999999,   -999999,   -999999,   -999999,   -999999,   -999999,   -999999,   -999999,   -999999,   -999999,   -999999,   -999999,         1.5054000  
77552,   39,          703059.00,         7.0000000,  15.24324945,   38.0400498,   265.5049918,   6.216609437,   457.8,   246.8639939,   308.6082487,   312.2219849,   69.93119589,   6.04832,   81.55931761,   113.6367094,    -999999,  0.36078,    -999999,  336.9,   355.98,   2.14,   -1.88,   308.6099939,   223.4499939,   253.2899939,   885.02,    -999999,   -999999,   -999999,   -999999,  0.09012,   0.0663,   0.7211,   0.5576,   11.896,   43.088,   38.41,   -21.974,   0.24724,   5.80108,   66.22,   408.525,   1.90715,   0.1158954545,    -999999,   -999999,   -999999,   -999999,   -999999,   -999999,   -999999,   -999999,   -999999,   -999999,   -999999,   -999999,   -999999,   -999999,   -999999,   -999999,   -999999,   -999999,   -999999,   -999999,   -999999,   -999999,   -999999,   -999999,   -999999,   -999999,   -999999,   -999999,   -999999,   -999999,   -999999,   -999999,   -999999,   -999999,   -999999,   -999999,   -999999,   -999999,   -999999,   -999999,   -999999,   -999999,   -999999,   -999999,   -999999,   -999999,   -999999,   -999999,   -999999,   -999999,   -999999,   -999999,         1.4534000  
77557,   39,          703060.00,         7.0000000,  15.24461557,   38.043702,   265.5046502,   6.216292445,   457.82,   246.9059939,   308.6569009,   312.2219849,   69.94597695,   6.04824,   81.16834321,   113.4247601,    -999999,  0.36008,    -999999,  336.62,   355.56,   2.18,   -2.36,   308.6619939,   223.4099939,   253.3099939,   884.74,    -999999,   -999999,   -999999,   -999999,  0.089708,   0.06602,   0.72388,   0.55998,   11.79,   42.916,   38.168,   -21.998,   0.2396,   5.80864,   64.86,   408.585,   1.9075,   0.1168590909,    -999999,   -999999,   -999999,   -999999,   -999999,   -999999,   -999999,   -999999,   -999999,   -999999,   -999999,   -999999,   -999999,   -999999,   -999999,   -999999,   -999999,   -999999,   -999999,   -999999,   -999999,   -999999,   -999999,   -999999,   -999999,   -999999,   -999999,   -999999,   -999999,   -999999,   -999999,   -999999,   -999999,   -999999,   -999999,   -999999,   -999999,   -999999,   -999999,   -999999,   -999999,   -999999,   -999999,   -999999,   -999999,   -999999,   -999999,   -999999,   -999999,   -999999,   -999999,   -999999,         1.4324000  
77562,   39,          703061.00,         7.0000000,  15.2459788,   38.0473332,   265.5042654,   6.215658461,   457.86,   246.8659939,   308.5991936,   312.2219849,   69.96071975,   6.04772,   80.75679121,   113.0769987,    -999999,  0.359,    -999999,  336.18,   354.88,   2.2,   -2.42,   308.5999939,   223.3499939,   253.2299939,   884.58,    -999999,   -999999,   -999999,   -999999,  0.089088,   0.0656,   0.72124,   0.55772,   11.758,   42.656,   37.896,   -21.87,   0.24096,   5.80676,   62.96,   408.535,   1.907,   0.1154545455,    -999999,   -999999,   -999999,   -999999,   -999999,   -999999,   -999999,   -999999,   -999999,   -999999,   -999999,   -999999,   -999999,   -999999,   -999999,   -999999,   -999999,   -999999,   -999999,   -999999,   -999999,   -999999,   -999999,   -999999,   -999999,   -999999,   -999999,   -999999,   -999999,   -999999,   -999999,   -999999,   -999999,   -999999,   -999999,   -999999,   -999999,   -999999,   -999999,   -999999,   -999999,   -999999,   -999999,   -999999,   -999999,   -999999,   -999999,   -999999,   -999999,   -999999,   -999999,   -999999,         1.3364000  
77567,   39,          703062.00,         7.0000000,  15.24733867,   38.0509412,   265.50383,   6.216292445,   457.82,   246.8479939,   308.5843952,   312.2219849,   69.97541842,   6.0475,   80.32466161,   113.0492189,    -999999,  0.35892,    -999999,  335.6,   354.22,   2.22,   -2.24,   308.5859939,   223.3499939,   253.2099939,   884.34,    -999999,   -999999,   -999999,   -999999,  0.089096,   0.0656,   0.72006,   0.55672,   11.78,   42.634,   38.05,   -21.88,   0.2441,   5.8034,   66.2,   408.55,   1.9074,   0.1109454545,    -999999,   -999999,   -999999,   -999999,   -999999,   -999999,   -999999,   -999999,   -999999,   -999999,   -999999,   -999999,   -999999,   -999999,   -999999,   -999999,   -999999,   -999999,   -999999,   -999999,   -999999,   -999999,   -999999,   -999999,   -999999,   -999999,   -999999,   -999999,   -999999,   -999999,   -999999,   -999999,   -999999,   -999999,   -999999,   -999999,   -999999,   -999999,   -999999,   -999999,   -999999,   -999999,   -999999,   -999999,   -999999,   -999999,   -999999,   -999999,   -999999,   -999999,   -999999,   -999999,         1.3784000  
