inputs/ACTAMERICA_Merge/B200/ACTAMERICA-mrg05-b200_merge_20170225_R0.ict
136, 1001
Shook, Michael
NASA Atmospheric Composition Branch, NASA Langley Research Center (SSAI)
Merged data file for ACT-AMERICA 2017, Flight 18 (20170225), on the b200 platform. Data is merged to 05 seconds.
NASA ACT-AMERICA 2017
1, 1
2017, 02, 25, 2018, 02, 22
05
UTC,s
97
1, 1, 1, 1, 1, 1, 1, 1, 1, 1, 1, 1, 1, 1, 1, 1, 1, 1, 1, 1, 1, 1, 1, 1, 1, 1, 1, 1, 1, 1, 1, 1, 1, 1, 1, 1, 1, 1, 1, 1, 1, 1, 1, 1, 1, 1, 1, 1, 1, 1, 1, 1, 1, 1, 1, 1, 1, 1, 1, 1, 1, 1, 1, 1, 1, 1, 1, 1, 1, 1, 1, 1, 1, 1, 1, 1, 1, 1, 1, 1, 1, 1, 1, 1, 1, 1, 1, 1, 1, 1, 1, 1, 1, 1, 1, 1, 1
-999999, -999999, -999999, -999999, -999999, -999999, -999999, -999999, -999999, -999999, -999999, -999999, -999999, -999999, -999999, -999999, -999999, -999999, -999999, -999999, -999999, -999999, -999999, -999999, -999999, -999999, -999999, -999999, -999999, -999999, -999999, -999999, -999999, -999999, -999999, -999999, -999999, -999999, -999999, -999999, -999999, -999999, -999999, -999999, -999999, -999999, -999999, -999999, -999999, -999999, -999999, -999999, -999999, -999999, -999999, -999999, -999999, -999999, -999999, -999999, -999999, -999999, -999999, -999999, -999999, -999999, -999999, -999999, -999999, -999999, -999999, -999999, -999999, -999999, -999999, -999999, -999999, -999999, -999999, -999999, -999999, -999999, -999999, -999999, -999999, -999999, -999999, -999999, -999999, -999999, -999999, -999999, -999999, -999999, -999999, -999999, -999999
JDAY, days
INDEX, none
FLIGHT, none
LOCAL_SUN_TIME, hour
LATITUDE, degs
LONGITUDE, degs
ALTP, km
PRESSURE, hPa
TEMPERATURE, K
THETA, K
O3COLUMN, DU
SZA, deg
GPS_ALT, km
GRD_SPD, m/s
TAS, m/s
IAS, m/s
MachNumber, mach
VerticalSpeed, ft min-1
HDG, degs
TRK, degs
PITCH, degs
ROLL, degs
PotentialTemp, K
Dewpoint, K
TotalAirTemp, K
CabinPressure, hPa
SolarZenithAngle, degs
AircraftSunElevation, degs
SunAzimuth, degs
AircraftSunAzimuth, degs
H2O_MixingRatio, g kg-1
H2O_VaporPressure, hPa
H2O_SatVaporPressureWater, hPa
H2O_SatVaporPressureIce, hPa
H2O_RelativeHumidity, %
DifferentialPressure, hPa
U_WINDS, m s-1
V_WINDS, m s-1
Ground_Elevation, km
Altitude_AGL, km
O3_MixingRatio, ppbv
CO2_MixingRatio_PICARRO, ppmv
CH4_MixingRatio_PICARRO, ppmv
CO_MixingRatio_PICARRO, ppmv
CO2_MoleFraction_PFP, ppm
CH4_MoleFraction_PFP, ppb
CO_MoleFraction_PFP, ppb
N2O_MoleFraction_PFP, ppb
SF6_MoleFraction_PFP, ppt
H2_MoleFraction_PFP, ppb
CH4C13_PFP, per mil
CO2C14_PFP, per mil
F11B_MoleFraction_PFP, ppt
FC12_MoleFraction_PFP, ppt
F13_MoleFraction_PFP, ppt
F113_MoleFraction_PFP, ppt
F115_MoleFraction_PFP, ppt
HF133a_MoleFraction_PFP, ppt
F23_MoleFraction_PFP, ppt
F32_MoleFraction_PFP, ppt
F134A_MoleFraction_PFP, ppt
F152A_MoleFraction_PFP, ppt
F125_MoleFraction_PFP, ppt
F143a_MoleFraction_PFP, ppt
F227e_MoleFraction_PFP, ppt
F365m_MoleFraction_PFP, ppt
H1211_MoleFraction_PFP, ppt
H1301_MoleFraction_PFP, ppt
H2402_MoleFraction_PFP, ppt
MCFA_MoleFraction_PFP, ppt
CF4_MoleFraction_PFP, ppt
C2F6_MoleFraction_PFP, ppt
SO2F2_MoleFraction_PFP, ppt
MEBR_MoleFraction_PFP, ppt
CH3I_MoleFraction_PFP, ppt
DIBR_MoleFraction_PFP, ppt
OCS_MoleFraction_PFP, ppt
MECL_MoleFraction_PFP, ppt
DICL_MoleFraction_PFP, ppt
CLHF_MoleFraction_PFP, ppt
PCE_MoleFraction_PFP, ppt
C2H2_MoleFraction_PFP, ppt
C2H6_MoleFraction_PFP, ppt
C3H8_MoleFraction_PFP, ppt
nC4H10_MoleFraction_PFP, ppt
[...]
[from data line 1776]
73012,   56,          1801777.0,         18.000000,  14.03398293,   42.3980156,   266.2826606,   0.6297533838,   939.82,   265.1499939,   269.8939448,   383,   58.56029157,   0.57486,   84.29613841,   88.54232617,    -999999,  0.27126,    -999999,  261.72,   262.72,   1.52,   -2.8,   269.8919939,   260.6899939,   269.0499939,   946.68,    -999999,   -999999,   -999999,   -999999,  1.568472,   2.36404,   3.36478,   3.1134,   75.932,   49.3,   3.042,   2.114,   0.34098,   0.23388,   45.32,   414.895,   1.95805,   0.129725,    -999999,   -999999,   -999999,   -999999,   -999999,   -999999,   -999999,   -999999,   -999999,   -999999,   -999999,   -999999,   -999999,   -999999,   -999999,   -999999,   -999999,   -999999,   -999999,   -999999,   -999999,   -999999,   -999999,   -999999,   -999999,   -999999,   -999999,   -999999,   -999999,   -999999,   -999999,   -999999,   -999999,   -999999,   -999999,   -999999,   -999999,   -999999,   -999999,   -999999,   -999999,   -999999,   -999999,   -999999,   -999999,   -999999,   -999999,   -999999,   -999999,   -999999,   -999999,   -999999,         2.2306000  
73017,   56,          1801778.0,         18.000000,  14.0350337,   42.3974922,   266.2775888,   0.6308140878,   939.7,   265.1419939,   269.8956482,   383,   58.56670838,   0.5761,   84.35787121,   88.82835481,    -999999,  0.27212,    -999999,  260.62,   261.56,   1.38,   -2.04,   269.8979939,   260.7099939,   269.0699939,   946.5,    -999999,   -999999,   -999999,   -999999,  1.57121,   2.36786,   3.36268,   3.1112,   76.106,   49.62,   3.208,   2.2,   0.341,   0.2351,   43.32,   414.84,   1.9582,   0.1334636364,    -999999,   -999999,   -999999,   -999999,   -999999,   -999999,   -999999,   -999999,   -999999,   -999999,   -999999,   -999999,   -999999,   -999999,   -999999,   -999999,   -999999,   -999999,   -999999,   -999999,   -999999,   -999999,   -999999,   -999999,   -999999,   -999999,   -999999,   -999999,   -999999,   -999999,   -999999,   -999999,   -999999,   -999999,   -999999,   -999999,   -999999,   -999999,   -999999,   -999999,   -999999,   -999999,   -999999,   -999999,   -999999,   -999999,   -999999,   -999999,   -999999,   -999999,   -999999,   -999999,         2.3168000  
73022,   56,          1801779.0,         18.000000,  14.03608485,   42.3969044,   266.2725228,   0.6311676558,   939.66,   265.1919939,   269.9498278,   383,   58.57307849,   0.57572,   84.50191441,   88.96108033,    -999999,  0.2725,    -999999,  259.72,   260.5,   1.28,   -3,   269.9499939,   260.6699939,   269.1299939,   946.4,    -999999,   -999999,   -999999,   -999999,  1.566198,   2.36022,   3.37576,   3.12484,   75.528,   49.76,   3.186,   2.14,   0.34196,   0.23376,   44.12,   414.815,   1.9576,   0.1390809524,    -999999,   -999999,   -999999,   -999999,   -999999,   -999999,   -999999,   -999999,   -999999,   -999999,   -999999,   -999999,   -999999,   -999999,   -999999,   -999999,   -999999,   -999999,   -999999,   -999999,   -999999,   -999999,   -999999,   -999999,   -999999,   -999999,   -999999,   -999999,   -999999,   -999999,   -999999,   -999999,   -999999,   -999999,   -999999,   -999999,   -999999,   -999999,   -999999,   -999999,   -999999,   -999999,   -999999,   -999999,   -999999,   -999999,   -999999,   -999999,   -999999,   -999999,   -999999,   -999999,         2.2668000  
73027,   56,          1801780.0,         18.000000,  14.03713686,   42.3962258,   266.2674696,   0.6304605198,   939.74,   265.1759939,   269.926975,   383,   58.57938362,   0.5755,   84.63566881,   88.91992513,    -999999,  0.27238,    -999999,  258.24,   259.06,   1.32,   -2.5,   269.9279939,   260.7099939,   269.1099939,   946.44,    -999999,   -999999,   -999999,   -999999,  1.571144,   2.36786,   3.37158,   3.12046,   75.88,   49.72,   2.962,   2.232,   0.33668,   0.23882,   43.34,   414.735,   1.95845,   0.1311636364,    -999999,   -999999,   -999999,   -999999,   -999999,   -999999,   -999999,   -999999,   -999999,   -999999,   -999999,   -999999,   -999999,   -999999,   -999999,   -999999,   -999999,   -999999,   -999999,   -999999,   -999999,   -999999,   -999999,   -999999,   -999999,   -999999,   -999999,   -999999,   -999999,   -999999,   -999999,   -999999,   -999999,   -999999,   -999999,   -999999,   -999999,   -999999,   -999999,   -999999,   -999999,   -999999,   -999999,   -999999,   -999999,   -999999,   -999999,   -999999,   -999999,   -999999,   -999999,   -999999,         2.2394000  
73032,   56,          1801781.0,         18.000000,  14.03818942,   42.395481,   266.2624246,   0.6293998158,   939.86,   265.2099939,   269.9517356,   383,   58.58564172,   0.57438,   84.80028961,   88.72649569,    -999999,  0.2718,    -999999,  257.7,   258.5,   1.32,   -1.36,   269.9539939,   260.6499939,   269.1299939,   946.64,    -999999,   -999999,   -999999,   -999999,  1.563328,   2.3564,   3.38048,   3.12976,   75.29,   49.5,   2.63,   2.038,   0.3332,   0.24118,   44.26,   414.72,   1.957488889,   0.1344842105,    -999999,   -999999,   -999999,   -999999,   -999999,   -999999,   -999999,   -999999,   -999999,   -999999,   -999999,   -999999,   -999999,   -999999,   -999999,   -999999,   -999999,   -999999,   -999999,   -999999,   -999999,   -999999,   -999999,   -999999,   -999999,   -999999,   -999999,   -999999,   -999999,   -999999,   -999999,   -999999,   -999999,   -999999,   -999999,   -999999,   -999999,   -999999,   -999999,   -999999,   -999999,   -999999,   -999999,   -999999,   -999999,   -999999,   -999999,   -999999,   -999999,   -999999,   -999999,   -999999,         2.2166000  
73037,   56,          1801782.0,         18.000000,  14.03924188,   42.3947142,   266.2573782,   0.6288694638,   939.92,   265.2539939,   269.9915978,   383,   58.59188438,   0.57374,   84.86202241,   88.46721793,    -999999,  0.27096,    -999999,  257.58,   258.44,   1.6,   -0.26,   269.9919939,   260.6699939,   269.1499939,   946.78,    -999999,   -999999,   -999999,   -999999,  1.565766,   2.36022,   3.39204,   3.14178,   75.124,   49.2,   2.276,   1.962,   0.33326,   0.24048,   45.14,   414.945,   1.95915,   0.13525,    -999999,   -999999,   -999999,   -999999,   -999999,   -999999,   -999999,   -999999,   -999999,   -999999,   -999999,   -999999,   -999999,   -999999,   -999999,   -999999,   -999999,   -999999,   -999999,   -999999,   -999999,   -999999,   -999999,   -999999,   -999999,   -999999,   -999999,   -999999,   -999999,   -999999,   -999999,   -999999,   -999999,   -999999,   -999999,   -999999,   -999999,   -999999,   -999999,   -999999,   -999999,   -999999,   -999999,   -999999,   -999999,   -999999,   -999999,   -999999,   -999999,   -999999,   -999999,   -999999,         2.2306000  
73042,   56,          1801783.0,         18.000000,  14.04029408,   42.3939566,   266.2523278,   0.6295765998,   939.84,   265.2759939,   270.0205573,   383,   58.59813569,   0.5741,   84.89288881,   88.68636937,    -999999,  0.2716,    -999999,  257.8,   258.7,   1.52,   -0.06,   270.0199939,   260.8699939,   269.1899939,   946.72,    -999999,   -999999,   -999999,   -999999,  1.591418,   2.39858,   3.39786,   3.14788,   76.198,   49.44,   2.454,   2.072,   0.3375,   0.2366,   42.46,   414.862,   1.958355556,   0.1260526316,    -999999,   -999999,   -999999,   -999999,   -999999,   -999999,   -999999,   -999999,   -999999,   -999999,   -999999,   -999999,   -999999,   -999999,   -999999,   -999999,   -999999,   -999999,   -999999,   -999999,   -999999,   -999999,   -999999,   -999999,   -999999,   -999999,   -999999,   -999999,   -999999,   -999999,   -999999,   -999999,   -999999,   -999999,   -999999,   -999999,   -999999,   -999999,   -999999,   -999999,   -999999,   -999999,   -999999,   -999999,   -999999,   -999999,   -999999,   -999999,   -999999,   -999999,   -999999,   -999999,         2.2398000  
73047,   56,          1801784.0,         18.000000,  14.04134584,   42.3932166,   266.247271,   0.6301069518,   939.78,   265.1739939,   269.9216566,   383,   58.60440139,   0.57498,   84.86202241,   88.91683849,    -999999,  0.27236,    -999999,  257.94,   258.96,   1.52,   -0.26,   269.9239939,   260.9899939,   269.1099939,   946.58,    -999999,   -999999,   -999999,   -999999,  1.607012,   2.4219,   3.37108,   3.11996,   77.628,   49.72,   2.63,   2.326,   0.3374,   0.23758,   43.38,   414.98,   1.95995,   0.1364,   415.14,   1960.99,   135.28,   334.59,   9.33,   488.28,   -47.51,    -999999,  232,   516.56,   3.41,   70.92,   8.7,   0.53,   30.19,   15.61,   102.1,   11.77,   23.83,   21.63,   1.34,   1.16,   4.68,   3.38,   0.44,   2.63,   83.17,   4.74,   2.12,   6.81,   0.33,   1.18,    -999999,  554.01,   73.09,   15.82,   3.91,   402.68,   2274.31,   1070.92,   239.18,   123.96,   54.25,   72.04,   100.51,   44.32,   0.23,   0.16,   1.03,   0.6,   22.51,   252.48,          2.3162500  
73052,   56,          1801785.0,         18.000000,  14.04239739,   42.3924884,   266.2422108,   0.6308140878,   939.7,   265.1199939,   269.8732537,   383,   58.61067809,   0.57558,   84.93404401,   89.07014161,    -999999,  0.27286,    -999999,  258.52,   259.06,   1.38,   -0.82,   269.8739939,   261.1299939,   269.0699939,   946.42,    -999999,   -999999,   -999999,   -999999,  1.625404,   2.44932,   3.35694,   3.10524,   78.878,   49.9,   2.93,   1.602,   0.33814,   0.23744,   43.38,   415.01,   1.96015,   0.13115,   415.14,   1960.99,   135.28,   334.59,   9.33,   488.28,   -47.51,    -999999,  232,   516.56,   3.41,   70.92,   8.7,   0.53,   30.19,   15.61,   102.1,   11.77,   23.83,   21.63,   1.34,   1.16,   4.68,   3.38,   0.44,   2.63,   83.17,   4.74,   2.12,   6.81,   0.33,   1.18,    -999999,  554.01,   73.09,   15.82,   3.91,   402.68,   2274.31,   1070.92,   239.18,   123.96,   54.25,   72.04,   100.51,   44.32,   0.23,   0.16,   1.03,   0.6,   22.51,   252.48,      -999999  
73057,   56,          1801786.0,         18.000000,  14.043449,   42.3917418,   266.2371516,   0.6309908718,   939.68,   265.1419939,   269.8972894,   383,   58.6169433,   0.57586,   84.97519921,   89.51256001,    -999999,  0.27424,    -999999,  257.9,   258.42,   1.44,   -1.6,   269.8979939,   261.2099939,   269.1299939,   946.42,    -999999,   -999999,   -999999,   -999999,  1.63593,   2.46508,   3.3627,   3.11124,   79.234,   50.4,   3.248,   1.83,   0.33954,   0.23632,   43.42,   414.74,   1.958866667,   0.1278,   415.14,   1960.99,   135.28,   334.59,   9.33,   488.28,   -47.51,    -999999,  232,   516.56,   3.41,   70.92,   8.7,   0.53,   30.19,   15.61,   102.1,   11.77,   23.83,   21.63,   1.34,   1.16,   4.68,   3.38,   0.44,   2.63,   83.17,   4.74,   2.12,   6.81,   0.33,   1.18,    -999999,  554.01,   73.09,   15.82,   3.91,   402.68,   2274.31,   1070.92,   239.18,   123.96,   54.25,   72.04,   100.51,   44.32,   0.23,   0.16,   1.03,   0.6,   22.51,   252.48,      -999999  
73062,   56,          1801787.0,         18.000000,  14.04450118,   42.390965,   266.232101,   0.6308140878,   939.7,   265.1579939,   269.911935,   383,   58.62319081,   0.57618,   84.94433281,   89.54754193,    -999999,  0.27432,    -999999,  257.82,   258.24,   1.28,   -0.64,   269.9139939,   260.9499939,   269.1499939,   946.38,    -999999,   -999999,   -999999,   -999999,  1.602052,   2.41422,   3.36688,   3.11556,   77.49,   50.44,   3.36,   1.58,   0.34002,   0.23616,   42.42,   414.705,   1.95905,   0.1346,   415.14,   1960.99,   135.28,   334.59,   9.33,   488.28,   -47.51,    -999999,  232,   516.56,   3.41,   70.92,   8.7,   0.53,   30.19,   15.61,   102.1,   11.77,   23.83,   21.63,   1.34,   1.16,   4.68,   3.38,   0.44,   2.63,   83.17,   4.74,   2.12,   6.81,   0.33,   1.18,    -999999,  554.01,   73.09,   15.82,   3.91,   402.68,   2274.31,   1070.92,   239.18,   123.96,   54.25,   72.04,   100.51,   44.32,   0.23,   0.16,   1.03,   0.6,   22.51,   252.48,      -999999  
73067,   56,          1801788.0,         18.000000,  14.04555328,   42.390188,   266.2270492,   0.6306373038,   939.72,   265.1479939,   269.9001145,   383,   58.62944059,   0.57564,   84.98548801,   89.66689201,    -999999,  0.2747,    -999999,  258,   258.34,   1.38,   -0.2,   269.8999939,   260.5899939,   269.1499939,   946.54,    -999999,   -999999,   -999999,   -999999,  1.556034,   2.34506,   3.36426,   3.11284,   75.334,   50.58,   3.454,   1.496,   0.33876,   0.23688,   42.38,   414.958,   1.960454545,   0.1343105263,    -999999,   -999999,   -999999,   -999999,   -999999,   -999999,   -999999,   -999999,   -999999,   -999999,   -999999,   -999999,   -999999,   -999999,   -999999,   -999999,   -999999,   -999999,   -999999,   -999999,   -999999,   -999999,   -999999,   -999999,   -999999,   -999999,   -999999,   -999999,   -999999,   -999999,   -999999,   -999999,   -999999,   -999999,   -999999,   -999999,   -999999,   -999999,   -999999,   -999999,   -999999,   -999999,   -999999,   -999999,   -999999,   -999999,   -999999,   -999999,   -999999,   -999999,   -999999,   -999999,     -999999  
73072,   56,          1801789.0,         18.000000,  14.04660532,   42.389417,   266.2219964,   0.6318747918,   939.58,   265.1239939,   269.887173,   383,   58.63569774,   0.57722,   84.97519921,   89.96526721,    -999999,  0.27562,    -999999,  258.28,   258.38,   1.28,   -0.82,   269.8859939,   260.4099939,   269.1499939,   946.38,    -999999,   -999999,   -999999,   -999999,  1.533702,   2.31116,   3.35796,   3.1063,   74.4,   50.92,   3.858,   1.176,   0.3376,   0.23962,   45.94,   414.955,   1.96125,   0.13459,    -999999,   -999999,   -999999,   -999999,   -999999,   -999999,   -999999,   -999999,   -999999,   -999999,   -999999,   -999999,   -999999,   -999999,   -999999,   -999999,   -999999,   -999999,   -999999,   -999999,   -999999,   -999999,   -999999,   -999999,   -999999,   -999999,   -999999,   -999999,   -999999,   -999999,   -999999,   -999999,   -999999,   -999999,   -999999,   -999999,   -999999,   -999999,   -999999,   -999999,   -999999,   -999999,   -999999,   -999999,   -999999,   -999999,   -999999,   -999999,   -999999,   -999999,   -999999,   -999999,     -999999  
