inputs/ACTAMERICA_Merge/B200/ACTAMERICA-mrg05-b200_merge_20180414_R0.ict
141, 1001
Shook, Michael
NASA Chemistry and Dynamics Branch, NASA Langley Research Center
Merged data file for ACT-AMERICA 2018, Flight 03 (20180414), on the b200 platform. Data is merged to 05 seconds.
NASA ACT-AMERICA 2018
1, 1
2018, 04, 14, 2018, 10, 15
05
UTC,s
102
1, 1, 1, 1, 1, 1, 1, 1, 1, 1, 1, 1, 1, 1, 1, 1, 1, 1, 1, 1, 1, 1, 1, 1, 1, 1, 1, 1, 1, 1, 1, 1, 1, 1, 1, 1, 1, 1, 1, 1, 1, 1, 1, 1, 1, 1, 1, 1, 1, 1, 1, 1, 1, 1, 1, 1, 1, 1, 1, 1, 1, 1, 1, 1, 1, 1, 1, 1, 1, 1, 1, 1, 1, 1, 1, 1, 1, 1, 1, 1, 1, 1, 1, 1, 1, 1, 1, 1, 1, 1, 1, 1, 1, 1, 1, 1, 1, 1, 1, 1, 1, 1
-999999, -999999, -999999, -999999, -999999, -999999, -999999, -999999, -999999, -999999, -999999, -999999, -999999, -999999, -999999, -999999, -999999, -999999, -999999, -999999, -999999, -999999, -999999, -999999, -999999, -999999, -999999, -999999, -999999, -999999, -999999, -999999, -999999, -999999, -999999, -999999, -999999, -999999, -999999, -999999, -999999, -999999, -999999, -999999, -999999, -999999, -999999, -999999, -999999, -999999, -999999, -999999, -999999, -999999, -999999, -999999, -999999, -999999, -999999, -999999, -999999, -999999, -999999, -999999, -999999, -999999, -999999, -999999, -999999, -999999, -999999, -999999, -999999, -999999, -999999, -999999, -999999, -999999, -999999, -999999, -999999, -999999, -999999, -999999, -999999, -999999, -999999, -999999, -999999, -999999, -999999, -999999, -999999, -999999, -999999, -999999, -999999, -999999, -999999, -999999, -999999, -999999
JDAY, days
INDEX, none
FLIGHT, none
LOCAL_SUN_TIME, hour
LATITUDE, degs
LONGITUDE, degs
ALTP, km
PRESSURE, hPa
TEMPERATURE, K
THETA, K, calculated from ambient temperature and pressure
O3COLUMN, DU, OMI ozone column data extracted along flight track
SZA, deg
WNS, m/s
WND, Degs
GPS_ALT, km
GRD_SPD, m/s
TAS, m/s
IAS, m/s
MachNumber, mach
VerticalSpeed, ft min-1
HDG, degs
TRK, degs
DifferentialPressure, hPa
DriftAngle, degs
PITCH, degs
ROLL, degs
PotentialTemp_Nav, K
Dewpoint, K
TotalAirTemp, K
StaticPressure, hPa
CabinPressure, hPa
SolarZenithAngle, degs
AircraftSunElevation, degs
SunAzimuth, degs
AircraftSunAzimuth, degs
H2O_MixingRatio_Nav, g kg-1
H2O_VaporPressure_Nav, hPa
H2O_SatVaporPressureWater_Nav, hPa
H2O_SatVaporPressureIce_Nav, hPa
H2O_RelativeHumidity_Nav, %
ManeuverFlag, none
U_WINDS, m s-1
V_WINDS, m s-1
GroundElevation-AMSL_GoogleMaps, km
Altitude-AGL_GoogleMaps, km
O3_MixingRatio, ppbv
CO2_DryMoleFrac_PICARRO, ppm
CH4_DryMoleFrac_PICARRO, ppm
CO_DryMoleFrac_PICARRO, ppm
CO2_MoleFraction_PFP, ppm
CH4_MoleFraction_PFP, ppb
CO_MoleFraction_PFP, ppb
N2O_MoleFraction_PFP, ppb
SF6_CCGG_MoleFraction_PFP, ppt
H2_MoleFraction_PFP, ppb
CH4C13_MoleFraction_PFP, permil
CO2C14_MoleFraction_PFP, permil
F11B_MoleFraction_PFP, ppt
FC12_MoleFraction_PFP, ppt
F13_MoleFraction_PFP, ppt
F113_MoleFraction_PFP, ppt
F115_MoleFraction_PFP, ppt
HF133a_MoleFraction_PFP, ppt
F23_MoleFraction_PFP, ppt
F32_MoleFraction_PFP, ppt
F134A_MoleFraction_PFP, ppt
F152A_MoleFraction_PFP, ppt
F125_MoleFraction_PFP, ppt
F143a_MoleFraction_PFP, ppt
F227e_MoleFraction_PFP, ppt
F365m_MoleFraction_PFP, ppt
H1211_MoleFraction_PFP, ppt
H1301_MoleFraction_PFP, ppt
H2402_MoleFraction_PFP, ppt
MCFA_MoleFraction_PFP, ppt
CF4_MoleFraction_PFP, ppt
C2F6_MoleFraction_PFP, ppt
SO2F2_MoleFraction_PFP, ppt
MEBR_MoleFraction_PFP, ppt
[...]
[from data line 1668]
63807,   104,          301669.00,         3.0000000,  11.30757371,   34.173254,   263.740689,   0.7221626489,   929.418,   274.8979939,   280.7075668,   253.5559998,   26.62600755,   15.00356446,   301.8758054,   0.7114,   97.73331121,   90.25026697,    -999999,  0.27152,    -999999,  185.996,   178.058,   48.86,    -999999,  -3.6,   0.102,   280.7099939,   265.5179939,   278.9559939,   929.418,   979.064,    -999999,   -999999,   -999999,   -999999,  2.325572,   3.46212,   6.96046,   7.08036,   49.74,    -999999,   -999999,   -999999,  0.20556,   0.50584,   51.46,   415.85,   1.965236364,   0.1772210526,   415.86,   1965.45,   179.06,   330.47,   9.86,   520.6,    -999999,   -999999,  232.64,   511.61,   3.41,   70.3,   8.77,   0.56,   31.43,   17.96,   108.79,   12.14,   27.38,   23.5,   1.48,   1.23,   4.01,   3.34,   0.41,   2.16,   84.8,   5.07,   2.5,   7.1,   0.25,   1.18,   522.98,   575.63,   82.09,   17.9,   3.94,   494.2,   4020.51,   1652.33,   579.11,   233.56,   194.88,   164.42,   157.04,    -999999,  0.24,   0.17,   0.73,   0.69,   103.4,   255.74,          4.1958000  
63812,   104,          301670.00,         3.0000000,  11.3089746,   34.1688582,   263.740869,   0.7098487288,   930.798,   275.0279939,   280.7212873,   253.5559998,   26.61507627,   17.70412149,   297.5633809,   0.70308,   97.07482801,   89.70701833,    -999999,  0.26984,    -999999,  188.008,   178.106,   48.32,    -999999,  -3.51,   -0.198,   280.7199939,   265.1999939,   279.0359939,   930.798,   979.248,    -999999,   -999999,   -999999,   -999999,  2.265356,   3.37784,   7.02558,   7.15566,   48.082,    -999999,   -999999,   -999999,  0.20796,   0.49512,   52.78,   415.9371429,   1.96485,   0.177345,   415.86,   1965.45,   179.06,   330.47,   9.86,   520.6,    -999999,   -999999,  232.64,   511.61,   3.41,   70.3,   8.77,   0.56,   31.43,   17.96,   108.79,   12.14,   27.38,   23.5,   1.48,   1.23,   4.01,   3.34,   0.41,   2.16,   84.8,   5.07,   2.5,   7.1,   0.25,   1.18,   522.98,   575.63,   82.09,   17.9,   3.94,   494.2,   4020.51,   1652.33,   579.11,   233.56,   194.88,   164.42,   157.04,    -999999,  0.24,   0.17,   0.73,   0.69,   103.4,   255.74,          4.1482000  
63817,   104,          301671.00,         3.0000000,  11.31037457,   34.1645464,   263.7410352,   0.7149266968,   930.228,   275.2299939,   280.9766407,   253.5559998,   26.60423627,   18.65219184,   302.5461019,   0.71094,   94.75984801,   85.59972937,    -999999,  0.2574,    -999999,  188.434,   178.084,   43.86,    -999999,  -2.372,   -0.536,   280.9759939,   265.0439939,   278.8799939,   930.228,   979.37,    -999999,   -999999,   -999999,   -999999,  2.239306,   3.33706,   7.12772,   7.27384,   46.818,    -999999,   -999999,   -999999,  0.20624,   0.5047,   54.06,   415.9214286,   1.96545,   0.18847,   415.86,   1965.45,   179.06,   330.47,   9.86,   520.6,    -999999,   -999999,  232.64,   511.61,   3.41,   70.3,   8.77,   0.56,   31.43,   17.96,   108.79,   12.14,   27.38,   23.5,   1.48,   1.23,   4.01,   3.34,   0.41,   2.16,   84.8,   5.07,   2.5,   7.1,   0.25,   1.18,   522.98,   575.63,   82.09,   17.9,   3.94,   494.2,   4020.51,   1652.33,   579.11,   233.56,   194.88,   164.42,   157.04,    -999999,  0.24,   0.17,   0.73,   0.69,   103.4,   255.74,          4.2128000  
63822,   104,          301672.00,         3.0000000,  11.31177686,   34.1603478,   263.7412362,   0.7401702331,   927.402,   275.2459939,   281.2373513,   253.5559998,   26.59349855,   16.15207471,   296.5089494,   0.73636,   92.23909201,   85.56680521,    -999999,  0.2573,    -999999,  186.942,   177.44,   43.7,    -999999,  -2.554,   -0.078,   281.2379939,   265.1739939,   278.8939939,   927.402,   979.332,    -999999,   -999999,   -999999,   -999999,  2.26911,   3.371,   7.13576,   7.28314,   47.24,    -999999,   -999999,   -999999,  0.2033,   0.53306,   52.78,   415.93,   1.96605,   0.186635,    -999999,   -999999,   -999999,   -999999,   -999999,   -999999,   -999999,   -999999,   -999999,   -999999,   -999999,   -999999,   -999999,   -999999,   -999999,   -999999,   -999999,   -999999,   -999999,   -999999,   -999999,   -999999,   -999999,   -999999,   -999999,   -999999,   -999999,   -999999,   -999999,   -999999,   -999999,   -999999,   -999999,   -999999,   -999999,   -999999,   -999999,   -999999,   -999999,   -999999,   -999999,   -999999,   -999999,   -999999,   -999999,   -999999,   -999999,   -999999,   -999999,   -999999,   -999999,   -999999,         4.2514000  
63827,   104,          301673.00,         3.0000000,  11.31318067,   34.1562444,   263.74146,   0.7723571135,   923.806,   275.1899939,   281.4924184,   253.5559998,   26.58285064,   12.71367731,   293.2729145,   0.76586,   90.68548321,   85.88370025,    -999999,  0.25824,    -999999,  184.922,   177.272,   43.86,    -999999,  -2.846,   -0.506,   281.4959939,   265.7119939,   278.8659939,   923.806,   979.13,    -999999,   -999999,   -999999,   -999999,  2.375352,   3.51456,   7.1073,   7.2502,   49.456,    -999999,   -999999,   -999999,  0.20574,   0.56012,   54.44,   415.825,   1.96615,   0.1825,    -999999,   -999999,   -999999,   -999999,   -999999,   -999999,   -999999,   -999999,   -999999,   -999999,   -999999,   -999999,   -999999,   -999999,   -999999,   -999999,   -999999,   -999999,   -999999,   -999999,   -999999,   -999999,   -999999,   -999999,   -999999,   -999999,   -999999,   -999999,   -999999,   -999999,   -999999,   -999999,   -999999,   -999999,   -999999,   -999999,   -999999,   -999999,   -999999,   -999999,   -999999,   -999999,   -999999,   -999999,   -999999,   -999999,   -999999,   -999999,   -999999,   -999999,   -999999,   -999999,         4.2440000  
63832,   104,          301674.00,         3.0000000,  11.31458633,   34.1521366,   263.7417116,   0.7863901057,   922.242,   275.0019939,   281.4363297,   253.5559998,   26.57219949,   11.99879669,   302.6258656,   0.77564,   91.99216081,   85.59767161,    -999999,  0.25748,    -999999,  183.636,   177.076,   43.52,    -999999,  -3.092,   0.062,   281.4339939,   265.9819939,   278.6519939,   922.242,   978.582,    -999999,   -999999,   -999999,   -999999,  2.429506,   3.58832,   7.01226,   7.14028,   51.174,    -999999,   -999999,   -999999,  0.20212,   0.57352,   54.08,   415.7271429,   1.9655,   0.1795736842,    -999999,   -999999,   -999999,   -999999,   -999999,   -999999,   -999999,   -999999,   -999999,   -999999,   -999999,   -999999,   -999999,   -999999,   -999999,   -999999,   -999999,   -999999,   -999999,   -999999,   -999999,   -999999,   -999999,   -999999,   -999999,   -999999,   -999999,   -999999,   -999999,   -999999,   -999999,   -999999,   -999999,   -999999,   -999999,   -999999,   -999999,   -999999,   -999999,   -999999,   -999999,   -999999,   -999999,   -999999,   -999999,   -999999,   -999999,   -999999,   -999999,   -999999,   -999999,   -999999,     -999999  
63837,   104,          301675.00,         3.0000000,  11.31599263,   34.147919,   263.7419728,   0.7587020734,   925.33,   274.9319939,   281.0960953,   253.5559998,   26.56145416,   16.07458062,   299.2830034,   0.74518,   95.09937841,   87.57415009,    -999999,  0.26346,    -999999,  185.92,   176.992,   45.76,    -999999,  -3.034,   -0.242,   281.1019939,   265.5899939,   278.7559939,   925.33,   978.5,    -999999,   -999999,   -999999,   -999999,  2.349206,   3.48174,   6.9773,   7.09984,   49.904,    -999999,   -999999,   -999999,  0.20136,   0.54382,   53.74,   415.8,   1.9655,   0.1882,    -999999,   -999999,   -999999,   -999999,   -999999,   -999999,   -999999,   -999999,   -999999,   -999999,   -999999,   -999999,   -999999,   -999999,   -999999,   -999999,   -999999,   -999999,   -999999,   -999999,   -999999,   -999999,   -999999,   -999999,   -999999,   -999999,   -999999,   -999999,   -999999,   -999999,   -999999,   -999999,   -999999,   -999999,   -999999,   -999999,   -999999,   -999999,   -999999,   -999999,   -999999,   -999999,   -999999,   -999999,   -999999,   -999999,   -999999,   -999999,   -999999,   -999999,   -999999,   -999999,     -999999  
63842,   104,          301676.00,         3.0000000,  11.31739828,   34.1435654,   263.7422242,   0.731209113,   928.404,   275.0139939,   280.9136177,   253.5559998,   26.55059679,   16.06651328,   301.1130351,   0.72274,   97.28060401,   89.40555649,    -999999,  0.26894,    -999999,  186.146,   177.536,   47.86,    -999999,  -3.412,   0.102,   280.9159939,   264.9859939,   278.9979939,   928.404,   979.104,    -999999,   -999999,   -999999,   -999999,  2.233678,   3.32218,   7.01842,   7.1474,   47.336,    -999999,   -999999,   -999999,  0.20176,   0.52098,   53.62,   415.75,   1.9654,   0.1898526316,    -999999,   -999999,   -999999,   -999999,   -999999,   -999999,   -999999,   -999999,   -999999,   -999999,   -999999,   -999999,   -999999,   -999999,   -999999,   -999999,   -999999,   -999999,   -999999,   -999999,   -999999,   -999999,   -999999,   -999999,   -999999,   -999999,   -999999,   -999999,   -999999,   -999999,   -999999,   -999999,   -999999,   -999999,   -999999,   -999999,   -999999,   -999999,   -999999,   -999999,   -999999,   -999999,   -999999,   -999999,   -999999,   -999999,   -999999,   -999999,   -999999,   -999999,   -999999,   -999999,     -999999  
63847,   104,          301677.00,         3.0000000,  11.31880149,   34.1391968,   263.742439,   0.7236074009,   929.254,   275.1419939,   280.9708896,   253.5559998,   26.53974728,   16.20121116,   302.7041459,   0.71724,   96.65298721,   88.36947433,    -999999,  0.26574,    -999999,  186.358,   177.72,   46.76,    -999999,  -3.318,   -0.27,   280.9719939,   264.9859939,   279.0319939,   929.254,   979.108,    -999999,   -999999,   -999999,   -999999,  2.23159,   3.32214,   7.08306,   7.22214,   46.904,    -999999,   -999999,   -999999,  0.20552,   0.51172,   54.16,   415.79,   1.9654,   0.1792421053,    -999999,   -999999,   -999999,   -999999,   -999999,   -999999,   -999999,   -999999,   -999999,   -999999,   -999999,   -999999,   -999999,   -999999,   -999999,   -999999,   -999999,   -999999,   -999999,   -999999,   -999999,   -999999,   -999999,   -999999,   -999999,   -999999,   -999999,   -999999,   -999999,   -999999,   -999999,   -999999,   -999999,   -999999,   -999999,   -999999,   -999999,   -999999,   -999999,   -999999,   -999999,   -999999,   -999999,   -999999,   -999999,   -999999,   -999999,   -999999,   -999999,   -999999,   -999999,   -999999,     -999999  
63852,   104,          301678.00,         3.0000000,  11.32020444,   34.1348858,   263.74265,   0.728740233,   928.68,   275.0679939,   280.9449156,   253.5559998,   26.52896178,   14.3397717,   291.7892212,   0.72492,   94.95533521,   90.03831769,    -999999,  0.2708,    -999999,  185.922,   177.574,   48.56,    -999999,  -3.592,   -0.224,   280.9439939,   265.4919939,   279.1059939,   928.68,   979.242,    -999999,   -999999,   -999999,   -999999,  2.322794,   3.45526,   7.04586,   7.17914,   49.04,    -999999,   -999999,   -999999,  0.21476,   0.51016,   55.32,   415.8522222,   1.96735,   0.186,    -999999,   -999999,   -999999,   -999999,   -999999,   -999999,   -999999,   -999999,   -999999,   -999999,   -999999,   -999999,   -999999,   -999999,   -999999,   -999999,   -999999,   -999999,   -999999,   -999999,   -999999,   -999999,   -999999,   -999999,   -999999,   -999999,   -999999,   -999999,   -999999,   -999999,   -999999,   -999999,   -999999,   -999999,   -999999,   -999999,   -999999,   -999999,   -999999,   -999999,   -999999,   -999999,   -999999,   -999999,   -999999,   -999999,   -999999,   -999999,   -999999,   -999999,   -999999,   -999999,     -999999  
63857,   104,          301679.00,         3.0000000,  11.32160824,   34.1306582,   263.7428736,   0.7525755933,   926.014,   275.3279939,   281.4415494,   253.5559998,   26.51825878,   15.21538108,   295.3048931,   0.7483,   93.36057121,   87.28812145,    -999999,  0.26244,    -999999,  186.288,   177.422,   45.42,    -999999,  -3.216,   0.29,   281.4439939,   265.9319939,   279.1239939,   926.014,   979.324,    -999999,   -999999,   -999999,   -999999,  2.410376,   3.57472,   7.17766,   7.3317,   49.8,    -999999,   -999999,   -999999,  0.21508,   0.53322,   52.54,   415.685,   1.9673,   0.1806157895,    -999999,   -999999,   -999999,   -999999,   -999999,   -999999,   -999999,   -999999,   -999999,   -999999,   -999999,   -999999,   -999999,   -999999,   -999999,   -999999,   -999999,   -999999,   -999999,   -999999,   -999999,   -999999,   -999999,   -999999,   -999999,   -999999,   -999999,   -999999,   -999999,   -999999,   -999999,   -999999,   -999999,   -999999,   -999999,   -999999,   -999999,   -999999,   -999999,   -999999,   -999999,   -999999,   -999999,   -999999,   -999999,   -999999,   -999999,   -999999,   -999999,   -999999,   -999999,   -999999,     -999999  
63862,   104,          301680.00,         3.0000000,  11.32301138,   34.1264562,   263.7430874,   0.7598481214,   925.202,   274.9439939,   281.1194754,   253.5559998,   26.5075924,   14.66573646,   297.2979778,   0.74858,   93.55605841,   87.28709257,    -999999,  0.2626,    -999999,  186.26,   177.84,   45.44,    -999999,  -3.522,   -0.606,   281.1219939,   266.2359939,   278.7419939,   925.202,   978.344,    -999999,   -999999,   -999999,   -999999,  2.469762,   3.65924,   6.98352,   7.10708,   52.404,    -999999,   -999999,   -999999,  0.2161,   0.53248,   53.02,   415.8071429,   1.967072727,   0.17745,    -999999,   -999999,   -999999,   -999999,   -999999,   -999999,   -999999,   -999999,   -999999,   -999999,   -999999,   -999999,   -999999,   -999999,   -999999,   -999999,   -999999,   -999999,   -999999,   -999999,   -999999,   -999999,   -999999,   -999999,   -999999,   -999999,   -999999,   -999999,   -999999,   -999999,   -999999,   -999999,   -999999,   -999999,   -999999,   -999999,   -999999,   -999999,   -999999,   -999999,   -999999,   -999999,   -999999,   -999999,   -999999,   -999999,   -999999,   -999999,   -999999,   -999999,   -999999,   -999999,     -999999  
63867,   104,          301681.00,         3.0000000,  11.32441271,   34.1221986,   263.743274,   0.729331545,   928.614,   275.0279939,   280.9097651,   253.5559998,   26.49689346,   12.8575499,   302.6503019,   0.72038,   95.19197761,   88.51145977,    -999999,  0.26624,    -999999,  184.812,   177.954,   46.9,    -999999,  -3.25,   0.478,   280.9099939,   265.7039939,   278.9299939,   928.614,   979.042,    -999999,   -999999,   -999999,   -999999,  2.361926,   3.51294,   7.02556,   7.1556,   50.01,    -999999,   -999999,   -999999,  0.2167,   0.50368,   53.22,   415.8628571,   1.966972727,   0.1775894737,    -999999,   -999999,   -999999,   -999999,   -999999,   -999999,   -999999,   -999999,   -999999,   -999999,   -999999,   -999999,   -999999,   -999999,   -999999,   -999999,   -999999,   -999999,   -999999,   -999999,   -999999,   -999999,   -999999,   -999999,   -999999,   -999999,   -999999,   -999999,   -999999,   -999999,   -999999,   -999999,   -999999,   -999999,   -999999,   -999999,   -999999,   -999999,   -999999,   -999999,   -999999,   -999999,   -999999,   -999999,   -999999,   -999999,   -999999,   -999999,   -999999,   -999999,   -999999,   -999999,     -999999  
