inputs/ACTAMERICA_Merge/B200/ACTAMERICA-mrg05-b200_merge_20171008_R0.ict
138, 1001
Shook, Michael
NASA Atmospheric Composition Branch, NASA Langley Research Center (SSAI)
Merged data file for ACT-AMERICA Fall 2017, Flight 04 (20171008), on the b200 platform. Data is merged to 05 seconds.
NASA ACT-AMERICA Fall 2017
1, 1
2017, 10, 08, 2018, 07, 11
05
UTC,s
99
1, 1, 1, 1, 1, 1, 1, 1, 1, 1, 1, 1, 1, 1, 1, 1, 1, 1, 1, 1, 1, 1, 1, 1, 1, 1, 1, 1, 1, 1, 1, 1, 1, 1, 1, 1, 1, 1, 1, 1, 1, 1, 1, 1, 1, 1, 1, 1, 1, 1, 1, 1, 1, 1, 1, 1, 1, 1, 1, 1, 1, 1, 1, 1, 1, 1, 1, 1, 1, 1, 1, 1, 1, 1, 1, 1, 1, 1, 1, 1, 1, 1, 1, 1, 1, 1, 1, 1, 1, 1, 1, 1, 1, 1, 1, 1, 1, 1, 1
-999999, -999999, -999999, -999999, -999999, -999999, -999999, -999999, -999999, -999999, -999999, -999999, -999999, -999999, -999999, -999999, -999999, -999999, -999999, -999999, -999999, -999999, -999999, -999999, -999999, -999999, -999999, -999999, -999999, -999999, -999999, -999999, -999999, -999999, -999999, -999999, -999999, -999999, -999999, -999999, -999999, -999999, -999999, -999999, -999999, -999999, -999999, -999999, -999999, -999999, -999999, -999999, -999999, -999999, -999999, -999999, -999999, -999999, -999999, -999999, -999999, -999999, -999999, -999999, -999999, -999999, -999999, -999999, -999999, -999999, -999999, -999999, -999999, -999999, -999999, -999999, -999999, -999999, -999999, -999999, -999999, -999999, -999999, -999999, -999999, -999999, -999999, -999999, -999999, -999999, -999999, -999999, -999999, -999999, -999999, -999999, -999999, -999999, -999999
JDAY, days
INDEX, none
FLIGHT, none
LOCAL_SUN_TIME, hour
LATITUDE, degs
LONGITUDE, degs
ALTP, km
PRESSURE, hPa
TEMPERATURE, K
THETA, K, calculated from ambient temperature and pressure
O3COLUMN, DU, OMI ozone column data extracted along flight track
SZA, deg
WNS, m/s
WND, Degs
GPS_ALT, km
GRD_SPD, m/s
TAS, m/s
IAS, m/s
MachNumber, mach
VerticalSpeed, ft min-1
HDG, degs
TRK, degs
DifferentialPressure, hPa
PITCH, degs
ROLL, degs
PotentialTemp_Nav, K
Dewpoint, K
TotalAirTemp, K
CabinPressure, hPa
SolarZenithAngle, degs
AircraftSunElevation, degs
SunAzimuth, degs
AircraftSunAzimuth, degs
H2O_MixingRatio_Nav, g kg-1
H2O_VaporPressure_Nav, hPa
H2O_SatVaporPressureWater_Nav, hPa
H2O_SatVaporPressureIce_Nav, hPa
H2O_RelativeHumidity_Nav, %
U_WINDS, m s-1
V_WINDS, m s-1
GroundElevation-AMSL_GoogleMaps, km
Altitude-AGL_GoogleMaps, km
O3_MixingRatio, ppbv
CO2_DryMoleFrac_PICARRO, ppm
CH4_DryMoleFrac_PICARRO, ppm
CO_DryMoleFrac_PICARRO, ppm
CO2_MoleFraction_PFP, ppm
CH4_MoleFraction_PFP, ppb
CO_MoleFraction_PFP, ppb
N2O_MoleFraction_PFP, ppb
SF6_CCGG_MoleFraction_PFP, ppt
H2_MoleFraction_PFP, ppb
CH4C13_MoleFraction_PFP, permil
CO2C14_MoleFraction_PFP, permil
F11B_MoleFraction_PFP, ppt
FC12_MoleFraction_PFP, ppt
F13_MoleFraction_PFP, ppt
F113_MoleFraction_PFP, ppt
F115_MoleFraction_PFP, ppt
HF133a_MoleFraction_PFP, ppt
F23_MoleFraction_PFP, ppt
F32_MoleFraction_PFP, ppt
F134A_MoleFraction_PFP, ppt
F152A_MoleFraction_PFP, ppt
F125_MoleFraction_PFP, ppt
F143a_MoleFraction_PFP, ppt
F227e_MoleFraction_PFP, ppt
F365m_MoleFraction_PFP, ppt
H1211_MoleFraction_PFP, ppt
H1301_MoleFraction_PFP, ppt
H2402_MoleFraction_PFP, ppt
MCFA_MoleFraction_PFP, ppt
CF4_MoleFraction_PFP, ppt
C2F6_MoleFraction_PFP, ppt
SO2F2_MoleFraction_PFP, ppt
MEBR_MoleFraction_PFP, ppt
CH3I_MoleFraction_PFP, ppt
DIBR_MoleFraction_PFP, ppt
OCS_MoleFraction_PFP, ppt
[...]
[from data line 1157]
59257,   281,          401158.00,         4.0000000,  11.09098344,   40.8031988,   279.4501682,   4.256958773,   595.9,   274.2499939,   317.9675533,   245,   48.32425015,   15.91213624,   263.3995177,   4.44932,   101.3035248,   117.2100096,    -999999,  0.353,    -999999,  264.852,   265.1,   53.62,   1.02,   -1.08,   319.2099939,   245.7899939,   281.1099939,   978.78,    -999999,   -999999,   -999999,   -999999,  0.683232,   0.6539,   6.63646,   6.70708,   9.856,   15.798,   1.822,   0.28984,   4.15948,   71.72,   407.235,   1.89345,   0.08966315789,    -999999,   -999999,   -999999,   -999999,   -999999,   -999999,   -999999,   -999999,   -999999,   -999999,   -999999,   -999999,   -999999,   -999999,   -999999,   -999999,   -999999,   -999999,   -999999,   -999999,   -999999,   -999999,   -999999,   -999999,   -999999,   -999999,   -999999,   -999999,   -999999,   -999999,   -999999,   -999999,   -999999,   -999999,   -999999,   -999999,   -999999,   -999999,   -999999,   -999999,   -999999,   -999999,   -999999,   -999999,   -999999,   -999999,   -999999,   -999999,   -999999,   -999999,   -999999,   -999999,        0.99100000  
59262,   281,          401159.00,         4.0000000,  11.09197388,   40.802808,   279.4441916,   4.257629333,   595.84,   274.2699939,   317.99989,   245,   48.32035009,   15.96885656,   262.7993736,   4.44918,   101.3241024,   117.2820312,    -999999,  0.353,    -999999,  264.792,   265.1,   53.7,   0.88,   -1.1,   319.2499939,   245.6099939,   281.1299939,   978.9,    -999999,   -999999,   -999999,   -999999,  0.672054,   0.64314,   6.64598,   6.71798,   9.68,   15.844,   1.958,   0.30262,   4.14656,   72.56,   407.24,   1.8938,   0.08954210526,    -999999,   -999999,   -999999,   -999999,   -999999,   -999999,   -999999,   -999999,   -999999,   -999999,   -999999,   -999999,   -999999,   -999999,   -999999,   -999999,   -999999,   -999999,   -999999,   -999999,   -999999,   -999999,   -999999,   -999999,   -999999,   -999999,   -999999,   -999999,   -999999,   -999999,   -999999,   -999999,   -999999,   -999999,   -999999,   -999999,   -999999,   -999999,   -999999,   -999999,   -999999,   -999999,   -999999,   -999999,   -999999,   -999999,   -999999,   -999999,   -999999,   -999999,   -999999,   -999999,         1.0800000  
59267,   281,          401160.00,         4.0000000,  11.09296405,   40.8024142,   279.4382108,   4.256471093,   595.94,   274.2899939,   318.0078308,   245,   48.31645167,   15.94711342,   262.5988425,   4.44828,   101.4269904,   117.3643416,    -999999,  0.3536,    -999999,  264.662,   264.96,   53.8,   0.8,   -1.24,   319.2699939,   245.4899939,   281.1299939,   978.9,    -999999,   -999999,   -999999,   -999999,  0.664536,   0.63606,   6.65556,   6.72896,   9.558,   15.816,   2.064,   0.33268,   4.1156,   74.84,   407.24,   1.8936,   0.08777,    -999999,   -999999,   -999999,   -999999,   -999999,   -999999,   -999999,   -999999,   -999999,   -999999,   -999999,   -999999,   -999999,   -999999,   -999999,   -999999,   -999999,   -999999,   -999999,   -999999,   -999999,   -999999,   -999999,   -999999,   -999999,   -999999,   -999999,   -999999,   -999999,   -999999,   -999999,   -999999,   -999999,   -999999,   -999999,   -999999,   -999999,   -999999,   -999999,   -999999,   -999999,   -999999,   -999999,   -999999,   -999999,   -999999,   -999999,   -999999,   -999999,   -999999,   -999999,   -999999,         1.0384000  
59272,   281,          401161.00,         4.0000000,  11.09395386,   40.8020136,   279.4322246,   4.254825173,   596.06,   274.2499939,   317.9431647,   245,   48.31255156,   16.01927123,   261.7998765,   4.4471,   101.5401672,   117.5392512,    -999999,  0.354,    -999999,  264.562,   264.98,   53.96,   0.8,   -0.92,   319.2499939,   245.3699939,   281.1499939,   978.94,    -999999,   -999999,   -999999,   -999999,  0.657072,   0.62906,   6.6364,   6.707,   9.478,   15.868,   2.256,   0.35136,   4.09574,   73.92,   407.23,   1.89355,   0.087555,    -999999,   -999999,   -999999,   -999999,   -999999,   -999999,   -999999,   -999999,   -999999,   -999999,   -999999,   -999999,   -999999,   -999999,   -999999,   -999999,   -999999,   -999999,   -999999,   -999999,   -999999,   -999999,   -999999,   -999999,   -999999,   -999999,   -999999,   -999999,   -999999,   -999999,   -999999,   -999999,   -999999,   -999999,   -999999,   -999999,   -999999,   -999999,   -999999,   -999999,   -999999,   -999999,   -999999,   -999999,   -999999,   -999999,   -999999,   -999999,   -999999,   -999999,   -999999,   -999999,        0.92160000  
59277,   281,          401162.00,         4.0000000,  11.09494324,   40.8016152,   279.426232,   4.252752533,   596.22,   274.3499939,   318.0347075,   245,   48.30865856,   15.98879524,   262,   4.44644,   101.6224776,   117.5906952,    -999999,  0.354,    -999999,  264.58,   265,   54.02,   0.8,   -1.14,   319.2699939,   245.3299939,   281.2299939,   978.82,    -999999,   -999999,   -999999,   -999999,  0.65447,   0.62674,   6.6843,   6.762,   9.374,   15.83,   2.232,   0.31054,   4.1359,   75.52,   407.2,   1.893288889,   0.089645,    -999999,   -999999,   -999999,   -999999,   -999999,   -999999,   -999999,   -999999,   -999999,   -999999,   -999999,   -999999,   -999999,   -999999,   -999999,   -999999,   -999999,   -999999,   -999999,   -999999,   -999999,   -999999,   -999999,   -999999,   -999999,   -999999,   -999999,   -999999,   -999999,   -999999,   -999999,   -999999,   -999999,   -999999,   -999999,   -999999,   -999999,   -999999,   -999999,   -999999,   -999999,   -999999,   -999999,   -999999,   -999999,   -999999,   -999999,   -999999,   -999999,   -999999,   -999999,   -999999,         1.1116000  
59282,   281,          401163.00,         4.0000000,  11.09593236,   40.8012144,   279.4202354,   4.254398453,   596.14,   274.3299939,   318.0237155,   245,   48.30476772,   16.02274841,   261.0000001,   4.446,   101.6944992,   117.6832944,    -999999,  0.3544,    -999999,  264.438,   264.98,   54.1,   0.84,   -1.1,   319.2499939,   245.2699939,   281.1899939,   978.8,    -999999,   -999999,   -999999,   -999999,  0.650934,   0.62326,   6.67472,   6.751,   9.338,   15.838,   2.468,   0.29368,   4.15232,   71.88,   407.215,   1.893258333,   0.08874705882,    -999999,   -999999,   -999999,   -999999,   -999999,   -999999,   -999999,   -999999,   -999999,   -999999,   -999999,   -999999,   -999999,   -999999,   -999999,   -999999,   -999999,   -999999,   -999999,   -999999,   -999999,   -999999,   -999999,   -999999,   -999999,   -999999,   -999999,   -999999,   -999999,   -999999,   -999999,   -999999,   -999999,   -999999,   -999999,   -999999,   -999999,   -999999,   -999999,   -999999,   -999999,   -999999,   -999999,   -999999,   -999999,   -999999,   -999999,   -999999,   -999999,   -999999,   -999999,   -999999,         1.0388000  
59287,   281,          401164.00,         4.0000000,  11.09692133,   40.8008088,   279.4142366,   4.253971733,   596.14,   274.3099939,   318.00053,   245,   48.30087633,   16.09584608,   260.9989774,   4.44566,   101.7253656,   117.7861824,    -999999,  0.355,    -999999,  264.312,   264.86,   54.2,   0.8,   -1.18,   319.2299939,   245.2499939,   281.2099939,   978.82,    -999999,   -999999,   -999999,   -999999,  0.649726,   0.6221,   6.66514,   6.74,   9.334,   15.894,   2.564,   0.29096,   4.1547,   69.84,   407.205,   1.893244444,   0.08842105263,    -999999,   -999999,   -999999,   -999999,   -999999,   -999999,   -999999,   -999999,   -999999,   -999999,   -999999,   -999999,   -999999,   -999999,   -999999,   -999999,   -999999,   -999999,   -999999,   -999999,   -999999,   -999999,   -999999,   -999999,   -999999,   -999999,   -999999,   -999999,   -999999,   -999999,   -999999,   -999999,   -999999,   -999999,   -999999,   -999999,   -999999,   -999999,   -999999,   -999999,   -999999,   -999999,   -999999,   -999999,   -999999,   -999999,   -999999,   -999999,   -999999,   -999999,   -999999,   -999999,         1.0440000  
59292,   281,          401165.00,         4.0000000,  11.09791018,   40.8003984,   279.408236,   4.253362133,   596.18,   274.2899939,   317.9712489,   245,   48.29698429,   15.94667304,   260.9997419,   4.44496,   101.7768096,   117.6935832,    -999999,  0.3544,    -999999,  264.346,   264.86,   54.1,   0.8,   -0.86,   319.2099939,   245.2299939,   281.1899939,   978.86,    -999999,   -999999,   -999999,   -999999,  0.648484,   0.62096,   6.65556,   6.729,   9.328,   15.756,   2.494,   0.29418,   4.15078,   71.96,   407.22,   1.893055556,   0.08728421053,    -999999,   -999999,   -999999,   -999999,   -999999,   -999999,   -999999,   -999999,   -999999,   -999999,   -999999,   -999999,   -999999,   -999999,   -999999,   -999999,   -999999,   -999999,   -999999,   -999999,   -999999,   -999999,   -999999,   -999999,   -999999,   -999999,   -999999,   -999999,   -999999,   -999999,   -999999,   -999999,   -999999,   -999999,   -999999,   -999999,   -999999,   -999999,   -999999,   -999999,   -999999,   -999999,   -999999,   -999999,   -999999,   -999999,   -999999,   -999999,   -999999,   -999999,   -999999,   -999999,         1.0080000  
59297,   281,          401166.00,         4.0000000,  11.0988988,   40.7999928,   279.402232,   4.252813493,   596.22,   274.2699939,   317.9419691,   245,   48.2931011,   15.96660517,   261.4000877,   4.44444,   101.807676,   117.7450272,    -999999,  0.3548,    -999999,  264.436,   264.94,   54.18,   0.9,   -0.98,   319.2099939,   245.1699939,   281.1699939,   978.88,    -999999,   -999999,   -999999,   -999999,  0.644846,   0.61754,   6.64598,   6.718,   9.292,   15.782,   2.446,   0.28696,   4.15748,   74.7,   407.214,   1.8929,   0.08776842105,    -999999,   -999999,   -999999,   -999999,   -999999,   -999999,   -999999,   -999999,   -999999,   -999999,   -999999,   -999999,   -999999,   -999999,   -999999,   -999999,   -999999,   -999999,   -999999,   -999999,   -999999,   -999999,   -999999,   -999999,   -999999,   -999999,   -999999,   -999999,   -999999,   -999999,   -999999,   -999999,   -999999,   -999999,   -999999,   -999999,   -999999,   -999999,   -999999,   -999999,   -999999,   -999999,   -999999,   -999999,   -999999,   -999999,   -999999,   -999999,   -999999,   -999999,   -999999,   -999999,         1.0200000  
59302,   281,          401167.00,         4.0000000,  11.09988736,   40.7995916,   279.396227,   4.252081973,   596.26,   274.2699939,   317.935875,   245,   48.28922582,   15.95323024,   261.6000282,   4.4443,   101.7973872,   117.7244496,    -999999,  0.3546,    -999999,  264.544,   265.02,   54.16,   0.94,   -0.76,   319.1899939,   245.0899939,   281.1699939,   978.84,    -999999,   -999999,   -999999,   -999999,  0.64004,   0.61298,   6.64598,   6.718,   9.224,   15.774,   2.35,   0.3081,   4.1362,   74.74,   407.215,   1.89305,   0.0836,    -999999,   -999999,   -999999,   -999999,   -999999,   -999999,   -999999,   -999999,   -999999,   -999999,   -999999,   -999999,   -999999,   -999999,   -999999,   -999999,   -999999,   -999999,   -999999,   -999999,   -999999,   -999999,   -999999,   -999999,   -999999,   -999999,   -999999,   -999999,   -999999,   -999999,   -999999,   -999999,   -999999,   -999999,   -999999,   -999999,   -999999,   -999999,   -999999,   -999999,   -999999,   -999999,   -999999,   -999999,   -999999,   -999999,   -999999,   -999999,   -999999,   -999999,   -999999,   -999999,         1.0436000  
59307,   281,          401168.00,         4.0000000,  11.10087598,   40.7991962,   279.390223,   4.251960053,   596.3,   274.2899939,   317.952965,   245,   48.28535931,   15.7248266,   261.5994527,   4.44452,   101.756232,   117.4569408,    -999999,  0.354,    -999999,  264.608,   265.06,   53.9,   1.02,   -1.04,   319.1899939,   244.9899939,   281.1699939,   978.78,    -999999,   -999999,   -999999,   -999999,  0.634086,   0.60728,   6.65556,   6.729,   9.126,   15.554,   2.262,   0.3155,   4.12902,   75.22,   407.225,   1.89275,   0.0867,    -999999,   -999999,   -999999,   -999999,   -999999,   -999999,   -999999,   -999999,   -999999,   -999999,   -999999,   -999999,   -999999,   -999999,   -999999,   -999999,   -999999,   -999999,   -999999,   -999999,   -999999,   -999999,   -999999,   -999999,   -999999,   -999999,   -999999,   -999999,   -999999,   -999999,   -999999,   -999999,   -999999,   -999999,   -999999,   -999999,   -999999,   -999999,   -999999,   -999999,   -999999,   -999999,   -999999,   -999999,   -999999,   -999999,   -999999,   -999999,   -999999,   -999999,   -999999,   -999999,        0.95560000  
59312,   281,          401169.00,         4.0000000,  11.10186481,   40.7988018,   279.3842222,   4.252325813,   596.28,   274.3099939,   317.9791959,   245,   48.28149649,   15.72482627,   261.5981443,   4.44498,   101.6842104,   117.3849192,    -999999,  0.3536,    -999999,  264.638,   265.1,   53.84,   1.02,   -0.92,   319.2299939,   244.9099939,   281.1699939,   978.72,    -999999,   -999999,   -999999,   -999999,  0.629414,   0.60276,   6.66514,   6.74,   9.044,   15.542,   2.244,   0.313,   4.13198,   76.14,   407.22,   1.8925,   0.0884,   406.77,   1894.13,   86.01,   329.45,   9.51,   514.73,   -47.56,   12.7,   231.73,   511.78,   3.24,   69.94,   8.57,   0.49,   31.15,   16.42,   103.59,   8.82,   25.38,   21.77,   1.37,   1.23,    -999999,  3.3,   0.41,   2.07,   83.87,   5.56,   2.12,   8.15,   0.28,   0.79,   508.86,   545.39,   65.9,   13.05,   11.27,   85.77,   957.9,   315.69,   74.84,   37.37,   18.59,   17.87,   17.12,    -999999,  0.13,   0.17,   0.32,   0.74,   6.16,   251.9,         0.99940000  
59317,   281,          401170.00,         4.0000000,  11.10285384,   40.7984092,   279.3782242,   4.252874453,   596.24,   274.3499939,   318.0316595,   245,   48.27763822,   15.63139314,   261.800176,   4.44532,   101.653344,   117.2614536,    -999999,  0.353,    -999999,  264.602,   265.06,   53.7,   1.04,   -1.16,   319.2499939,   244.8499939,   281.1499939,   978.76,    -999999,   -999999,   -999999,   -999999,  0.62595,   0.5994,   6.6843,   6.762,   8.97,   15.454,   2.274,   0.33776,   4.10756,   73.4,   407.22,   1.8926,   0.08625,   406.77,   1894.13,   86.01,   329.45,   9.51,   514.73,   -47.56,   12.7,   231.73,   511.78,   3.24,   69.94,   8.57,   0.49,   31.15,   16.42,   103.59,   8.82,   25.38,   21.77,   1.37,   1.23,    -999999,  3.3,   0.41,   2.07,   83.87,   5.56,   2.12,   8.15,   0.28,   0.79,   508.86,   545.39,   65.9,   13.05,   11.27,   85.77,   957.9,   315.69,   74.84,   37.37,   18.59,   17.87,   17.12,    -999999,  0.13,   0.17,   0.32,   0.74,   6.16,   251.9,          1.0057500  
59322,   281,          401171.00,         4.0000000,  11.10384304,   40.79801,   279.372229,   4.253849813,   596.14,   274.3499939,   318.046901,   245,   48.27377652,   15.60472092,   261.2010225,   4.4458,   101.6019,   117.1791432,    -999999,  0.353,    -999999,  264.408,   264.9,   53.64,   1,   -1.44,   319.2699939,   244.7899939,   281.1499939,   978.9,    -999999,   -999999,   -999999,   -999999,  0.622582,   0.5961,   6.6843,   6.762,   8.922,   15.39,   2.366,   0.34242,   4.10338,   75.4,   407.1871429,   1.89255,   0.08972105263,   406.77,   1894.13,   86.01,   329.45,   9.51,   514.73,   -47.56,   12.7,   231.73,   511.78,   3.24,   69.94,   8.57,   0.49,   31.15,   16.42,   103.59,   8.82,   25.38,   21.77,   1.37,   1.23,    -999999,  3.3,   0.41,   2.07,   83.87,   5.56,   2.12,   8.15,   0.28,   0.79,   508.86,   545.39,   65.9,   13.05,   11.27,   85.77,   957.9,   315.69,   74.84,   37.37,   18.59,   17.87,   17.12,    -999999,  0.13,   0.17,   0.32,   0.74,   6.16,   251.9,      -999999  
