inputs/ACTAMERICA_Merge/B200/ACTAMERICA-mrg05-b200_merge_20171105_R0.ict
138, 1001
Shook, Michael
NASA Atmospheric Composition Branch, NASA Langley Research Center (SSAI)
Merged data file for ACT-AMERICA Fall 2017, Flight 19 (20171105), on the b200 platform. Data is merged to 05 seconds.
NASA ACT-AMERICA Fall 2017
1, 1
2017, 11, 05, 2018, 07, 11
05
UTC,s
99
1, 1, 1, 1, 1, 1, 1, 1, 1, 1, 1, 1, 1, 1, 1, 1, 1, 1, 1, 1, 1, 1, 1, 1, 1, 1, 1, 1, 1, 1, 1, 1, 1, 1, 1, 1, 1, 1, 1, 1, 1, 1, 1, 1, 1, 1, 1, 1, 1, 1, 1, 1, 1, 1, 1, 1, 1, 1, 1, 1, 1, 1, 1, 1, 1, 1, 1, 1, 1, 1, 1, 1, 1, 1, 1, 1, 1, 1, 1, 1, 1, 1, 1, 1, 1, 1, 1, 1, 1, 1, 1, 1, 1, 1, 1, 1, 1, 1, 1
-999999, -999999, -999999, -999999, -999999, -999999, -999999, -999999, -999999, -999999, -999999, -999999, -999999, -999999, -999999, -999999, -999999, -999999, -999999, -999999, -999999, -999999, -999999, -999999, -999999, -999999, -999999, -999999, -999999, -999999, -999999, -999999, -999999, -999999, -999999, -999999, -999999, -999999, -999999, -999999, -999999, -999999, -999999, -999999, -999999, -999999, -999999, -999999, -999999, -999999, -999999, -999999, -999999, -999999, -999999, -999999, -999999, -999999, -999999, -999999, -999999, -999999, -999999, -999999, -999999, -999999, -999999, -999999, -999999, -999999, -999999, -999999, -999999, -999999, -999999, -999999, -999999, -999999, -999999, -999999, -999999, -999999, -999999, -999999, -999999, -999999, -999999, -999999, -999999, -999999, -999999, -999999, -999999, -999999, -999999, -999999, -999999, -999999, -999999
JDAY, days
INDEX, none
FLIGHT, none
LOCAL_SUN_TIME, hour
LATITUDE, degs
LONGITUDE, degs
ALTP, km
PRESSURE, hPa
TEMPERATURE, K
THETA, K, calculated from ambient temperature and pressure
O3COLUMN, DU, OMI ozone column data extracted along flight track
SZA, deg
WNS, m/s
WND, Degs
GPS_ALT, km
GRD_SPD, m/s
TAS, m/s
IAS, m/s
MachNumber, mach
VerticalSpeed, ft min-1
HDG, degs
TRK, degs
DifferentialPressure, hPa
PITCH, degs
ROLL, degs
PotentialTemp_Nav, K
Dewpoint, K
TotalAirTemp, K
CabinPressure, hPa
SolarZenithAngle, degs
AircraftSunElevation, degs
SunAzimuth, degs
AircraftSunAzimuth, degs
H2O_MixingRatio_Nav, g kg-1
H2O_VaporPressure_Nav, hPa
H2O_SatVaporPressureWater_Nav, hPa
H2O_SatVaporPressureIce_Nav, hPa
H2O_RelativeHumidity_Nav, %
U_WINDS, m s-1
V_WINDS, m s-1
GroundElevation-AMSL_GoogleMaps, km
Altitude-AGL_GoogleMaps, km
O3_MixingRatio, ppbv
CO2_DryMoleFrac_PICARRO, ppm
CH4_DryMoleFrac_PICARRO, ppm
CO_DryMoleFrac_PICARRO, ppm
CO2_MoleFraction_PFP, ppm
CH4_MoleFraction_PFP, ppb
CO_MoleFraction_PFP, ppb
N2O_MoleFraction_PFP, ppb
SF6_CCGG_MoleFraction_PFP, ppt
H2_MoleFraction_PFP, ppb
CH4C13_MoleFraction_PFP, permil
CO2C14_MoleFraction_PFP, permil
F11B_MoleFraction_PFP, ppt
FC12_MoleFraction_PFP, ppt
F13_MoleFraction_PFP, ppt
F113_MoleFraction_PFP, ppt
F115_MoleFraction_PFP, ppt
HF133a_MoleFraction_PFP, ppt
F23_MoleFraction_PFP, ppt
F32_MoleFraction_PFP, ppt
F134A_MoleFraction_PFP, ppt
F152A_MoleFraction_PFP, ppt
F125_MoleFraction_PFP, ppt
F143a_MoleFraction_PFP, ppt
F227e_MoleFraction_PFP, ppt
F365m_MoleFraction_PFP, ppt
H1211_MoleFraction_PFP, ppt
H1301_MoleFraction_PFP, ppt
H2402_MoleFraction_PFP, ppt
MCFA_MoleFraction_PFP, ppt
CF4_MoleFraction_PFP, ppt
C2F6_MoleFraction_PFP, ppt
SO2F2_MoleFraction_PFP, ppt
MEBR_MoleFraction_PFP, ppt
CH3I_MoleFraction_PFP, ppt
DIBR_MoleFraction_PFP, ppt
OCS_MoleFraction_PFP, ppt
[...]
[from data line 648]
67862,   309,          1900649.0,         19.000000,  12.64201509,   29.5074858,   266.8614764,   0.2770022434,   980.406,   294.7899939,   296.4614156,   225.6000061,   46.12000005,   8.321554592,   212.4881946,   0.31328,   93.57663601,   90.66490561,    -999999,  0.263,    -999999,  104.45,   99.6,   48.46,   1.52,   -0.758,   297.5839939,   292.8299939,   298.8839939,   983.806,    -999999,   -999999,   -999999,   -999999,  14.95381,   23.0178,   25.97282,   31.9292,   88.62,   4.474,   7.006,   0,   0.31328,   32.9,   405.12,   1.91012,   0.0983,    -999999,   -999999,   -999999,   -999999,   -999999,   -999999,   -999999,   -999999,   -999999,   -999999,   -999999,   -999999,   -999999,   -999999,   -999999,   -999999,   -999999,   -999999,   -999999,   -999999,   -999999,   -999999,   -999999,   -999999,   -999999,   -999999,   -999999,   -999999,   -999999,   -999999,   -999999,   -999999,   -999999,   -999999,   -999999,   -999999,   -999999,   -999999,   -999999,   -999999,   -999999,   -999999,   -999999,   -999999,   -999999,   -999999,   -999999,   -999999,   -999999,   -999999,   -999999,   -999999,        0.74580000  
67867,   309,          1900650.0,         19.000000,  12.64372116,   29.5067774,   266.866234,   0.2762097634,   980.498,   294.7979939,   296.4615128,   225.6000061,   46.12429298,   8.140467333,   213.1950473,   0.31294,   93.57663601,   90.64432801,    -999999,  0.263,    -999999,  104.466,   99.74,   48.4,   1.53,   -0.638,   297.5779939,   292.8059939,   298.8859939,   983.726,    -999999,   -999999,   -999999,   -999999,  14.929572,   22.9835,   25.98556,   31.94724,   88.448,   4.478,   6.844,   0,   0.31294,   33.8,   405.12,   1.910046154,   0.09276190476,    -999999,   -999999,   -999999,   -999999,   -999999,   -999999,   -999999,   -999999,   -999999,   -999999,   -999999,   -999999,   -999999,   -999999,   -999999,   -999999,   -999999,   -999999,   -999999,   -999999,   -999999,   -999999,   -999999,   -999999,   -999999,   -999999,   -999999,   -999999,   -999999,   -999999,   -999999,   -999999,   -999999,   -999999,   -999999,   -999999,   -999999,   -999999,   -999999,   -999999,   -999999,   -999999,   -999999,   -999999,   -999999,   -999999,   -999999,   -999999,   -999999,   -999999,   -999999,   -999999,        0.71320000  
67872,   309,          1900651.0,         19.000000,  12.6454271,   29.506061,   266.8709898,   0.2764536034,   980.472,   294.7939939,   296.4597364,   225.6000061,   46.12859064,   8.072444823,   212.728922,   0.31278,   93.57663601,   90.73692721,    -999999,  0.264,    -999999,  104.5,   99.8,   48.56,   1.546,   -0.77,   297.5819939,   292.8299939,   298.8919939,   983.846,    -999999,   -999999,   -999999,   -999999,  14.95278,   23.01776,   25.97918,   31.93824,   88.6,   4.364,   6.77,   0,   0.31278,   34.64,   405.14,   1.90985,   0.09477142857,    -999999,   -999999,   -999999,   -999999,   -999999,   -999999,   -999999,   -999999,   -999999,   -999999,   -999999,   -999999,   -999999,   -999999,   -999999,   -999999,   -999999,   -999999,   -999999,   -999999,   -999999,   -999999,   -999999,   -999999,   -999999,   -999999,   -999999,   -999999,   -999999,   -999999,   -999999,   -999999,   -999999,   -999999,   -999999,   -999999,   -999999,   -999999,   -999999,   -999999,   -999999,   -999999,   -999999,   -999999,   -999999,   -999999,   -999999,   -999999,   -999999,   -999999,   -999999,   -999999,        0.72640000  
67877,   309,          1900652.0,         19.000000,  12.64713287,   29.5053408,   266.875743,   0.2760878434,   980.506,   294.8159939,   296.4789233,   225.6000061,   46.13289694,   7.907738867,   212.5345504,   0.31288,   93.52519201,   90.76779361,    -999999,  0.264,    -999999,  104.45,   99.84,   48.58,   1.552,   -0.83,   297.5959939,   292.7779939,   298.9159939,   983.844,    -999999,   -999999,   -999999,   -999999,  14.902878,   22.94356,   26.01416,   31.98784,   88.196,   4.262,   6.654,   0,   0.31288,   34.08,   405.135,   1.909642857,   0.09059473684,   405.15,   1910.68,   94.46,   329.75,   9.48,   509.55,   -47.53,    -999999,  232.46,   513.39,   3.39,   70.91,   8.62,   0.52,   31.52,   19.7,   108.58,   10.29,   27.26,   22.51,   1.41,   1.11,    -999999,  3.29,   0.41,   2.21,   84.43,   5,   2.79,   7.23,   0.74,   1.15,    -999999,  549.18,   59.53,   13.48,   5.24,   78.53,   750.79,   147.28,   24.26,   12.66,   6.23,   6.85,   28.5,    -999999,  0.18,   0.18,   0.28,   0.6,   2.98,   254.56,         0.64820000  
67882,   309,          1900653.0,         19.000000,  12.64883846,   29.5046192,   266.8804936,   0.2761488034,   980.508,   294.8179939,   296.4807618,   225.6000061,   46.13721423,   7.804012623,   212.4683629,   0.31312,   93.47374801,   90.75750481,    -999999,  0.264,    -999999,  104.392,   99.84,   48.56,   1.55,   -0.916,   297.6019939,   292.7319939,   298.9179939,   983.892,    -999999,   -999999,   -999999,   -999999,  14.859326,   22.87812,   26.01732,   31.99234,   87.934,   4.196,   6.568,   0,   0.31312,   35.16,   405.15,   1.910063636,   0.09315,   405.15,   1910.68,   94.46,   329.75,   9.48,   509.55,   -47.53,    -999999,  232.46,   513.39,   3.39,   70.91,   8.62,   0.52,   31.52,   19.7,   108.58,   10.29,   27.26,   22.51,   1.41,   1.11,    -999999,  3.29,   0.41,   2.21,   84.43,   5,   2.79,   7.23,   0.74,   1.15,    -999999,  549.18,   59.53,   13.48,   5.24,   78.53,   750.79,   147.28,   24.26,   12.66,   6.23,   6.85,   28.5,    -999999,  0.18,   0.18,   0.28,   0.6,   2.98,   254.56,         0.69320000  
67887,   309,          1900654.0,         19.000000,  12.65054392,   29.5039002,   266.8852422,   0.2768803234,   980.42,   294.8199939,   296.4903761,   225.6000061,   46.14154651,   7.777193657,   212.634693,   0.3132,   93.42230401,   90.68548321,    -999999,  0.2634,    -999999,  104.312,   99.78,   48.48,   1.538,   -1.054,   297.6099939,   292.7019939,   298.9119939,   983.854,    -999999,   -999999,   -999999,   -999999,  14.832322,   22.83546,   26.02054,   31.99686,   87.76,   4.228,   6.532,   0,   0.3132,   33.98,   405.154,   1.910484615,   0.09552631579,   405.15,   1910.68,   94.46,   329.75,   9.48,   509.55,   -47.53,    -999999,  232.46,   513.39,   3.39,   70.91,   8.62,   0.52,   31.52,   19.7,   108.58,   10.29,   27.26,   22.51,   1.41,   1.11,    -999999,  3.29,   0.41,   2.21,   84.43,   5,   2.79,   7.23,   0.74,   1.15,    -999999,  549.18,   59.53,   13.48,   5.24,   78.53,   750.79,   147.28,   24.26,   12.66,   6.23,   6.85,   28.5,    -999999,  0.18,   0.18,   0.28,   0.6,   2.98,   254.56,         0.70780000  
67892,   309,          1900655.0,         19.000000,  12.65224948,   29.5031888,   266.8899922,   0.2762097634,   980.496,   294.8179939,   296.4817985,   225.6000061,   46.14589931,   7.793750625,   212.3713336,   0.3132,   93.42230401,   90.69577201,    -999999,  0.264,    -999999,  104.186,   99.64,   48.5,   1.552,   -1.17,   297.6019939,   292.6919939,   298.9159939,   983.81,    -999999,   -999999,   -999999,   -999999,  14.821714,   22.82128,   26.01734,   31.99234,   87.716,   4.202,   6.586,   0,   0.3132,   34.5,   405.14,   1.910276923,   0.09551538462,   405.15,   1910.68,   94.46,   329.75,   9.48,   509.55,   -47.53,    -999999,  232.46,   513.39,   3.39,   70.91,   8.62,   0.52,   31.52,   19.7,   108.58,   10.29,   27.26,   22.51,   1.41,   1.11,    -999999,  3.29,   0.41,   2.21,   84.43,   5,   2.79,   7.23,   0.74,   1.15,    -999999,  549.18,   59.53,   13.48,   5.24,   78.53,   750.79,   147.28,   24.26,   12.66,   6.23,   6.85,   28.5,    -999999,  0.18,   0.18,   0.28,   0.6,   2.98,   254.56,         0.64900000  
67897,   309,          1900656.0,         19.000000,  12.65395513,   29.502488,   266.8947436,   0.2763316834,   980.486,   294.8279939,   296.4927189,   225.6000061,   46.15027556,   7.723751571,   213.0460144,   0.31304,   93.42230401,   90.62375041,    -999999,  0.263,    -999999,  104.064,   99.58,   48.4,   1.552,   -0.694,   297.6079939,   292.6899939,   298.9139939,   983.72,    -999999,   -999999,   -999999,   -999999,  14.819992,   22.81846,   26.03326,   32.0149,   87.65,   4.23,   6.496,   0,   0.31304,   34.24,   405.188,   1.9101,   0.09698,    -999999,   -999999,   -999999,   -999999,   -999999,   -999999,   -999999,   -999999,   -999999,   -999999,   -999999,   -999999,   -999999,   -999999,   -999999,   -999999,   -999999,   -999999,   -999999,   -999999,   -999999,   -999999,   -999999,   -999999,   -999999,   -999999,   -999999,   -999999,   -999999,   -999999,   -999999,   -999999,   -999999,   -999999,   -999999,   -999999,   -999999,   -999999,   -999999,   -999999,   -999999,   -999999,   -999999,   -999999,   -999999,   -999999,   -999999,   -999999,   -999999,   -999999,   -999999,   -999999,        0.61540000  
67902,   309,          1900657.0,         19.000000,  12.65566066,   29.501785,   266.8994932,   0.2759659234,   980.514,   294.8359939,   296.4983449,   225.6000061,   46.15466215,   7.827626751,   213.4638992,   0.3127,   93.41201521,   90.53115121,    -999999,  0.263,    -999999,  104.156,   99.62,   48.3,   1.54,   -0.684,   297.6199939,   292.6819939,   298.9159939,   983.862,    -999999,   -999999,   -999999,   -999999,  14.812004,   22.8071,   26.046,   32.03296,   87.566,   4.318,   6.506,   0,   0.3127,   35.04,   405.11,   1.91005,   0.09625,    -999999,   -999999,   -999999,   -999999,   -999999,   -999999,   -999999,   -999999,   -999999,   -999999,   -999999,   -999999,   -999999,   -999999,   -999999,   -999999,   -999999,   -999999,   -999999,   -999999,   -999999,   -999999,   -999999,   -999999,   -999999,   -999999,   -999999,   -999999,   -999999,   -999999,   -999999,   -999999,   -999999,   -999999,   -999999,   -999999,   -999999,   -999999,   -999999,   -999999,   -999999,   -999999,   -999999,   -999999,   -999999,   -999999,   -999999,   -999999,   -999999,   -999999,   -999999,   -999999,        0.70560000  
67907,   309,          1900658.0,         19.000000,  12.65736611,   29.5010776,   266.9042416,   0.2758440034,   980.538,   294.8599939,   296.5204065,   225.6000061,   46.15905705,   7.854445476,   213.631362,   0.31244,   93.37086001,   90.46941841,    -999999,  0.263,    -999999,  104.252,   99.7,   48.24,   1.598,   -0.62,   297.6419939,   292.6699939,   298.9339939,   983.858,    -999999,   -999999,   -999999,   -999999,  14.800344,   22.79012,   26.08424,   32.08722,   87.37,   4.372,   6.526,   0,   0.31244,   36.06,   405.13,   1.909946154,   0.093,    -999999,   -999999,   -999999,   -999999,   -999999,   -999999,   -999999,   -999999,   -999999,   -999999,   -999999,   -999999,   -999999,   -999999,   -999999,   -999999,   -999999,   -999999,   -999999,   -999999,   -999999,   -999999,   -999999,   -999999,   -999999,   -999999,   -999999,   -999999,   -999999,   -999999,   -999999,   -999999,   -999999,   -999999,   -999999,   -999999,   -999999,   -999999,   -999999,   -999999,   -999999,   -999999,   -999999,   -999999,   -999999,   -999999,   -999999,   -999999,   -999999,   -999999,   -999999,   -999999,        0.69560000  
67912,   309,          1900659.0,         19.000000,  12.6590713,   29.5003636,   266.9089862,   0.2757830434,   980.552,   294.8659939,   296.5252307,   225.6000061,   46.16345759,   7.838944645,   213.3007321,   0.31286,   93.29883841,   90.45912961,    -999999,  0.263,    -999999,  104.358,   99.8,   48.22,   1.652,   -0.738,   297.6459939,   292.6399939,   298.9379939,   983.956,    -999999,   -999999,   -999999,   -999999,  14.771878,   22.74764,   26.09384,   32.1008,   87.176,   4.334,   6.546,   0,   0.31286,   33.14,   405.15,   1.90992,   0.0949125,    -999999,   -999999,   -999999,   -999999,   -999999,   -999999,   -999999,   -999999,   -999999,   -999999,   -999999,   -999999,   -999999,   -999999,   -999999,   -999999,   -999999,   -999999,   -999999,   -999999,   -999999,   -999999,   -999999,   -999999,   -999999,   -999999,   -999999,   -999999,   -999999,   -999999,   -999999,   -999999,   -999999,   -999999,   -999999,   -999999,   -999999,   -999999,   -999999,   -999999,   -999999,   -999999,   -999999,   -999999,   -999999,   -999999,   -999999,   -999999,   -999999,   -999999,   -999999,   -999999,        0.70360000  
67917,   309,          1900660.0,         19.000000,  12.66077619,   29.4996464,   266.9137262,   0.2766974434,   980.43,   294.8579939,   296.5277272,   225.6000061,   46.16786692,   7.866788618,   212.6009304,   0.31358,   93.22681681,   90.46941841,    -999999,  0.263,    -999999,  104.398,   99.8,   48.2,   1.648,   -0.928,   297.6479939,   292.5679939,   298.9319939,   983.786,    -999999,   -999999,   -999999,   -999999,  14.706254,   22.6461,   26.08106,   32.08268,   86.832,   4.26,   6.606,   0,   0.31358,   34.2,   405.22,   1.910233333,   0.09706666667,    -999999,   -999999,   -999999,   -999999,   -999999,   -999999,   -999999,   -999999,   -999999,   -999999,   -999999,   -999999,   -999999,   -999999,   -999999,   -999999,   -999999,   -999999,   -999999,   -999999,   -999999,   -999999,   -999999,   -999999,   -999999,   -999999,   -999999,   -999999,   -999999,   -999999,   -999999,   -999999,   -999999,   -999999,   -999999,   -999999,   -999999,   -999999,   -999999,   -999999,   -999999,   -999999,   -999999,   -999999,   -999999,   -999999,   -999999,   -999999,   -999999,   -999999,   -999999,   -999999,        0.65880000  
67922,   309,          1900661.0,         19.000000,  12.66248087,   29.498933,   266.918463,   0.2773070434,   980.362,   294.8639939,   296.5396377,   225.6000061,   46.17229213,   7.916067184,   212.0963526,   0.31436,   93.15479521,   90.43855201,    -999999,  0.263,    -999999,  104.362,   99.72,   48.2,   1.628,   -0.976,   297.6619939,   292.4579939,   298.9359939,   983.718,    -999999,   -999999,   -999999,   -999999,  14.604498,   22.49142,   26.09062,   32.09626,   86.208,   4.226,   6.692,   0,   0.31436,   33.8,   405.135,   1.910669231,   0.09553809524,    -999999,   -999999,   -999999,   -999999,   -999999,   -999999,   -999999,   -999999,   -999999,   -999999,   -999999,   -999999,   -999999,   -999999,   -999999,   -999999,   -999999,   -999999,   -999999,   -999999,   -999999,   -999999,   -999999,   -999999,   -999999,   -999999,   -999999,   -999999,   -999999,   -999999,   -999999,   -999999,   -999999,   -999999,   -999999,   -999999,   -999999,   -999999,   -999999,   -999999,   -999999,   -999999,   -999999,   -999999,   -999999,   -999999,   -999999,   -999999,   -999999,   -999999,   -999999,   -999999,        0.69640000  
