inputs/ACTAMERICA_Merge/B200/ACTAMERICA-mrg05-b200_merge_20171110_R0.ict
138, 1001
Shook, Michael
NASA Atmospheric Composition Branch, NASA Langley Research Center (SSAI)
Merged data file for ACT-AMERICA Fall 2017, Flight 22 (20171110), on the b200 platform. Data is merged to 05 seconds.
NASA ACT-AMERICA Fall 2017
1, 1
2017, 11, 10, 2018, 07, 11
05
UTC,s
99
1, 1, 1, 1, 1, 1, 1, 1, 1, 1, 1, 1, 1, 1, 1, 1, 1, 1, 1, 1, 1, 1, 1, 1, 1, 1, 1, 1, 1, 1, 1, 1, 1, 1, 1, 1, 1, 1, 1, 1, 1, 1, 1, 1, 1, 1, 1, 1, 1, 1, 1, 1, 1, 1, 1, 1, 1, 1, 1, 1, 1, 1, 1, 1, 1, 1, 1, 1, 1, 1, 1, 1, 1, 1, 1, 1, 1, 1, 1, 1, 1, 1, 1, 1, 1, 1, 1, 1, 1, 1, 1, 1, 1, 1, 1, 1, 1, 1, 1
-999999, -999999, -999999, -999999, -999999, -999999, -999999, -999999, -999999, -999999, -999999, -999999, -999999, -999999, -999999, -999999, -999999, -999999, -999999, -999999, -999999, -999999, -999999, -999999, -999999, -999999, -999999, -999999, -999999, -999999, -999999, -999999, -999999, -999999, -999999, -999999, -999999, -999999, -999999, -999999, -999999, -999999, -999999, -999999, -999999, -999999, -999999, -999999, -999999, -999999, -999999, -999999, -999999, -999999, -999999, -999999, -999999, -999999, -999999, -999999, -999999, -999999, -999999, -999999, -999999, -999999, -999999, -999999, -999999, -999999, -999999, -999999, -999999, -999999, -999999, -999999, -999999, -999999, -999999, -999999, -999999, -999999, -999999, -999999, -999999, -999999, -999999, -999999, -999999, -999999, -999999, -999999, -999999, -999999, -999999, -999999, -999999, -999999, -999999
JDAY, days
INDEX, none
FLIGHT, none
LOCAL_SUN_TIME, hour
LATITUDE, degs
LONGITUDE, degs
ALTP, km
PRESSURE, hPa
TEMPERATURE, K
THETA, K, calculated from ambient temperature and pressure
O3COLUMN, DU, OMI ozone column data extracted along flight track
SZA, deg
WNS, m/s
WND, Degs
GPS_ALT, km
GRD_SPD, m/s
TAS, m/s
IAS, m/s
MachNumber, mach
VerticalSpeed, ft min-1
HDG, degs
TRK, degs
DifferentialPressure, hPa
PITCH, degs
ROLL, degs
PotentialTemp_Nav, K
Dewpoint, K
TotalAirTemp, K
CabinPressure, hPa
SolarZenithAngle, degs
AircraftSunElevation, degs
SunAzimuth, degs
AircraftSunAzimuth, degs
H2O_MixingRatio_Nav, g kg-1
H2O_VaporPressure_Nav, hPa
H2O_SatVaporPressureWater_Nav, hPa
H2O_SatVaporPressureIce_Nav, hPa
H2O_RelativeHumidity_Nav, %
U_WINDS, m s-1
V_WINDS, m s-1
GroundElevation-AMSL_GoogleMaps, km
Altitude-AGL_GoogleMaps, km
O3_MixingRatio, ppbv
CO2_DryMoleFrac_PICARRO, ppm
CH4_DryMoleFrac_PICARRO, ppm
CO_DryMoleFrac_PICARRO, ppm
CO2_MoleFraction_PFP, ppm
CH4_MoleFraction_PFP, ppb
CO_MoleFraction_PFP, ppb
N2O_MoleFraction_PFP, ppb
SF6_CCGG_MoleFraction_PFP, ppt
H2_MoleFraction_PFP, ppb
CH4C13_MoleFraction_PFP, permil
CO2C14_MoleFraction_PFP, permil
F11B_MoleFraction_PFP, ppt
FC12_MoleFraction_PFP, ppt
F13_MoleFraction_PFP, ppt
F113_MoleFraction_PFP, ppt
F115_MoleFraction_PFP, ppt
HF133a_MoleFraction_PFP, ppt
F23_MoleFraction_PFP, ppt
F32_MoleFraction_PFP, ppt
F134A_MoleFraction_PFP, ppt
F152A_MoleFraction_PFP, ppt
F125_MoleFraction_PFP, ppt
F143a_MoleFraction_PFP, ppt
F227e_MoleFraction_PFP, ppt
F365m_MoleFraction_PFP, ppt
H1211_MoleFraction_PFP, ppt
H1301_MoleFraction_PFP, ppt
H2402_MoleFraction_PFP, ppt
MCFA_MoleFraction_PFP, ppt
CF4_MoleFraction_PFP, ppt
C2F6_MoleFraction_PFP, ppt
SO2F2_MoleFraction_PFP, ppt
MEBR_MoleFraction_PFP, ppt
CH3I_MoleFraction_PFP, ppt
DIBR_MoleFraction_PFP, ppt
OCS_MoleFraction_PFP, ppt
[...]
[from data line 1138]
71332,   314,          2201139.0,         22.000000,  13.45570998,   34.7991036,   264.6085664,   0.6177686476,   941.182,   284.1199939,   289.0837115,   276,   55.92106452,   5.241919464,   133.7903558,   0.70952,   84.89288881,   87.89721841,    -999999,  0.26,    -999999,  187.434,   190.28,   45.34,   1.904,   -1.85,   290.1799939,   273.2959939,   287.9639939,   974.55,    -999999,   -999999,   -999999,   -999999,  4.125576,   6.2017,   13.15152,   14.61706,   47.158,   -3.774,   3.644,   0.22408,   0.48544,   40.3,   410.565,   1.9615,   0.1381764706,    -999999,   -999999,   -999999,   -999999,   -999999,   -999999,   -999999,   -999999,   -999999,   -999999,   -999999,   -999999,   -999999,   -999999,   -999999,   -999999,   -999999,   -999999,   -999999,   -999999,   -999999,   -999999,   -999999,   -999999,   -999999,   -999999,   -999999,   -999999,   -999999,   -999999,   -999999,   -999999,   -999999,   -999999,   -999999,   -999999,   -999999,   -999999,   -999999,   -999999,   -999999,   -999999,   -999999,   -999999,   -999999,   -999999,   -999999,   -999999,   -999999,   -999999,   -999999,   -999999,         1.8015000  
71337,   314,          2201140.0,         22.000000,  13.45704488,   34.795332,   264.6077566,   0.6244132877,   940.42,   284.0499939,   289.0793778,   276,   55.92471747,   5.931857812,   138.5372202,   0.71524,   85.12953121,   88.94667601,    -999999,  0.2634,    -999999,  187.01,   190,   46.44,   1.148,   -0.794,   290.1719939,   273.6179939,   287.9859939,   974.436,    -999999,   -999999,   -999999,   -999999,  4.227086,   6.34808,   13.09044,   14.53946,   48.496,   -3.906,   4.48,   0.23228,   0.48296,   40.82,   410.65,   1.963072727,   0.1416066667,    -999999,   -999999,   -999999,   -999999,   -999999,   -999999,   -999999,   -999999,   -999999,   -999999,   -999999,   -999999,   -999999,   -999999,   -999999,   -999999,   -999999,   -999999,   -999999,   -999999,   -999999,   -999999,   -999999,   -999999,   -999999,   -999999,   -999999,   -999999,   -999999,   -999999,   -999999,   -999999,   -999999,   -999999,   -999999,   -999999,   -999999,   -999999,   -999999,   -999999,   -999999,   -999999,   -999999,   -999999,   -999999,   -999999,   -999999,   -999999,   -999999,   -999999,   -999999,   -999999,         1.8495000  
71342,   314,          2201141.0,         22.000000,  13.4583796,   34.7915334,   264.606944,   0.6239865677,   940.468,   284.1379939,   289.1647191,   276,   55.92835186,   5.669102929,   140.6341619,   0.71332,   86.14812241,   89.94468961,    -999999,  0.2662,    -999999,  187.296,   190.04,   47.5,   0.074,   -0.702,   290.2599939,   273.7999939,   288.1659939,   974.346,    -999999,   -999999,   -999999,   -999999,  4.283212,   6.43214,   13.16724,   14.63704,   48.852,   -3.54,   4.504,   0.25982,   0.4535,   43.82,   410.53,   1.9633125,   0.1368857143,    -999999,   -999999,   -999999,   -999999,   -999999,   -999999,   -999999,   -999999,   -999999,   -999999,   -999999,   -999999,   -999999,   -999999,   -999999,   -999999,   -999999,   -999999,   -999999,   -999999,   -999999,   -999999,   -999999,   -999999,   -999999,   -999999,   -999999,   -999999,   -999999,   -999999,   -999999,   -999999,   -999999,   -999999,   -999999,   -999999,   -999999,   -999999,   -999999,   -999999,   -999999,   -999999,   -999999,   -999999,   -999999,   -999999,   -999999,   -999999,   -999999,   -999999,   -999999,   -999999,         1.9976667  
71347,   314,          2201142.0,         22.000000,  13.45971393,   34.7876846,   264.6061256,   0.6212433677,   940.782,   284.1999939,   289.2002314,   276,   55.93194571,   6.113996671,   167.2937372,   0.71084,   87.17700241,   92.85642001,    -999999,  0.2748,    -999999,  188.486,   189.94,   50.66,   0.308,   -0.632,   290.2939939,   273.8179939,   288.4879939,   974.652,    -999999,   -999999,   -999999,   -999999,  4.28739,   6.44054,   13.22172,   14.70632,   48.712,   -1.316,   6.042,   0.24484,   0.466,   45.66,   410.19,   1.961692308,   0.1393857143,    -999999,   -999999,   -999999,   -999999,   -999999,   -999999,   -999999,   -999999,   -999999,   -999999,   -999999,   -999999,   -999999,   -999999,   -999999,   -999999,   -999999,   -999999,   -999999,   -999999,   -999999,   -999999,   -999999,   -999999,   -999999,   -999999,   -999999,   -999999,   -999999,   -999999,   -999999,   -999999,   -999999,   -999999,   -999999,   -999999,   -999999,   -999999,   -999999,   -999999,   -999999,   -999999,   -999999,   -999999,   -999999,   -999999,   -999999,   -999999,   -999999,   -999999,   -999999,   -999999,         1.7968000  
71352,   314,          2201143.0,         22.000000,  13.46104752,   34.7838022,   264.6052962,   0.6179515276,   941.158,   284.0539939,   289.0186642,   276,   55.93551217,   5.929731375,   151.0117077,   0.7062,   87.79433041,   92.48602321,    -999999,  0.2738,    -999999,  187.594,   189.9,   50.3,   0.148,   -1.452,   290.1139939,   273.5599939,   288.3099939,   974.432,    -999999,   -999999,   -999999,   -999999,  4.205916,   6.3215,   13.09396,   14.54398,   48.276,   -2.874,   5.256,   0.27638,   0.42982,   43.22,   410.284,   1.961053846,   0.1377666667,   410.21,   1960.33,   136.98,   329.96,   9.58,   472.4,   -47.63,    -999999,  234.38,   513.18,   3.38,   70.27,   8.64,   0.53,   31.31,   18.52,   113.75,   19.55,   27.9,   23.22,   1.46,   1.18,    -999999,  3.38,   0.43,   2.16,   84.56,   4.88,   2.25,   6.82,   0.49,   0.98,    -999999,  525.09,   67.4,   18.15,   6.08,   306.6,   1912.58,   740.74,   201.52,   85.87,   44.63,   59.25,   76.66,    -999999,  0.19,   0.14,   1.31,   0.65,   18.16,   259.29,          1.9186667  
71357,   314,          2201144.0,         22.000000,  13.46238136,   34.7798928,   264.6044704,   0.6085636875,   942.216,   283.9659939,   288.8363935,   276,   55.93906237,   8.407410962,   152.8558485,   0.69658,   88.15443841,   94.99649041,    -999999,  0.2814,    -999999,  186.9,   189.96,   53.2,   0.766,   -0.586,   289.9299939,   273.3859939,   288.4579939,   974.684,    -999999,   -999999,   -999999,   -999999,  4.148238,   6.24238,   13.01758,   14.44698,   47.952,   -3.798,   7.484,   0.27658,   0.42,   44.86,   410.255,   1.960611111,   0.1343117647,   410.21,   1960.33,   136.98,   329.96,   9.58,   472.4,   -47.63,    -999999,  234.38,   513.18,   3.38,   70.27,   8.64,   0.53,   31.31,   18.52,   113.75,   19.55,   27.9,   23.22,   1.46,   1.18,    -999999,  3.38,   0.43,   2.16,   84.56,   4.88,   2.25,   6.82,   0.49,   0.98,    -999999,  525.09,   67.4,   18.15,   6.08,   306.6,   1912.58,   740.74,   201.52,   85.87,   44.63,   59.25,   76.66,    -999999,  0.19,   0.14,   1.31,   0.65,   18.16,   259.29,          1.9706000  
71362,   314,          2201145.0,         22.000000,  13.46371469,   34.7759836,   264.603637,   0.6014923274,   943.024,   284.1119939,   288.9141309,   276,   55.9426169,   7.088845856,   146.7495496,   0.69126,   87.96924001,   93.25768321,    -999999,  0.276,    -999999,  187.072,   190.06,   51.22,   1.576,   -0.472,   290.0099939,   273.3039939,   288.4399939,   974.648,    -999999,   -999999,   -999999,   -999999,  4.119892,   6.20532,   13.14464,   14.6083,   47.21,   -3.874,   5.894,   0.29542,   0.39584,   42.46,   410.22,   1.96094,   0.1364,   410.21,   1960.33,   136.98,   329.96,   9.58,   472.4,   -47.63,    -999999,  234.38,   513.18,   3.38,   70.27,   8.64,   0.53,   31.31,   18.52,   113.75,   19.55,   27.9,   23.22,   1.46,   1.18,    -999999,  3.38,   0.43,   2.16,   84.56,   4.88,   2.25,   6.82,   0.49,   0.98,    -999999,  525.09,   67.4,   18.15,   6.08,   306.6,   1912.58,   740.74,   201.52,   85.87,   44.63,   59.25,   76.66,    -999999,  0.19,   0.14,   1.31,   0.65,   18.16,   259.29,          1.9044000  
71367,   314,          2201146.0,         22.000000,  13.46504698,   34.7720942,   264.602788,   0.6028334475,   942.858,   284.2179939,   289.0364603,   276,   55.9461906,   6.185086659,   149.6165736,   0.69308,   87.32104561,   92.11562641,    -999999,  0.2726,    -999999,  187.736,   190.24,   49.94,   2.116,   -0.784,   290.1319939,   273.1919939,   288.4419939,   974.562,    -999999,   -999999,   -999999,   -999999,  4.087092,   6.15516,   13.23756,   14.72644,   46.502,   -3.15,   5.252,   0.34986,   0.34322,   41.7,   410.105,   1.960184615,   0.1373947368,   410.21,   1960.33,   136.98,   329.96,   9.58,   472.4,   -47.63,    -999999,  234.38,   513.18,   3.38,   70.27,   8.64,   0.53,   31.31,   18.52,   113.75,   19.55,   27.9,   23.22,   1.46,   1.18,    -999999,  3.38,   0.43,   2.16,   84.56,   4.88,   2.25,   6.82,   0.49,   0.98,    -999999,  525.09,   67.4,   18.15,   6.08,   306.6,   1912.58,   740.74,   201.52,   85.87,   44.63,   59.25,   76.66,    -999999,  0.19,   0.14,   1.31,   0.65,   18.16,   259.29,          2.0943333  
71372,   314,          2201147.0,         22.000000,  13.46637931,   34.7682364,   264.6019396,   0.6095390475,   942.114,   284.2899939,   289.1748951,   276,   55.94979983,   4.910197094,   158.6181078,   0.70126,   86.68314001,   90.89125921,    -999999,  0.2688,    -999999,  188.862,   190.5,   48.56,   2.126,   -0.804,   290.2719939,   273.2619939,   288.4039939,   974.6,    -999999,   -999999,   -999999,   -999999,  4.111388,   6.18662,   13.30096,   14.80716,   46.516,   -1.754,   4.492,   0.31888,   0.38238,   45.86,   410.06,   1.9601,   0.1337714286,    -999999,   -999999,   -999999,   -999999,   -999999,   -999999,   -999999,   -999999,   -999999,   -999999,   -999999,   -999999,   -999999,   -999999,   -999999,   -999999,   -999999,   -999999,   -999999,   -999999,   -999999,   -999999,   -999999,   -999999,   -999999,   -999999,   -999999,   -999999,   -999999,   -999999,   -999999,   -999999,   -999999,   -999999,   -999999,   -999999,   -999999,   -999999,   -999999,   -999999,   -999999,   -999999,   -999999,   -999999,   -999999,   -999999,   -999999,   -999999,   -999999,   -999999,   -999999,   -999999,         1.8450000  
71377,   314,          2201148.0,         22.000000,  13.46771061,   34.7644062,   264.6010758,   0.6205118477,   940.868,   284.1539939,   289.1458704,   276,   55.95343528,   7.204157939,   145.0657645,   0.71042,   86.22014401,   91.42627681,    -999999,  0.2706,    -999999,  187.226,   190.44,   49.08,   1.554,   -1.388,   290.2419939,   272.7719939,   288.3119939,   974.52,    -999999,   -999999,   -999999,   -999999,  3.972806,   5.97154,   13.18126,   14.65488,   45.304,   -4.128,   5.87,   0.2966,   0.41382,   44.02,   409.595,   1.9565,   0.1332095238,    -999999,   -999999,   -999999,   -999999,   -999999,   -999999,   -999999,   -999999,   -999999,   -999999,   -999999,   -999999,   -999999,   -999999,   -999999,   -999999,   -999999,   -999999,   -999999,   -999999,   -999999,   -999999,   -999999,   -999999,   -999999,   -999999,   -999999,   -999999,   -999999,   -999999,   -999999,   -999999,   -999999,   -999999,   -999999,   -999999,   -999999,   -999999,   -999999,   -999999,   -999999,   -999999,   -999999,   -999999,   -999999,   -999999,   -999999,   -999999,   -999999,   -999999,   -999999,   -999999,         1.6592500  
71382,   314,          2201149.0,         22.000000,  13.4690433,   34.760582,   264.6002328,   0.6191097677,   941.022,   284.1059939,   289.0835089,   276,   55.95709033,   7.046196808,   145.6104721,   0.7083,   86.41563121,   91.57032001,    -999999,  0.271,    -999999,  187.084,   190.18,   49.28,   0.842,   -1.464,   290.1799939,   272.0239939,   288.2799939,   974.408,    -999999,   -999999,   -999999,   -999999,  3.759038,   5.65302,   13.13928,   14.6015,   43.026,   -3.996,   5.862,   0.30638,   0.40192,   45.82,   409.42,   1.9551,   0.1286809524,    -999999,   -999999,   -999999,   -999999,   -999999,   -999999,   -999999,   -999999,   -999999,   -999999,   -999999,   -999999,   -999999,   -999999,   -999999,   -999999,   -999999,   -999999,   -999999,   -999999,   -999999,   -999999,   -999999,   -999999,   -999999,   -999999,   -999999,   -999999,   -999999,   -999999,   -999999,   -999999,   -999999,   -999999,   -999999,   -999999,   -999999,   -999999,   -999999,   -999999,   -999999,   -999999,   -999999,   -999999,   -999999,   -999999,   -999999,   -999999,   -999999,   -999999,   -999999,   -999999,         1.9337500  
71387,   314,          2201150.0,         22.000000,  13.47037768,   34.756734,   264.5994152,   0.6212433677,   940.784,   284.1539939,   289.1532465,   276,   55.96073976,   7.040013347,   155.0713589,   0.71226,   86.77573921,   92.66093281,    -999999,  0.2742,    -999999,  187.274,   189.76,   50.48,   1.41,   -0.49,   290.2499939,   272.1739939,   288.4279939,   974.736,    -999999,   -999999,   -999999,   -999999,  3.801338,   5.7148,   13.18132,   14.65492,   43.356,   -3.034,   6.376,   0.33004,   0.38222,   44.98,   409.42,   1.954376923,   0.1325470588,    -999999,   -999999,   -999999,   -999999,   -999999,   -999999,   -999999,   -999999,   -999999,   -999999,   -999999,   -999999,   -999999,   -999999,   -999999,   -999999,   -999999,   -999999,   -999999,   -999999,   -999999,   -999999,   -999999,   -999999,   -999999,   -999999,   -999999,   -999999,   -999999,   -999999,   -999999,   -999999,   -999999,   -999999,   -999999,   -999999,   -999999,   -999999,   -999999,   -999999,   -999999,   -999999,   -999999,   -999999,   -999999,   -999999,   -999999,   -999999,   -999999,   -999999,   -999999,   -999999,         1.6770000  
71392,   314,          2201151.0,         22.000000,  13.47171222,   34.7528906,   264.5986,   0.6292291278,   939.88,   283.9779939,   289.0535349,   276,   55.96440101,   9.184960806,   156.3085621,   0.71742,   86.46707521,   94.24540801,    -999999,  0.2794,    -999999,  187.012,   190.12,   52.24,   0.376,   -0.774,   290.1519939,   272.2039939,   288.4039939,   974.356,    -999999,   -999999,   -999999,   -999999,  3.813352,   5.72728,   13.0279,   14.46008,   43.962,   -3.662,   8.406,   0.4038,   0.31362,   45.28,   409.285,   1.953466667,   0.1276142857,    -999999,   -999999,   -999999,   -999999,   -999999,   -999999,   -999999,   -999999,   -999999,   -999999,   -999999,   -999999,   -999999,   -999999,   -999999,   -999999,   -999999,   -999999,   -999999,   -999999,   -999999,   -999999,   -999999,   -999999,   -999999,   -999999,   -999999,   -999999,   -999999,   -999999,   -999999,   -999999,   -999999,   -999999,   -999999,   -999999,   -999999,   -999999,   -999999,   -999999,   -999999,   -999999,   -999999,   -999999,   -999999,   -999999,   -999999,   -999999,   -999999,   -999999,   -999999,   -999999,         1.6132000  
