inputs/ACTAMERICA_Merge/C130/ACTAMERICA-mrg05-c130_merge_20170201_R0.ict
143, 1001
Shook, Michael
NASA Atmospheric Composition Branch, NASA Langley Research Center (SSAI)
Merged data file for ACT-AMERICA 2017, Flight 03 (20170201), on the c130 platform. Data is merged to 05 seconds.
NASA ACT-AMERICA 2017
1, 1
2017, 02, 01, 2018, 02, 23
05
UTC,s
104
1, 1, 1, 1, 1, 1, 1, 1, 1, 1, 1, 1, 1, 1, 1, 1, 1, 1, 1, 1, 1, 1, 1, 1, 1, 1, 1, 1, 1, 1, 1, 1, 1, 1, 1, 1, 1, 1, 1, 1, 1, 1, 1, 1, 1, 1, 1, 1, 1, 1, 1, 1, 1, 1, 1, 1, 1, 1, 1, 1, 1, 1, 1, 1, 1, 1, 1, 1, 1, 1, 1, 1, 1, 1, 1, 1, 1, 1, 1, 1, 1, 1, 1, 1, 1, 1, 1, 1, 1, 1, 1, 1, 1, 1, 1, 1, 1, 1, 1, 1, 1, 1, 1, 1
-999999, -999999, -999999, -999999, -999999, -999999, -999999, -999999, -999999, -999999, -999999, -999999, -999999, -999999, -999999, -999999, -999999, -999999, -999999, -999999, -999999, -999999, -999999, -999999, -999999, -999999, -999999, -999999, -999999, -999999, -999999, -999999, -999999, -999999, -999999, -999999, -999999, -999999, -999999, -999999, -999999, -999999, -999999, -999999, -999999, -999999, -999999, -999999, -999999, -999999, -999999, -999999, -999999, -999999, -999999, -999999, -999999, -999999, -999999, -999999, -999999, -999999, -999999, -999999, -999999, -999999, -999999, -999999, -999999, -999999, -999999, -999999, -999999, -999999, -999999, -999999, -999999, -999999, -999999, -999999, -999999, -999999, -999999, -999999, -999999, -999999, -999999, -999999, -999999, -999999, -999999, -999999, -999999, -999999, -999999, -999999, -999999, -999999, -999999, -999999, -999999, -999999, -999999, -999999
JDAY, days
INDEX, none
FLIGHT, none
LOCAL_SUN_TIME, hour
LATITUDE, degs
LONGITUDE, degs
ALTP, km
PRESSURE, hPa
TEMPERATURE, K
THETA, K
O3COLUMN, DU
SZA, deg
WNS, m s-1
WND, Degs
GPS_ALT, km
GRD_SPD, m s-1
TAS, m/s
IAS, m/s
MachNumber, mach
VerticalSpeed, m s-1
HDG, degs
TRK, degs
DriftAngle, degs
PITCH, degs
ROLL, degs
PotentialTemp, K
Dewpoint, K
TotalAirTemp, K
CabinPressure, hPa
SolarZenithAngle, degs
AircraftSunElevation, degs
SunAzimuth, degs
AircraftSunAzimuth, degs
H2O_MixingRatio, g kg-1
H2O_VaporPressure, hPa
H2O_SatVaporPressureWater, hPa
H2O_SatVaporPressureIce, hPa
H2O_RelativeHumidity, %
H2O_VolMixingRatio_PICARRO, %
H2O_MassMixingRatio_PICARRO, g kg-1
H2O_VaporPressure_PICARRO, hPa
RHi_PICARRO, %
RHw_PICARRO, %
Dewpoint_PICARRO, K
Ground_Elevation, km
Altitude_AGL, km
GroundHeight_CPL, km
MLH_CPL, km
O3_MixingRatio, ppbv
CO2_MixingRatio_PICARRO, ppmv
CH4_MixingRatio_PICARRO, ppmv
CO_MixingRatio_PICARRO, ppmv
CO2_MoleFraction_PFP, ppm
CH4_MoleFraction_PFP, ppb
CO_MoleFraction_PFP, ppb
N2O_MoleFraction_PFP, ppb
SF6_CCGG_MoleFraction_PFP, ppt
H2_MoleFraction_PFP, ppb
CH4C13_PFP, per mil
CO2C14_PFP, per mil
F11B_MoleFraction_PFP, ppt
FC12_MoleFraction_PFP, ppt
F13_MoleFraction_PFP, ppt
F113_MoleFraction_PFP, ppt
F115_MoleFraction_PFP, ppt
HF133a_MoleFraction_PFP, ppt
F23_MoleFraction_PFP, ppt
F32_MoleFraction_PFP, ppt
F134A_MoleFraction_PFP, ppt
F152A_MoleFraction_PFP, ppt
F125_MoleFraction_PFP, ppt
F143a_MoleFraction_PFP, ppt
F227e_MoleFraction_PFP, ppt
F365m_MoleFraction_PFP, ppt
H1211_MoleFraction_PFP, ppt
H1301_MoleFraction_PFP, ppt
H2402_MoleFraction_PFP, ppt
MCFA_MoleFraction_PFP, ppt
CF4_MoleFraction_PFP, ppt
C2F6_MoleFraction_PFP, ppt
SO2F2_MoleFraction_PFP, ppt
MEBR_MoleFraction_PFP, ppt
CH3I_MoleFraction_PFP, ppt
DIBR_MoleFraction_PFP, ppt
[...]
[from data line 1485]
68267,   32,          301486.00,         3.0000000,  12.6674763,   33.70291368,   265.5558945,   6.122334796,   463.2,   257.0499939,   320.2670813,   289.4440002,   51.69696238,   14.8196324,   282.158438,   6.3044,   145,   150.833808,   109.57572,   0.47,   0,   346.98,   352.4,   -5.42,   1.54,   -1.36,   320.2,   240.4299939,   268.3499939,   880.4,   50.9,   40.92,   -172.2,   -159.4,   0.568,   0.4,   1.762,   1.51,   22.586,   0.08721111111,   0.5413,   0.4057777778,   27.43777778,   23.43111111,   240.7666606,   0.09054,   6.21386,   0.2809722,   1.40906,   48.06,   406.14375,   1.86305,   0.0858,    -999999,   -999999,   -999999,   -999999,   -999999,   -999999,   -999999,   -999999,   -999999,   -999999,   -999999,   -999999,   -999999,   -999999,   -999999,   -999999,   -999999,   -999999,   -999999,   -999999,   -999999,   -999999,   -999999,   -999999,   -999999,   -999999,   -999999,   -999999,   -999999,   -999999,   -999999,   -999999,   -999999,   -999999,   -999999,   -999999,   -999999,   -999999,   -999999,   -999999,   -999999,   -999999,   -999999,   -999999,   -999999,   -999999,   -999999,   -999999,   -999999,   -999999,   -999999,     -999999  
68272,   32,          301487.00,         3.0000000,  12.66879378,   33.70940476,   265.5548233,   6.123858796,   463,   256.9699939,   320.2069152,   289.4440002,   51.7067903,   14.8595186,   281.0371509,   6.303,   145,   151.24536,   109.678608,   0.47,   0,   346.62,   352.04,   -5.42,   1.5,   -0.66,   320.16,   240.5499939,   268.3499939,   880.2,   50.94,   40.64,   -172.2,   -158.48,   0.58,   0.4,   1.756,   1.5,   22.95,   0.08505555556,   0.5281111111,   0.3959111111,   26.76888889,   22.85666667,   240.5144383,   0.09454,   6.20846,   0.2792614,   1.40906,   47.82,   406.1128571,   1.86325,   0.08418421053,    -999999,   -999999,   -999999,   -999999,   -999999,   -999999,   -999999,   -999999,   -999999,   -999999,   -999999,   -999999,   -999999,   -999999,   -999999,   -999999,   -999999,   -999999,   -999999,   -999999,   -999999,   -999999,   -999999,   -999999,   -999999,   -999999,   -999999,   -999999,   -999999,   -999999,   -999999,   -999999,   -999999,   -999999,   -999999,   -999999,   -999999,   -999999,   -999999,   -999999,   -999999,   -999999,   -999999,   -999999,   -999999,   -999999,   -999999,   -999999,   -999999,   -999999,   -999999,     -999999  
68277,   32,          301488.00,         3.0000000,  12.67010993,   33.7159195,   265.5537323,   6.123919756,   463,   256.8499939,   320.0573848,   289.4440002,   51.71664335,   14.99933366,   279.7029374,   6.3026,   146,   151.24536,   110.09016,   0.47,   0,   346.54,   352,   -5.5,   1.54,   0.22,   320,   240.6299939,   268.3499939,   880.4,   51,   40.36,   -172.16,   -157.7,   0.58,   0.408,   1.74,   1.488,   23.342,   0.08645,   0.5364666667,   0.4021416667,   27.8675,   23.73416667,   240.6766606,   0.09226,   6.21034,   0.278659,   1.40906,   48.08,   406.1114286,   1.86305,   0.0807,    -999999,   -999999,   -999999,   -999999,   -999999,   -999999,   -999999,   -999999,   -999999,   -999999,   -999999,   -999999,   -999999,   -999999,   -999999,   -999999,   -999999,   -999999,   -999999,   -999999,   -999999,   -999999,   -999999,   -999999,   -999999,   -999999,   -999999,   -999999,   -999999,   -999999,   -999999,   -999999,   -999999,   -999999,   -999999,   -999999,   -999999,   -999999,   -999999,   -999999,   -999999,   -999999,   -999999,   -999999,   -999999,   -999999,   -999999,   -999999,   -999999,   -999999,   -999999,     -999999  
68282,   32,          301489.00,         3.0000000,  12.67142639,   33.72245484,   265.5526459,   6.122822476,   463,   256.8499939,   320.0573848,   289.4440002,   51.72652284,   15.01980398,   278.8802919,   6.3018,   146,   151.451136,   110.09016,   0.47,   0,   346.58,   352.1,   -5.52,   1.6,   0.02,   319.98,   240.6499939,   268.3499939,   880.4,   51,   40.46,   -172.1,   -157.9,   0.58,   0.41,   1.738,   1.48,   23.442,   0.08730833333,   0.5419166667,   0.4062416667,   27.75083333,   23.67083333,   240.7791606,   0.0926,   6.2092,   0.2783994,   1.40906,   48.16,   406.1114286,   1.862736364,   0.08445,    -999999,   -999999,   -999999,   -999999,   -999999,   -999999,   -999999,   -999999,   -999999,   -999999,   -999999,   -999999,   -999999,   -999999,   -999999,   -999999,   -999999,   -999999,   -999999,   -999999,   -999999,   -999999,   -999999,   -999999,   -999999,   -999999,   -999999,   -999999,   -999999,   -999999,   -999999,   -999999,   -999999,   -999999,   -999999,   -999999,   -999999,   -999999,   -999999,   -999999,   -999999,   -999999,   -999999,   -999999,   -999999,   -999999,   -999999,   -999999,   -999999,   -999999,   -999999,     -999999  
68287,   32,          301490.00,         3.0000000,  12.67274265,   33.72900544,   265.5515564,   6.123919756,   463,   256.8899939,   320.1072283,   289.4440002,   51.73642219,   14.73989641,   277.9765269,   6.3018,   146.8,   151.656912,   110.09016,   0.47,   0,   346.7,   352.1,   -5.44,   1.6,   -0.26,   320.02,   240.6499939,   268.3499939,   881.2,   51,   40.58,   -172.1,   -158.18,   0.58,   0.41,   1.74,   1.486,   23.382,   0.08635555556,   0.5360777778,   0.4018555556,   27.17555556,   23.20333333,   240.6677717,   0.09264,   6.20916,   0.2783776,   1.40906,   50.8,   406.11,   1.86298,   0.0866,    -999999,   -999999,   -999999,   -999999,   -999999,   -999999,   -999999,   -999999,   -999999,   -999999,   -999999,   -999999,   -999999,   -999999,   -999999,   -999999,   -999999,   -999999,   -999999,   -999999,   -999999,   -999999,   -999999,   -999999,   -999999,   -999999,   -999999,   -999999,   -999999,   -999999,   -999999,   -999999,   -999999,   -999999,   -999999,   -999999,   -999999,   -999999,   -999999,   -999999,   -999999,   -999999,   -999999,   -999999,   -999999,   -999999,   -999999,   -999999,   -999999,   -999999,   -999999,     -999999  
68292,   32,          301491.00,         3.0000000,  12.6740584,   33.7355728,   265.5504593,   6.125992396,   463,   256.9499939,   320.1819935,   289.4440002,   51.74634205,   14.93977322,   278.9925033,   6.301,   147,   152.171352,   110.6046,   0.47,   0,   346.62,   352.08,   -5.46,   1.62,   -0.14,   320.12,   240.5699939,   268.4499939,   880.6,   51,   40.56,   -172.1,   -157.94,   0.58,   0.402,   1.75,   1.498,   23.074,   0.088525,   0.549575,   0.411975,   27.8575,   23.7875,   240.9174939,   0.095,   6.206,   0.27794,   1.40906,   49.72,   406.0542857,   1.86269,   0.08398947368,    -999999,   -999999,   -999999,   -999999,   -999999,   -999999,   -999999,   -999999,   -999999,   -999999,   -999999,   -999999,   -999999,   -999999,   -999999,   -999999,   -999999,   -999999,   -999999,   -999999,   -999999,   -999999,   -999999,   -999999,   -999999,   -999999,   -999999,   -999999,   -999999,   -999999,   -999999,   -999999,   -999999,   -999999,   -999999,   -999999,   -999999,   -999999,   -999999,   -999999,   -999999,   -999999,   -999999,   -999999,   -999999,   -999999,   -999999,   -999999,   -999999,   -999999,   -999999,     -999999  
68297,   32,          301492.00,         3.0000000,  12.67537364,   33.74214936,   265.5493546,   6.127028716,   463,   257.0299939,   320.2816804,   289.4440002,   51.75627501,   15.17995044,   279.5791829,   6.302,   147,   152.685792,   110.913264,   0.48,   0,   346.5,   352,   -5.54,   1.66,   -0.14,   320.28,   240.6699939,   268.7099939,   880.6,   51,   40.56,   -172.1,   -157.78,   0.582,   0.41,   1.768,   1.508,   23.092,   0.09323,   0.57881,   0.43387,   29.339,   25.052,   241.4649939,   0.09452,   6.20748,   0.2790476,   1.40906,   48.84,   406.1,   1.86285,   0.0856,    -999999,   -999999,   -999999,   -999999,   -999999,   -999999,   -999999,   -999999,   -999999,   -999999,   -999999,   -999999,   -999999,   -999999,   -999999,   -999999,   -999999,   -999999,   -999999,   -999999,   -999999,   -999999,   -999999,   -999999,   -999999,   -999999,   -999999,   -999999,   -999999,   -999999,   -999999,   -999999,   -999999,   -999999,   -999999,   -999999,   -999999,   -999999,   -999999,   -999999,   -999999,   -999999,   -999999,   -999999,   -999999,   -999999,   -999999,   -999999,   -999999,   -999999,   -999999,     -999999  
68302,   32,          301493.00,         3.0000000,  12.67668908,   33.74873808,   265.5482529,   6.127577356,   463,   257.0499939,   320.3066022,   289.4440002,   51.76622586,   15.2997335,   279.4400022,   6.303,   147,   152.78868,   111.11904,   0.48,   0,   346.5,   352.02,   -5.52,   1.58,   0.16,   320.26,   240.8099939,   268.7499939,   879.8,   51,   40.34,   -172,   -157.56,   0.59,   0.41,   1.762,   1.51,   23.43,   0.09206,   0.57142,   0.4283,   28.962,   24.73,   241.3279939,   0.09144,   6.21156,   0.279202,   1.40906,   47.36,   406.09,   1.86286,   0.0854,    -999999,   -999999,   -999999,   -999999,   -999999,   -999999,   -999999,   -999999,   -999999,   -999999,   -999999,   -999999,   -999999,   -999999,   -999999,   -999999,   -999999,   -999999,   -999999,   -999999,   -999999,   -999999,   -999999,   -999999,   -999999,   -999999,   -999999,   -999999,   -999999,   -999999,   -999999,   -999999,   -999999,   -999999,   -999999,   -999999,   -999999,   -999999,   -999999,   -999999,   -999999,   -999999,   -999999,   -999999,   -999999,   -999999,   -999999,   -999999,   -999999,   -999999,   -999999,     -999999  
68307,   32,          301494.00,         3.0000000,  12.67800463,   33.75533752,   265.5471527,   6.127028716,   463,   257.0099939,   320.2567587,   289.4440002,   51.77619292,   15.2599869,   278.8201837,   6.303,   147.8,   152.994456,   111.11904,   0.48,   0,   346.58,   352.1,   -5.52,   1.5,   0.16,   320.24,   241.0099939,   268.7499939,   879.6,   51,   40.3,   -172,   -157.68,   0.6,   0.42,   1.76,   1.506,   23.918,   0.09245,   0.573675,   0.43,   29.0775,   24.83,   241.3724939,   0.09176,   6.21124,   0.3091458,   1.43904,   47.14,   406.05,   1.86275,   0.0828,    -999999,   -999999,   -999999,   -999999,   -999999,   -999999,   -999999,   -999999,   -999999,   -999999,   -999999,   -999999,   -999999,   -999999,   -999999,   -999999,   -999999,   -999999,   -999999,   -999999,   -999999,   -999999,   -999999,   -999999,   -999999,   -999999,   -999999,   -999999,   -999999,   -999999,   -999999,   -999999,   -999999,   -999999,   -999999,   -999999,   -999999,   -999999,   -999999,   -999999,   -999999,   -999999,   -999999,   -999999,   -999999,   -999999,   -999999,   -999999,   -999999,   -999999,   -999999,     -999999  
68312,   32,          301495.00,         3.0000000,  12.67932058,   33.7619514,   265.5460587,   6.127516396,   463,   257.0299939,   320.2816804,   289.4440002,   51.78618062,   15.43873312,   280.94121,   6.303,   148,   153.81756,   111.736368,   0.48,   0,   346.62,   352.18,   -5.52,   1.6,   -0.24,   320.26,   241.2299939,   268.9099939,   879.6,   51,   40.46,   -172,   -157.94,   0.616,   0.432,   1.768,   1.508,   24.376,   0.09395555556,   0.5831666667,   0.4370777778,   29.55666667,   25.23777778,   241.5388828,   0.10878,   6.19422,   0.3097266,   1.43904,   50.14,   406.0671429,   1.86248,   0.08375,    -999999,   -999999,   -999999,   -999999,   -999999,   -999999,   -999999,   -999999,   -999999,   -999999,   -999999,   -999999,   -999999,   -999999,   -999999,   -999999,   -999999,   -999999,   -999999,   -999999,   -999999,   -999999,   -999999,   -999999,   -999999,   -999999,   -999999,   -999999,   -999999,   -999999,   -999999,   -999999,   -999999,   -999999,   -999999,   -999999,   -999999,   -999999,   -999999,   -999999,   -999999,   -999999,   -999999,   -999999,   -999999,   -999999,   -999999,   -999999,   -999999,   -999999,   -999999,     -999999  
68317,   32,          301496.00,         3.0000000,  12.68063622,   33.76857302,   265.54496,   6.129771916,   463,   257.0499939,   320.3066022,   289.4440002,   51.79618052,   15.53988043,   280.441441,   6.304,   148,   153.81756,   111.63348,   0.48,   0,   346.5,   352.06,   -5.56,   1.48,   -0.44,   320.36,   241.4099939,   268.9499939,   879,   51,   40.46,   -172,   -157.98,   0.626,   0.44,   1.77,   1.512,   24.744,   0.09475,   0.588,   0.440725,   29.645,   25.325,   241.6299939,   0.1305,   6.1735,   0.3098766,   1.43904,   46.66,   406.07,   1.862536364,   0.08183684211,   405.52,   1865.76,   86.32,   329.65,   9.14,   529.65,   -47.53,    -999999,  232.57,   516.35,   3.45,   71.17,   8.52,   0.47,   30.13,   12.3,   95.6,   6.84,   22.08,   19.97,   1.26,   0.98,   3.47,   3.33,   0.39,   3.6,   83.64,   4.65,   2.36,   7.02,   0.18,   0.95,   522.34,   591.3,   54.76,   10.41,   1.8,   82.38,   636.6,   68.84,   8.32,   10.66,   2.47,   4.88,   17.06,   38.15,   0.17,   0.16,   284.92,   0.65,   6.96,          243.78000  
68322,   32,          301497.00,         3.0000000,  12.68195085,   33.7751999,   265.5438461,   6.125443756,   463,   257.0499939,   320.3066022,   289.4440002,   51.80618825,   15.37977166,   279.6804945,   6.3034,   148,   153.81756,   111.839256,   0.48,   0,   346.5,   352,   -5.5,   1.3,   0.02,   320.26,   241.5699939,   268.9499939,   879.8,   51,   40.14,   -171.92,   -157.66,   0.632,   0.442,   1.77,   1.512,   25.132,   0.09525,   0.59105,   0.443075,   29.41,   25.16,   241.6849939,   0.13114,   6.17226,   0.308119,   1.43904,   46.86,   406.065,   1.86255,   0.08415,   405.52,   1865.76,   86.32,   329.65,   9.14,   529.65,   -47.53,    -999999,  232.57,   516.35,   3.45,   71.17,   8.52,   0.47,   30.13,   12.3,   95.6,   6.84,   22.08,   19.97,   1.26,   0.98,   3.47,   3.33,   0.39,   3.6,   83.64,   4.65,   2.36,   7.02,   0.18,   0.95,   522.34,   591.3,   54.76,   10.41,   1.8,   82.38,   636.6,   68.84,   8.32,   10.66,   2.47,   4.88,   17.06,   38.15,   0.17,   0.16,   284.92,   0.65,   6.96,          243.78000  
68327,   32,          301498.00,         3.0000000,  12.68326558,   33.78184586,   265.5427338,   6.126541036,   463,   257.1099939,   320.3813674,   289.4440002,   51.81622032,   15.29983761,   279.0200005,   6.3014,   148.8,   154.126224,   112.14792,   0.48,   0,   346.58,   352.08,   -5.5,   1.42,   0.22,   320.34,   241.6499939,   268.9499939,   880.2,   51,   40.14,   -171.9,   -157.58,   0.64,   0.45,   1.776,   1.518,   25.24,   0.09446,   0.58624,   0.43946,   29.204,   24.98,   241.5979939,   0.13968,   6.16172,   0.3071752,   1.43904,   46.74,   406.1,   1.86255,   0.0801,   405.52,   1865.76,   86.32,   329.65,   9.14,   529.65,   -47.53,    -999999,  232.57,   516.35,   3.45,   71.17,   8.52,   0.47,   30.13,   12.3,   95.6,   6.84,   22.08,   19.97,   1.26,   0.98,   3.47,   3.33,   0.39,   3.6,   83.64,   4.65,   2.36,   7.02,   0.18,   0.95,   522.34,   591.3,   54.76,   10.41,   1.8,   82.38,   636.6,   68.84,   8.32,   10.66,   2.47,   4.88,   17.06,   38.15,   0.17,   0.16,   284.92,   0.65,   6.96,          243.78000  
