inputs/ACTAMERICA_Merge/C130/ACTAMERICA-mrg05-c130_merge_20160725_R3.ict
141, 1001
Shook, Michael
NASA Atmospheric Composition Branch, NASA Langley Research Center (SSAI)
Merged data file for ACT-AMERICA 2016, Flight 05 (20160725), on the c130 platform. Data is merged to 05 seconds.
ACTAmerica - 2016
1, 1
2016, 07, 25, 2018, 08, 24
05
UTC,s
99
1, 1, 1, 1, 1, 1, 1, 1, 1, 1, 1, 1, 1, 1, 1, 1, 1, 1, 1, 1, 1, 1, 1, 1, 1, 1, 1, 1, 1, 1, 1, 1, 1, 1, 1, 1, 1, 1, 1, 1, 1, 1, 1, 1, 1, 1, 1, 1, 1, 1, 1, 1, 1, 1, 1, 1, 1, 1, 1, 1, 1, 1, 1, 1, 1, 1, 1, 1, 1, 1, 1, 1, 1, 1, 1, 1, 1, 1, 1, 1, 1, 1, 1, 1, 1, 1, 1, 1, 1, 1, 1, 1, 1, 1, 1, 1, 1, 1, 1
-999999, -999999, -999999, -999999, -999999, -999999, -999999, -999999, -999999, -999999, -999999, -999999, -999999, -999999, -999999, -999999, -999999, -999999, -999999, -999999, -999999, -999999, -999999, -999999, -999999, -999999, -999999, -999999, -999999, -999999, -999999, -999999, -999999, -999999, -999999, -999999, -999999, -999999, -999999, -999999, -999999, -999999, -999999, -999999, -999999, -999999, -999999, -999999, -999999, -999999, -999999, -999999, -999999, -999999, -999999, -999999, -999999, -999999, -999999, -999999, -999999, -999999, -999999, -999999, -999999, -999999, -999999, -999999, -999999, -999999, -999999, -999999, -999999, -999999, -999999, -999999, -999999, -999999, -999999, -999999, -999999, -999999, -999999, -999999, -999999, -999999, -999999, -999999, -999999, -999999, -999999, -999999, -999999, -999999, -999999, -999999, -999999, -999999, -999999
JDAY, days
INDEX, none
FLIGHT, none
LOCAL_SUN_TIME, hour
LATITUDE, degs
LONGITUDE, degs
ALTP, km
PRESSURE, hPa
TEMPERATURE, K
THETA, K, calculated from ambient temperature and pressure
O3COLUMN, DU, OMI ozone column data extracted along flight track
SZA, deg
WNS, m s-1
WND, Degs
GPS_ALT, km
GRD_SPD, m s-1
TAS, m/s
IAS, m/s
MachNumber, mach
VerticalSpeed, m s-1
HDG, degs
TRK, degs
DriftAngle, degs
PITCH, degs
ROLL, degs
PotentialTemp_Nav, K
Dewpoint, K
TotalAirTemp, K
CabinPressure, hPa
SolarZenithAngle, degs
AircraftSunElevation, degs
SunAzimuth, degs
AircraftSunAzimuth, degs
H2O_MixingRatio_Nav, g kg-1
H2O_VaporPressure_Nav, hPa
H2O_SatVaporPressureWater_Nav, hPa
H2O_SatVaporPressureIce_Nav, hPa
H2O_RelativeHumidity_Nav, %
ManeuverFlag, none
GroundElevation-AMSL_GoogleMaps, km
Altitude-AGL_GoogleMaps, km
GroundHeight-AMSL_CPL, km
MLH-AMSL_CPL, km
O3_MoleFraction, ppb
CO2_DryMoleFrac_PICARRO, ppm
CH4_DryMoleFrac_PICARRO, ppm
CO_DryMoleFrac_PICARRO, ppm
CO2_MoleFraction_PFP, ppm
CH4_MoleFraction_PFP, ppb
CO_MoleFraction_PFP, ppb
N2O_MoleFraction_PFP, ppb
SF6_CCGG_MoleFraction_PFP, ppt
H2_MoleFraction_PFP, ppb
CH4C13_MoleFraction_PFP, permil
CO2C14_MoleFraction_PFP, permil
F11B_MoleFraction_PFP, ppt
FC12_MoleFraction_PFP, ppt
F13_MoleFraction_PFP, ppt
F113_MoleFraction_PFP, ppt
F115_MoleFraction_PFP, ppt
HF133a_MoleFraction_PFP, ppt
F23_MoleFraction_PFP, ppt
F32_MoleFraction_PFP, ppt
F134A_MoleFraction_PFP, ppt
F152A_MoleFraction_PFP, ppt
F125_MoleFraction_PFP, ppt
F143a_MoleFraction_PFP, ppt
F227e_MoleFraction_PFP, ppt
F365m_MoleFraction_PFP, ppt
H1211_MoleFraction_PFP, ppt
H1301_MoleFraction_PFP, ppt
H2402_MoleFraction_PFP, ppt
MCFA_MoleFraction_PFP, ppt
CF4_MoleFraction_PFP, ppt
C2F6_MoleFraction_PFP, ppt
SO2F2_MoleFraction_PFP, ppt
MEBR_MoleFraction_PFP, ppt
CH3I_MoleFraction_PFP, ppt
DIBR_MoleFraction_PFP, ppt
OCS_MoleFraction_PFP, ppt
[...]
[from data line 2019]
64047,   207,          502020.00,         5.0000000,  12.21967892,   41.24104,   276.4222672,   2.748625474,   723,   284.9499939,   312.6186293,   284,   21.82135675,   11.63976901,   284.0589329,   2.8892,   158,   146.718288,   125.52336,   0.43,   0,   123.06,   121.6,   1.36,   0.58,   0.38,   312.54,    -999999,  295.7499939,   936.4,   21.8,   68.22,   -176.5,   59.42,    -999999,   -999999,   -999999,   -999999,   -999999,  6,   0.21378,   2.67542,   0.2871872,   0.8454352,   54.48,   399.4857143,   1.893175,   0.1125238095,    -999999,   -999999,   -999999,   -999999,   -999999,   -999999,   -999999,   -999999,   -999999,   -999999,   -999999,   -999999,   -999999,   -999999,   -999999,   -999999,   -999999,   -999999,   -999999,   -999999,   -999999,   -999999,   -999999,   -999999,   -999999,   -999999,   -999999,   -999999,   -999999,   -999999,   -999999,   -999999,   -999999,   -999999,   -999999,   -999999,   -999999,   -999999,   -999999,   -999999,   -999999,   -999999,   -999999,   -999999,   -999999,   -999999,   -999999,   -999999,   -999999,   -999999,   -999999,     -999999  
64052,   207,          502021.00,         5.0000000,  12.22160389,   41.2372956,   276.4303084,   2.750088514,   723,   285.0899939,   312.7722233,   284,   21.8208295,   11.31962829,   285.8553032,   2.89,   158,   147.026952,   125.52336,   0.434,   0,   122.94,   121.7,   1.24,   0.74,   0.54,   312.68,    -999999,  295.8899939,   936.2,   21.8,   68.26,   -176.4,   59.1,    -999999,   -999999,   -999999,   -999999,   -999999,  6,   0.21356,   2.67644,   0.3000612,   0.9053956,   53.32,   399.925,   1.88903,   0.1086842105,    -999999,   -999999,   -999999,   -999999,   -999999,   -999999,   -999999,   -999999,   -999999,   -999999,   -999999,   -999999,   -999999,   -999999,   -999999,   -999999,   -999999,   -999999,   -999999,   -999999,   -999999,   -999999,   -999999,   -999999,   -999999,   -999999,   -999999,   -999999,   -999999,   -999999,   -999999,   -999999,   -999999,   -999999,   -999999,   -999999,   -999999,   -999999,   -999999,   -999999,   -999999,   -999999,   -999999,   -999999,   -999999,   -999999,   -999999,   -999999,   -999999,   -999999,   -999999,     -999999  
64057,   207,          502022.00,         5.0000000,  12.22352858,   41.2335496,   276.4383454,   2.749356994,   723,   285.2099939,   312.9038753,   284,   21.82032885,   11.15971661,   288.0591431,   2.8906,   158,   146.6154,   125.52336,   0.43,   0,   122.8,   121.7,   1.06,   0.7,   0.5,   312.86,    -999999,  296.0099939,   936,   21.8,   68.22,   -176.34,   59.42,    -999999,   -999999,   -999999,   -999999,   -999999,  6,   0.21488,   2.67572,   0.2826384,   1.0133236,   55.44,   400.5185714,   1.8823,   0.102,    -999999,   -999999,   -999999,   -999999,   -999999,   -999999,   -999999,   -999999,   -999999,   -999999,   -999999,   -999999,   -999999,   -999999,   -999999,   -999999,   -999999,   -999999,   -999999,   -999999,   -999999,   -999999,   -999999,   -999999,   -999999,   -999999,   -999999,   -999999,   -999999,   -999999,   -999999,   -999999,   -999999,   -999999,   -999999,   -999999,   -999999,   -999999,   -999999,   -999999,   -999999,   -999999,   -999999,   -999999,   -999999,   -999999,   -999999,   -999999,   -999999,   -999999,   -999999,     -999999  
64062,   207,          502023.00,         5.0000000,  12.22545316,   41.229802,   276.4463808,   2.749356994,   723,   285.1099939,   312.7941653,   284,   21.81985509,   11.49875426,   286.7697475,   2.8912,   158,   146.6154,   125.52336,   0.43,   0,   122.94,   121.7,   1.18,   0.66,   0.42,   312.76,    -999999,  295.9099939,   936.4,   21.8,   68.18,   -176.28,   59.62,    -999999,   -999999,   -999999,   -999999,   -999999,  6,   0.21534,   2.67586,   0.306934,   1.0493,   56.24,   400.02,   1.88536,   0.1075,    -999999,   -999999,   -999999,   -999999,   -999999,   -999999,   -999999,   -999999,   -999999,   -999999,   -999999,   -999999,   -999999,   -999999,   -999999,   -999999,   -999999,   -999999,   -999999,   -999999,   -999999,   -999999,   -999999,   -999999,   -999999,   -999999,   -999999,   -999999,   -999999,   -999999,   -999999,   -999999,   -999999,   -999999,   -999999,   -999999,   -999999,   -999999,   -999999,   -999999,   -999999,   -999999,   -999999,   -999999,   -999999,   -999999,   -999999,   -999999,   -999999,   -999999,   -999999,     -999999  
64067,   207,          502024.00,         5.0000000,  12.22737781,   41.2260492,   276.4544172,   2.751185794,   723,   284.9699939,   312.6405713,   284,   21.81940496,   11.77927359,   284.9961002,   2.8916,   158,   146.6154,   125.52336,   0.43,   0,   123.06,   121.7,   1.32,   0.6,   0.34,   312.62,    -999999,  295.7699939,   936.6,   21.8,   68.14,   -176.2,   59.64,    -999999,   -999999,   -999999,   -999999,   -999999,  6,   0.21578,   2.67582,   0.313934,   1.01932,   56.1,   399.725,   1.89062,   0.112,    -999999,   -999999,   -999999,   -999999,   -999999,   -999999,   -999999,   -999999,   -999999,   -999999,   -999999,   -999999,   -999999,   -999999,   -999999,   -999999,   -999999,   -999999,   -999999,   -999999,   -999999,   -999999,   -999999,   -999999,   -999999,   -999999,   -999999,   -999999,   -999999,   -999999,   -999999,   -999999,   -999999,   -999999,   -999999,   -999999,   -999999,   -999999,   -999999,   -999999,   -999999,   -999999,   -999999,   -999999,   -999999,   -999999,   -999999,   -999999,   -999999,   -999999,   -999999,     -999999  
64072,   207,          502025.00,         5.0000000,  12.22930292,   41.2223014,   276.4624604,   2.750820034,   723,   284.9699939,   312.6405713,   284,   21.81898921,   11.71955243,   284.5750885,   2.8916,   158,   146.6154,   125.52336,   0.43,   0,   123.08,   121.7,   1.36,   0.68,   0.38,   312.62,    -999999,  295.7699939,   936,   21.8,   68.18,   -176.12,   59.58,    -999999,   -999999,   -999999,   -999999,   -999999,  6,   0.21702,   2.67458,   0.3131968,   1.01932,   57.42,   399.645,   1.89118,   0.106,   399.69,   1890.02,   110.26,   329.46,   9.04,   521.63,   -47.3,    -999999,  233.8,   517.35,   3.36,   71.92,   8.49,   0.55,   29.34,   14.08,   100.14,   9.96,   22.57,   20.32,   1.25,   1.01,   3.67,   3.29,   0.43,   2.87,   82.56,   4.63,   2.22,   8.11,   0.39,   0.65,    -999999,  553.1,   54.45,   11.34,   2.24,   108.89,   1194.01,   333.14,   71.75,   22.86,   17.46,   19.62,   26.57,   58.66,   0.19,   0.15,   1.65,   0.64,   13.59,          249.63000  
64077,   207,          502026.00,         5.0000000,  12.23122768,   41.2185524,   276.4704986,   2.750454274,   723,   285.0499939,   312.7283393,   284,   21.81860037,   11.61956536,   285.8769371,   2.89,   158,   146.6154,   125.52336,   0.43,   0,   123,   121.7,   1.26,   0.7,   0.46,   312.7,    -999999,  295.8499939,   935.2,   21.8,   68.22,   -176.04,   59.54,    -999999,   -999999,   -999999,   -999999,   -999999,  6,   0.2183,   2.6717,   0.3125926,   1.01932,   56.56,   399.705,   1.89041,   0.1105,   399.69,   1890.02,   110.26,   329.46,   9.04,   521.63,   -47.3,    -999999,  233.8,   517.35,   3.36,   71.92,   8.49,   0.55,   29.34,   14.08,   100.14,   9.96,   22.57,   20.32,   1.25,   1.01,   3.67,   3.29,   0.43,   2.87,   82.56,   4.63,   2.22,   8.11,   0.39,   0.65,    -999999,  553.1,   54.45,   11.34,   2.24,   108.89,   1194.01,   333.14,   71.75,   22.86,   17.46,   19.62,   26.57,   58.66,   0.19,   0.15,   1.65,   0.64,   13.59,          249.63000  
64082,   207,          502027.00,         5.0000000,  12.23315237,   41.2148056,   276.4785356,   2.750820034,   723,   284.9899939,   312.6625133,   284,   21.81824225,   11.85965883,   284.2967999,   2.8916,   158,   146.6154,   125.52336,   0.43,   0,   123.1,   121.68,   1.38,   0.7,   0.26,   312.64,    -999999,  295.7899939,   935.4,   21.8,   68.06,   -175.98,   59.84,    -999999,   -999999,   -999999,   -999999,   -999999,  6,   0.21946,   2.67214,   0.3137134,   0.995336,   59.2,   399.74,   1.890344444,   0.1135,   399.69,   1890.02,   110.26,   329.46,   9.04,   521.63,   -47.3,    -999999,  233.8,   517.35,   3.36,   71.92,   8.49,   0.55,   29.34,   14.08,   100.14,   9.96,   22.57,   20.32,   1.25,   1.01,   3.67,   3.29,   0.43,   2.87,   82.56,   4.63,   2.22,   8.11,   0.39,   0.65,    -999999,  553.1,   54.45,   11.34,   2.24,   108.89,   1194.01,   333.14,   71.75,   22.86,   17.46,   19.62,   26.57,   58.66,   0.19,   0.15,   1.65,   0.64,   13.59,          249.63000  
64087,   207,          502028.00,         5.0000000,  12.23507754,   41.2110634,   276.4865798,   2.748625474,   723,   284.7499939,   312.3992093,   284,   21.81791819,   12.25675626,   281.0079415,   2.8928,   158,   146.6154,   125.52336,   0.43,   0,   123.3,   121.6,   1.72,   0.58,   0.2,   312.34,    -999999,  295.5299939,   935,   21.8,   68.1,   -175.9,   60,    -999999,   -999999,   -999999,   -999999,   -999999,  6,   0.21892,   2.67388,   0.3149008,   1.007328,   60.22,   399.5842857,   1.890744444,   0.1155,   399.69,   1890.02,   110.26,   329.46,   9.04,   521.63,   -47.3,    -999999,  233.8,   517.35,   3.36,   71.92,   8.49,   0.55,   29.34,   14.08,   100.14,   9.96,   22.57,   20.32,   1.25,   1.01,   3.67,   3.29,   0.43,   2.87,   82.56,   4.63,   2.22,   8.11,   0.39,   0.65,    -999999,  553.1,   54.45,   11.34,   2.24,   108.89,   1194.01,   333.14,   71.75,   22.86,   17.46,   19.62,   26.57,   58.66,   0.19,   0.15,   1.65,   0.64,   13.59,          249.63000  
64092,   207,          502029.00,         5.0000000,  12.23700334,   41.2073244,   276.4946334,   2.752648834,   722.8,   284.6499939,   312.3141858,   284,   21.8176271,   12.37941443,   280.4432996,   2.893,   158,   146.718288,   125.52336,   0.432,   0,   123.38,   121.62,   1.76,   0.5,   0.68,   312.26,    -999999,  295.3499939,   935,   21.8,   68.54,   -175.82,   59.52,    -999999,   -999999,   -999999,   -999999,   -999999,  6,   0.2202,   2.6728,   0.3150196,   1.07928,   58.34,   399.765,   1.88864,   0.115,    -999999,   -999999,   -999999,   -999999,   -999999,   -999999,   -999999,   -999999,   -999999,   -999999,   -999999,   -999999,   -999999,   -999999,   -999999,   -999999,   -999999,   -999999,   -999999,   -999999,   -999999,   -999999,   -999999,   -999999,   -999999,   -999999,   -999999,   -999999,   -999999,   -999999,   -999999,   -999999,   -999999,   -999999,   -999999,   -999999,   -999999,   -999999,   -999999,   -999999,   -999999,   -999999,   -999999,   -999999,   -999999,   -999999,   -999999,   -999999,   -999999,   -999999,   -999999,     -999999  
64097,   207,          502030.00,         5.0000000,  12.23892904,   41.2035722,   276.5026856,   2.751185794,   723,   284.6899939,   312.3333833,   284,   21.81735152,   12.59849426,   282.7858851,   2.8926,   158.2,   146.512512,   125.317584,   0.43,   0,   123.38,   121.76,   1.62,   0.4,   0.64,   312.3,    -999999,  295.3499939,   935.2,   21.8,   68.56,   -175.76,   59.9,    -999999,   -999999,   -999999,   -999999,   -999999,  6,   0.22202,   2.67058,   0.3137092,   1.061292,   56.54,   399.515,   1.88973,   0.1145,    -999999,   -999999,   -999999,   -999999,   -999999,   -999999,   -999999,   -999999,   -999999,   -999999,   -999999,   -999999,   -999999,   -999999,   -999999,   -999999,   -999999,   -999999,   -999999,   -999999,   -999999,   -999999,   -999999,   -999999,   -999999,   -999999,   -999999,   -999999,   -999999,   -999999,   -999999,   -999999,   -999999,   -999999,   -999999,   -999999,   -999999,   -999999,   -999999,   -999999,   -999999,   -999999,   -999999,   -999999,   -999999,   -999999,   -999999,   -999999,   -999999,   -999999,   -999999,     -999999  
64102,   207,          502031.00,         5.0000000,  12.24085502,   41.1998016,   276.510742,   2.748991234,   723,   284.7899939,   312.4430933,   284,   21.81708701,   12.73956785,   285.0383072,   2.8906,   159,   146.409624,   125.00892,   0.43,   0,   123.24,   121.8,   1.46,   0.48,   0.28,   312.38,    -999999,  295.5099939,   934.8,   21.8,   68.2,   -175.7,   60.4,    -999999,   -999999,   -999999,   -999999,   -999999,  6,   0.2235,   2.6671,   0.3120464,   0.9773472,   58.06,   399.285,   1.893522222,   0.116,    -999999,   -999999,   -999999,   -999999,   -999999,   -999999,   -999999,   -999999,   -999999,   -999999,   -999999,   -999999,   -999999,   -999999,   -999999,   -999999,   -999999,   -999999,   -999999,   -999999,   -999999,   -999999,   -999999,   -999999,   -999999,   -999999,   -999999,   -999999,   -999999,   -999999,   -999999,   -999999,   -999999,   -999999,   -999999,   -999999,   -999999,   -999999,   -999999,   -999999,   -999999,   -999999,   -999999,   -999999,   -999999,   -999999,   -999999,   -999999,   -999999,   -999999,   -999999,     -999999  
64107,   207,          502032.00,         5.0000000,  12.24278206,   41.1960272,   276.5188142,   2.748625474,   723,   284.7499939,   312.3992093,   284,   21.8168494,   12.75984879,   285.4797805,   2.89,   159,   146.6154,   125.111808,   0.43,   0,   123.18,   121.72,   1.4,   0.62,   0.22,   312.4,    -999999,  295.5499939,   934.4,   21.8,   68.1,   -175.6,   60.3,    -999999,   -999999,   -999999,   -999999,   -999999,  6,   0.22824,   2.66176,   0.3119314,   0.929379,   58.66,   399.265,   1.89385,   0.1199473684,    -999999,   -999999,   -999999,   -999999,   -999999,   -999999,   -999999,   -999999,   -999999,   -999999,   -999999,   -999999,   -999999,   -999999,   -999999,   -999999,   -999999,   -999999,   -999999,   -999999,   -999999,   -999999,   -999999,   -999999,   -999999,   -999999,   -999999,   -999999,   -999999,   -999999,   -999999,   -999999,   -999999,   -999999,   -999999,   -999999,   -999999,   -999999,   -999999,   -999999,   -999999,   -999999,   -999999,   -999999,   -999999,   -999999,   -999999,   -999999,   -999999,   -999999,   -999999,     -999999  
64112,   207,          502033.00,         5.0000000,  12.24470927,   41.1922584,   276.526889,   2.746065154,   723,   284.8899939,   312.5528033,   284,   21.81664642,   12.61748464,   287.6059935,   2.8902,   159,   146.409624,   125.00892,   0.43,   0,   122.98,   121.7,   1.24,   0.7,   0.38,   312.48,    -999999,  295.6299939,   934,   21.8,   68.18,   -175.52,   60.16,    -999999,   -999999,   -999999,   -999999,   -999999,  6,   0.2301,   2.6601,   0.3123926,   0.929379,   57.78,   399.71,   1.89235,   0.1085,    -999999,   -999999,   -999999,   -999999,   -999999,   -999999,   -999999,   -999999,   -999999,   -999999,   -999999,   -999999,   -999999,   -999999,   -999999,   -999999,   -999999,   -999999,   -999999,   -999999,   -999999,   -999999,   -999999,   -999999,   -999999,   -999999,   -999999,   -999999,   -999999,   -999999,   -999999,   -999999,   -999999,   -999999,   -999999,   -999999,   -999999,   -999999,   -999999,   -999999,   -999999,   -999999,   -999999,   -999999,   -999999,   -999999,   -999999,   -999999,   -999999,   -999999,   -999999,     -999999  
