inputs/ACTAMERICA_Merge/C130/ACTAMERICA-mrg05-c130_merge_20170301_R0.ict
143, 1001
Shook, Michael
NASA Atmospheric Composition Branch, NASA Langley Research Center (SSAI)
Merged data file for ACT-AMERICA 2017, Flight 14 (20170301), on the c130 platform. Data is merged to 05 seconds.
NASA ACT-AMERICA 2017
1, 1
2017, 03, 01, 2018, 02, 23
05
UTC,s
104
1, 1, 1, 1, 1, 1, 1, 1, 1, 1, 1, 1, 1, 1, 1, 1, 1, 1, 1, 1, 1, 1, 1, 1, 1, 1, 1, 1, 1, 1, 1, 1, 1, 1, 1, 1, 1, 1, 1, 1, 1, 1, 1, 1, 1, 1, 1, 1, 1, 1, 1, 1, 1, 1, 1, 1, 1, 1, 1, 1, 1, 1, 1, 1, 1, 1, 1, 1, 1, 1, 1, 1, 1, 1, 1, 1, 1, 1, 1, 1, 1, 1, 1, 1, 1, 1, 1, 1, 1, 1, 1, 1, 1, 1, 1, 1, 1, 1, 1, 1, 1, 1, 1, 1
-999999, -999999, -999999, -999999, -999999, -999999, -999999, -999999, -999999, -999999, -999999, -999999, -999999, -999999, -999999, -999999, -999999, -999999, -999999, -999999, -999999, -999999, -999999, -999999, -999999, -999999, -999999, -999999, -999999, -999999, -999999, -999999, -999999, -999999, -999999, -999999, -999999, -999999, -999999, -999999, -999999, -999999, -999999, -999999, -999999, -999999, -999999, -999999, -999999, -999999, -999999, -999999, -999999, -999999, -999999, -999999, -999999, -999999, -999999, -999999, -999999, -999999, -999999, -999999, -999999, -999999, -999999, -999999, -999999, -999999, -999999, -999999, -999999, -999999, -999999, -999999, -999999, -999999, -999999, -999999, -999999, -999999, -999999, -999999, -999999, -999999, -999999, -999999, -999999, -999999, -999999, -999999, -999999, -999999, -999999, -999999, -999999, -999999, -999999, -999999, -999999, -999999, -999999, -999999
JDAY, days
INDEX, none
FLIGHT, none
LOCAL_SUN_TIME, hour
LATITUDE, degs
LONGITUDE, degs
ALTP, km
PRESSURE, hPa
TEMPERATURE, K
THETA, K
O3COLUMN, DU
SZA, deg
WNS, m s-1
WND, Degs
GPS_ALT, km
GRD_SPD, m s-1
TAS, m/s
IAS, m/s
MachNumber, mach
VerticalSpeed, m s-1
HDG, degs
TRK, degs
DriftAngle, degs
PITCH, degs
ROLL, degs
PotentialTemp, K
Dewpoint, K
TotalAirTemp, K
CabinPressure, hPa
SolarZenithAngle, degs
AircraftSunElevation, degs
SunAzimuth, degs
AircraftSunAzimuth, degs
H2O_MixingRatio, g kg-1
H2O_VaporPressure, hPa
H2O_SatVaporPressureWater, hPa
H2O_SatVaporPressureIce, hPa
H2O_RelativeHumidity, %
H2O_VolMixingRatio_PICARRO, %
H2O_MassMixingRatio_PICARRO, g kg-1
H2O_VaporPressure_PICARRO, hPa
RHi_PICARRO, %
RHw_PICARRO, %
Dewpoint_PICARRO, K
Ground_Elevation, km
Altitude_AGL, km
GroundHeight_CPL, km
MLH_CPL, km
O3_MixingRatio, ppbv
CO2_MixingRatio_PICARRO, ppmv
CH4_MixingRatio_PICARRO, ppmv
CO_MixingRatio_PICARRO, ppmv
CO2_MoleFraction_PFP, ppm
CH4_MoleFraction_PFP, ppb
CO_MoleFraction_PFP, ppb
N2O_MoleFraction_PFP, ppb
SF6_CCGG_MoleFraction_PFP, ppt
H2_MoleFraction_PFP, ppb
CH4C13_PFP, per mil
CO2C14_PFP, per mil
F11B_MoleFraction_PFP, ppt
FC12_MoleFraction_PFP, ppt
F13_MoleFraction_PFP, ppt
F113_MoleFraction_PFP, ppt
F115_MoleFraction_PFP, ppt
HF133a_MoleFraction_PFP, ppt
F23_MoleFraction_PFP, ppt
F32_MoleFraction_PFP, ppt
F134A_MoleFraction_PFP, ppt
F152A_MoleFraction_PFP, ppt
F125_MoleFraction_PFP, ppt
F143a_MoleFraction_PFP, ppt
F227e_MoleFraction_PFP, ppt
F365m_MoleFraction_PFP, ppt
H1211_MoleFraction_PFP, ppt
H1301_MoleFraction_PFP, ppt
H2402_MoleFraction_PFP, ppt
MCFA_MoleFraction_PFP, ppt
CF4_MoleFraction_PFP, ppt
C2F6_MoleFraction_PFP, ppt
SO2F2_MoleFraction_PFP, ppt
MEBR_MoleFraction_PFP, ppt
CH3I_MoleFraction_PFP, ppt
DIBR_MoleFraction_PFP, ppt
[...]
[from data line 1303]
64482,   60,          1401304.0,         14.000000,  12.94451884,   36.92849312,   285.4823659,   2.176820667,   777,   285.2499939,   306.5730154,   181.3329926,   46.45947954,   21.91991459,   245.5206202,   2.2272,   162.4,   140.95656,   124.597368,   0.42,   0,   92.8,   88.9,   3.88,   0.88,   1.02,   306.6,   259.0099939,   295.2499939,   828.6,   45.4,   45.36,   -164.8,   101.98,   1.772,   2.076,   14.288,   16.076,   14.536,   0.2674230769,   1.659753846,   2.082992308,    -999999,  15.04461538,   259.1815324,   0,   2.2272,   0.06964944,   1.07928,   63.2,   407.47,   1.87145,   0.1099842105,    -999999,   -999999,   -999999,   -999999,   -999999,   -999999,   -999999,   -999999,   -999999,   -999999,   -999999,   -999999,   -999999,   -999999,   -999999,   -999999,   -999999,   -999999,   -999999,   -999999,   -999999,   -999999,   -999999,   -999999,   -999999,   -999999,   -999999,   -999999,   -999999,   -999999,   -999999,   -999999,   -999999,   -999999,   -999999,   -999999,   -999999,   -999999,   -999999,   -999999,   -999999,   -999999,   -999999,   -999999,   -999999,   -999999,   -999999,   -999999,   -999999,   -999999,   -999999,     -999999  
64487,   60,          1401305.0,         14.000000,  12.94651717,   36.92863052,   285.4915076,   2.175784347,   777,   285.1499939,   306.4655402,   181.3329926,   46.46763656,   22.01978002,   244.8804725,   2.2272,   162.8,   140.95656,   124.49448,   0.42,   0,   92.98,   88.96,   4.04,   0.56,   0.98,   306.42,   259.1299939,   295.1499939,   828.8,   45.4,   45.26,   -164.8,   102.12,   1.786,   2.1,   14.194,   15.954,   14.778,   0.28334,   1.75882,   2.2079,    -999999,  16.138,   259.8979939,   0,   2.2272,   0.07986648,   1.07928,   65.98,   407.3485714,   1.86845,   0.110015,    -999999,   -999999,   -999999,   -999999,   -999999,   -999999,   -999999,   -999999,   -999999,   -999999,   -999999,   -999999,   -999999,   -999999,   -999999,   -999999,   -999999,   -999999,   -999999,   -999999,   -999999,   -999999,   -999999,   -999999,   -999999,   -999999,   -999999,   -999999,   -999999,   -999999,   -999999,   -999999,   -999999,   -999999,   -999999,   -999999,   -999999,   -999999,   -999999,   -999999,   -999999,   -999999,   -999999,   -999999,   -999999,   -999999,   -999999,   -999999,   -999999,   -999999,   -999999,     -999999  
64492,   60,          1401306.0,         14.000000,  12.94851622,   36.92875846,   285.5006599,   2.171639067,   777.8,   285.1499939,   306.3754463,   181.3329926,   46.475803,   22.11991118,   245.4603075,   2.224,   163,   140.95656,   124.906032,   0.42,   0,   92.98,   89,   3.94,   0.6,   0.72,   306.38,   259.4499939,   295.1499939,   829.2,   45.4,   45.02,   -164.74,   102.16,   1.83,   2.15,   14.17,   15.926,   15.194,   0.279775,   1.73655,   2.180275,    -999999,  16.0625,   259.7474939,   0,   2.224,   0.09478752,   1.07928,   64.98,   407.3242857,   1.868488889,   0.1063,    -999999,   -999999,   -999999,   -999999,   -999999,   -999999,   -999999,   -999999,   -999999,   -999999,   -999999,   -999999,   -999999,   -999999,   -999999,   -999999,   -999999,   -999999,   -999999,   -999999,   -999999,   -999999,   -999999,   -999999,   -999999,   -999999,   -999999,   -999999,   -999999,   -999999,   -999999,   -999999,   -999999,   -999999,   -999999,   -999999,   -999999,   -999999,   -999999,   -999999,   -999999,   -999999,   -999999,   -999999,   -999999,   -999999,   -999999,   -999999,   -999999,   -999999,   -999999,     -999999  
64497,   60,          1401307.0,         14.000000,  12.95051597,   36.9288832,   285.5098229,   2.172309627,   777.8,   285.1299939,   306.3539576,   181.3329926,   46.4839848,   21.89985847,   245.2407307,   2.2226,   163,   141.368112,   125.111808,   0.42,   0,   92.96,   89.02,   3.94,   0.96,   0.66,   306.32,   259.5499939,   295.1499939,   828.6,   45.4,   44.98,   -164.7,   101.86,   1.848,   2.17,   14.134,   15.884,   15.354,   0.281575,   1.747725,   2.194075,    -999999,  16.23,   259.8224939,   0,   2.2226,   0.07134832,   1.07928,   62.94,   407.31,   1.86735,   0.106125,    -999999,   -999999,   -999999,   -999999,   -999999,   -999999,   -999999,   -999999,   -999999,   -999999,   -999999,   -999999,   -999999,   -999999,   -999999,   -999999,   -999999,   -999999,   -999999,   -999999,   -999999,   -999999,   -999999,   -999999,   -999999,   -999999,   -999999,   -999999,   -999999,   -999999,   -999999,   -999999,   -999999,   -999999,   -999999,   -999999,   -999999,   -999999,   -999999,   -999999,   -999999,   -999999,   -999999,   -999999,   -999999,   -999999,   -999999,   -999999,   -999999,   -999999,   -999999,     -999999  
64502,   60,          1401308.0,         14.000000,  12.95251554,   36.92900612,   285.5189831,   2.175113787,   777.2,   284.8699939,   306.1420971,   181.3329926,   46.4921796,   21.99952906,   247.0210939,   2.226,   163,   141.162336,   124.906032,   0.42,   0,   92.66,   89.02,   3.64,   0.94,   0.5,   306.1,   259.3099939,   294.8699939,   828.8,   45.4,   44.88,   -164.68,   102.1,   1.814,   2.128,   13.906,   15.588,   15.302,   0.261125,   1.620808333,   2.034208333,    -999999,  15.49166667,   258.8924939,   0,   2.226,   0.06875712,   1.0493,   59.3,   407.1128571,   1.86415,   0.09969473684,    -999999,   -999999,   -999999,   -999999,   -999999,   -999999,   -999999,   -999999,   -999999,   -999999,   -999999,   -999999,   -999999,   -999999,   -999999,   -999999,   -999999,   -999999,   -999999,   -999999,   -999999,   -999999,   -999999,   -999999,   -999999,   -999999,   -999999,   -999999,   -999999,   -999999,   -999999,   -999999,   -999999,   -999999,   -999999,   -999999,   -999999,   -999999,   -999999,   -999999,   -999999,   -999999,   -999999,   -999999,   -999999,   -999999,   -999999,   -999999,   -999999,   -999999,   -999999,     -999999  
64507,   60,          1401309.0,         14.000000,  12.95451479,   36.92913408,   285.5281386,   2.175784347,   777,   284.6899939,   305.9711543,   181.3329926,   46.50039338,   22.0392624,   247.0001875,   2.2268,   163,   140.95656,   125.00892,   0.42,   0,   92.6,   88.96,   3.62,   0.7,   0.44,   305.94,   258.7699939,   294.6899939,   829.2,   45.4,   44.76,   -164.6,   102.44,   1.736,   2.038,   13.752,   15.392,   14.808,   0.2565181818,   1.592218182,   1.9986,    -999999,  15.22,   258.6827212,   0,   2.2268,   0.06782308,   1.0493,   59.8,   407.075,   1.863677778,   0.1026857143,    -999999,   -999999,   -999999,   -999999,   -999999,   -999999,   -999999,   -999999,   -999999,   -999999,   -999999,   -999999,   -999999,   -999999,   -999999,   -999999,   -999999,   -999999,   -999999,   -999999,   -999999,   -999999,   -999999,   -999999,   -999999,   -999999,   -999999,   -999999,   -999999,   -999999,   -999999,   -999999,   -999999,   -999999,   -999999,   -999999,   -999999,   -999999,   -999999,   -999999,   -999999,   -999999,   -999999,   -999999,   -999999,   -999999,   -999999,   -999999,   -999999,   -999999,   -999999,     -999999  
64512,   60,          1401310.0,         14.000000,  12.95651446,   36.92926722,   285.5373002,   2.173711707,   777.4,   284.6899939,   305.9261651,   181.3329926,   46.50862915,   21.95569594,   247.9788148,   2.2244,   163,   141.265224,   125.111808,   0.42,   0,   92.4,   88.96,   3.42,   0.6,   0.82,   305.86,   258.4499939,   294.6899939,   828.4,   45.4,   45.04,   -164.6,   102.84,   1.69,   1.984,   13.72,   15.352,   14.458,   0.251825,   1.5631,   1.9625,    -999999,  14.9475,   258.4549939,   0,   2.2244,   0.06602116,   1.0493,   56.32,   407.005,   1.8623,   0.099735,    -999999,   -999999,   -999999,   -999999,   -999999,   -999999,   -999999,   -999999,   -999999,   -999999,   -999999,   -999999,   -999999,   -999999,   -999999,   -999999,   -999999,   -999999,   -999999,   -999999,   -999999,   -999999,   -999999,   -999999,   -999999,   -999999,   -999999,   -999999,   -999999,   -999999,   -999999,   -999999,   -999999,   -999999,   -999999,   -999999,   -999999,   -999999,   -999999,   -999999,   -999999,   -999999,   -999999,   -999999,   -999999,   -999999,   -999999,   -999999,   -999999,   -999999,   -999999,     -999999  
64517,   60,          1401311.0,         14.000000,  12.95851468,   36.92939914,   285.5464702,   2.173406907,   777.6,   284.5899939,   305.7962302,   181.3329926,   46.51688151,   22.07965818,   247.8806157,   2.2236,   163,   141.368112,   125.00892,   0.42,   0,   92.44,   89,   3.46,   0.92,   0.72,   305.76,   257.9899939,   294.5899939,   828.8,   45.4,   45.02,   -164.52,   102.54,   1.626,   1.91,   13.636,   15.24,   14.008,   0.2403666667,   1.491966667,   1.873108333,    -999999,  14.26583333,   257.8958272,   0,   2.2236,   0.08895392,   1.0493,   55.02,   406.8914286,   1.86065,   0.1001684211,   406.8,   1862.98,   95.58,   329.86,   9.16,   525.56,   -47.32,    -999999,  231.86,   516.56,   3.33,   70.93,   8.64,   0.49,   21.18,   13.31,   97.1,   7.33,   22.59,   20.49,   1.28,   0.97,   3.54,   3.28,   0.4,   2.71,   83.29,   4.72,   2.15,   6.97,   0.11,   0.88,    -999999,  576.69,   49.83,   9.25,   2.69,   122.04,   720.96,   123.29,   12.78,   10.16,   3.43,   3.99,   19.98,   24.56,   0.15,   0.15,    -999999,  0.63,   4.56,          244.45000  
64522,   60,          1401312.0,         14.000000,  12.9605147,   36.92952984,   285.5556372,   2.174748027,   777.2,   284.5699939,   305.8196952,   181.3329926,   46.52514739,   22.25919392,   247.922104,   2.2246,   163,   141.059448,   124.803144,   0.42,   0,   92.5,   89,   3.52,   1.04,   0.82,   305.78,   257.6699939,   294.5099939,   829,   45.4,   45.18,   -164.5,   102.46,   1.586,   1.86,   13.62,   15.222,   13.658,   0.24056,   1.49304,   1.87422,    -999999,  14.276,   257.9019939,   0,   2.2246,   0.06704524,   1.0493,   56.86,   406.89,   1.8609,   0.1003190476,   406.8,   1862.98,   95.58,   329.86,   9.16,   525.56,   -47.32,    -999999,  231.86,   516.56,   3.33,   70.93,   8.64,   0.49,   21.18,   13.31,   97.1,   7.33,   22.59,   20.49,   1.28,   0.97,   3.54,   3.28,   0.4,   2.71,   83.29,   4.72,   2.15,   6.97,   0.11,   0.88,    -999999,  576.69,   49.83,   9.25,   2.69,   122.04,   720.96,   123.29,   12.78,   10.16,   3.43,   3.99,   19.98,   24.56,   0.15,   0.15,    -999999,  0.63,   4.56,          244.45000  
64527,   60,          1401313.0,         14.000000,  12.96251429,   36.92965648,   285.5647977,   2.175174747,   777,   284.5899939,   305.863679,   181.3329926,   46.5334231,   22.03920758,   247.0450044,   2.2262,   163,   141.162336,   124.906032,   0.42,   0,   92.66,   89.02,   3.64,   0.96,   0.88,   305.78,   257.7099939,   294.5499939,   829,   45.4,   45.16,   -164.48,   102.38,   1.59,   1.866,   13.64,   15.248,   13.682,   0.2531,   1.570881818,   1.971827273,    -999999,  15.10545455,   258.5145394,   0,   2.2262,   0.0682238,   1.0493,   59.28,   406.99,   1.86275,   0.10588,   406.8,   1862.98,   95.58,   329.86,   9.16,   525.56,   -47.32,    -999999,  231.86,   516.56,   3.33,   70.93,   8.64,   0.49,   21.18,   13.31,   97.1,   7.33,   22.59,   20.49,   1.28,   0.97,   3.54,   3.28,   0.4,   2.71,   83.29,   4.72,   2.15,   6.97,   0.11,   0.88,    -999999,  576.69,   49.83,   9.25,   2.69,   122.04,   720.96,   123.29,   12.78,   10.16,   3.43,   3.99,   19.98,   24.56,   0.15,   0.15,    -999999,  0.63,   4.56,          244.45000  
64532,   60,          1401314.0,         14.000000,  12.96451357,   36.92977966,   285.5739535,   2.174443227,   777.2,   284.5899939,   305.8411887,   181.3329926,   46.54170975,   21.83902566,   247.218035,   2.227,   163,   141.265224,   125.00892,   0.42,   0,   92.64,   89.04,   3.58,   0.76,   0.72,   305.78,   258.0099939,   294.5899939,   829.2,   45.5,   44.96,   -164.4,   102.62,   1.63,   1.912,   13.632,   15.242,   14.03,   0.2481,   1.5399,   1.933125,    -999999,  14.92,   258.2749939,   0,   2.227,   0.06810002,   1.0493,   57.68,   406.965,   1.86225,   0.09785,   406.8,   1862.98,   95.58,   329.86,   9.16,   525.56,   -47.32,    -999999,  231.86,   516.56,   3.33,   70.93,   8.64,   0.49,   21.18,   13.31,   97.1,   7.33,   22.59,   20.49,   1.28,   0.97,   3.54,   3.28,   0.4,   2.71,   83.29,   4.72,   2.15,   6.97,   0.11,   0.88,    -999999,  576.69,   49.83,   9.25,   2.69,   122.04,   720.96,   123.29,   12.78,   10.16,   3.43,   3.99,   19.98,   24.56,   0.15,   0.15,    -999999,  0.63,   4.56,          244.45000  
64537,   60,          1401315.0,         14.000000,  12.96651296,   36.92990174,   285.583111,   2.173102107,   777.2,   284.3899939,   305.6262541,   181.3329926,   46.55001124,   21.35972087,   247.0421354,   2.2252,   163,   141.779664,   125.626248,   0.42,   0,   92.54,   89.02,   3.5,   0.78,   0.64,   305.58,   257.8299939,   294.4299939,   829.6,   45.5,   44.92,   -164.4,   102.74,   1.604,   1.884,   13.484,   15.046,   13.98,   0.241425,   1.49855,   1.88135,    -999999,  14.4575,   257.9499939,   0,   2.2252,   0.06606414,   1.0493,   56.54,   406.9314286,   1.86115,   0.09775,    -999999,   -999999,   -999999,   -999999,   -999999,   -999999,   -999999,   -999999,   -999999,   -999999,   -999999,   -999999,   -999999,   -999999,   -999999,   -999999,   -999999,   -999999,   -999999,   -999999,   -999999,   -999999,   -999999,   -999999,   -999999,   -999999,   -999999,   -999999,   -999999,   -999999,   -999999,   -999999,   -999999,   -999999,   -999999,   -999999,   -999999,   -999999,   -999999,   -999999,   -999999,   -999999,   -999999,   -999999,   -999999,   -999999,   -999999,   -999999,   -999999,   -999999,   -999999,     -999999  
64542,   60,          1401316.0,         14.000000,  12.96851229,   36.93002502,   285.5922676,   2.174077467,   777.4,   284.4699939,   305.6897544,   181.3329926,   46.55832903,   21.05977751,   246.5809121,   2.225,   163,   142.088328,   125.729136,   0.42,   0,   92.58,   89.02,   3.54,   0.96,   0.68,   305.68,   257.7499939,   294.5699939,   830,   45.5,   44.96,   -164.32,   102.62,   1.594,   1.87,   13.542,   15.122,   13.828,   0.243325,   1.510375,   1.896025,    -999999,  14.6325,   258.0399939,   0,   2.225,   0.06798768,   1.043304,   54.62,   406.945,   1.8612,   0.0979,    -999999,   -999999,   -999999,   -999999,   -999999,   -999999,   -999999,   -999999,   -999999,   -999999,   -999999,   -999999,   -999999,   -999999,   -999999,   -999999,   -999999,   -999999,   -999999,   -999999,   -999999,   -999999,   -999999,   -999999,   -999999,   -999999,   -999999,   -999999,   -999999,   -999999,   -999999,   -999999,   -999999,   -999999,   -999999,   -999999,   -999999,   -999999,   -999999,   -999999,   -999999,   -999999,   -999999,   -999999,   -999999,   -999999,   -999999,   -999999,   -999999,   -999999,   -999999,     -999999  
