inputs/ACTAMERICA_Merge/C130/ACTAMERICA-mrg05-c130_merge_20170125_R0.ict
143, 1001
Shook, Michael
NASA Atmospheric Composition Branch, NASA Langley Research Center (SSAI)
Merged data file for ACT-AMERICA 2017, Flight 01 (20170125), on the c130 platform. Data is merged to 05 seconds.
NASA ACT-AMERICA 2017
1, 1
2017, 01, 25, 2018, 02, 23
05
UTC,s
104
1, 1, 1, 1, 1, 1, 1, 1, 1, 1, 1, 1, 1, 1, 1, 1, 1, 1, 1, 1, 1, 1, 1, 1, 1, 1, 1, 1, 1, 1, 1, 1, 1, 1, 1, 1, 1, 1, 1, 1, 1, 1, 1, 1, 1, 1, 1, 1, 1, 1, 1, 1, 1, 1, 1, 1, 1, 1, 1, 1, 1, 1, 1, 1, 1, 1, 1, 1, 1, 1, 1, 1, 1, 1, 1, 1, 1, 1, 1, 1, 1, 1, 1, 1, 1, 1, 1, 1, 1, 1, 1, 1, 1, 1, 1, 1, 1, 1, 1, 1, 1, 1, 1, 1
-999999, -999999, -999999, -999999, -999999, -999999, -999999, -999999, -999999, -999999, -999999, -999999, -999999, -999999, -999999, -999999, -999999, -999999, -999999, -999999, -999999, -999999, -999999, -999999, -999999, -999999, -999999, -999999, -999999, -999999, -999999, -999999, -999999, -999999, -999999, -999999, -999999, -999999, -999999, -999999, -999999, -999999, -999999, -999999, -999999, -999999, -999999, -999999, -999999, -999999, -999999, -999999, -999999, -999999, -999999, -999999, -999999, -999999, -999999, -999999, -999999, -999999, -999999, -999999, -999999, -999999, -999999, -999999, -999999, -999999, -999999, -999999, -999999, -999999, -999999, -999999, -999999, -999999, -999999, -999999, -999999, -999999, -999999, -999999, -999999, -999999, -999999, -999999, -999999, -999999, -999999, -999999, -999999, -999999, -999999, -999999, -999999, -999999, -999999, -999999, -999999, -999999, -999999, -999999
JDAY, days
INDEX, none
FLIGHT, none
LOCAL_SUN_TIME, hour
LATITUDE, degs
LONGITUDE, degs
ALTP, km
PRESSURE, hPa
TEMPERATURE, K
THETA, K
O3COLUMN, DU
SZA, deg
WNS, m s-1
WND, Degs
GPS_ALT, km
GRD_SPD, m s-1
TAS, m/s
IAS, m/s
MachNumber, mach
VerticalSpeed, m s-1
HDG, degs
TRK, degs
DriftAngle, degs
PITCH, degs
ROLL, degs
PotentialTemp, K
Dewpoint, K
TotalAirTemp, K
CabinPressure, hPa
SolarZenithAngle, degs
AircraftSunElevation, degs
SunAzimuth, degs
AircraftSunAzimuth, degs
H2O_MixingRatio, g kg-1
H2O_VaporPressure, hPa
H2O_SatVaporPressureWater, hPa
H2O_SatVaporPressureIce, hPa
H2O_RelativeHumidity, %
H2O_VolMixingRatio_PICARRO, %
H2O_MassMixingRatio_PICARRO, g kg-1
H2O_VaporPressure_PICARRO, hPa
RHi_PICARRO, %
RHw_PICARRO, %
Dewpoint_PICARRO, K
Ground_Elevation, km
Altitude_AGL, km
GroundHeight_CPL, km
MLH_CPL, km
O3_MixingRatio, ppbv
CO2_MixingRatio_PICARRO, ppmv
CH4_MixingRatio_PICARRO, ppmv
CO_MixingRatio_PICARRO, ppmv
CO2_MoleFraction_PFP, ppm
CH4_MoleFraction_PFP, ppb
CO_MoleFraction_PFP, ppb
N2O_MoleFraction_PFP, ppb
SF6_CCGG_MoleFraction_PFP, ppt
H2_MoleFraction_PFP, ppb
CH4C13_PFP, per mil
CO2C14_PFP, per mil
F11B_MoleFraction_PFP, ppt
FC12_MoleFraction_PFP, ppt
F13_MoleFraction_PFP, ppt
F113_MoleFraction_PFP, ppt
F115_MoleFraction_PFP, ppt
HF133a_MoleFraction_PFP, ppt
F23_MoleFraction_PFP, ppt
F32_MoleFraction_PFP, ppt
F134A_MoleFraction_PFP, ppt
F152A_MoleFraction_PFP, ppt
F125_MoleFraction_PFP, ppt
F143a_MoleFraction_PFP, ppt
F227e_MoleFraction_PFP, ppt
F365m_MoleFraction_PFP, ppt
H1211_MoleFraction_PFP, ppt
H1301_MoleFraction_PFP, ppt
H2402_MoleFraction_PFP, ppt
MCFA_MoleFraction_PFP, ppt
CF4_MoleFraction_PFP, ppt
C2F6_MoleFraction_PFP, ppt
SO2F2_MoleFraction_PFP, ppt
MEBR_MoleFraction_PFP, ppt
CH3I_MoleFraction_PFP, ppt
DIBR_MoleFraction_PFP, ppt
[...]
[from data line 359]
72497,   25,          100360.00,         1.0000000,  15.0141452,   36.5249443,   283.130928,   3.24666868,   679,   275.9299939,   308.2024742,   261,   70.00385626,   24.85940116,   267.2221218,   3.295,   88.6,   109.369944,   91.87898401,   0.33,   0,   236.88,   228.78,   8.08,   3.6,   0.1,   308.2,   253.4899939,   281.9499939,   935.4,   67.9,   18.34,   -137.08,   -13.4,   1.274,   1.306,   7.532,   7.746,   17.364,   0.2204222222,   1.368144444,   1.495855556,    -999999,  20.88777778,   255.1777717,   0.0081,   3.2869,    -999999,   -999999,  32.84,   407.045,   1.881388889,   0.1044473684,   406.37,   1872.66,   91.2,   329.85,   9.21,   521.99,    -999999,   -999999,  233.23,   516.98,   3.35,   71.11,   8.58,   0.51,   30.03,   13.4,   96.9,   7.24,   22.4,   20.46,   1.3,   0.96,   3.56,   3.29,   0.42,   3.86,   83.75,   4.67,   2.37,   6.95,   0.21,   0.95,   522.34,   580.05,   64.66,   11.71,   2.05,   110.02,   743.46,   131.15,   20.2,   20.36,   4.07,   9.47,   23.57,   29.53,   0.18,   0.15,   254.84,   0.6,   7.17,          247.06000  
72502,   25,          100361.00,         1.0000000,  15.01528568,   36.5223053,   283.1272018,   3.24825364,   678.6,   275.9499939,   308.2767118,   261,   70.01182984,   24.9194312,   267.1817806,   3.2948,   88,   109.06128,   91.57032001,   0.33,   0,   236.88,   228.68,   8.2,   3.6,   -0.14,   308.26,   253.2099939,   281.9499939,   935,   67.9,   18.4,   -137,   -13.34,   1.246,   1.276,   7.554,   7.774,   16.9,   0.2125222222,   1.319033333,   1.4423,    -999999,  20.14,   254.7699939,   0.00694,   3.28786,    -999999,   -999999,  32.2,   407.01,   1.8797,   0.09925,   406.37,   1872.66,   91.2,   329.85,   9.21,   521.99,    -999999,   -999999,  233.23,   516.98,   3.35,   71.11,   8.58,   0.51,   30.03,   13.4,   96.9,   7.24,   22.4,   20.46,   1.3,   0.96,   3.56,   3.29,   0.42,   3.86,   83.75,   4.67,   2.37,   6.95,   0.21,   0.95,   522.34,   580.05,   64.66,   11.71,   2.05,   110.02,   743.46,   131.15,   20.2,   20.36,   4.07,   9.47,   23.57,   29.53,   0.18,   0.15,   254.84,   0.6,   7.17,          247.06000  
72507,   25,          100362.00,         1.0000000,  15.01642788,   36.51966704,   283.1235016,   3.24660772,   679,   275.9499939,   308.2248134,   261,   70.01982206,   25.13996056,   267.3400159,   3.294,   88,   109.06128,   91.57032001,   0.33,   0,   236.88,   228.6,   8.32,   3.6,   0.06,   308.24,   254.5699939,   281.9499939,   935.4,   67.96,   18.32,   -137,   -13.3,   1.404,   1.442,   7.56,   7.78,   19.06,   0.2576,   1.59886,   1.74831,    -999999,  24.412,   256.9829939,   0.00714,   3.28686,    -999999,   -999999,  29.28,   406.5557143,   1.87035,   0.0936,   406.37,   1872.66,   91.2,   329.85,   9.21,   521.99,    -999999,   -999999,  233.23,   516.98,   3.35,   71.11,   8.58,   0.51,   30.03,   13.4,   96.9,   7.24,   22.4,   20.46,   1.3,   0.96,   3.56,   3.29,   0.42,   3.86,   83.75,   4.67,   2.37,   6.95,   0.21,   0.95,   522.34,   580.05,   64.66,   11.71,   2.05,   110.02,   743.46,   131.15,   20.2,   20.36,   4.07,   9.47,   23.57,   29.53,   0.18,   0.15,   254.84,   0.6,   7.17,          247.06000  
72512,   25,          100363.00,         1.0000000,  15.0175707,   36.5170334,   283.1198105,   3.24703444,   679,   275.9499939,   308.2248134,   261,   70.02782601,   25.27978456,   267.9003168,   3.294,   88,   108.752616,   91.57032001,   0.33,   0,   237.1,   228.62,   8.46,   3.6,   0.34,   308.28,   257.9899939,   281.9499939,   936.2,   68,   18.3,   -137,   -13.62,   1.866,   1.914,   7.566,   7.786,   25.25,   0.2853111111,   1.770711111,   1.9362,    -999999,  27.03777778,   258.2944383,   0.00678,   3.28722,    -999999,   -999999,  28.12,   406.3557143,   1.867633333,   0.0955,    -999999,   -999999,   -999999,   -999999,   -999999,   -999999,   -999999,   -999999,   -999999,   -999999,   -999999,   -999999,   -999999,   -999999,   -999999,   -999999,   -999999,   -999999,   -999999,   -999999,   -999999,   -999999,   -999999,   -999999,   -999999,   -999999,   -999999,   -999999,   -999999,   -999999,   -999999,   -999999,   -999999,   -999999,   -999999,   -999999,   -999999,   -999999,   -999999,   -999999,   -999999,   -999999,   -999999,   -999999,   -999999,   -999999,   -999999,   -999999,   -999999,   -999999,   -999999,     -999999  
72517,   25,          100364.00,         1.0000000,  15.01871311,   36.5144066,   283.1161133,   3.24855844,   678.8,   275.9499939,   308.2507577,   261,   70.03583445,   25.33995984,   267.9601421,   3.294,   88,   108.752616,   91.46743201,   0.33,   0,   237.18,   228.7,   8.46,   3.64,   0.14,   308.3,   258.0299939,   281.9499939,   936.2,   68,   18.3,   -137,   -13.62,   1.87,   1.916,   7.566,   7.786,   25.322,   0.2949222222,   1.830455556,   2.001533333,    -999999,  27.94555556,   258.6955495,   0.00722,   3.28678,    -999999,   -999999,  26.3,   406.315,   1.8669,   0.0882,    -999999,   -999999,   -999999,   -999999,   -999999,   -999999,   -999999,   -999999,   -999999,   -999999,   -999999,   -999999,   -999999,   -999999,   -999999,   -999999,   -999999,   -999999,   -999999,   -999999,   -999999,   -999999,   -999999,   -999999,   -999999,   -999999,   -999999,   -999999,   -999999,   -999999,   -999999,   -999999,   -999999,   -999999,   -999999,   -999999,   -999999,   -999999,   -999999,   -999999,   -999999,   -999999,   -999999,   -999999,   -999999,   -999999,   -999999,   -999999,   -999999,   -999999,   -999999,     -999999  
72522,   25,          100365.00,         1.0000000,  15.01985572,   36.51177902,   283.1124191,   3.24776596,   679,   275.9499939,   308.2248134,   261,   70.0438473,   25.399901,   267.8202363,   3.294,   88,   109.06128,   91.57032001,   0.33,   0,   237.08,   228.62,   8.46,   3.6,   -0.06,   308.28,   259.4699939,   281.9499939,   936.6,   68,   18.36,   -137,   -13.46,   2.11,   2.162,   7.556,   7.776,   28.606,   0.3497727273,   2.171036364,   2.373936364,    -999999,  33.15,   260.7663575,   0.00736,   3.28664,    -999999,   -999999,  24.86,   406.04,   1.861911111,   0.08682631579,    -999999,   -999999,   -999999,   -999999,   -999999,   -999999,   -999999,   -999999,   -999999,   -999999,   -999999,   -999999,   -999999,   -999999,   -999999,   -999999,   -999999,   -999999,   -999999,   -999999,   -999999,   -999999,   -999999,   -999999,   -999999,   -999999,   -999999,   -999999,   -999999,   -999999,   -999999,   -999999,   -999999,   -999999,   -999999,   -999999,   -999999,   -999999,   -999999,   -999999,   -999999,   -999999,   -999999,   -999999,   -999999,   -999999,   -999999,   -999999,   -999999,   -999999,   -999999,     -999999  
72527,   25,          100366.00,         1.0000000,  15.02099793,   36.50913772,   283.1087189,   3.24630292,   678.8,   275.9499939,   308.2507577,   261,   70.05185031,   25.39983834,   267.68,   3.294,   88,   109.06128,   91.57032001,   0.33,   0,   236.94,   228.5,   8.46,   3.6,   0.18,   308.2,   260.3099939,   281.9499939,   936.8,   68,   18.36,   -137,   -13.38,   2.252,   2.31,   7.544,   7.764,   30.592,   0.3495,   2.16936,   2.37206,    -999999,  33.122,   260.7759939,   0.00816,   3.28584,    -999999,   -999999,  26.58,   406.08,   1.86335,   0.08540526316,    -999999,   -999999,   -999999,   -999999,   -999999,   -999999,   -999999,   -999999,   -999999,   -999999,   -999999,   -999999,   -999999,   -999999,   -999999,   -999999,   -999999,   -999999,   -999999,   -999999,   -999999,   -999999,   -999999,   -999999,   -999999,   -999999,   -999999,   -999999,   -999999,   -999999,   -999999,   -999999,   -999999,   -999999,   -999999,   -999999,   -999999,   -999999,   -999999,   -999999,   -999999,   -999999,   -999999,   -999999,   -999999,   -999999,   -999999,   -999999,   -999999,   -999999,   -999999,     -999999  
72532,   25,          100367.00,         1.0000000,  15.02214013,   36.5064972,   283.1050186,   3.24624196,   679,   275.9699939,   308.2471526,   261,   70.05985707,   25.59983488,   267.6605472,   3.2932,   88,   109.57572,   91.98187201,   0.33,   0,   237.08,   228.62,   8.46,   3.6,   0.54,   308.22,   259.9499939,   281.9499939,   936.8,   68,   18.2,   -136.94,   -13.62,   2.188,   2.242,   7.544,   7.762,   29.724,   0.35766,   2.2199,   2.4274,    -999999,  33.894,   261.0699939,   0.01224,   3.28096,    -999999,   -999999,  24.38,   406.0042857,   1.861422222,   0.08654736842,    -999999,   -999999,   -999999,   -999999,   -999999,   -999999,   -999999,   -999999,   -999999,   -999999,   -999999,   -999999,   -999999,   -999999,   -999999,   -999999,   -999999,   -999999,   -999999,   -999999,   -999999,   -999999,   -999999,   -999999,   -999999,   -999999,   -999999,   -999999,   -999999,   -999999,   -999999,   -999999,   -999999,   -999999,   -999999,   -999999,   -999999,   -999999,   -999999,   -999999,   -999999,   -999999,   -999999,   -999999,   -999999,   -999999,   -999999,   -999999,   -999999,   -999999,   -999999,     -999999  
72537,   25,          100368.00,         1.0000000,  15.02328203,   36.50386428,   283.1013138,   3.24630292,   679,   276.0499939,   308.3365093,   261,   70.06786973,   25.59995288,   267.1999999,   3.2936,   88,   109.57572,   92.08476001,   0.33,   0,   237.1,   228.7,   8.42,   3.6,   0.26,   308.3,   259.5299939,   281.9499939,   937.4,   68,   18.28,   -136.9,   -13.58,   2.114,   2.166,   7.582,   7.806,   28.576,   0.34954,   2.16958,   2.37234,    -999999,  33.127,   260.7869939,   0.01092,   3.28268,    -999999,   -999999,  23.34,   405.95,   1.861222222,   0.08624736842,    -999999,   -999999,   -999999,   -999999,   -999999,   -999999,   -999999,   -999999,   -999999,   -999999,   -999999,   -999999,   -999999,   -999999,   -999999,   -999999,   -999999,   -999999,   -999999,   -999999,   -999999,   -999999,   -999999,   -999999,   -999999,   -999999,   -999999,   -999999,   -999999,   -999999,   -999999,   -999999,   -999999,   -999999,   -999999,   -999999,   -999999,   -999999,   -999999,   -999999,   -999999,   -999999,   -999999,   -999999,   -999999,   -999999,   -999999,   -999999,   -999999,   -999999,   -999999,     -999999  
72542,   25,          100369.00,         1.0000000,  15.02442362,   36.50122986,   283.0976044,   3.24666868,   679,   275.9899939,   308.2694917,   261,   70.07588192,   25.69990591,   267.4000002,   3.2948,   88,   109.57572,   92.08476001,   0.33,   0,   237.08,   228.64,   8.44,   3.6,   0,   308.3,   259.9499939,   281.9499939,   937.6,   68,   18.3,   -136.9,   -13.4,   2.188,   2.242,   7.58,   7.802,   29.59,   0.3667,   2.276055556,   2.488688889,    -999999,  34.75111111,   261.3833272,   0.01,   3.2848,    -999999,   -999999,  22.02,   405.965,   1.8606,   0.08727368421,    -999999,   -999999,   -999999,   -999999,   -999999,   -999999,   -999999,   -999999,   -999999,   -999999,   -999999,   -999999,   -999999,   -999999,   -999999,   -999999,   -999999,   -999999,   -999999,   -999999,   -999999,   -999999,   -999999,   -999999,   -999999,   -999999,   -999999,   -999999,   -999999,   -999999,   -999999,   -999999,   -999999,   -999999,   -999999,   -999999,   -999999,   -999999,   -999999,   -999999,   -999999,   -999999,   -999999,   -999999,   -999999,   -999999,   -999999,   -999999,   -999999,   -999999,   -999999,     -999999  
72547,   25,          100370.00,         1.0000000,  15.02556603,   36.49858932,   283.0939072,   3.2489242,   678.8,   276.0499939,   308.362463,   261,   70.08390009,   25.61983761,   267.1801718,   3.295,   88,   109.57572,   92.08476001,   0.33,   0,   236.9,   228.54,   8.4,   3.6,   0,   308.3,   260.1499939,   281.9499939,   937.6,   68,   18.34,   -136.9,   -13.26,   2.22,   2.28,   7.584,   7.806,   30.054,   0.3598555556,   2.233466667,   2.441844444,    -999999,  34.09666667,   261.1466606,   0.00912,   3.28588,    -999999,   -999999,  25.38,   405.93,   1.86065,   0.08525,    -999999,   -999999,   -999999,   -999999,   -999999,   -999999,   -999999,   -999999,   -999999,   -999999,   -999999,   -999999,   -999999,   -999999,   -999999,   -999999,   -999999,   -999999,   -999999,   -999999,   -999999,   -999999,   -999999,   -999999,   -999999,   -999999,   -999999,   -999999,   -999999,   -999999,   -999999,   -999999,   -999999,   -999999,   -999999,   -999999,   -999999,   -999999,   -999999,   -999999,   -999999,   -999999,   -999999,   -999999,   -999999,   -999999,   -999999,   -999999,   -999999,   -999999,   -999999,     -999999  
72552,   25,          100371.00,         1.0000000,  15.02670844,   36.49594956,   283.09021,   3.2474002,   679,   276.0099939,   308.2918309,   261,   70.09192203,   25.75996854,   267.2999224,   3.2952,   88,   109.57572,   92.08476001,   0.33,   0,   237.02,   228.56,   8.5,   3.6,   0.52,   308.3,   260.1499939,   281.9499939,   937.4,   68,   18.24,   -136.9,   -13.5,   2.22,   2.28,   7.58,   7.802,   30.064,   0.358875,   2.227525,   2.43535,    -999999,  34.0075,   261.1099939,   0.0075,   3.2877,    -999999,   -999999,  25.62,   405.9257143,   1.860366667,   0.08950526316,    -999999,   -999999,   -999999,   -999999,   -999999,   -999999,   -999999,   -999999,   -999999,   -999999,   -999999,   -999999,   -999999,   -999999,   -999999,   -999999,   -999999,   -999999,   -999999,   -999999,   -999999,   -999999,   -999999,   -999999,   -999999,   -999999,   -999999,   -999999,   -999999,   -999999,   -999999,   -999999,   -999999,   -999999,   -999999,   -999999,   -999999,   -999999,   -999999,   -999999,   -999999,   -999999,   -999999,   -999999,   -999999,   -999999,   -999999,   -999999,   -999999,   -999999,   -999999,     -999999  
72557,   25,          100372.00,         1.0000000,  15.02785065,   36.49331818,   283.0865097,   3.2458762,   679,   276.0499939,   308.3365093,   261,   70.09995127,   25.91998444,   267.5,   3.295,   88,   109.57572,   92.08476001,   0.33,   0,   237.26,   228.74,   8.5,   3.56,   0.4,   308.28,   260.1899939,   281.9499939,   938,   68,   18.28,   -136.9,   -13.7,   2.228,   2.288,   7.58,   7.8,   30.164,   0.3631,   2.253811111,   2.464033333,    -999999,  34.40888889,   261.2599939,   0.0047,   3.2903,    -999999,   -999999,  24.44,   405.9342857,   1.8604,   0.08535,    -999999,   -999999,   -999999,   -999999,   -999999,   -999999,   -999999,   -999999,   -999999,   -999999,   -999999,   -999999,   -999999,   -999999,   -999999,   -999999,   -999999,   -999999,   -999999,   -999999,   -999999,   -999999,   -999999,   -999999,   -999999,   -999999,   -999999,   -999999,   -999999,   -999999,   -999999,   -999999,   -999999,   -999999,   -999999,   -999999,   -999999,   -999999,   -999999,   -999999,   -999999,   -999999,   -999999,   -999999,   -999999,   -999999,   -999999,   -999999,   -999999,   -999999,   -999999,     -999999  
