inputs/ACTAMERICA_Merge/C130/ACTAMERICA-mrg05-c130_merge_20170206_R0.ict
143, 1001
Shook, Michael
NASA Atmospheric Composition Branch, NASA Langley Research Center (SSAI)
Merged data file for ACT-AMERICA 2017, Flight 05 (20170206), on the c130 platform. Data is merged to 05 seconds.
NASA ACT-AMERICA 2017
1, 1
2017, 02, 06, 2018, 02, 23
05
UTC,s
104
1, 1, 1, 1, 1, 1, 1, 1, 1, 1, 1, 1, 1, 1, 1, 1, 1, 1, 1, 1, 1, 1, 1, 1, 1, 1, 1, 1, 1, 1, 1, 1, 1, 1, 1, 1, 1, 1, 1, 1, 1, 1, 1, 1, 1, 1, 1, 1, 1, 1, 1, 1, 1, 1, 1, 1, 1, 1, 1, 1, 1, 1, 1, 1, 1, 1, 1, 1, 1, 1, 1, 1, 1, 1, 1, 1, 1, 1, 1, 1, 1, 1, 1, 1, 1, 1, 1, 1, 1, 1, 1, 1, 1, 1, 1, 1, 1, 1, 1, 1, 1, 1, 1, 1
-999999, -999999, -999999, -999999, -999999, -999999, -999999, -999999, -999999, -999999, -999999, -999999, -999999, -999999, -999999, -999999, -999999, -999999, -999999, -999999, -999999, -999999, -999999, -999999, -999999, -999999, -999999, -999999, -999999, -999999, -999999, -999999, -999999, -999999, -999999, -999999, -999999, -999999, -999999, -999999, -999999, -999999, -999999, -999999, -999999, -999999, -999999, -999999, -999999, -999999, -999999, -999999, -999999, -999999, -999999, -999999, -999999, -999999, -999999, -999999, -999999, -999999, -999999, -999999, -999999, -999999, -999999, -999999, -999999, -999999, -999999, -999999, -999999, -999999, -999999, -999999, -999999, -999999, -999999, -999999, -999999, -999999, -999999, -999999, -999999, -999999, -999999, -999999, -999999, -999999, -999999, -999999, -999999, -999999, -999999, -999999, -999999, -999999, -999999, -999999, -999999, -999999, -999999, -999999
JDAY, days
INDEX, none
FLIGHT, none
LOCAL_SUN_TIME, hour
LATITUDE, degs
LONGITUDE, degs
ALTP, km
PRESSURE, hPa
TEMPERATURE, K
THETA, K
O3COLUMN, DU
SZA, deg
WNS, m s-1
WND, Degs
GPS_ALT, km
GRD_SPD, m s-1
TAS, m/s
IAS, m/s
MachNumber, mach
VerticalSpeed, m s-1
HDG, degs
TRK, degs
DriftAngle, degs
PITCH, degs
ROLL, degs
PotentialTemp, K
Dewpoint, K
TotalAirTemp, K
CabinPressure, hPa
SolarZenithAngle, degs
AircraftSunElevation, degs
SunAzimuth, degs
AircraftSunAzimuth, degs
H2O_MixingRatio, g kg-1
H2O_VaporPressure, hPa
H2O_SatVaporPressureWater, hPa
H2O_SatVaporPressureIce, hPa
H2O_RelativeHumidity, %
H2O_VolMixingRatio_PICARRO, %
H2O_MassMixingRatio_PICARRO, g kg-1
H2O_VaporPressure_PICARRO, hPa
RHi_PICARRO, %
RHw_PICARRO, %
Dewpoint_PICARRO, K
Ground_Elevation, km
Altitude_AGL, km
GroundHeight_CPL, km
MLH_CPL, km
O3_MixingRatio, ppbv
CO2_MixingRatio_PICARRO, ppmv
CH4_MixingRatio_PICARRO, ppmv
CO_MixingRatio_PICARRO, ppmv
CO2_MoleFraction_PFP, ppm
CH4_MoleFraction_PFP, ppb
CO_MoleFraction_PFP, ppb
N2O_MoleFraction_PFP, ppb
SF6_CCGG_MoleFraction_PFP, ppt
H2_MoleFraction_PFP, ppb
CH4C13_PFP, per mil
CO2C14_PFP, per mil
F11B_MoleFraction_PFP, ppt
FC12_MoleFraction_PFP, ppt
F13_MoleFraction_PFP, ppt
F113_MoleFraction_PFP, ppt
F115_MoleFraction_PFP, ppt
HF133a_MoleFraction_PFP, ppt
F23_MoleFraction_PFP, ppt
F32_MoleFraction_PFP, ppt
F134A_MoleFraction_PFP, ppt
F152A_MoleFraction_PFP, ppt
F125_MoleFraction_PFP, ppt
F143a_MoleFraction_PFP, ppt
F227e_MoleFraction_PFP, ppt
F365m_MoleFraction_PFP, ppt
H1211_MoleFraction_PFP, ppt
H1301_MoleFraction_PFP, ppt
H2402_MoleFraction_PFP, ppt
MCFA_MoleFraction_PFP, ppt
CF4_MoleFraction_PFP, ppt
C2F6_MoleFraction_PFP, ppt
SO2F2_MoleFraction_PFP, ppt
MEBR_MoleFraction_PFP, ppt
CH3I_MoleFraction_PFP, ppt
DIBR_MoleFraction_PFP, ppt
[...]
[from data line 1213]
69207,   37,          501214.00,         5.0000000,  13.28041063,   32.49305418,   270.8332428,   1.805574262,   813.8,   282.2499939,   299.3645134,   268,   51.50680411,   12.2398997,   218.781046,   1.85252,   123,   136.532376,   124.082928,   0.41,   0,   264.18,   270.7,   -6.46,   1,   0.12,   299.38,   273.1299939,   291.6499939,   936.4,   50.1,   39.3,   -160.5,   -63.64,   5.03,   6.168,   11.7,   12.794,   52.704,   0.7343444444,   4.557988889,   5.987822222,    -999999,  52.85222222,   272.8699939,   0.15458,   1.72822,    -999999,   -999999,  40.36,   407.0433333,   1.88665,   0.10355,   407.13,   1887.08,   101.37,   329.81,   9.3,   514.66,   -47.6,    -999999,  232.92,   513.39,   3.33,   70.67,   8.47,   0.53,   29.41,   13.63,   97.77,   8.51,   22.93,   20.58,   1.22,   1.06,   3.58,   3.25,   0.4,   3.31,    -999999,   -999999,  2.15,   7,   0.3,   1.18,    -999999,  594.62,   56.78,   11.55,   2.65,   131.75,    -999999,  302.38,   43.99,   28.01,   6.74,   10.14,   31.41,   30.39,   0.26,   0.19,    -999999,  0.64,   4.86,          243.65000  
69212,   37,          501215.00,         5.0000000,  13.28135966,   32.49311752,   270.8266449,   1.806549622,   814,   282.2499939,   299.3434962,   268,   51.51172379,   12.31982255,   219.3599032,   1.85398,   123.6,   136.84104,   124.391592,   0.41,   0,   264.26,   270.6,   -6.38,   0.82,   0.08,   299.38,   273.2299939,   291.6499939,   936.6,   50.1,   39.38,   -160.5,   -63.8,   5.064,   6.212,   11.68,   12.77,   53.18,   0.7420888889,   4.606011111,   6.051433333,    -999999,  53.41444444,   273.0133272,   0.15504,   1.72956,    -999999,   -999999,  40.56,   407.00625,   1.88645,   0.1026,   407.13,   1887.08,   101.37,   329.81,   9.3,   514.66,   -47.6,    -999999,  232.92,   513.39,   3.33,   70.67,   8.47,   0.53,   29.41,   13.63,   97.77,   8.51,   22.93,   20.58,   1.22,   1.06,   3.58,   3.25,   0.4,   3.31,    -999999,   -999999,  2.15,   7,   0.3,   1.18,    -999999,  594.62,   56.78,   11.55,   2.65,   131.75,    -999999,  302.38,   43.99,   28.01,   6.74,   10.14,   31.41,   30.39,   0.26,   0.19,    -999999,  0.64,   4.86,          243.65000  
69217,   37,          501216.00,         5.0000000,  13.28230838,   32.4931778,   270.8200424,   1.805879062,   813.8,   282.2699939,   299.3857261,   268,   51.51664224,   12.49993442,   219.7398405,   1.85314,   124,   137.252592,   124.803144,   0.41,   0,   264.26,   270.6,   -6.34,   0.58,   0,   299.36,   273.1699939,   291.7299939,   936.8,   50.1,   39.54,   -160.5,   -63.96,   5.044,   6.186,   11.694,   12.788,   52.884,   0.7394555556,   4.589755556,   6.031733333,    -999999,  53.24,   272.9655495,   0.1442,   1.7392,    -999999,   -999999,  40.52,   407.0385714,   1.886366667,   0.10785,   407.13,   1887.08,   101.37,   329.81,   9.3,   514.66,   -47.6,    -999999,  232.92,   513.39,   3.33,   70.67,   8.47,   0.53,   29.41,   13.63,   97.77,   8.51,   22.93,   20.58,   1.22,   1.06,   3.58,   3.25,   0.4,   3.31,    -999999,   -999999,  2.15,   7,   0.3,   1.18,    -999999,  594.62,   56.78,   11.55,   2.65,   131.75,    -999999,  302.38,   43.99,   28.01,   6.74,   10.14,   31.41,   30.39,   0.26,   0.19,    -999999,  0.64,   4.86,          243.65000  
69222,   37,          501217.00,         5.0000000,  13.28325578,   32.49323122,   270.8134201,   1.804233142,   814,   282.2699939,   299.3647074,   268,   51.52155074,   12.29960223,   219.5637453,   1.85082,   124,   137.35548,   125.00892,   0.41,   0,   264.22,   270.48,   -6.28,   0.58,   -0.2,   299.38,   273.3099939,   291.7699939,   937.4,   50.1,   39.7,   -160.42,   -63.8,   5.094,   6.25,   11.71,   12.806,   53.362,   0.7452909091,   4.6258,   6.079781818,    -999999,  53.66545455,   273.0781757,   0.14136,   1.73964,    -999999,   -999999,  41.12,   407.03,   1.8862,   0.1054,   407.13,   1887.08,   101.37,   329.81,   9.3,   514.66,   -47.6,    -999999,  232.92,   513.39,   3.33,   70.67,   8.47,   0.53,   29.41,   13.63,   97.77,   8.51,   22.93,   20.58,   1.22,   1.06,   3.58,   3.25,   0.4,   3.31,    -999999,   -999999,  2.15,   7,   0.3,   1.18,    -999999,  594.62,   56.78,   11.55,   2.65,   131.75,    -999999,  302.38,   43.99,   28.01,   6.74,   10.14,   31.41,   30.39,   0.26,   0.19,    -999999,  0.64,   4.86,          243.65000  
69227,   37,          501218.00,         5.0000000,  13.28420237,   32.49327086,   270.8067856,   1.801124182,   814,   282.2699939,   299.3647074,   268,   51.5264456,   12.07990696,   218.8413904,   1.84942,   124,   137.35548,   125.00892,   0.41,   0,   264.1,   270.4,   -6.32,   0.82,   0,   299.32,   273.3299939,   291.7699939,   937,   50.1,   39.42,   -160.4,   -63.54,   5.102,   6.26,   11.708,   12.804,   53.448,   0.7466,   4.634,   6.08982,    -999999,  53.752,   273.0979939,   0.15578,   1.72422,    -999999,   -999999,  41.54,   407.06,   1.88635,   0.10595,    -999999,   -999999,   -999999,   -999999,   -999999,   -999999,   -999999,   -999999,   -999999,   -999999,   -999999,   -999999,   -999999,   -999999,   -999999,   -999999,   -999999,   -999999,   -999999,   -999999,   -999999,   -999999,   -999999,   -999999,   -999999,   -999999,   -999999,   -999999,   -999999,   -999999,   -999999,   -999999,   -999999,   -999999,   -999999,   -999999,   -999999,   -999999,   -999999,   -999999,   -999999,   -999999,   -999999,   -999999,   -999999,   -999999,   -999999,   -999999,   -999999,   -999999,   -999999,     -999999  
69232,   37,          501219.00,         5.0000000,  13.28514876,   32.4933052,   270.800148,   1.804172182,   814,   282.3499939,   299.4495523,   268,   51.53133766,   12.33783764,   219.6702033,   1.85108,   124,   137.664144,   125.00892,   0.41,   0,   264.1,   270.36,   -6.26,   1.04,   0.24,   299.4,   273.3899939,   291.8499939,   937.4,   50.1,   39.14,   -160.4,   -63.52,   5.124,   6.286,   11.744,   12.848,   53.506,   0.74973,   4.65363,   6.11503,    -999999,  53.975,   273.1559939,   0.14972,   1.73208,    -999999,   -999999,  41.22,   407.0328571,   1.8865,   0.1036,    -999999,   -999999,   -999999,   -999999,   -999999,   -999999,   -999999,   -999999,   -999999,   -999999,   -999999,   -999999,   -999999,   -999999,   -999999,   -999999,   -999999,   -999999,   -999999,   -999999,   -999999,   -999999,   -999999,   -999999,   -999999,   -999999,   -999999,   -999999,   -999999,   -999999,   -999999,   -999999,   -999999,   -999999,   -999999,   -999999,   -999999,   -999999,   -999999,   -999999,   -999999,   -999999,   -999999,   -999999,   -999999,   -999999,   -999999,   -999999,   -999999,   -999999,   -999999,     -999999  
69237,   37,          501220.00,         5.0000000,  13.28609514,   32.49334564,   270.7935104,   1.806244822,   813.8,   282.3499939,   299.470577,   268,   51.53623841,   12.61957604,   220.9007895,   1.85208,   124,   137.86992,   125.317584,   0.41,   0,   264.34,   270.44,   -6.1,   0.84,   0.56,   299.4,   273.2499939,   291.8499939,   937.8,   50.1,   38.94,   -160.4,   -64.02,   5.072,   6.222,   11.726,   12.824,   53.054,   0.7444111111,   4.620455556,   6.071366667,    -999999,  53.59111111,   273.0577717,   0.16014,   1.72246,    -999999,   -999999,  40.42,   407.04625,   1.88605,   0.10495,    -999999,   -999999,   -999999,   -999999,   -999999,   -999999,   -999999,   -999999,   -999999,   -999999,   -999999,   -999999,   -999999,   -999999,   -999999,   -999999,   -999999,   -999999,   -999999,   -999999,   -999999,   -999999,   -999999,   -999999,   -999999,   -999999,   -999999,   -999999,   -999999,   -999999,   -999999,   -999999,   -999999,   -999999,   -999999,   -999999,   -999999,   -999999,   -999999,   -999999,   -999999,   -999999,   -999999,   -999999,   -999999,   -999999,   -999999,   -999999,   -999999,   -999999,   -999999,     -999999  
69242,   37,          501221.00,         5.0000000,  13.28704122,   32.49340286,   270.7868683,   1.805208502,   814,   282.3099939,   299.4071299,   268,   51.54115603,   12.59983436,   220.5406355,   1.85126,   124,   137.86992,   125.52336,   0.41,   0,   264.42,   270.58,   -6.18,   0.8,   0.12,   299.4,   273.3299939,   291.8499939,   937.6,   50.1,   39.4,   -160.4,   -63.94,   5.102,   6.26,   11.712,   12.808,   53.424,   0.7454461538,   4.626846154,   6.079830769,    -999999,  53.66615385,   273.0761477,   0.1452,   1.7358,    -999999,   -999999,  40.18,   407.0357143,   1.88625,   0.1043157895,    -999999,   -999999,   -999999,   -999999,   -999999,   -999999,   -999999,   -999999,   -999999,   -999999,   -999999,   -999999,   -999999,   -999999,   -999999,   -999999,   -999999,   -999999,   -999999,   -999999,   -999999,   -999999,   -999999,   -999999,   -999999,   -999999,   -999999,   -999999,   -999999,   -999999,   -999999,   -999999,   -999999,   -999999,   -999999,   -999999,   -999999,   -999999,   -999999,   -999999,   -999999,   -999999,   -999999,   -999999,   -999999,   -999999,   -999999,   -999999,   -999999,   -999999,   -999999,     -999999  
69247,   37,          501222.00,         5.0000000,  13.28793348,   32.49345856,   270.7794189,   1.805879062,   814,   282.2699939,   299.3647074,   268,   51.54579836,   12.65986868,   220.501265,   1.85152,   125,   138.178584,   125.52336,   0.41,   0,   264.24,   270.44,   -6.14,   0.72,   -0.1,   299.4,   273.3099939,   291.8699939,   937.4,   50.1,   39.58,   -160.38,   -63.7,   5.094,   6.25,   11.702,   12.798,   53.388,   0.7469,   4.63588,   6.09298,    -999999,  53.78,   273.1079939,   0.14618,   1.73482,    -999999,   -999999,  41.5,   407.015,   1.8864,   0.10395,    -999999,   -999999,   -999999,   -999999,   -999999,   -999999,   -999999,   -999999,   -999999,   -999999,   -999999,   -999999,   -999999,   -999999,   -999999,   -999999,   -999999,   -999999,   -999999,   -999999,   -999999,   -999999,   -999999,   -999999,   -999999,   -999999,   -999999,   -999999,   -999999,   -999999,   -999999,   -999999,   -999999,   -999999,   -999999,   -999999,   -999999,   -999999,   -999999,   -999999,   -999999,   -999999,   -999999,   -999999,   -999999,   -999999,   -999999,   -999999,   -999999,   -999999,   -999999,     -999999  
69252,   37,          501223.00,         5.0000000,  13.28884325,   32.49349976,   270.7722321,   1.804537942,   814,   282.3299939,   299.4283411,   268,   51.55052032,   12.73987179,   220.7613817,   1.8504,   125,   138.38436,   125.832024,   0.41,   0,   264.28,   270.44,   -6.14,   0.6,   0.46,   299.38,   273.2899939,   291.9299939,   937.6,   50.1,   39.14,   -160.3,   -64.02,   5.086,   6.24,   11.728,   12.83,   53.198,   0.744325,   4.61995,   6.0743,    -999999,  53.615,   273.0649939,   0.15392,   1.72568,    -999999,   -999999,  41.1,   407.0157143,   1.88575,   0.1042315789,    -999999,   -999999,   -999999,   -999999,   -999999,   -999999,   -999999,   -999999,   -999999,   -999999,   -999999,   -999999,   -999999,   -999999,   -999999,   -999999,   -999999,   -999999,   -999999,   -999999,   -999999,   -999999,   -999999,   -999999,   -999999,   -999999,   -999999,   -999999,   -999999,   -999999,   -999999,   -999999,   -999999,   -999999,   -999999,   -999999,   -999999,   -999999,   -999999,   -999999,   -999999,   -999999,   -999999,   -999999,   -999999,   -999999,   -999999,   -999999,   -999999,   -999999,   -999999,     -999999  
69257,   37,          501224.00,         5.0000000,  13.2897879,   32.49355164,   270.7655686,   1.799478262,   814.2,   282.2899939,   299.364905,   268,   51.55543473,   12.33976682,   219.2012965,   1.8462,   125,   138.075696,   125.52336,   0.41,   -0.6,   264.28,   270.62,   -6.34,   0.82,   0.4,   299.34,   273.5299939,   291.8899939,   937.8,   50.1,   39.1,   -160.3,   -63.76,   5.172,   6.35,   11.728,   12.828,   54.132,   0.7543,   4.681925,   6.1561,    -999999,  54.34,   273.2524939,   0.1717,   1.7035,    -999999,   -999999,  40.96,   407.04,   1.88615,   0.10395,    -999999,   -999999,   -999999,   -999999,   -999999,   -999999,   -999999,   -999999,   -999999,   -999999,   -999999,   -999999,   -999999,   -999999,   -999999,   -999999,   -999999,   -999999,   -999999,   -999999,   -999999,   -999999,   -999999,   -999999,   -999999,   -999999,   -999999,   -999999,   -999999,   -999999,   -999999,   -999999,   -999999,   -999999,   -999999,   -999999,   -999999,   -999999,   -999999,   -999999,   -999999,   -999999,   -999999,   -999999,   -999999,   -999999,   -999999,   -999999,   -999999,   -999999,   -999999,     -999999  
69262,   37,          501225.00,         5.0000000,  13.29073317,   32.4936203,   270.7589142,   1.799539222,   814.2,   282.3299939,   299.4073245,   268,   51.56037069,   12.15993058,   218.2815788,   1.84592,   124.6,   137.561256,   125.214696,   0.41,   0.4,   264.2,   270.7,   -6.5,   1.38,   0.12,   299.36,   273.4499939,   291.8499939,   938.4,   50.1,   39.06,   -160.3,   -63.2,   5.144,   6.312,   11.742,   12.846,   53.764,   0.75614,   4.69328,   6.16752,    -999999,  54.44,   273.2719939,   0.18254,   1.69466,    -999999,   -999999,  39.92,   407.045,   1.8868,   0.10235,    -999999,   -999999,   -999999,   -999999,   -999999,   -999999,   -999999,   -999999,   -999999,   -999999,   -999999,   -999999,   -999999,   -999999,   -999999,   -999999,   -999999,   -999999,   -999999,   -999999,   -999999,   -999999,   -999999,   -999999,   -999999,   -999999,   -999999,   -999999,   -999999,   -999999,   -999999,   -999999,   -999999,   -999999,   -999999,   -999999,   -999999,   -999999,   -999999,   -999999,   -999999,   -999999,   -999999,   -999999,   -999999,   -999999,   -999999,   -999999,   -999999,   -999999,   -999999,     -999999  
69267,   37,          501226.00,         5.0000000,  13.29167996,   32.49368744,   270.7522827,   1.804842742,   814,   282.3299939,   299.4283411,   268,   51.56531623,   12.11834535,   218.4249267,   1.8522,   124,   137.046816,   124.49448,   0.41,   0.6,   264.22,   270.62,   -6.44,   1.2,   -0.44,   299.4,   273.4299939,   291.7499939,   938.6,   50.1,   39.64,   -160.3,   -63.14,   5.14,   6.304,   11.724,   12.826,   53.758,   0.750275,   4.656775,   6.11795,    -999999,  54.28,   273.1599939,   0.18088,   1.70232,    -999999,   -999999,  39.52,   407.035,   1.88695,   0.1033315789,    -999999,   -999999,   -999999,   -999999,   -999999,   -999999,   -999999,   -999999,   -999999,   -999999,   -999999,   -999999,   -999999,   -999999,   -999999,   -999999,   -999999,   -999999,   -999999,   -999999,   -999999,   -999999,   -999999,   -999999,   -999999,   -999999,   -999999,   -999999,   -999999,   -999999,   -999999,   -999999,   -999999,   -999999,   -999999,   -999999,   -999999,   -999999,   -999999,   -999999,   -999999,   -999999,   -999999,   -999999,   -999999,   -999999,   -999999,   -999999,   -999999,   -999999,   -999999,     -999999  
