inputs/ACTAMERICA_Merge/C130/ACTAMERICA-mrg05-c130_merge_20170213_R0_L1.ict
143, 1001
Shook, Michael
NASA Atmospheric Composition Branch, NASA Langley Research Center (SSAI)
Merged data file for ACT-AMERICA 2017, Flight 07 (20170213), on the c130 platform. Data is merged to 05 seconds.
NASA ACT-AMERICA 2017
1, 1
2017, 02, 13, 2018, 02, 23
05
UTC,s
104
1, 1, 1, 1, 1, 1, 1, 1, 1, 1, 1, 1, 1, 1, 1, 1, 1, 1, 1, 1, 1, 1, 1, 1, 1, 1, 1, 1, 1, 1, 1, 1, 1, 1, 1, 1, 1, 1, 1, 1, 1, 1, 1, 1, 1, 1, 1, 1, 1, 1, 1, 1, 1, 1, 1, 1, 1, 1, 1, 1, 1, 1, 1, 1, 1, 1, 1, 1, 1, 1, 1, 1, 1, 1, 1, 1, 1, 1, 1, 1, 1, 1, 1, 1, 1, 1, 1, 1, 1, 1, 1, 1, 1, 1, 1, 1, 1, 1, 1, 1, 1, 1, 1, 1
-999999, -999999, -999999, -999999, -999999, -999999, -999999, -999999, -999999, -999999, -999999, -999999, -999999, -999999, -999999, -999999, -999999, -999999, -999999, -999999, -999999, -999999, -999999, -999999, -999999, -999999, -999999, -999999, -999999, -999999, -999999, -999999, -999999, -999999, -999999, -999999, -999999, -999999, -999999, -999999, -999999, -999999, -999999, -999999, -999999, -999999, -999999, -999999, -999999, -999999, -999999, -999999, -999999, -999999, -999999, -999999, -999999, -999999, -999999, -999999, -999999, -999999, -999999, -999999, -999999, -999999, -999999, -999999, -999999, -999999, -999999, -999999, -999999, -999999, -999999, -999999, -999999, -999999, -999999, -999999, -999999, -999999, -999999, -999999, -999999, -999999, -999999, -999999, -999999, -999999, -999999, -999999, -999999, -999999, -999999, -999999, -999999, -999999, -999999, -999999, -999999, -999999, -999999, -999999
JDAY, days
INDEX, none
FLIGHT, none
LOCAL_SUN_TIME, hour
LATITUDE, degs
LONGITUDE, degs
ALTP, km
PRESSURE, hPa
TEMPERATURE, K
THETA, K
O3COLUMN, DU
SZA, deg
WNS, m s-1
WND, Degs
GPS_ALT, km
GRD_SPD, m s-1
TAS, m/s
IAS, m/s
MachNumber, mach
VerticalSpeed, m s-1
HDG, degs
TRK, degs
DriftAngle, degs
PITCH, degs
ROLL, degs
PotentialTemp, K
Dewpoint, K
TotalAirTemp, K
CabinPressure, hPa
SolarZenithAngle, degs
AircraftSunElevation, degs
SunAzimuth, degs
AircraftSunAzimuth, degs
H2O_MixingRatio, g kg-1
H2O_VaporPressure, hPa
H2O_SatVaporPressureWater, hPa
H2O_SatVaporPressureIce, hPa
H2O_RelativeHumidity, %
H2O_VolMixingRatio_PICARRO, %
H2O_MassMixingRatio_PICARRO, g kg-1
H2O_VaporPressure_PICARRO, hPa
RHi_PICARRO, %
RHw_PICARRO, %
Dewpoint_PICARRO, K
Ground_Elevation, km
Altitude_AGL, km
GroundHeight_CPL, km
MLH_CPL, km
O3_MixingRatio, ppbv
CO2_MixingRatio_PICARRO, ppmv
CH4_MixingRatio_PICARRO, ppmv
CO_MixingRatio_PICARRO, ppmv
CO2_MoleFraction_PFP, ppm
CH4_MoleFraction_PFP, ppb
CO_MoleFraction_PFP, ppb
N2O_MoleFraction_PFP, ppb
SF6_CCGG_MoleFraction_PFP, ppt
H2_MoleFraction_PFP, ppb
CH4C13_PFP, per mil
CO2C14_PFP, per mil
F11B_MoleFraction_PFP, ppt
FC12_MoleFraction_PFP, ppt
F13_MoleFraction_PFP, ppt
F113_MoleFraction_PFP, ppt
F115_MoleFraction_PFP, ppt
HF133a_MoleFraction_PFP, ppt
F23_MoleFraction_PFP, ppt
F32_MoleFraction_PFP, ppt
F134A_MoleFraction_PFP, ppt
F152A_MoleFraction_PFP, ppt
F125_MoleFraction_PFP, ppt
F143a_MoleFraction_PFP, ppt
F227e_MoleFraction_PFP, ppt
F365m_MoleFraction_PFP, ppt
H1211_MoleFraction_PFP, ppt
H1301_MoleFraction_PFP, ppt
H2402_MoleFraction_PFP, ppt
MCFA_MoleFraction_PFP, ppt
CF4_MoleFraction_PFP, ppt
C2F6_MoleFraction_PFP, ppt
SO2F2_MoleFraction_PFP, ppt
MEBR_MoleFraction_PFP, ppt
CH3I_MoleFraction_PFP, ppt
DIBR_MoleFraction_PFP, ppt
[...]
[from data line 245]
55287,   44,          700246.00,         7.0000000,  9.086181707,   33.58288346,   265.9198089,   2.977530277,   702.6,   274.9499939,   304.1244868,   289.7999878,   62.73757453,   10.43964789,   238.8214545,   3.1052,   154,   149.290488,   128.198448,   0.45,   0,   350.38,   354.6,   -4.22,   0.96,   0.54,   304.14,   271.6899939,   286.0499939,   1032.2,   65,   26.24,   127.6,   137.32,   5.244,   5.552,   7.038,   7.17,   78.878,   0.7941363636,   4.929036364,   5.598445455,    -999999,  82.18909091,   271.9481757,   0.07964,   3.02556,   0.1975552,   1.636908,   35.34,   407.405,   1.8865,   0.10806,    -999999,   -999999,   -999999,   -999999,   -999999,   -999999,   -999999,   -999999,   -999999,   -999999,   -999999,   -999999,   -999999,   -999999,   -999999,   -999999,   -999999,   -999999,   -999999,   -999999,   -999999,   -999999,   -999999,   -999999,   -999999,   -999999,   -999999,   -999999,   -999999,   -999999,   -999999,   -999999,   -999999,   -999999,   -999999,   -999999,   -999999,   -999999,   -999999,   -999999,   -999999,   -999999,   -999999,   -999999,   -999999,   -999999,   -999999,   -999999,   -999999,   -999999,   -999999,     -999999  
55292,   44,          700247.00,         7.0000000,  9.087518512,   33.58981398,   265.9190277,   2.976006277,   702.8,   275.0499939,   304.2103585,   289.7999878,   62.72947849,   10.47732942,   237.7576751,   3.1052,   154,   148.981824,   127.889784,   0.45,   0,   350.34,   354.64,   -4.26,   1.12,   0.94,   304.22,   271.8099939,   286.1099939,   1033.8,   65,   26.6,   127.6,   137.4,   5.288,   5.604,   7.082,   7.224,   79.05,   0.7943888889,   4.930611111,   5.599655556,    -999999,  81.98,   271.9533272,   0.08336,   3.02184,   0.2227972,   1.6489,   34.22,   407.47,   1.8875,   0.10823,    -999999,   -999999,   -999999,   -999999,   -999999,   -999999,   -999999,   -999999,   -999999,   -999999,   -999999,   -999999,   -999999,   -999999,   -999999,   -999999,   -999999,   -999999,   -999999,   -999999,   -999999,   -999999,   -999999,   -999999,   -999999,   -999999,   -999999,   -999999,   -999999,   -999999,   -999999,   -999999,   -999999,   -999999,   -999999,   -999999,   -999999,   -999999,   -999999,   -999999,   -999999,   -999999,   -999999,   -999999,   -999999,   -999999,   -999999,   -999999,   -999999,   -999999,   -999999,     -999999  
55297,   44,          700248.00,         7.0000000,  9.088856337,   33.59675218,   265.9182617,   2.978200837,   702.2,   275.0699939,   304.3067287,   289.7999878,   62.72138434,   10.55936158,   236.0041775,   3.106,   154,   148.67316,   127.58112,   0.45,   0,   350.48,   354.76,   -4.28,   1.04,   1.04,   304.28,   271.8299939,   286.0699939,   1033.8,   65,   26.66,   127.6,   137.4,   5.3,   5.612,   7.098,   7.242,   79.002,   0.796,   4.940725,   5.61195,    -999999,  80.6375,   271.9799939,   0.0861,   3.0199,   0.228824,   1.67888,   36.54,   407.4928571,   1.8873,   0.10814,    -999999,   -999999,   -999999,   -999999,   -999999,   -999999,   -999999,   -999999,   -999999,   -999999,   -999999,   -999999,   -999999,   -999999,   -999999,   -999999,   -999999,   -999999,   -999999,   -999999,   -999999,   -999999,   -999999,   -999999,   -999999,   -999999,   -999999,   -999999,   -999999,   -999999,   -999999,   -999999,   -999999,   -999999,   -999999,   -999999,   -999999,   -999999,   -999999,   -999999,   -999999,   -999999,   -999999,   -999999,   -999999,   -999999,   -999999,   -999999,   -999999,   -999999,   -999999,     -999999  
55302,   44,          700249.00,         7.0000000,  9.090195279,   33.60369416,   265.9175125,   2.976737797,   702.6,   275.1299939,   304.3235863,   289.7999878,   62.71328864,   10.45964375,   235.5833578,   3.1054,   154,   148.67316,   127.58112,   0.45,   0,   350.56,   354.8,   -4.24,   0.92,   0.52,   304.28,   271.8299939,   286.1299939,   1035.8,   65,   26.18,   127.68,   137.2,   5.296,   5.612,   7.122,   7.27,   78.748,   0.7929777778,   4.922033333,   5.591411111,    -999999,  80.34,   271.9299939,   0.0875,   3.0179,    -999999,   -999999,  35.78,   407.515,   1.88775,   0.109245,    -999999,   -999999,   -999999,   -999999,   -999999,   -999999,   -999999,   -999999,   -999999,   -999999,   -999999,   -999999,   -999999,   -999999,   -999999,   -999999,   -999999,   -999999,   -999999,   -999999,   -999999,   -999999,   -999999,   -999999,   -999999,   -999999,   -999999,   -999999,   -999999,   -999999,   -999999,   -999999,   -999999,   -999999,   -999999,   -999999,   -999999,   -999999,   -999999,   -999999,   -999999,   -999999,   -999999,   -999999,   -999999,   -999999,   -999999,   -999999,   -999999,   -999999,   -999999,     -999999  
55307,   44,          700250.00,         7.0000000,  9.091533713,   33.61064834,   265.9167557,   2.975640517,   703,   275.2099939,   304.3625771,   289.7999878,   62.70521224,   10.23959656,   234.3455154,   3.105,   154.6,   148.67316,   127.58112,   0.45,   0,   350.62,   354.78,   -4.18,   0.92,   0.4,   304.36,   271.8299939,   286.2699939,   1035.8,   65,   26.12,   127.7,   137.18,   5.296,   5.612,   7.16,   7.314,   78.328,   0.79535,   4.936625,   5.608,    -999999,  80.5775,   271.9699939,   0.09972,   3.00528,    -999999,   -999999,  36.14,   407.565,   1.8887,   0.109575,    -999999,   -999999,   -999999,   -999999,   -999999,   -999999,   -999999,   -999999,   -999999,   -999999,   -999999,   -999999,   -999999,   -999999,   -999999,   -999999,   -999999,   -999999,   -999999,   -999999,   -999999,   -999999,   -999999,   -999999,   -999999,   -999999,   -999999,   -999999,   -999999,   -999999,   -999999,   -999999,   -999999,   -999999,   -999999,   -999999,   -999999,   -999999,   -999999,   -999999,   -999999,   -999999,   -999999,   -999999,   -999999,   -999999,   -999999,   -999999,   -999999,   -999999,   -999999,     -999999  
55312,   44,          700251.00,         7.0000000,  9.092871433,   33.61760942,   265.9159882,   2.974421317,   703,   275.2299939,   304.3846956,   289.7999878,   62.69715365,   9.97921727,   233.5246433,   3.104,   155,   148.878936,   127.786896,   0.45,   0,   350.7,   354.78,   -4.1,   1.04,   0.96,   304.38,   271.8099939,   286.3499939,   1037.2,   65,   26.6,   127.7,   137.22,   5.288,   5.604,   7.172,   7.328,   78.076,   0.79465,   4.932225,   5.60225,    -999999,  82.0575,   271.9574939,   0.10144,   3.00256,    -999999,   -999999,  35.9,   407.565,   1.889155556,   0.109035,   407.42,   1888.3,   101.76,   329.83,   9.18,   516.64,   -47.44,    -999999,  231.53,   516.19,   3.35,   71.25,   8.65,   0.5,   38.73,   13.95,   99.7,   16.61,   22.96,   20.72,   1.26,   1,   3.6,   3.32,   0.41,   2.94,   84.25,   4.84,   2.43,   7.21,   0.41,   1.05,   510.27,   622.26,   52.37,   10.79,   3.27,   125.54,   2063.87,   967.17,   341.06,   163.38,   87.74,   103.98,   36.89,   34.39,   0.27,   0.16,   61.74,   0.7,   35.84,          246.66000  
55317,   44,          700252.00,         7.0000000,  9.094210883,   33.62457884,   265.9152466,   2.977835077,   702.4,   275.0299939,   304.2377218,   289.7999878,   62.68909073,   10.39641202,   237.6234804,   3.1058,   155,   149.599152,   128.507112,   0.45,   0,   350.76,   354.96,   -4.2,   1.18,   0.7,   304.24,   271.8099939,   286.2699939,   1038.2,   65,   26.56,   127.7,   137,   5.29,   5.604,   7.088,   7.228,   79.004,   0.7974,   4.949375,   5.61965,    -999999,  82.5025,   271.9999939,   0.1002,   3.0056,    -999999,   -999999,  35.38,   407.545,   1.8888,   0.1090947368,   407.42,   1888.3,   101.76,   329.83,   9.18,   516.64,   -47.44,    -999999,  231.53,   516.19,   3.35,   71.25,   8.65,   0.5,   38.73,   13.95,   99.7,   16.61,   22.96,   20.72,   1.26,   1,   3.6,   3.32,   0.41,   2.94,   84.25,   4.84,   2.43,   7.21,   0.41,   1.05,   510.27,   622.26,   52.37,   10.79,   3.27,   125.54,   2063.87,   967.17,   341.06,   163.38,   87.74,   103.98,   36.89,   34.39,   0.27,   0.16,   61.74,   0.7,   35.84,          246.66000  
55322,   44,          700253.00,         7.0000000,  9.095551045,   33.63154526,   265.9145157,   2.981553637,   702,   274.9899939,   304.2429865,   289.7999878,   62.68102568,   10.47953625,   238.3423638,   3.1084,   155,   149.599152,   128.507112,   0.45,   0,   350.76,   354.92,   -4.24,   1.22,   0.42,   304.22,   271.8499939,   286.1499939,   1039.4,   65,   26.36,   127.7,   136.96,   5.31,   5.62,   7.06,   7.196,   79.55,   0.7941777778,   4.929366667,   5.597144444,    -999999,  82.17,   271.9444383,   0.0962,   3.0122,    -999999,   -999999,  38.7,   407.51,   1.8884,   0.1057894737,   407.42,   1888.3,   101.76,   329.83,   9.18,   516.64,   -47.44,    -999999,  231.53,   516.19,   3.35,   71.25,   8.65,   0.5,   38.73,   13.95,   99.7,   16.61,   22.96,   20.72,   1.26,   1,   3.6,   3.32,   0.41,   2.94,   84.25,   4.84,   2.43,   7.21,   0.41,   1.05,   510.27,   622.26,   52.37,   10.79,   3.27,   125.54,   2063.87,   967.17,   341.06,   163.38,   87.74,   103.98,   36.89,   34.39,   0.27,   0.16,   61.74,   0.7,   35.84,          246.66000  
55327,   44,          700254.00,         7.0000000,  9.096890496,   33.63850404,   265.9137741,   2.981187877,   702,   275.0499939,   304.3093692,   289.7999878,   62.67296888,   10.71995429,   238.2001864,   3.1082,   155,   149.70204,   128.404224,   0.45,   0,   350.6,   354.9,   -4.34,   0.82,   0.32,   304.26,   271.8099939,   286.1499939,   1040.8,   65,   26.02,   127.74,   137.24,   5.294,   5.604,   7.068,   7.204,   79.228,   0.7906222222,   4.907322222,   5.5739,    -999999,  81.83222222,   271.8888828,   0.09856,   3.00964,    -999999,   -999999,  36.38,   407.51,   1.88825,   0.10715,   407.42,   1888.3,   101.76,   329.83,   9.18,   516.64,   -47.44,    -999999,  231.53,   516.19,   3.35,   71.25,   8.65,   0.5,   38.73,   13.95,   99.7,   16.61,   22.96,   20.72,   1.26,   1,   3.6,   3.32,   0.41,   2.94,   84.25,   4.84,   2.43,   7.21,   0.41,   1.05,   510.27,   622.26,   52.37,   10.79,   3.27,   125.54,   2063.87,   967.17,   341.06,   163.38,   87.74,   103.98,   36.89,   34.39,   0.27,   0.16,   61.74,   0.7,   35.84,          246.66000  
55332,   44,          700255.00,         7.0000000,  9.098229336,   33.64547272,   265.9130234,   2.977835077,   702.2,   275.0099939,   304.2403514,   289.7999878,   62.66493086,   10.67985278,   238.3595506,   3.105,   155,   149.804928,   128.61,   0.45,   0,   350.56,   354.86,   -4.3,   0.78,   0.64,   304.24,   271.7299939,   286.2699939,   1041.6,   65,   26.26,   127.8,   137.4,   5.26,   5.568,   7.078,   7.216,   78.676,   0.78995,   4.90325,   5.57065,    -999999,  81.785,   271.8799939,   0.0998,   3.0052,    -999999,   -999999,  37.38,   407.51,   1.88805,   0.1080157895,   407.42,   1888.3,   101.76,   329.83,   9.18,   516.64,   -47.44,    -999999,  231.53,   516.19,   3.35,   71.25,   8.65,   0.5,   38.73,   13.95,   99.7,   16.61,   22.96,   20.72,   1.26,   1,   3.6,   3.32,   0.41,   2.94,   84.25,   4.84,   2.43,   7.21,   0.41,   1.05,   510.27,   622.26,   52.37,   10.79,   3.27,   125.54,   2063.87,   967.17,   341.06,   163.38,   87.74,   103.98,   36.89,   34.39,   0.27,   0.16,   61.74,   0.7,   35.84,          246.66000  
55337,   44,          700256.00,         7.0000000,  9.099568788,   33.65244904,   265.9122818,   2.977164517,   702.6,   274.9499939,   304.1244868,   289.7999878,   62.65689867,   10.95990458,   238.9209849,   3.104,   155,   150.113592,   128.815776,   0.45,   0,   350.56,   354.9,   -4.42,   1.08,   0.7,   304.1,   271.6699939,   286.1499939,   1043,   65,   26.52,   127.8,   137.36,   5.238,   5.54,   7.036,   7.168,   78.784,   0.7860888889,   4.879122222,   5.541655556,    -999999,  81.35333333,   271.811105,   0.09966,   3.00434,   0.22771,   1.73884,   37.6,   407.475,   1.8876,   0.1053,   407.42,   1888.3,   101.76,   329.83,   9.18,   516.64,   -47.44,    -999999,  231.53,   516.19,   3.35,   71.25,   8.65,   0.5,   38.73,   13.95,   99.7,   16.61,   22.96,   20.72,   1.26,   1,   3.6,   3.32,   0.41,   2.94,   84.25,   4.84,   2.43,   7.21,   0.41,   1.05,   510.27,   622.26,   52.37,   10.79,   3.27,   125.54,   2063.87,   967.17,   341.06,   163.38,   87.74,   103.98,   36.89,   34.39,   0.27,   0.16,   61.74,   0.7,   35.84,          246.66000  
55342,   44,          700257.00,         7.0000000,  9.100908846,   33.65942306,   265.9115494,   2.978200837,   702.4,   274.9899939,   304.1934739,   289.7999878,   62.64886582,   10.83945027,   238.0450088,   3.1052,   155,   149.804928,   128.61,   0.45,   0,   350.6,   354.9,   -4.34,   1.2,   0.54,   304.16,   271.5899939,   286.1499939,   1043.8,   64.92,   26.46,   127.8,   137.24,   5.206,   5.506,   7.054,   7.19,   78.112,   0.78547,   4.87537,   5.53685,    -999999,  81.287,   271.7969939,   0.10078,   3.00442,   0.22845,   1.774816,   38.48,   407.5,   1.88795,   0.1054210526,   407.42,   1888.3,   101.76,   329.83,   9.18,   516.64,   -47.44,    -999999,  231.53,   516.19,   3.35,   71.25,   8.65,   0.5,   38.73,   13.95,   99.7,   16.61,   22.96,   20.72,   1.26,   1,   3.6,   3.32,   0.41,   2.94,   84.25,   4.84,   2.43,   7.21,   0.41,   1.05,   510.27,   622.26,   52.37,   10.79,   3.27,   125.54,   2063.87,   967.17,   341.06,   163.38,   87.74,   103.98,   36.89,   34.39,   0.27,   0.16,   61.74,   0.7,   35.84,          246.66000  
55347,   44,          700258.00,         7.0000000,  9.102248296,   33.66639556,   265.9108078,   2.978993317,   702.2,   274.9499939,   304.1739741,   289.7999878,   62.64084425,   10.61931171,   236.9209189,   3.107,   155,   149.599152,   128.507112,   0.45,   0,   350.64,   354.9,   -4.3,   0.96,   0.66,   304.1,   271.5899939,   286.0499939,   1044.4,   64.9,   26.38,   127.8,   137.32,   5.206,   5.506,   7.022,   7.154,   78.466,   0.7816,   4.851211111,   5.510633333,    -999999,  80.9,   271.731105,   0.10136,   3.00564,   0.2294772,   1.864756,   37.86,   407.4885714,   1.88775,   0.1071578947,    -999999,   -999999,   -999999,   -999999,   -999999,   -999999,   -999999,   -999999,   -999999,   -999999,   -999999,   -999999,   -999999,   -999999,   -999999,   -999999,   -999999,   -999999,   -999999,   -999999,   -999999,   -999999,   -999999,   -999999,   -999999,   -999999,   -999999,   -999999,   -999999,   -999999,   -999999,   -999999,   -999999,   -999999,   -999999,   -999999,   -999999,   -999999,   -999999,   -999999,   -999999,   -999999,   -999999,   -999999,   -999999,   -999999,   -999999,   -999999,   -999999,   -999999,   -999999,     -999999  
55352,   44,          700259.00,         7.0000000,  9.103587849,   33.67336958,   265.9100677,   2.978261797,   702.2,   274.9899939,   304.2182257,   289.7999878,   62.63282928,   10.65897158,   236.4866939,   3.1062,   155,   149.496264,   128.404224,   0.45,   0,   350.64,   354.98,   -4.3,   0.72,   0.7,   304.18,   271.5499939,   286.1299939,   1045.8,   64.9,   26.26,   127.8,   137.44,   5.19,   5.49,   7.058,   7.196,   77.822,   0.781075,   4.848,   5.5077,    -999999,  80.86,   271.7249939,   0.1002,   3.006,   0.229422,   1.88874,   37.38,   407.5228571,   1.888,   0.1092421053,    -999999,   -999999,   -999999,   -999999,   -999999,   -999999,   -999999,   -999999,   -999999,   -999999,   -999999,   -999999,   -999999,   -999999,   -999999,   -999999,   -999999,   -999999,   -999999,   -999999,   -999999,   -999999,   -999999,   -999999,   -999999,   -999999,   -999999,   -999999,   -999999,   -999999,   -999999,   -999999,   -999999,   -999999,   -999999,   -999999,   -999999,   -999999,   -999999,   -999999,   -999999,   -999999,   -999999,   -999999,   -999999,   -999999,   -999999,   -999999,   -999999,   -999999,   -999999,     -999999  
