inputs/ACTAMERICA_Merge/C130/ACTAMERICA-mrg05-c130_merge_20160722_R3.ict
141, 1001
Shook, Michael
NASA Atmospheric Composition Branch, NASA Langley Research Center (SSAI)
Merged data file for ACT-AMERICA 2016, Flight 04 (20160722), on the c130 platform. Data is merged to 05 seconds.
ACTAmerica - 2016
1, 1
2016, 07, 22, 2018, 08, 24
05
UTC,s
99
1, 1, 1, 1, 1, 1, 1, 1, 1, 1, 1, 1, 1, 1, 1, 1, 1, 1, 1, 1, 1, 1, 1, 1, 1, 1, 1, 1, 1, 1, 1, 1, 1, 1, 1, 1, 1, 1, 1, 1, 1, 1, 1, 1, 1, 1, 1, 1, 1, 1, 1, 1, 1, 1, 1, 1, 1, 1, 1, 1, 1, 1, 1, 1, 1, 1, 1, 1, 1, 1, 1, 1, 1, 1, 1, 1, 1, 1, 1, 1, 1, 1, 1, 1, 1, 1, 1, 1, 1, 1, 1, 1, 1, 1, 1, 1, 1, 1, 1
-999999, -999999, -999999, -999999, -999999, -999999, -999999, -999999, -999999, -999999, -999999, -999999, -999999, -999999, -999999, -999999, -999999, -999999, -999999, -999999, -999999, -999999, -999999, -999999, -999999, -999999, -999999, -999999, -999999, -999999, -999999, -999999, -999999, -999999, -999999, -999999, -999999, -999999, -999999, -999999, -999999, -999999, -999999, -999999, -999999, -999999, -999999, -999999, -999999, -999999, -999999, -999999, -999999, -999999, -999999, -999999, -999999, -999999, -999999, -999999, -999999, -999999, -999999, -999999, -999999, -999999, -999999, -999999, -999999, -999999, -999999, -999999, -999999, -999999, -999999, -999999, -999999, -999999, -999999, -999999, -999999, -999999, -999999, -999999, -999999, -999999, -999999, -999999, -999999, -999999, -999999, -999999, -999999, -999999, -999999, -999999, -999999, -999999, -999999
JDAY, days
INDEX, none
FLIGHT, none
LOCAL_SUN_TIME, hour
LATITUDE, degs
LONGITUDE, degs
ALTP, km
PRESSURE, hPa
TEMPERATURE, K
THETA, K, calculated from ambient temperature and pressure
O3COLUMN, DU, OMI ozone column data extracted along flight track
SZA, deg
WNS, m s-1
WND, Degs
GPS_ALT, km
GRD_SPD, m s-1
TAS, m/s
IAS, m/s
MachNumber, mach
VerticalSpeed, m s-1
HDG, degs
TRK, degs
DriftAngle, degs
PITCH, degs
ROLL, degs
PotentialTemp_Nav, K
Dewpoint, K
TotalAirTemp, K
CabinPressure, hPa
SolarZenithAngle, degs
AircraftSunElevation, degs
SunAzimuth, degs
AircraftSunAzimuth, degs
H2O_MixingRatio_Nav, g kg-1
H2O_VaporPressure_Nav, hPa
H2O_SatVaporPressureWater_Nav, hPa
H2O_SatVaporPressureIce_Nav, hPa
H2O_RelativeHumidity_Nav, %
ManeuverFlag, none
GroundElevation-AMSL_GoogleMaps, km
Altitude-AGL_GoogleMaps, km
GroundHeight-AMSL_CPL, km
MLH-AMSL_CPL, km
O3_MoleFraction, ppb
CO2_DryMoleFrac_PICARRO, ppm
CH4_DryMoleFrac_PICARRO, ppm
CO_DryMoleFrac_PICARRO, ppm
CO2_MoleFraction_PFP, ppm
CH4_MoleFraction_PFP, ppb
CO_MoleFraction_PFP, ppb
N2O_MoleFraction_PFP, ppb
SF6_CCGG_MoleFraction_PFP, ppt
H2_MoleFraction_PFP, ppb
CH4C13_MoleFraction_PFP, permil
CO2C14_MoleFraction_PFP, permil
F11B_MoleFraction_PFP, ppt
FC12_MoleFraction_PFP, ppt
F13_MoleFraction_PFP, ppt
F113_MoleFraction_PFP, ppt
F115_MoleFraction_PFP, ppt
HF133a_MoleFraction_PFP, ppt
F23_MoleFraction_PFP, ppt
F32_MoleFraction_PFP, ppt
F134A_MoleFraction_PFP, ppt
F152A_MoleFraction_PFP, ppt
F125_MoleFraction_PFP, ppt
F143a_MoleFraction_PFP, ppt
F227e_MoleFraction_PFP, ppt
F365m_MoleFraction_PFP, ppt
H1211_MoleFraction_PFP, ppt
H1301_MoleFraction_PFP, ppt
H2402_MoleFraction_PFP, ppt
MCFA_MoleFraction_PFP, ppt
CF4_MoleFraction_PFP, ppt
C2F6_MoleFraction_PFP, ppt
SO2F2_MoleFraction_PFP, ppt
MEBR_MoleFraction_PFP, ppt
CH3I_MoleFraction_PFP, ppt
DIBR_MoleFraction_PFP, ppt
OCS_MoleFraction_PFP, ppt
[...]
[from data line 1564]
65457,   204,          401565.00,         4.0000000,  12.97978959,   39.2204682,   281.9489272,   0.7958328098,   920.6,   297.6099939,   304.7284119,   289,   22.81428227,   5.038500926,   297.208108,   0.8698,   122.2,   118.83564,   111.530592,   0.344,   2.8,   170.84,   168.74,   2.14,   2.8,   1.24,   304.66,    -999999,  304.7099939,   879.6,   22.1,   66.46,   -146.4,   36.84,    -999999,   -999999,   -999999,   -999999,   -999999,  6,   0.17526,   0.69454,    -999999,   -999999,  59,   386.0785714,   1.95305,   0.1485263158,    -999999,   -999999,   -999999,   -999999,   -999999,   -999999,   -999999,   -999999,   -999999,   -999999,   -999999,   -999999,   -999999,   -999999,   -999999,   -999999,   -999999,   -999999,   -999999,   -999999,   -999999,   -999999,   -999999,   -999999,   -999999,   -999999,   -999999,   -999999,   -999999,   -999999,   -999999,   -999999,   -999999,   -999999,   -999999,   -999999,   -999999,   -999999,   -999999,   -999999,   -999999,   -999999,   -999999,   -999999,   -999999,   -999999,   -999999,   -999999,   -999999,   -999999,   -999999,     -999999  
65462,   204,          401566.00,         4.0000000,  12.98126771,   39.2150666,   281.9502656,   0.80650081,   919.4,   297.5499939,   304.7805385,   289,   22.82057285,   6.048112421,   304.3130316,   0.8828,   121.2,   116.366328,   109.267056,   0.338,   2,   171.84,   169.3,   2.46,   3.1,   0.74,   304.74,    -999999,  304.3299939,   877.8,   22.1,   65.84,   -146.36,   36.48,    -999999,   -999999,   -999999,   -999999,   -999999,  6,   0.17414,   0.70866,    -999999,   -999999,  59.38,   388.86,   1.94285,   0.1413,    -999999,   -999999,   -999999,   -999999,   -999999,   -999999,   -999999,   -999999,   -999999,   -999999,   -999999,   -999999,   -999999,   -999999,   -999999,   -999999,   -999999,   -999999,   -999999,   -999999,   -999999,   -999999,   -999999,   -999999,   -999999,   -999999,   -999999,   -999999,   -999999,   -999999,   -999999,   -999999,   -999999,   -999999,   -999999,   -999999,   -999999,   -999999,   -999999,   -999999,   -999999,   -999999,   -999999,   -999999,   -999999,   -999999,   -999999,   -999999,   -999999,   -999999,   -999999,     -999999  
65467,   204,          401567.00,         4.0000000,  12.98274388,   39.2097044,   281.9515748,   0.8217408102,   917.8,   297.4499939,   304.8297698,   289,   22.82689732,   4.156459376,   316.1584413,   0.8986,   120.2,   115.440336,   108.238176,   0.332,   1,   170.76,   169.16,   1.66,   3.18,   -0.38,   304.78,    -999999,  304.1499939,   876.2,   22.1,   65.16,   -146.3,   39.42,    -999999,   -999999,   -999999,   -999999,   -999999,  6,   0.17306,   0.72554,    -999999,   -999999,  59.66,   388.57,   1.949433333,   0.15475,   387.63,   1946.33,   145.83,   330.13,   9.13,   516.7,   -47.37,    -999999,  234.43,   517.97,   3.29,   72.57,   8.68,   0.54,   28.64,   18.89,   118.01,   20.1,   25.71,   21.38,   1.28,   1.14,   3.7,   3.34,   0.44,   2.99,   81.04,   4.7,   2.11,   8.12,   0.79,   0.7,   488.16,   552.66,   56.03,   13.86,   4.89,   156.11,   3193.89,   912.3,   233.8,   88.56,   73.77,   118.97,   32.66,   74.61,   0.27,   0.16,   2.06,   0.65,   29.66,          265.33000  
65472,   204,          401568.00,         4.0000000,  12.98422095,   39.2043716,   281.9528976,   0.8348472103,   916.6,   297.1499939,   304.6361811,   289,   22.83326808,   3.021064595,   319.5572998,   0.9136,   120,   115.646112,   108.54684,   0.336,   3,   170.14,   169.04,   1.3,   2.2,   -0.76,   304.6,    -999999,  303.8899939,   874.2,   22.1,   65.6,   -146.24,   41.8,    -999999,   -999999,   -999999,   -999999,   -999999,  6,   0.17606,   0.73754,    -999999,   -999999,  59.78,   385.72,   1.95855,   0.15075,   387.63,   1946.33,   145.83,   330.13,   9.13,   516.7,   -47.37,    -999999,  234.43,   517.97,   3.29,   72.57,   8.68,   0.54,   28.64,   18.89,   118.01,   20.1,   25.71,   21.38,   1.28,   1.14,   3.7,   3.34,   0.44,   2.99,   81.04,   4.7,   2.11,   8.12,   0.79,   0.7,   488.16,   552.66,   56.03,   13.86,   4.89,   156.11,   3193.89,   912.3,   233.8,   88.56,   73.77,   118.97,   32.66,   74.61,   0.27,   0.16,   2.06,   0.65,   29.66,          265.33000  
65477,   204,          401569.00,         4.0000000,  12.98570159,   39.1990448,   281.9542738,   0.8351520103,   916.4,   297.1899939,   304.6961858,   289,   22.83968571,   6.094489907,   298.1694517,   0.913,   120,   116.057664,   108.855504,   0.34,   1,   171.1,   168.48,   2.42,   1.72,   0.52,   304.64,    -999999,  303.9499939,   873.2,   22.1,   66.76,   -146.2,   39.8,    -999999,   -999999,   -999999,   -999999,   -999999,  6,   0.18426,   0.72874,    -999999,   -999999,  59.38,   388.37,   1.9445,   0.14125,   387.63,   1946.33,   145.83,   330.13,   9.13,   516.7,   -47.37,    -999999,  234.43,   517.97,   3.29,   72.57,   8.68,   0.54,   28.64,   18.89,   118.01,   20.1,   25.71,   21.38,   1.28,   1.14,   3.7,   3.34,   0.44,   2.99,   81.04,   4.7,   2.11,   8.12,   0.79,   0.7,   488.16,   552.66,   56.03,   13.86,   4.89,   156.11,   3193.89,   912.3,   233.8,   88.56,   73.77,   118.97,   32.66,   74.61,   0.27,   0.16,   2.06,   0.65,   29.66,          265.33000  
65482,   204,          401570.00,         4.0000000,  12.9871803,   39.193692,   281.9556212,   0.8299704103,   917,   297.1899939,   304.639211,   289,   22.84608578,   4.613304262,   314.5892775,   0.909,   121,   115.646112,   108.443952,   0.338,   0,   171,   169.2,   1.78,   1.24,   1.16,   304.62,    -999999,  303.9499939,   874,   22.1,   67.6,   -146.12,   39.4,    -999999,   -999999,   -999999,   -999999,   -999999,  6,   0.17428,   0.73472,    -999999,   -999999,  58.04,   388.85,   1.94675,   0.1442105263,   387.63,   1946.33,   145.83,   330.13,   9.13,   516.7,   -47.37,    -999999,  234.43,   517.97,   3.29,   72.57,   8.68,   0.54,   28.64,   18.89,   118.01,   20.1,   25.71,   21.38,   1.28,   1.14,   3.7,   3.34,   0.44,   2.99,   81.04,   4.7,   2.11,   8.12,   0.79,   0.7,   488.16,   552.66,   56.03,   13.86,   4.89,   156.11,   3193.89,   912.3,   233.8,   88.56,   73.77,   118.97,   32.66,   74.61,   0.27,   0.16,   2.06,   0.65,   29.66,          265.33000  
65487,   204,          401571.00,         4.0000000,  12.98865678,   39.1883048,   281.956935,   0.8253984102,   917.4,   297.1699939,   304.5807557,   289,   22.85245937,   6.518632935,   294.7159127,   0.9012,   121.8,   117.909648,   110.6046,   0.34,   -0.8,   172.22,   169.36,   2.78,   1.28,   0.52,   304.52,    -999999,  304.1499939,   874.8,   22.1,   67.12,   -146.1,   39.46,    -999999,   -999999,   -999999,   -999999,   -999999,  6,   0.16772,   0.73348,    -999999,   -999999,  57.84,   388.87,   1.9452,   0.14185,    -999999,   -999999,   -999999,   -999999,   -999999,   -999999,   -999999,   -999999,   -999999,   -999999,   -999999,   -999999,   -999999,   -999999,   -999999,   -999999,   -999999,   -999999,   -999999,   -999999,   -999999,   -999999,   -999999,   -999999,   -999999,   -999999,   -999999,   -999999,   -999999,   -999999,   -999999,   -999999,   -999999,   -999999,   -999999,   -999999,   -999999,   -999999,   -999999,   -999999,   -999999,   -999999,   -999999,   -999999,   -999999,   -999999,   -999999,   -999999,   -999999,   -999999,   -999999,     -999999  
65492,   204,          401572.00,         4.0000000,  12.99013255,   39.1828918,   281.9582382,   0.8229600102,   917.8,   297.4099939,   304.7887774,   289,   22.85882425,   6.176630482,   298.7553398,   0.8992,   122,   117.80676,   110.501712,   0.34,   -1,   171.98,   169.36,   2.68,   2.16,   -0.62,   304.76,    -999999,  304.3499939,   875.4,   22.1,   65.72,   -146,   40.4,    -999999,   -999999,   -999999,   -999999,   -999999,  6,   0.17298,   0.72622,    -999999,   -999999,  57.44,   391.2985714,   1.932477778,   0.1328,    -999999,   -999999,   -999999,   -999999,   -999999,   -999999,   -999999,   -999999,   -999999,   -999999,   -999999,   -999999,   -999999,   -999999,   -999999,   -999999,   -999999,   -999999,   -999999,   -999999,   -999999,   -999999,   -999999,   -999999,   -999999,   -999999,   -999999,   -999999,   -999999,   -999999,   -999999,   -999999,   -999999,   -999999,   -999999,   -999999,   -999999,   -999999,   -999999,   -999999,   -999999,   -999999,   -999999,   -999999,   -999999,   -999999,   -999999,   -999999,   -999999,   -999999,   -999999,     -999999  
65497,   204,          401573.00,         4.0000000,  12.99160936,   39.177478,   281.959557,   0.8253984102,   917.4,   297.4499939,   304.8677383,   289,   22.86521264,   5.836781395,   298.3562299,   0.9026,   122,   118.012536,   110.810376,   0.34,   -0.2,   171.7,   169.18,   2.56,   1.92,   -0.18,   304.8,    -999999,  304.3499939,   875,   22.1,   66.2,   -145.98,   40.26,    -999999,   -999999,   -999999,   -999999,   -999999,  6,   0.17156,   0.73104,    -999999,   -999999,  58.16,   392.085,   1.9315,   0.1452777778,    -999999,   -999999,   -999999,   -999999,   -999999,   -999999,   -999999,   -999999,   -999999,   -999999,   -999999,   -999999,   -999999,   -999999,   -999999,   -999999,   -999999,   -999999,   -999999,   -999999,   -999999,   -999999,   -999999,   -999999,   -999999,   -999999,   -999999,   -999999,   -999999,   -999999,   -999999,   -999999,   -999999,   -999999,   -999999,   -999999,   -999999,   -999999,   -999999,   -999999,   -999999,   -999999,   -999999,   -999999,   -999999,   -999999,   -999999,   -999999,   -999999,   -999999,   -999999,     -999999  
65502,   204,          401574.00,         4.0000000,  12.9930866,   39.1720588,   281.9608824,   0.8253984102,   917.4,   297.3299939,   304.7447458,   289,   22.87161663,   4.013375056,   295.8926805,   0.9022,   122,   119.658744,   112.250808,   0.35,   0,   170.9,   169.2,   1.68,   1.96,   -0.54,   304.72,    -999999,  304.5299939,   874.8,   22.1,   65.96,   -145.9,   41.64,    -999999,   -999999,   -999999,   -999999,   -999999,  6,   0.17486,   0.72734,    -999999,   -999999,  59.62,   389.545,   1.94765,   0.1517368421,    -999999,   -999999,   -999999,   -999999,   -999999,   -999999,   -999999,   -999999,   -999999,   -999999,   -999999,   -999999,   -999999,   -999999,   -999999,   -999999,   -999999,   -999999,   -999999,   -999999,   -999999,   -999999,   -999999,   -999999,   -999999,   -999999,   -999999,   -999999,   -999999,   -999999,   -999999,   -999999,   -999999,   -999999,   -999999,   -999999,   -999999,   -999999,   -999999,   -999999,   -999999,   -999999,   -999999,   -999999,   -999999,   -999999,   -999999,   -999999,   -999999,   -999999,   -999999,     -999999  
65507,   204,          401575.00,         4.0000000,  12.99456513,   39.1666406,   281.962227,   0.8311896103,   916.4,   297.4899939,   305.0037629,   289,   22.87804731,   4.813811135,   291.4484627,   0.9078,   122,   119.658744,   112.045032,   0.348,   0,   171.1,   169,   2,   1.56,   -0.26,   304.92,    -999999,  304.6899939,   873.8,   22.1,   66.4,   -145.84,   41.66,    -999999,   -999999,   -999999,   -999999,   -999999,  6,   0.17948,   0.72832,    -999999,   -999999,  60.38,   387.37,   1.9576,   0.1557,    -999999,   -999999,   -999999,   -999999,   -999999,   -999999,   -999999,   -999999,   -999999,   -999999,   -999999,   -999999,   -999999,   -999999,   -999999,   -999999,   -999999,   -999999,   -999999,   -999999,   -999999,   -999999,   -999999,   -999999,   -999999,   -999999,   -999999,   -999999,   -999999,   -999999,   -999999,   -999999,   -999999,   -999999,   -999999,   -999999,   -999999,   -999999,   -999999,   -999999,   -999999,   -999999,   -999999,   -999999,   -999999,   -999999,   -999999,   -999999,   -999999,   -999999,   -999999,     -999999  
65512,   204,          401576.00,         4.0000000,  12.99604546,   39.1612058,   281.9635986,   0.8369808103,   916.2,   297.4299939,   304.9612651,   289,   22.88449468,   4.988053299,   289.8231713,   0.9122,   122.8,   120.481848,   112.868136,   0.35,   0,   170.9,   168.74,   2.06,   0.38,   -0.5,   304.94,    -999999,  304.7299939,   873.6,   22.1,   67.12,   -145.8,   44.22,    -999999,   -999999,   -999999,   -999999,   -999999,  6,   0.18794,   0.72426,    -999999,   -999999,  58.54,   386.125,   1.96135,   0.1582,    -999999,   -999999,   -999999,   -999999,   -999999,   -999999,   -999999,   -999999,   -999999,   -999999,   -999999,   -999999,   -999999,   -999999,   -999999,   -999999,   -999999,   -999999,   -999999,   -999999,   -999999,   -999999,   -999999,   -999999,   -999999,   -999999,   -999999,   -999999,   -999999,   -999999,   -999999,   -999999,   -999999,   -999999,   -999999,   -999999,   -999999,   -999999,   -999999,   -999999,   -999999,   -999999,   -999999,   -999999,   -999999,   -999999,   -999999,   -999999,   -999999,   -999999,   -999999,     -999999  
65517,   204,          401577.00,         4.0000000,  12.99752732,   39.155725,   281.9649932,   0.8324088103,   916.6,   297.4299939,   304.9232352,   289,   22.89093389,   4.211461695,   303.0747521,   0.9086,   124.2,   120.790512,   113.073912,   0.35,   0,   170.54,   168.84,   1.86,   0.42,   -0.1,   304.84,    -999999,  304.7499939,   873.6,   22.16,   67.32,   -145.72,   43.58,    -999999,   -999999,   -999999,   -999999,   -999999,  6,   0.19296,   0.71564,    -999999,   -999999,  58.18,   385.55,   1.9623,   0.1597,    -999999,   -999999,   -999999,   -999999,   -999999,   -999999,   -999999,   -999999,   -999999,   -999999,   -999999,   -999999,   -999999,   -999999,   -999999,   -999999,   -999999,   -999999,   -999999,   -999999,   -999999,   -999999,   -999999,   -999999,   -999999,   -999999,   -999999,   -999999,   -999999,   -999999,   -999999,   -999999,   -999999,   -999999,   -999999,   -999999,   -999999,   -999999,   -999999,   -999999,   -999999,   -999999,   -999999,   -999999,   -999999,   -999999,   -999999,   -999999,   -999999,   -999999,   -999999,     -999999  
65522,   204,          401578.00,         4.0000000,  12.99901041,   39.1501952,   281.9664062,   0.8296656103,   917,   297.4299939,   304.8852267,   289,   22.89736046,   6.773753772,   298.84911,   0.9058,   125.2,   120.584736,   113.073912,   0.35,   0,   171.6,   168.78,   2.56,   0.58,   0.98,   304.86,    -999999,  304.7499939,   873.6,   22.2,   67.94,   -145.7,   40.88,    -999999,   -999999,   -999999,   -999999,   -999999,  6,   0.19672,   0.70908,    -999999,   -999999,  59.78,   386.1157143,   1.9615,   0.1578421053,    -999999,   -999999,   -999999,   -999999,   -999999,   -999999,   -999999,   -999999,   -999999,   -999999,   -999999,   -999999,   -999999,   -999999,   -999999,   -999999,   -999999,   -999999,   -999999,   -999999,   -999999,   -999999,   -999999,   -999999,   -999999,   -999999,   -999999,   -999999,   -999999,   -999999,   -999999,   -999999,   -999999,   -999999,   -999999,   -999999,   -999999,   -999999,   -999999,   -999999,   -999999,   -999999,   -999999,   -999999,   -999999,   -999999,   -999999,   -999999,   -999999,   -999999,   -999999,     -999999  
