inputs/ACTAMERICA_Merge/C130/ACTAMERICA-mrg05-c130_merge_20170125_R0.ict
143, 1001
Shook, Michael
NASA Atmospheric Composition Branch, NASA Langley Research Center (SSAI)
Merged data file for ACT-AMERICA 2017, Flight 01 (20170125), on the c130 platform. Data is merged to 05 seconds.
NASA ACT-AMERICA 2017
1, 1
2017, 01, 25, 2018, 02, 23
05
UTC,s
104
1, 1, 1, 1, 1, 1, 1, 1, 1, 1, 1, 1, 1, 1, 1, 1, 1, 1, 1, 1, 1, 1, 1, 1, 1, 1, 1, 1, 1, 1, 1, 1, 1, 1, 1, 1, 1, 1, 1, 1, 1, 1, 1, 1, 1, 1, 1, 1, 1, 1, 1, 1, 1, 1, 1, 1, 1, 1, 1, 1, 1, 1, 1, 1, 1, 1, 1, 1, 1, 1, 1, 1, 1, 1, 1, 1, 1, 1, 1, 1, 1, 1, 1, 1, 1, 1, 1, 1, 1, 1, 1, 1, 1, 1, 1, 1, 1, 1, 1, 1, 1, 1, 1, 1
-999999, -999999, -999999, -999999, -999999, -999999, -999999, -999999, -999999, -999999, -999999, -999999, -999999, -999999, -999999, -999999, -999999, -999999, -999999, -999999, -999999, -999999, -999999, -999999, -999999, -999999, -999999, -999999, -999999, -999999, -999999, -999999, -999999, -999999, -999999, -999999, -999999, -999999, -999999, -999999, -999999, -999999, -999999, -999999, -999999, -999999, -999999, -999999, -999999, -999999, -999999, -999999, -999999, -999999, -999999, -999999, -999999, -999999, -999999, -999999, -999999, -999999, -999999, -999999, -999999, -999999, -999999, -999999, -999999, -999999, -999999, -999999, -999999, -999999, -999999, -999999, -999999, -999999, -999999, -999999, -999999, -999999, -999999, -999999, -999999, -999999, -999999, -999999, -999999, -999999, -999999, -999999, -999999, -999999, -999999, -999999, -999999, -999999, -999999, -999999, -999999, -999999, -999999, -999999
JDAY, days
INDEX, none
FLIGHT, none
LOCAL_SUN_TIME, hour
LATITUDE, degs
LONGITUDE, degs
ALTP, km
PRESSURE, hPa
TEMPERATURE, K
THETA, K
O3COLUMN, DU
SZA, deg
WNS, m s-1
WND, Degs
GPS_ALT, km
GRD_SPD, m s-1
TAS, m/s
IAS, m/s
MachNumber, mach
VerticalSpeed, m s-1
HDG, degs
TRK, degs
DriftAngle, degs
PITCH, degs
ROLL, degs
PotentialTemp, K
Dewpoint, K
TotalAirTemp, K
CabinPressure, hPa
SolarZenithAngle, degs
AircraftSunElevation, degs
SunAzimuth, degs
AircraftSunAzimuth, degs
H2O_MixingRatio, g kg-1
H2O_VaporPressure, hPa
H2O_SatVaporPressureWater, hPa
H2O_SatVaporPressureIce, hPa
H2O_RelativeHumidity, %
H2O_VolMixingRatio_PICARRO, %
H2O_MassMixingRatio_PICARRO, g kg-1
H2O_VaporPressure_PICARRO, hPa
RHi_PICARRO, %
RHw_PICARRO, %
Dewpoint_PICARRO, K
Ground_Elevation, km
Altitude_AGL, km
GroundHeight_CPL, km
MLH_CPL, km
O3_MixingRatio, ppbv
CO2_MixingRatio_PICARRO, ppmv
CH4_MixingRatio_PICARRO, ppmv
CO_MixingRatio_PICARRO, ppmv
CO2_MoleFraction_PFP, ppm
CH4_MoleFraction_PFP, ppb
CO_MoleFraction_PFP, ppb
N2O_MoleFraction_PFP, ppb
SF6_CCGG_MoleFraction_PFP, ppt
H2_MoleFraction_PFP, ppb
CH4C13_PFP, per mil
CO2C14_PFP, per mil
F11B_MoleFraction_PFP, ppt
FC12_MoleFraction_PFP, ppt
F13_MoleFraction_PFP, ppt
F113_MoleFraction_PFP, ppt
F115_MoleFraction_PFP, ppt
HF133a_MoleFraction_PFP, ppt
F23_MoleFraction_PFP, ppt
F32_MoleFraction_PFP, ppt
F134A_MoleFraction_PFP, ppt
F152A_MoleFraction_PFP, ppt
F125_MoleFraction_PFP, ppt
F143a_MoleFraction_PFP, ppt
F227e_MoleFraction_PFP, ppt
F365m_MoleFraction_PFP, ppt
H1211_MoleFraction_PFP, ppt
H1301_MoleFraction_PFP, ppt
H2402_MoleFraction_PFP, ppt
MCFA_MoleFraction_PFP, ppt
CF4_MoleFraction_PFP, ppt
C2F6_MoleFraction_PFP, ppt
SO2F2_MoleFraction_PFP, ppt
MEBR_MoleFraction_PFP, ppt
CH3I_MoleFraction_PFP, ppt
DIBR_MoleFraction_PFP, ppt
[...]
[from data line 1099]
76197,   25,          101100.00,         1.0000000,  16.02082282,   36.26259614,   282.8144256,   5.384657827,   512.2,   259.7899939,   314.513787,   258,   79.31368979,   40.55976719,   268.7206109,   5.5078,   156.8,   129.330216,   97.74360001,   0.4,   0,   35.94,   47.8,   -11.96,   2.78,   -2.42,   314.5,   246.5299939,   268.1699939,   972.4,   76.9,   16.32,   -125.42,   -161.4,   0.912,   0.706,   2.214,   1.946,   31.886,   0.1397,   0.86715,   0.71655,   37.7775,   33.12,   246.8274939,   0.01874,   5.48906,   0.1164494,   0.659559,   22.9,   405.45,   1.8499,   0.07493157895,   405.29,   1850.13,   72.11,   330.34,   9.15,   526.2,    -999999,   -999999,  232.36,   516.82,   3.3,   71.23,   8.55,   0.5,   29.91,   12.95,   95.42,   6.65,   21.98,   19.93,   1.26,   0.98,   3.57,   3.32,   0.41,   3.65,   83.63,   4.64,   2.36,   6.66,   0.07,   0.94,   525.54,   565.25,   51.55,   9.84,   1.55,   44.5,   461.7,   28.99,   2.82,   4.35,   1.48,   2.16,   8.69,   25.91,   0.17,   0.15,   256.98,   0.59,   6.39,          243.92000  
76202,   25,          101101.00,         1.0000000,  16.02263499,   36.26740114,   282.8207749,   5.385633187,   512,   259.8299939,   314.5973154,   258,   79.33465142,   41.77958013,   269.9616555,   5.5086,   154.6,   128.198448,   96.81760801,   0.4,   0,   33.1,   46.12,   -13.12,   2.86,   -9.34,   314.54,   246.3899939,   267.9899939,   972.2,   76.9,   18.88,   -125.4,   -160.2,   0.904,   0.694,   2.22,   1.954,   31.394,   0.140825,   0.87405,   0.722275,   38.08,   33.385,   246.9124939,   0.01794,   5.49066,   0.1467758,   0.659559,   23.3,   405.4357143,   1.8501,   0.07578421053,   405.29,   1850.13,   72.11,   330.34,   9.15,   526.2,    -999999,   -999999,  232.36,   516.82,   3.3,   71.23,   8.55,   0.5,   29.91,   12.95,   95.42,   6.65,   21.98,   19.93,   1.26,   0.98,   3.57,   3.32,   0.41,   3.65,   83.63,   4.64,   2.36,   6.66,   0.07,   0.94,   525.54,   565.25,   51.55,   9.84,   1.55,   44.5,   461.7,   28.99,   2.82,   4.35,   1.48,   2.16,   8.69,   25.91,   0.17,   0.15,   256.98,   0.59,   6.39,          243.92000  
76207,   25,          101102.00,         1.0000000,  16.0244205,   36.27232896,   282.8267242,   5.382707107,   512.8,   259.8899939,   314.5296255,   258,   79.35541206,   41.91991167,   269.8804383,   5.5066,   151,   126.243576,   95.37717601,   0.39,   0,   29.2,   43.16,   -14.12,   3.04,   -10.16,   314.56,   246.2899939,   267.9099939,   972.6,   76.92,   19.84,   -125.4,   -156.18,   0.894,   0.69,   2.232,   1.962,   30.954,   0.1384222222,   0.8590777778,   0.7100333333,   37.43444444,   32.82111111,   246.7266606,   0.01662,   5.48998,   0.1608506,   0.659559,   21.98,   405.43,   1.85011,   0.07479473684,   405.29,   1850.13,   72.11,   330.34,   9.15,   526.2,    -999999,   -999999,  232.36,   516.82,   3.3,   71.23,   8.55,   0.5,   29.91,   12.95,   95.42,   6.65,   21.98,   19.93,   1.26,   0.98,   3.57,   3.32,   0.41,   3.65,   83.63,   4.64,   2.36,   6.66,   0.07,   0.94,   525.54,   565.25,   51.55,   9.84,   1.55,   44.5,   461.7,   28.99,   2.82,   4.35,   1.48,   2.16,   8.69,   25.91,   0.17,   0.15,   256.98,   0.59,   6.39,          243.92000  
76212,   25,          101103.00,         1.0000000,  16.02617561,   36.27736052,   282.8322174,   5.382219427,   512.4,   259.9699939,   314.6965996,   258,   79.37592308,   42.1397031,   270.2422409,   5.5062,   147,   124.185816,   93.83385601,   0.384,   0,   25.6,   40.56,   -14.96,   3.32,   -5.6,   314.66,   246.2499939,   267.7299939,   972.4,   77,   18.44,   -125.4,   -151.54,   0.89,   0.69,   2.25,   1.98,   30.604,   0.1342888889,   0.8335666667,   0.6889444444,   36.06111111,   31.64111111,   246.3977717,   0.01542,   5.49078,   0.1555682,   0.659559,   21.02,   405.4857143,   1.85061,   0.07335,   405.29,   1850.13,   72.11,   330.34,   9.15,   526.2,    -999999,   -999999,  232.36,   516.82,   3.3,   71.23,   8.55,   0.5,   29.91,   12.95,   95.42,   6.65,   21.98,   19.93,   1.26,   0.98,   3.57,   3.32,   0.41,   3.65,   83.63,   4.64,   2.36,   6.66,   0.07,   0.94,   525.54,   565.25,   51.55,   9.84,   1.55,   44.5,   461.7,   28.99,   2.82,   4.35,   1.48,   2.16,   8.69,   25.91,   0.17,   0.15,   256.98,   0.59,   6.39,          243.92000  
76217,   25,          101104.00,         1.0000000,  16.02791199,   36.28238754,   282.8374298,   5.382219427,   512.2,   260.0499939,   314.8285551,   258,   79.39624327,   41.03981506,   269.5804095,   5.5072,   144.2,   121.92228,   92.18764801,   0.38,   0,   25.02,   39.86,   -14.9,   3.62,   -0.58,   314.74,   246.2499939,   267.4299939,   971.4,   77,   16.24,   -125.4,   -149.78,   0.89,   0.69,   2.26,   1.99,   30.476,   0.132625,   0.823225,   0.680375,   35.1525,   30.8825,   246.2624939,   0.01458,   5.49262,   0.1528996,   0.665555,   19.62,   405.5,   1.85063,   0.07526315789,    -999999,   -999999,   -999999,   -999999,   -999999,   -999999,   -999999,   -999999,   -999999,   -999999,   -999999,   -999999,   -999999,   -999999,   -999999,   -999999,   -999999,   -999999,   -999999,   -999999,   -999999,   -999999,   -999999,   -999999,   -999999,   -999999,   -999999,   -999999,   -999999,   -999999,   -999999,   -999999,   -999999,   -999999,   -999999,   -999999,   -999999,   -999999,   -999999,   -999999,   -999999,   -999999,   -999999,   -999999,   -999999,   -999999,   -999999,   -999999,   -999999,   -999999,   -999999,     -999999  
76222,   25,          101105.00,         1.0000000,  16.02964278,   36.28733598,   282.8425583,   5.377830306,   513,   260.0899939,   314.7366067,   258,   79.41646483,   40.87997424,   269.3,   5.5078,   142,   119.555856,   90.23277601,   0.37,   0,   25.1,   40.1,   -15.02,   3.7,   -0.02,   314.74,   246.2499939,   267.2499939,   972.4,   77,   16.04,   -125.4,   -149.78,   0.89,   0.69,   2.264,   1.994,   30.4,   0.133175,   0.82655,   0.6832,   36.0175,   31.58,   246.3074939,   0.01618,   5.49162,   0.1517396,   0.689539,   21.5,   405.455,   1.850945455,   0.07520526316,    -999999,   -999999,   -999999,   -999999,   -999999,   -999999,   -999999,   -999999,   -999999,   -999999,   -999999,   -999999,   -999999,   -999999,   -999999,   -999999,   -999999,   -999999,   -999999,   -999999,   -999999,   -999999,   -999999,   -999999,   -999999,   -999999,   -999999,   -999999,   -999999,   -999999,   -999999,   -999999,   -999999,   -999999,   -999999,   -999999,   -999999,   -999999,   -999999,   -999999,   -999999,   -999999,   -999999,   -999999,   -999999,   -999999,   -999999,   -999999,   -999999,   -999999,   -999999,     -999999  
76227,   25,          101106.00,         1.0000000,  16.03137021,   36.29219132,   282.8476364,   5.373928866,   513,   260.0699939,   314.7124045,   258,   79.43660252,   41.07999984,   269.3,   5.5052,   140,   117.498096,   88.68945601,   0.364,   0,   25.06,   40.32,   -15.28,   3.54,   -0.24,   314.66,   246.2899939,   266.9699939,   971.8,   77,   15.96,   -125.3,   -149.74,   0.894,   0.69,   2.262,   1.992,   30.534,   0.1331222222,   0.8263777778,   0.6836555556,   36.04333333,   31.60111111,   246.3166606,   0.01828,   5.48692,   0.1650236,   0.689539,   19.22,   405.4942857,   1.850544444,   0.0762,    -999999,   -999999,   -999999,   -999999,   -999999,   -999999,   -999999,   -999999,   -999999,   -999999,   -999999,   -999999,   -999999,   -999999,   -999999,   -999999,   -999999,   -999999,   -999999,   -999999,   -999999,   -999999,   -999999,   -999999,   -999999,   -999999,   -999999,   -999999,   -999999,   -999999,   -999999,   -999999,   -999999,   -999999,   -999999,   -999999,   -999999,   -999999,   -999999,   -999999,   -999999,   -999999,   -999999,   -999999,   -999999,   -999999,   -999999,   -999999,   -999999,   -999999,   -999999,     -999999  
76232,   25,          101107.00,         1.0000000,  16.03309448,   36.29697188,   282.8526672,   5.368625346,   513.4,   260.0499939,   314.6181315,   258,   79.45666844,   41.17993474,   269.2400194,   5.4988,   138.4,   115.646112,   87.35191201,   0.36,   0,   24.98,   40.46,   -15.52,   3.34,   -0.08,   314.58,   246.3499939,   266.7299939,   971.6,   77.02,   15.66,   -125.3,   -149.68,   0.898,   0.69,   2.26,   1.992,   30.758,   0.1342333333,   0.8332888889,   0.6901444444,   36.38555556,   31.90333333,   246.4166606,   0.01904,   5.47976,   0.1687748,   0.7375078,   22.3,   405.485,   1.850509091,   0.0787,    -999999,   -999999,   -999999,   -999999,   -999999,   -999999,   -999999,   -999999,   -999999,   -999999,   -999999,   -999999,   -999999,   -999999,   -999999,   -999999,   -999999,   -999999,   -999999,   -999999,   -999999,   -999999,   -999999,   -999999,   -999999,   -999999,   -999999,   -999999,   -999999,   -999999,   -999999,   -999999,   -999999,   -999999,   -999999,   -999999,   -999999,   -999999,   -999999,   -999999,   -999999,   -999999,   -999999,   -999999,   -999999,   -999999,   -999999,   -999999,   -999999,   -999999,   -999999,     -999999  
76237,   25,          101108.00,         1.0000000,  16.03481703,   36.30170822,   282.8576721,   5.358140226,   514,   260.0699939,   314.5373454,   258,   79.47669376,   41.55999026,   269.3799808,   5.4892,   137.8,   115.028784,   86.83747201,   0.36,   -0.6,   24.76,   40.5,   -15.82,   3.48,   0.06,   314.48,   246.4499939,   266.6299939,   971.2,   77.1,   15.72,   -125.3,   -149.36,   0.9,   0.7,   2.264,   1.994,   30.964,   0.135325,   0.840175,   0.696525,   36.57,   32.08,   246.5149939,   0.0177,   5.4715,   0.159627,   0.6775472,   20.1,   405.48,   1.85,   0.0773,    -999999,   -999999,   -999999,   -999999,   -999999,   -999999,   -999999,   -999999,   -999999,   -999999,   -999999,   -999999,   -999999,   -999999,   -999999,   -999999,   -999999,   -999999,   -999999,   -999999,   -999999,   -999999,   -999999,   -999999,   -999999,   -999999,   -999999,   -999999,   -999999,   -999999,   -999999,   -999999,   -999999,   -999999,   -999999,   -999999,   -999999,   -999999,   -999999,   -999999,   -999999,   -999999,   -999999,   -999999,   -999999,   -999999,   -999999,   -999999,   -999999,   -999999,   -999999,     -999999  
76242,   25,          101109.00,         1.0000000,  16.03653785,   36.30643082,   282.8626511,   5.350825026,   514.8,   260.0899939,   314.421791,   258,   79.4966952,   41.65995882,   269.2599136,   5.481,   137,   114.308568,   86.32303201,   0.352,   -1,   24.68,   40.52,   -15.9,   3.64,   0.22,   314.42,   246.5499939,   266.5699939,   971.4,   77.1,   15.8,   -125.3,   -149.22,   0.91,   0.71,   2.268,   1.998,   31.202,   0.1361,   0.8448,   0.700975,   35.9575,   31.6225,   246.5874939,   0.0179,   5.4631,   0.1532966,   0.7495,   21.78,   405.45,   1.85,   0.07725789474,    -999999,   -999999,   -999999,   -999999,   -999999,   -999999,   -999999,   -999999,   -999999,   -999999,   -999999,   -999999,   -999999,   -999999,   -999999,   -999999,   -999999,   -999999,   -999999,   -999999,   -999999,   -999999,   -999999,   -999999,   -999999,   -999999,   -999999,   -999999,   -999999,   -999999,   -999999,   -999999,   -999999,   -999999,   -999999,   -999999,   -999999,   -999999,   -999999,   -999999,   -999999,   -999999,   -999999,   -999999,   -999999,   -999999,   -999999,   -999999,   -999999,   -999999,   -999999,     -999999  
76247,   25,          101110.00,         1.0000000,  16.03825765,   36.31112898,   282.8676147,   5.345460546,   515,   260.1499939,   314.4594246,   258,   79.51667406,   41.75998393,   269.1400383,   5.4742,   136.6,   113.485464,   85.91148001,   0.35,   -1,   24.6,   40.6,   -16,   3.72,   0.36,   314.4,   246.6499939,   266.5499939,   971.6,   77.1,   15.72,   -125.3,   -149.1,   0.92,   0.712,   2.278,   2.01,   31.334,   0.13715,   0.85125,   0.70685,   36.26,   31.885,   246.6799939,   0.01582,   5.45838,   0.1485368,   0.6955354,   21.26,   405.45,   1.84995,   0.07705,    -999999,   -999999,   -999999,   -999999,   -999999,   -999999,   -999999,   -999999,   -999999,   -999999,   -999999,   -999999,   -999999,   -999999,   -999999,   -999999,   -999999,   -999999,   -999999,   -999999,   -999999,   -999999,   -999999,   -999999,   -999999,   -999999,   -999999,   -999999,   -999999,   -999999,   -999999,   -999999,   -999999,   -999999,   -999999,   -999999,   -999999,   -999999,   -999999,   -999999,   -999999,   -999999,   -999999,   -999999,   -999999,   -999999,   -999999,   -999999,   -999999,   -999999,   -999999,     -999999  
76252,   25,          101111.00,         1.0000000,  16.03997674,   36.31580964,   282.8725677,   5.339120706,   515.6,   260.1899939,   314.4031629,   258,   79.53663727,   41.75990733,   269.0401341,   5.4694,   136,   113.073912,   85.49992801,   0.35,   -1,   24.66,   40.62,   -16,   4.16,   0.52,   314.42,   246.7699939,   266.5499939,   972,   77.1,   16,   -125.28,   -149.06,   0.926,   0.722,   2.286,   2.018,   31.56,   0.138125,   0.8573,   0.712,   36.525,   32.12,   246.7599939,   0.01518,   5.45422,   0.1481036,   0.6355758,   22.26,   405.43,   1.85005,   0.073365,    -999999,   -999999,   -999999,   -999999,   -999999,   -999999,   -999999,   -999999,   -999999,   -999999,   -999999,   -999999,   -999999,   -999999,   -999999,   -999999,   -999999,   -999999,   -999999,   -999999,   -999999,   -999999,   -999999,   -999999,   -999999,   -999999,   -999999,   -999999,   -999999,   -999999,   -999999,   -999999,   -999999,   -999999,   -999999,   -999999,   -999999,   -999999,   -999999,   -999999,   -999999,   -999999,   -999999,   -999999,   -999999,   -999999,   -999999,   -999999,   -999999,   -999999,   -999999,     -999999  
76257,   25,          101112.00,         1.0000000,  16.04169634,   36.32046432,   282.8775284,   5.337657666,   515.6,   260.1899939,   314.4031629,   258,   79.55659257,   41.81996425,   268.9800095,   5.4682,   136,   112.456584,   85.19126401,   0.35,   -0.6,   24.78,   40.8,   -16.04,   4.98,   0.92,   314.38,   246.8699939,   266.4699939,   971.6,   77.1,   16.52,   -125.2,   -148.98,   0.932,   0.73,   2.284,   2.018,   31.874,   0.138725,   0.86095,   0.714425,   36.65,   32.2275,   246.7974939,   0.01226,   5.45594,   0.1557878,   0.5996,   22.26,   405.475,   1.8499,   0.074475,    -999999,   -999999,   -999999,   -999999,   -999999,   -999999,   -999999,   -999999,   -999999,   -999999,   -999999,   -999999,   -999999,   -999999,   -999999,   -999999,   -999999,   -999999,   -999999,   -999999,   -999999,   -999999,   -999999,   -999999,   -999999,   -999999,   -999999,   -999999,   -999999,   -999999,   -999999,   -999999,   -999999,   -999999,   -999999,   -999999,   -999999,   -999999,   -999999,   -999999,   -999999,   -999999,   -999999,   -999999,   -999999,   -999999,   -999999,   -999999,   -999999,   -999999,   -999999,     -999999  
