inputs/ACTAMERICA_Merge/C130/ACTAMERICA-mrg05-c130_merge_20170213_R0_L1.ict
143, 1001
Shook, Michael
NASA Atmospheric Composition Branch, NASA Langley Research Center (SSAI)
Merged data file for ACT-AMERICA 2017, Flight 07 (20170213), on the c130 platform. Data is merged to 05 seconds.
NASA ACT-AMERICA 2017
1, 1
2017, 02, 13, 2018, 02, 23
05
UTC,s
104
1, 1, 1, 1, 1, 1, 1, 1, 1, 1, 1, 1, 1, 1, 1, 1, 1, 1, 1, 1, 1, 1, 1, 1, 1, 1, 1, 1, 1, 1, 1, 1, 1, 1, 1, 1, 1, 1, 1, 1, 1, 1, 1, 1, 1, 1, 1, 1, 1, 1, 1, 1, 1, 1, 1, 1, 1, 1, 1, 1, 1, 1, 1, 1, 1, 1, 1, 1, 1, 1, 1, 1, 1, 1, 1, 1, 1, 1, 1, 1, 1, 1, 1, 1, 1, 1, 1, 1, 1, 1, 1, 1, 1, 1, 1, 1, 1, 1, 1, 1, 1, 1, 1, 1
-999999, -999999, -999999, -999999, -999999, -999999, -999999, -999999, -999999, -999999, -999999, -999999, -999999, -999999, -999999, -999999, -999999, -999999, -999999, -999999, -999999, -999999, -999999, -999999, -999999, -999999, -999999, -999999, -999999, -999999, -999999, -999999, -999999, -999999, -999999, -999999, -999999, -999999, -999999, -999999, -999999, -999999, -999999, -999999, -999999, -999999, -999999, -999999, -999999, -999999, -999999, -999999, -999999, -999999, -999999, -999999, -999999, -999999, -999999, -999999, -999999, -999999, -999999, -999999, -999999, -999999, -999999, -999999, -999999, -999999, -999999, -999999, -999999, -999999, -999999, -999999, -999999, -999999, -999999, -999999, -999999, -999999, -999999, -999999, -999999, -999999, -999999, -999999, -999999, -999999, -999999, -999999, -999999, -999999, -999999, -999999, -999999, -999999, -999999, -999999, -999999, -999999, -999999, -999999
JDAY, days
INDEX, none
FLIGHT, none
LOCAL_SUN_TIME, hour
LATITUDE, degs
LONGITUDE, degs
ALTP, km
PRESSURE, hPa
TEMPERATURE, K
THETA, K
O3COLUMN, DU
SZA, deg
WNS, m s-1
WND, Degs
GPS_ALT, km
GRD_SPD, m s-1
TAS, m/s
IAS, m/s
MachNumber, mach
VerticalSpeed, m s-1
HDG, degs
TRK, degs
DriftAngle, degs
PITCH, degs
ROLL, degs
PotentialTemp, K
Dewpoint, K
TotalAirTemp, K
CabinPressure, hPa
SolarZenithAngle, degs
AircraftSunElevation, degs
SunAzimuth, degs
AircraftSunAzimuth, degs
H2O_MixingRatio, g kg-1
H2O_VaporPressure, hPa
H2O_SatVaporPressureWater, hPa
H2O_SatVaporPressureIce, hPa
H2O_RelativeHumidity, %
H2O_VolMixingRatio_PICARRO, %
H2O_MassMixingRatio_PICARRO, g kg-1
H2O_VaporPressure_PICARRO, hPa
RHi_PICARRO, %
RHw_PICARRO, %
Dewpoint_PICARRO, K
Ground_Elevation, km
Altitude_AGL, km
GroundHeight_CPL, km
MLH_CPL, km
O3_MixingRatio, ppbv
CO2_MixingRatio_PICARRO, ppmv
CH4_MixingRatio_PICARRO, ppmv
CO_MixingRatio_PICARRO, ppmv
CO2_MoleFraction_PFP, ppm
CH4_MoleFraction_PFP, ppb
CO_MoleFraction_PFP, ppb
N2O_MoleFraction_PFP, ppb
SF6_CCGG_MoleFraction_PFP, ppt
H2_MoleFraction_PFP, ppb
CH4C13_PFP, per mil
CO2C14_PFP, per mil
F11B_MoleFraction_PFP, ppt
FC12_MoleFraction_PFP, ppt
F13_MoleFraction_PFP, ppt
F113_MoleFraction_PFP, ppt
F115_MoleFraction_PFP, ppt
HF133a_MoleFraction_PFP, ppt
F23_MoleFraction_PFP, ppt
F32_MoleFraction_PFP, ppt
F134A_MoleFraction_PFP, ppt
F152A_MoleFraction_PFP, ppt
F125_MoleFraction_PFP, ppt
F143a_MoleFraction_PFP, ppt
F227e_MoleFraction_PFP, ppt
F365m_MoleFraction_PFP, ppt
H1211_MoleFraction_PFP, ppt
H1301_MoleFraction_PFP, ppt
H2402_MoleFraction_PFP, ppt
MCFA_MoleFraction_PFP, ppt
CF4_MoleFraction_PFP, ppt
C2F6_MoleFraction_PFP, ppt
SO2F2_MoleFraction_PFP, ppt
MEBR_MoleFraction_PFP, ppt
CH3I_MoleFraction_PFP, ppt
DIBR_MoleFraction_PFP, ppt
[...]
[from data line 505]
56587,   44,          700506.00,         7.0000000,  9.434669529,   35.3742508,   265.7304596,   5.488838468,   505,   258.2499939,   313.9165521,   302,   60.84206527,   14.93996915,   247.7198127,   5.6962,   136.6,   133.034184,   100.212912,   0.41,   2,   348.38,   355.02,   -6.64,   4.1,   2.9,   313.88,   246.6099939,   267.0499939,   899,   62.9,   32.32,   132.6,   144.34,   0.934,   0.71,   1.954,   1.692,   36.414,   0.141325,   0.877225,   0.714175,   43.6775,   37.6925,   246.7924939,   0.12026,   5.57594,   0.2788632,   1.82878,   40.82,   406.1314286,   1.85975,   0.07965263158,    -999999,   -999999,   -999999,   -999999,   -999999,   -999999,   -999999,   -999999,   -999999,   -999999,   -999999,   -999999,   -999999,   -999999,   -999999,   -999999,   -999999,   -999999,   -999999,   -999999,   -999999,   -999999,   -999999,   -999999,   -999999,   -999999,   -999999,   -999999,   -999999,   -999999,   -999999,   -999999,   -999999,   -999999,   -999999,   -999999,   -999999,   -999999,   -999999,   -999999,   -999999,   -999999,   -999999,   -999999,   -999999,   -999999,   -999999,   -999999,   -999999,   -999999,   -999999,     -999999  
56592,   44,          700507.00,         7.0000000,  9.436019458,   35.38042298,   265.7298752,   5.499262628,   504.4,   258.1299939,   313.8772806,   302,   60.83507108,   14.8998908,   247.9009395,   5.7082,   137,   133.23996,   100.3158,   0.414,   2,   349.22,   355.78,   -6.56,   4.14,   4.02,   313.82,   246.5099939,   266.9499939,   898.6,   62.9,   33,   132.6,   143.94,   0.926,   0.706,   1.932,   1.67,   36.532,   0.1409,   0.874425,   0.7109,   43.8125,   37.7775,   246.7424939,   0.11998,   5.58822,   0.2602036,   1.804796,   40.9,   406.1042857,   1.85955,   0.08256842105,    -999999,   -999999,   -999999,   -999999,   -999999,   -999999,   -999999,   -999999,   -999999,   -999999,   -999999,   -999999,   -999999,   -999999,   -999999,   -999999,   -999999,   -999999,   -999999,   -999999,   -999999,   -999999,   -999999,   -999999,   -999999,   -999999,   -999999,   -999999,   -999999,   -999999,   -999999,   -999999,   -999999,   -999999,   -999999,   -999999,   -999999,   -999999,   -999999,   -999999,   -999999,   -999999,   -999999,   -999999,   -999999,   -999999,   -999999,   -999999,   -999999,   -999999,   -999999,     -999999  
56597,   44,          700508.00,         7.0000000,  9.437380065,   35.38663328,   265.729451,   5.515965668,   503,   257.9899939,   313.9562666,   302,   60.82802065,   14.05420652,   247.5786147,   5.72,   138,   133.7544,   100.83024,   0.42,   1.8,   351.18,   357.32,   -6.14,   3.96,   7.64,   313.86,   246.4299939,   266.9499939,   898,   62.9,   35.02,   132.6,   143.66,   0.918,   0.698,   1.908,   1.648,   36.626,   0.1413333333,   0.8773555556,   0.7123111111,   44.46333333,   38.29222222,   246.761105,   0.1214,   5.5986,   0.3052234,   1.7988,   40.12,   406.115,   1.8597,   0.08455,    -999999,   -999999,   -999999,   -999999,   -999999,   -999999,   -999999,   -999999,   -999999,   -999999,   -999999,   -999999,   -999999,   -999999,   -999999,   -999999,   -999999,   -999999,   -999999,   -999999,   -999999,   -999999,   -999999,   -999999,   -999999,   -999999,   -999999,   -999999,   -999999,   -999999,   -999999,   -999999,   -999999,   -999999,   -999999,   -999999,   -999999,   -999999,   -999999,   -999999,   -999999,   -999999,   -999999,   -999999,   -999999,   -999999,   -999999,   -999999,   -999999,   -999999,   -999999,     -999999  
56602,   44,          700509.00,         7.0000000,  9.438765394,   35.39290162,   265.7293976,   5.522366468,   502.8,   257.9099939,   313.8945768,   302,   60.82080961,   12.69559727,   246.1377727,   5.73,   139.2,   134.26884,   100.83024,   0.42,   1.8,   355.26,   0.64,   -5.38,   4.04,   11.6,   313.84,   246.3299939,   266.9499939,   897.2,   62.9,   37.86,   132.62,   141.24,   0.91,   0.69,   1.896,   1.636,   36.566,   0.1417333333,   0.8798666667,   0.7129777778,   45.17444444,   38.84333333,   246.7744383,   0.1252,   5.6048,   0.3300582,   1.7988,   40.92,   406.08,   1.8592,   0.082,    -999999,   -999999,   -999999,   -999999,   -999999,   -999999,   -999999,   -999999,   -999999,   -999999,   -999999,   -999999,   -999999,   -999999,   -999999,   -999999,   -999999,   -999999,   -999999,   -999999,   -999999,   -999999,   -999999,   -999999,   -999999,   -999999,   -999999,   -999999,   -999999,   -999999,   -999999,   -999999,   -999999,   -999999,   -999999,   -999999,   -999999,   -999999,   -999999,   -999999,   -999999,   -999999,   -999999,   -999999,   -999999,   -999999,   -999999,   -999999,   -999999,   -999999,   -999999,     -999999  
56607,   44,          700510.00,         7.0000000,  9.44018348,   35.39920882,   265.7298355,   5.537240708,   501.8,   257.8499939,   314.0001089,   302,   60.81335645,   14.03959183,   247.8468651,   5.7436,   140,   134.26884,   100.933128,   0.42,   2.8,   358.48,   4.3,   -5.82,   4.66,   9.44,   313.98,   246.2699939,   266.9299939,   896.8,   62.9,   37.14,   132.7,   136.24,   0.912,   0.69,   1.888,   1.628,   36.482,   0.141875,   0.880525,   0.711525,   45.0825,   38.7625,   246.7524939,   0.12688,   5.61672,   0.3212514,   1.852764,   39.56,   406.075,   1.858972727,   0.08241578947,    -999999,   -999999,   -999999,   -999999,   -999999,   -999999,   -999999,   -999999,   -999999,   -999999,   -999999,   -999999,   -999999,   -999999,   -999999,   -999999,   -999999,   -999999,   -999999,   -999999,   -999999,   -999999,   -999999,   -999999,   -999999,   -999999,   -999999,   -999999,   -999999,   -999999,   -999999,   -999999,   -999999,   -999999,   -999999,   -999999,   -999999,   -999999,   -999999,   -999999,   -999999,   -999999,   -999999,   -999999,   -999999,   -999999,   -999999,   -999999,   -999999,   -999999,   -999999,     -999999  
56612,   44,          700511.00,         7.0000000,  9.4416274,   35.405513,   265.730661,   5.557113669,   500.6,   257.7299939,   314.0687498,   302,   60.80568993,   14.6793182,   248.3724899,   5.764,   140,   133.857288,   100.521576,   0.42,   4,   0.88,   6.82,   -5.94,   5.06,   6.64,   314.08,   246.2499939,   266.6499939,   895.8,   62.9,   35.58,   132.7,   132.24,   0.91,   0.69,   1.868,   1.608,   36.822,   0.142275,   0.883,   0.711275,   45.6325,   39.1825,   246.7474939,   0.12728,   5.63672,   0.3288454,   1.816788,   40.76,   406.06,   1.858863636,   0.07791578947,    -999999,   -999999,   -999999,   -999999,   -999999,   -999999,   -999999,   -999999,   -999999,   -999999,   -999999,   -999999,   -999999,   -999999,   -999999,   -999999,   -999999,   -999999,   -999999,   -999999,   -999999,   -999999,   -999999,   -999999,   -999999,   -999999,   -999999,   -999999,   -999999,   -999999,   -999999,   -999999,   -999999,   -999999,   -999999,   -999999,   -999999,   -999999,   -999999,   -999999,   -999999,   -999999,   -999999,   -999999,   -999999,   -999999,   -999999,   -999999,   -999999,   -999999,   -999999,     -999999  
56617,   44,          700512.00,         7.0000000,  9.443086786,   35.41178818,   265.7317185,   5.578327749,   499,   257.5699939,   314.1609912,   302,   60.79787924,   14.91796235,   248.9514649,   5.788,   140,   133.23996,   99.90424801,   0.414,   4.6,   2.22,   8.22,   -6,   5.42,   2.66,   314.1,   246.2499939,   266.4099939,   894.6,   62.82,   32.82,   132.7,   129.2,   0.91,   0.69,   1.844,   1.584,   37.318,   0.1412636364,   0.8767636364,   0.7036363636,   46.28272727,   39.63636364,   246.6299939,   0.13336,   5.65464,   0.3114716,   1.864756,   38.56,   406.13,   1.858763636,   0.07851052632,    -999999,   -999999,   -999999,   -999999,   -999999,   -999999,   -999999,   -999999,   -999999,   -999999,   -999999,   -999999,   -999999,   -999999,   -999999,   -999999,   -999999,   -999999,   -999999,   -999999,   -999999,   -999999,   -999999,   -999999,   -999999,   -999999,   -999999,   -999999,   -999999,   -999999,   -999999,   -999999,   -999999,   -999999,   -999999,   -999999,   -999999,   -999999,   -999999,   -999999,   -999999,   -999999,   -999999,   -999999,   -999999,   -999999,   -999999,   -999999,   -999999,   -999999,   -999999,     -999999  
56622,   44,          700513.00,         7.0000000,  9.444551562,   35.41803056,   265.7328568,   5.601248709,   497.4,   257.3499939,   314.1808117,   302,   60.79000698,   15.47986263,   249.5821701,   5.813,   139.6,   132.519744,   99.28692001,   0.41,   5,   2.26,   8.5,   -6.24,   5.38,   0.74,   314.12,   246.2699939,   266.0899939,   894.2,   62.8,   31.34,   132.7,   128.64,   0.918,   0.69,   1.812,   1.552,   38.088,   0.1414222222,   0.8777666667,   0.7026,   46.86555556,   40.07666667,   246.6144383,   0.13608,   5.67692,   0.31774,   1.76882,   39.36,   406.105,   1.85885,   0.07837368421,    -999999,   -999999,   -999999,   -999999,   -999999,   -999999,   -999999,   -999999,   -999999,   -999999,   -999999,   -999999,   -999999,   -999999,   -999999,   -999999,   -999999,   -999999,   -999999,   -999999,   -999999,   -999999,   -999999,   -999999,   -999999,   -999999,   -999999,   -999999,   -999999,   -999999,   -999999,   -999999,   -999999,   -999999,   -999999,   -999999,   -999999,   -999999,   -999999,   -999999,   -999999,   -999999,   -999999,   -999999,   -999999,   -999999,   -999999,   -999999,   -999999,   -999999,   -999999,     -999999  
56627,   44,          700514.00,         7.0000000,  9.446015015,   35.42424166,   265.7339752,   5.62965607,   495.6,   257.0899939,   314.1886711,   302,   60.78213098,   15.73985029,   250.1601016,   5.8386,   138.8,   131.902416,   98.66959201,   0.41,   5,   1.86,   8.3,   -6.4,   5.42,   -0.1,   314.14,   246.2299939,   265.7899939,   893.2,   62.8,   30.72,   132.74,   128.78,   0.918,   0.688,   1.77,   1.518,   38.782,   0.141125,   0.875925,   0.69875,   47.9275,   40.8625,   246.5524939,   0.13582,   5.70278,   0.3066328,   1.76882,   41.88,   406.1085714,   1.859288889,   0.079635,    -999999,   -999999,   -999999,   -999999,   -999999,   -999999,   -999999,   -999999,   -999999,   -999999,   -999999,   -999999,   -999999,   -999999,   -999999,   -999999,   -999999,   -999999,   -999999,   -999999,   -999999,   -999999,   -999999,   -999999,   -999999,   -999999,   -999999,   -999999,   -999999,   -999999,   -999999,   -999999,   -999999,   -999999,   -999999,   -999999,   -999999,   -999999,   -999999,   -999999,   -999999,   -999999,   -999999,   -999999,   -999999,   -999999,   -999999,   -999999,   -999999,   -999999,   -999999,     -999999  
56632,   44,          700515.00,         7.0000000,  9.447475316,   35.43042908,   265.7350464,   5.65361335,   494,   256.8499939,   314.1855084,   302,   60.77427214,   15.93978435,   250.5219589,   5.864,   138,   131.387976,   98.25804001,   0.41,   4.2,   1.42,   7.98,   -6.56,   5.3,   -0.1,   314.2,   246.2499939,   265.4499939,   892.8,   62.8,   30.76,   132.8,   129.34,   0.92,   0.69,   1.74,   1.49,   39.544,   0.1413555556,   0.8773888889,   0.6977222222,   49.89444444,   42.35555556,   246.5366606,   0.13858,   5.72542,   0.3169308,   1.720852,   41.76,   406.11,   1.8588,   0.08071578947,    -999999,   -999999,   -999999,   -999999,   -999999,   -999999,   -999999,   -999999,   -999999,   -999999,   -999999,   -999999,   -999999,   -999999,   -999999,   -999999,   -999999,   -999999,   -999999,   -999999,   -999999,   -999999,   -999999,   -999999,   -999999,   -999999,   -999999,   -999999,   -999999,   -999999,   -999999,   -999999,   -999999,   -999999,   -999999,   -999999,   -999999,   -999999,   -999999,   -999999,   -999999,   -999999,   -999999,   -999999,   -999999,   -999999,   -999999,   -999999,   -999999,   -999999,   -999999,     -999999  
56637,   44,          700516.00,         7.0000000,  9.448932055,   35.43659744,   265.7360642,   5.67366919,   492.6,   256.5899939,   314.1220775,   302,   60.76643721,   15.81996702,   250.6801511,   5.8854,   137.8,   131.1822,   97.84648801,   0.41,   3.4,   1,   7.52,   -6.52,   4.92,   -0.98,   314.1,   246.2499939,   265.1499939,   891.8,   62.8,   29.8,   132.8,   129.72,   0.924,   0.69,   1.7,   1.448,   40.516,   0.1415666667,   0.8787888889,   0.6970444444,   50.16222222,   42.55444444,   246.5277717,   0.13912,   5.74628,    -999999,   -999999,  40.56,   406.085,   1.8589,   0.07985789474,    -999999,   -999999,   -999999,   -999999,   -999999,   -999999,   -999999,   -999999,   -999999,   -999999,   -999999,   -999999,   -999999,   -999999,   -999999,   -999999,   -999999,   -999999,   -999999,   -999999,   -999999,   -999999,   -999999,   -999999,   -999999,   -999999,   -999999,   -999999,   -999999,   -999999,   -999999,   -999999,   -999999,   -999999,   -999999,   -999999,   -999999,   -999999,   -999999,   -999999,   -999999,   -999999,   -999999,   -999999,   -999999,   -999999,   -999999,   -999999,   -999999,   -999999,   -999999,     -999999  
56642,   44,          700517.00,         7.0000000,  9.450382792,   35.44276276,   265.7369919,   5.68976263,   491.6,   256.3899939,   314.0595247,   302,   60.7586583,   16.33989128,   251.1022035,   5.9028,   137,   131.1822,   97.74360001,   0.41,   3,   0.04,   6.88,   -6.8,   4.8,   -0.38,   313.98,   246.2099939,   264.9499939,   890.8,   62.8,   30.28,   132.8,   130.92,   0.926,   0.686,   1.664,   1.414,   41.144,   0.1421666667,   0.8824555556,   0.6987111111,   51.07777778,   43.26111111,   246.5522161,   0.14168,   5.76112,   0.325532,   1.70886,   45.36,   406.08,   1.8589,   0.08135,    -999999,   -999999,   -999999,   -999999,   -999999,   -999999,   -999999,   -999999,   -999999,   -999999,   -999999,   -999999,   -999999,   -999999,   -999999,   -999999,   -999999,   -999999,   -999999,   -999999,   -999999,   -999999,   -999999,   -999999,   -999999,   -999999,   -999999,   -999999,   -999999,   -999999,   -999999,   -999999,   -999999,   -999999,   -999999,   -999999,   -999999,   -999999,   -999999,   -999999,   -999999,   -999999,   -999999,   -999999,   -999999,   -999999,   -999999,   -999999,   -999999,   -999999,   -999999,     -999999  
56647,   44,          700518.00,         7.0000000,  9.451829665,   35.4489311,   265.7378616,   5.705856071,   490.6,   256.1499939,   313.9481388,   302,   60.75092171,   15.89993592,   250.7410058,   5.9162,   137.2,   131.1822,   97.74360001,   0.41,   2,   359.9,   6.54,   -6.64,   4.52,   0.64,   313.96,   246.2099939,   264.8099939,   890.2,   62.8,   30.88,   132.8,   131.5,   0.926,   0.686,   1.642,   1.394,   41.77,   0.14205,   0.88175,   0.696825,   51.7375,   43.7475,   246.5249939,   0.14292,   5.77328,   0.3147986,   1.61892,   40.76,   406.07,   1.8587,   0.0817,    -999999,   -999999,   -999999,   -999999,   -999999,   -999999,   -999999,   -999999,   -999999,   -999999,   -999999,   -999999,   -999999,   -999999,   -999999,   -999999,   -999999,   -999999,   -999999,   -999999,   -999999,   -999999,   -999999,   -999999,   -999999,   -999999,   -999999,   -999999,   -999999,   -999999,   -999999,   -999999,   -999999,   -999999,   -999999,   -999999,   -999999,   -999999,   -999999,   -999999,   -999999,   -999999,   -999999,   -999999,   -999999,   -999999,   -999999,   -999999,   -999999,   -999999,   -999999,     -999999  
