inputs/ACTAMERICA_Merge/C130/ACTAMERICA-mrg05-c130_merge_20170201_R0.ict
143, 1001
Shook, Michael
NASA Atmospheric Composition Branch, NASA Langley Research Center (SSAI)
Merged data file for ACT-AMERICA 2017, Flight 03 (20170201), on the c130 platform. Data is merged to 05 seconds.
NASA ACT-AMERICA 2017
1, 1
2017, 02, 01, 2018, 02, 23
05
UTC,s
104
1, 1, 1, 1, 1, 1, 1, 1, 1, 1, 1, 1, 1, 1, 1, 1, 1, 1, 1, 1, 1, 1, 1, 1, 1, 1, 1, 1, 1, 1, 1, 1, 1, 1, 1, 1, 1, 1, 1, 1, 1, 1, 1, 1, 1, 1, 1, 1, 1, 1, 1, 1, 1, 1, 1, 1, 1, 1, 1, 1, 1, 1, 1, 1, 1, 1, 1, 1, 1, 1, 1, 1, 1, 1, 1, 1, 1, 1, 1, 1, 1, 1, 1, 1, 1, 1, 1, 1, 1, 1, 1, 1, 1, 1, 1, 1, 1, 1, 1, 1, 1, 1, 1, 1
-999999, -999999, -999999, -999999, -999999, -999999, -999999, -999999, -999999, -999999, -999999, -999999, -999999, -999999, -999999, -999999, -999999, -999999, -999999, -999999, -999999, -999999, -999999, -999999, -999999, -999999, -999999, -999999, -999999, -999999, -999999, -999999, -999999, -999999, -999999, -999999, -999999, -999999, -999999, -999999, -999999, -999999, -999999, -999999, -999999, -999999, -999999, -999999, -999999, -999999, -999999, -999999, -999999, -999999, -999999, -999999, -999999, -999999, -999999, -999999, -999999, -999999, -999999, -999999, -999999, -999999, -999999, -999999, -999999, -999999, -999999, -999999, -999999, -999999, -999999, -999999, -999999, -999999, -999999, -999999, -999999, -999999, -999999, -999999, -999999, -999999, -999999, -999999, -999999, -999999, -999999, -999999, -999999, -999999, -999999, -999999, -999999, -999999, -999999, -999999, -999999, -999999, -999999, -999999
JDAY, days
INDEX, none
FLIGHT, none
LOCAL_SUN_TIME, hour
LATITUDE, degs
LONGITUDE, degs
ALTP, km
PRESSURE, hPa
TEMPERATURE, K
THETA, K
O3COLUMN, DU
SZA, deg
WNS, m s-1
WND, Degs
GPS_ALT, km
GRD_SPD, m s-1
TAS, m/s
IAS, m/s
MachNumber, mach
VerticalSpeed, m s-1
HDG, degs
TRK, degs
DriftAngle, degs
PITCH, degs
ROLL, degs
PotentialTemp, K
Dewpoint, K
TotalAirTemp, K
CabinPressure, hPa
SolarZenithAngle, degs
AircraftSunElevation, degs
SunAzimuth, degs
AircraftSunAzimuth, degs
H2O_MixingRatio, g kg-1
H2O_VaporPressure, hPa
H2O_SatVaporPressureWater, hPa
H2O_SatVaporPressureIce, hPa
H2O_RelativeHumidity, %
H2O_VolMixingRatio_PICARRO, %
H2O_MassMixingRatio_PICARRO, g kg-1
H2O_VaporPressure_PICARRO, hPa
RHi_PICARRO, %
RHw_PICARRO, %
Dewpoint_PICARRO, K
Ground_Elevation, km
Altitude_AGL, km
GroundHeight_CPL, km
MLH_CPL, km
O3_MixingRatio, ppbv
CO2_MixingRatio_PICARRO, ppmv
CH4_MixingRatio_PICARRO, ppmv
CO_MixingRatio_PICARRO, ppmv
CO2_MoleFraction_PFP, ppm
CH4_MoleFraction_PFP, ppb
CO_MoleFraction_PFP, ppb
N2O_MoleFraction_PFP, ppb
SF6_CCGG_MoleFraction_PFP, ppt
H2_MoleFraction_PFP, ppb
CH4C13_PFP, per mil
CO2C14_PFP, per mil
F11B_MoleFraction_PFP, ppt
FC12_MoleFraction_PFP, ppt
F13_MoleFraction_PFP, ppt
F113_MoleFraction_PFP, ppt
F115_MoleFraction_PFP, ppt
HF133a_MoleFraction_PFP, ppt
F23_MoleFraction_PFP, ppt
F32_MoleFraction_PFP, ppt
F134A_MoleFraction_PFP, ppt
F152A_MoleFraction_PFP, ppt
F125_MoleFraction_PFP, ppt
F143a_MoleFraction_PFP, ppt
F227e_MoleFraction_PFP, ppt
F365m_MoleFraction_PFP, ppt
H1211_MoleFraction_PFP, ppt
H1301_MoleFraction_PFP, ppt
H2402_MoleFraction_PFP, ppt
MCFA_MoleFraction_PFP, ppt
CF4_MoleFraction_PFP, ppt
C2F6_MoleFraction_PFP, ppt
SO2F2_MoleFraction_PFP, ppt
MEBR_MoleFraction_PFP, ppt
CH3I_MoleFraction_PFP, ppt
DIBR_MoleFraction_PFP, ppt
[...]
[from data line 1390]
67792,   32,          301391.00,         3.0000000,  12.54173659,   33.13624342,   265.6489655,   4.293229973,   592.8,   268.6699939,   311.9626072,   289.4440002,   50.83704474,   16.279789,   261.0197786,   4.4172,   136,   137.35548,   109.57572,   0.42,   5,   345.16,   352.1,   -6.88,   3.76,   0.1,   312,   232.4499939,   278.1699939,   888,   50.2,   43.26,   -174.5,   -158.02,   0.2,   0.18,   4.44,   4.26,   4.034,   0.0242,   0.15025,   0.143425,   3.42,   3.275,   230.5199939,   0.11508,   4.30212,   0.2073466,   1.145236,   51.22,   406.8871429,   1.87855,   0.09838421053,    -999999,   -999999,   -999999,   -999999,   -999999,   -999999,   -999999,   -999999,   -999999,   -999999,   -999999,   -999999,   -999999,   -999999,   -999999,   -999999,   -999999,   -999999,   -999999,   -999999,   -999999,   -999999,   -999999,   -999999,   -999999,   -999999,   -999999,   -999999,   -999999,   -999999,   -999999,   -999999,   -999999,   -999999,   -999999,   -999999,   -999999,   -999999,   -999999,   -999999,   -999999,   -999999,   -999999,   -999999,   -999999,   -999999,   -999999,   -999999,   -999999,   -999999,   -999999,     -999999  
67797,   32,          301392.00,         3.0000000,  12.54305772,   33.14235232,   265.6479492,   4.315724213,   590.8,   268.7499939,   312.3569576,   289.4440002,   50.84595462,   16.77987108,   261.5599524,   4.4436,   136,   137.35548,   109.57572,   0.42,   5,   344.92,   352.02,   -7.04,   3.72,   -0.06,   312.34,   231.8899939,   278.2499939,   888.8,   50.2,   43.3,   -174.44,   -157.86,   0.188,   0.168,   4.466,   4.284,   3.786,   0.0208625,   0.1296625,   0.1233,   2.94125,   2.81625,   229.0937439,   0.1082,   4.3354,   0.2149906,   1.217188,   49.4,   406.9014286,   1.8787,   0.09905,    -999999,   -999999,   -999999,   -999999,   -999999,   -999999,   -999999,   -999999,   -999999,   -999999,   -999999,   -999999,   -999999,   -999999,   -999999,   -999999,   -999999,   -999999,   -999999,   -999999,   -999999,   -999999,   -999999,   -999999,   -999999,   -999999,   -999999,   -999999,   -999999,   -999999,   -999999,   -999999,   -999999,   -999999,   -999999,   -999999,   -999999,   -999999,   -999999,   -999999,   -999999,   -999999,   -999999,   -999999,   -999999,   -999999,   -999999,   -999999,   -999999,   -999999,   -999999,     -999999  
67802,   32,          301393.00,         3.0000000,  12.54437836,   33.14845048,   265.6469254,   4.340961654,   588.6,   268.7499939,   312.6900822,   289.4440002,   50.85485881,   16.87991426,   261.6784361,   4.4702,   136,   137.35548,   109.57572,   0.42,   5,   344.84,   351.98,   -7.12,   3.7,   0.16,   312.64,   231.2299939,   278.2499939,   888.6,   50.2,   43.14,   -174.4,   -157.56,   0.176,   0.156,   4.466,   4.284,   3.532,   0.01747,   0.10832,   0.10281,   2.451,   2.346,   227.4489939,   0.10162,   4.36858,   0.2045018,   1.22918,   50.48,   406.945,   1.878877778,   0.09808947368,    -999999,   -999999,   -999999,   -999999,   -999999,   -999999,   -999999,   -999999,   -999999,   -999999,   -999999,   -999999,   -999999,   -999999,   -999999,   -999999,   -999999,   -999999,   -999999,   -999999,   -999999,   -999999,   -999999,   -999999,   -999999,   -999999,   -999999,   -999999,   -999999,   -999999,   -999999,   -999999,   -999999,   -999999,   -999999,   -999999,   -999999,   -999999,   -999999,   -999999,   -999999,   -999999,   -999999,   -999999,   -999999,   -999999,   -999999,   -999999,   -999999,   -999999,   -999999,     -999999  
67807,   32,          301394.00,         3.0000000,  12.54569909,   33.15455096,   265.645903,   4.368332694,   586.8,   268.7099939,   312.917251,   289.4440002,   50.8637715,   17.31981437,   261.578985,   4.4962,   136,   137.35548,   109.06128,   0.42,   5,   344.68,   351.98,   -7.28,   3.7,   0.4,   312.9,   230.6299939,   278.2099939,   888.2,   50.2,   43.06,   -174.4,   -157.16,   0.168,   0.148,   4.452,   4.272,   3.324,   0.01556363636,   0.09667272727,   0.09131818182,   2.179090909,   2.085454545,   226.3654484,   0.10154,   4.39466,   0.191531,   1.22918,   49.5,   406.915,   1.8785,   0.09815,    -999999,   -999999,   -999999,   -999999,   -999999,   -999999,   -999999,   -999999,   -999999,   -999999,   -999999,   -999999,   -999999,   -999999,   -999999,   -999999,   -999999,   -999999,   -999999,   -999999,   -999999,   -999999,   -999999,   -999999,   -999999,   -999999,   -999999,   -999999,   -999999,   -999999,   -999999,   -999999,   -999999,   -999999,   -999999,   -999999,   -999999,   -999999,   -999999,   -999999,   -999999,   -999999,   -999999,   -999999,   -999999,   -999999,   -999999,   -999999,   -999999,   -999999,   -999999,     -999999  
67812,   32,          301395.00,         3.0000000,  12.54702013,   33.16064602,   265.6448853,   4.394484534,   584.8,   268.6899939,   313.1993276,   289.4440002,   50.87268553,   17.49986683,   260.5798859,   4.523,   136,   137.046816,   108.752616,   0.42,   5,   344.66,   352.06,   -7.42,   3.7,   0.44,   313.16,   230.0499939,   278.0699939,   888.2,   50.2,   43,   -174.4,   -157.08,   0.158,   0.14,   4.436,   4.252,   3.138,   0.014,   0.08681428571,   0.08177142857,   1.978571429,   1.887142857,   225.4085653,   0.09186,   4.43114,   0.1816254,   1.22918,   47.98,   406.91,   1.87815,   0.0984,    -999999,   -999999,   -999999,   -999999,   -999999,   -999999,   -999999,   -999999,   -999999,   -999999,   -999999,   -999999,   -999999,   -999999,   -999999,   -999999,   -999999,   -999999,   -999999,   -999999,   -999999,   -999999,   -999999,   -999999,   -999999,   -999999,   -999999,   -999999,   -999999,   -999999,   -999999,   -999999,   -999999,   -999999,   -999999,   -999999,   -999999,   -999999,   -999999,   -999999,   -999999,   -999999,   -999999,   -999999,   -999999,   -999999,   -999999,   -999999,   -999999,   -999999,   -999999,     -999999  
67817,   32,          301396.00,         3.0000000,  12.54834239,   33.16674804,   265.6438858,   4.417222615,   583,   268.5099939,   313.2653057,   289.4440002,   50.88161509,   17.51623047,   261.1668474,   4.549,   136,   137.252592,   108.752616,   0.42,   5,   344.78,   352.18,   -7.42,   3.7,   0.24,   313.22,   229.6699939,   277.9299939,   888.4,   50.2,   43.08,   -174.36,   -157.36,   0.15,   0.132,   4.376,   4.186,   3.056,   0.01365,   0.084775,   0.0796,   1.99,   1.895,   225.1574939,   0.09684,   4.45216,   0.1707846,   1.22918,   49.16,   406.92,   1.878133333,   0.09668947368,    -999999,   -999999,   -999999,   -999999,   -999999,   -999999,   -999999,   -999999,   -999999,   -999999,   -999999,   -999999,   -999999,   -999999,   -999999,   -999999,   -999999,   -999999,   -999999,   -999999,   -999999,   -999999,   -999999,   -999999,   -999999,   -999999,   -999999,   -999999,   -999999,   -999999,   -999999,   -999999,   -999999,   -999999,   -999999,   -999999,   -999999,   -999999,   -999999,   -999999,   -999999,   -999999,   -999999,   -999999,   -999999,   -999999,   -999999,   -999999,   -999999,   -999999,   -999999,     -999999  
67822,   32,          301397.00,         3.0000000,  12.54966475,   33.1728462,   265.6428879,   4.445325175,   580.8,   268.1099939,   313.1367033,   289.4440002,   50.89054707,   17.43986578,   262.3626148,   4.5758,   136,   137.561256,   109.06128,   0.42,   5,   344.82,   352.14,   -7.34,   3.72,   -0.1,   313.08,   229.3099939,   277.5499939,   888.2,   50.2,   43.26,   -174.3,   -157.68,   0.148,   0.13,   4.248,   4.052,   3.026,   0.016025,   0.09935,   0.093,   2.3625,   2.245,   226.5449939,   0.0969,   4.4789,   0.1850502,   1.22918,   50.68,   406.92,   1.87845,   0.100195,    -999999,   -999999,   -999999,   -999999,   -999999,   -999999,   -999999,   -999999,   -999999,   -999999,   -999999,   -999999,   -999999,   -999999,   -999999,   -999999,   -999999,   -999999,   -999999,   -999999,   -999999,   -999999,   -999999,   -999999,   -999999,   -999999,   -999999,   -999999,   -999999,   -999999,   -999999,   -999999,   -999999,   -999999,   -999999,   -999999,   -999999,   -999999,   -999999,   -999999,   -999999,   -999999,   -999999,   -999999,   -999999,   -999999,   -999999,   -999999,   -999999,   -999999,   -999999,     -999999  
67827,   32,          301398.00,         3.0000000,  12.5509867,   33.178936,   265.6418839,   4.469526295,   578.8,   267.8899939,   313.1882708,   289.4440002,   50.89947592,   17.6993883,   261.5209031,   4.6026,   136,   137.252592,   108.54684,   0.42,   5,   344.62,   352.06,   -7.46,   3.76,   -0.14,   313.1,   229.0299939,   277.3299939,   888,   50.26,   43.3,   -174.3,   -157.4,   0.14,   0.126,   4.18,   3.974,   2.988,   0.01617777778,   0.1003111111,   0.09356666667,   2.431111111,   2.304444444,   226.5988828,   0.10288,   4.49972,   0.184741,   1.247168,   50.52,   406.9257143,   1.8783,   0.09801578947,    -999999,   -999999,   -999999,   -999999,   -999999,   -999999,   -999999,   -999999,   -999999,   -999999,   -999999,   -999999,   -999999,   -999999,   -999999,   -999999,   -999999,   -999999,   -999999,   -999999,   -999999,   -999999,   -999999,   -999999,   -999999,   -999999,   -999999,   -999999,   -999999,   -999999,   -999999,   -999999,   -999999,   -999999,   -999999,   -999999,   -999999,   -999999,   -999999,   -999999,   -999999,   -999999,   -999999,   -999999,   -999999,   -999999,   -999999,   -999999,   -999999,   -999999,   -999999,     -999999  
67832,   32,          301399.00,         3.0000000,  12.55230804,   33.18502734,   265.6408707,   4.495068536,   577,   267.7299939,   313.2798867,   289.4440002,   50.90841091,   17.49988743,   260.6590861,   4.6288,   136,   136.84104,   108.0324,   0.42,   5,   344.62,   352.06,   -7.44,   3.8,   0.36,   313.24,   228.7899939,   277.1299939,   888,   50.3,   43.1,   -174.3,   -157,   0.14,   0.12,   4.124,   3.918,   2.946,   0.01537777778,   0.09538888889,   0.08871111111,   2.35,   2.222222222,   226.1177717,   0.10026,   4.52854,   0.197953,   1.13924,   48.76,   406.92,   1.8782,   0.09775,    -999999,   -999999,   -999999,   -999999,   -999999,   -999999,   -999999,   -999999,   -999999,   -999999,   -999999,   -999999,   -999999,   -999999,   -999999,   -999999,   -999999,   -999999,   -999999,   -999999,   -999999,   -999999,   -999999,   -999999,   -999999,   -999999,   -999999,   -999999,   -999999,   -999999,   -999999,   -999999,   -999999,   -999999,   -999999,   -999999,   -999999,   -999999,   -999999,   -999999,   -999999,   -999999,   -999999,   -999999,   -999999,   -999999,   -999999,   -999999,   -999999,   -999999,   -999999,     -999999  
67837,   32,          301400.00,         3.0000000,  12.5536302,   33.1911186,   265.6398697,   4.522073816,   575,   267.4899939,   313.309724,   289.4440002,   50.91735361,   17.39969665,   259.9595398,   4.6546,   136,   136.635264,   107.826624,   0.42,   4.6,   344.74,   352.14,   -7.4,   3.8,   0.36,   313.3,   228.5899939,   276.8899939,   888.2,   50.3,   43.14,   -174.28,   -157.1,   0.14,   0.12,   4.058,   3.848,   2.93,   0.01545,   0.0959,   0.0889,   2.4,   2.2675,   226.1499939,   0.09618,   4.55842,   0.1866568,   1.0493,   48.14,   406.925,   1.8779,   0.09707368421,    -999999,   -999999,   -999999,   -999999,   -999999,   -999999,   -999999,   -999999,   -999999,   -999999,   -999999,   -999999,   -999999,   -999999,   -999999,   -999999,   -999999,   -999999,   -999999,   -999999,   -999999,   -999999,   -999999,   -999999,   -999999,   -999999,   -999999,   -999999,   -999999,   -999999,   -999999,   -999999,   -999999,   -999999,   -999999,   -999999,   -999999,   -999999,   -999999,   -999999,   -999999,   -999999,   -999999,   -999999,   -999999,   -999999,   -999999,   -999999,   -999999,   -999999,   -999999,     -999999  
67842,   32,          301401.00,         3.0000000,  12.55495297,   33.19720992,   265.6388779,   4.544263256,   573.2,   267.3899939,   313.4732821,   289.4440002,   50.92630372,   17.15997293,   259.2403263,   4.6806,   136,   136.3266,   107.51796,   0.42,   4,   344.88,   352.2,   -7.34,   3.9,   0.14,   313.4,   228.4099939,   276.6499939,   887.8,   50.3,   43.22,   -174.2,   -157.38,   0.136,   0.12,   4.018,   3.8,   2.906,   0.01614,   0.1001,   0.09244,   2.506,   2.366,   226.4919939,   0.08884,   4.59176,   0.2000796,   1.073284,   47.26,   406.8614286,   1.876511111,   0.09255,    -999999,   -999999,   -999999,   -999999,   -999999,   -999999,   -999999,   -999999,   -999999,   -999999,   -999999,   -999999,   -999999,   -999999,   -999999,   -999999,   -999999,   -999999,   -999999,   -999999,   -999999,   -999999,   -999999,   -999999,   -999999,   -999999,   -999999,   -999999,   -999999,   -999999,   -999999,   -999999,   -999999,   -999999,   -999999,   -999999,   -999999,   -999999,   -999999,   -999999,   -999999,   -999999,   -999999,   -999999,   -999999,   -999999,   -999999,   -999999,   -999999,   -999999,   -999999,     -999999  
67847,   32,          301402.00,         3.0000000,  12.55627574,   33.20329822,   265.637886,   4.570902776,   571,   267.1499939,   313.5362157,   289.4440002,   50.93525683,   17.13988118,   259.9803973,   4.7074,   136,   136.635264,   107.51796,   0.42,   4.4,   344.96,   352.2,   -7.3,   3.9,   -0.02,   313.5,   229.9699939,   276.5299939,   887.8,   50.3,   43.34,   -174.2,   -157.5,   0.16,   0.138,   3.96,   3.742,   3.522,   0.02663,   0.16535,   0.15183,   4.187,   3.944,   230.3989939,   0.09568,   4.61172,   0.1888856,   1.16922,   51.02,   406.455,   1.868633333,   0.09237368421,    -999999,   -999999,   -999999,   -999999,   -999999,   -999999,   -999999,   -999999,   -999999,   -999999,   -999999,   -999999,   -999999,   -999999,   -999999,   -999999,   -999999,   -999999,   -999999,   -999999,   -999999,   -999999,   -999999,   -999999,   -999999,   -999999,   -999999,   -999999,   -999999,   -999999,   -999999,   -999999,   -999999,   -999999,   -999999,   -999999,   -999999,   -999999,   -999999,   -999999,   -999999,   -999999,   -999999,   -999999,   -999999,   -999999,   -999999,   -999999,   -999999,   -999999,   -999999,     -999999  
67852,   32,          301403.00,         3.0000000,  12.5575985,   33.20938414,   265.6368942,   4.596323097,   569.4,   266.9699939,   313.5762626,   289.4440002,   50.94421359,   17.09998925,   259.7999997,   4.734,   136,   136.3266,   107.209296,   0.42,   5,   344.9,   352.2,   -7.3,   3.96,   -0.1,   313.58,   236.7499939,   276.2699939,   887.4,   50.3,   43.4,   -174.2,   -157.5,   0.328,   0.282,   3.902,   3.674,   7.272,   0.06392,   0.39668,   0.3634,   10.228,   9.608,   239.5519939,   0.09878,   4.63522,   0.1544016,   1.16922,   51.74,   406.35,   1.8678,   0.0865,    -999999,   -999999,   -999999,   -999999,   -999999,   -999999,   -999999,   -999999,   -999999,   -999999,   -999999,   -999999,   -999999,   -999999,   -999999,   -999999,   -999999,   -999999,   -999999,   -999999,   -999999,   -999999,   -999999,   -999999,   -999999,   -999999,   -999999,   -999999,   -999999,   -999999,   -999999,   -999999,   -999999,   -999999,   -999999,   -999999,   -999999,   -999999,   -999999,   -999999,   -999999,   -999999,   -999999,   -999999,   -999999,   -999999,   -999999,   -999999,   -999999,   -999999,   -999999,     -999999  
