inputs/ACTAMERICA_Merge/C130/ACTAMERICA-mrg05-c130_merge_20170206_R0.ict
143, 1001
Shook, Michael
NASA Atmospheric Composition Branch, NASA Langley Research Center (SSAI)
Merged data file for ACT-AMERICA 2017, Flight 05 (20170206), on the c130 platform. Data is merged to 05 seconds.
NASA ACT-AMERICA 2017
1, 1
2017, 02, 06, 2018, 02, 23
05
UTC,s
104
1, 1, 1, 1, 1, 1, 1, 1, 1, 1, 1, 1, 1, 1, 1, 1, 1, 1, 1, 1, 1, 1, 1, 1, 1, 1, 1, 1, 1, 1, 1, 1, 1, 1, 1, 1, 1, 1, 1, 1, 1, 1, 1, 1, 1, 1, 1, 1, 1, 1, 1, 1, 1, 1, 1, 1, 1, 1, 1, 1, 1, 1, 1, 1, 1, 1, 1, 1, 1, 1, 1, 1, 1, 1, 1, 1, 1, 1, 1, 1, 1, 1, 1, 1, 1, 1, 1, 1, 1, 1, 1, 1, 1, 1, 1, 1, 1, 1, 1, 1, 1, 1, 1, 1
-999999, -999999, -999999, -999999, -999999, -999999, -999999, -999999, -999999, -999999, -999999, -999999, -999999, -999999, -999999, -999999, -999999, -999999, -999999, -999999, -999999, -999999, -999999, -999999, -999999, -999999, -999999, -999999, -999999, -999999, -999999, -999999, -999999, -999999, -999999, -999999, -999999, -999999, -999999, -999999, -999999, -999999, -999999, -999999, -999999, -999999, -999999, -999999, -999999, -999999, -999999, -999999, -999999, -999999, -999999, -999999, -999999, -999999, -999999, -999999, -999999, -999999, -999999, -999999, -999999, -999999, -999999, -999999, -999999, -999999, -999999, -999999, -999999, -999999, -999999, -999999, -999999, -999999, -999999, -999999, -999999, -999999, -999999, -999999, -999999, -999999, -999999, -999999, -999999, -999999, -999999, -999999, -999999, -999999, -999999, -999999, -999999, -999999, -999999, -999999, -999999, -999999, -999999, -999999
JDAY, days
INDEX, none
FLIGHT, none
LOCAL_SUN_TIME, hour
LATITUDE, degs
LONGITUDE, degs
ALTP, km
PRESSURE, hPa
TEMPERATURE, K
THETA, K
O3COLUMN, DU
SZA, deg
WNS, m s-1
WND, Degs
GPS_ALT, km
GRD_SPD, m s-1
TAS, m/s
IAS, m/s
MachNumber, mach
VerticalSpeed, m s-1
HDG, degs
TRK, degs
DriftAngle, degs
PITCH, degs
ROLL, degs
PotentialTemp, K
Dewpoint, K
TotalAirTemp, K
CabinPressure, hPa
SolarZenithAngle, degs
AircraftSunElevation, degs
SunAzimuth, degs
AircraftSunAzimuth, degs
H2O_MixingRatio, g kg-1
H2O_VaporPressure, hPa
H2O_SatVaporPressureWater, hPa
H2O_SatVaporPressureIce, hPa
H2O_RelativeHumidity, %
H2O_VolMixingRatio_PICARRO, %
H2O_MassMixingRatio_PICARRO, g kg-1
H2O_VaporPressure_PICARRO, hPa
RHi_PICARRO, %
RHw_PICARRO, %
Dewpoint_PICARRO, K
Ground_Elevation, km
Altitude_AGL, km
GroundHeight_CPL, km
MLH_CPL, km
O3_MixingRatio, ppbv
CO2_MixingRatio_PICARRO, ppmv
CH4_MixingRatio_PICARRO, ppmv
CO_MixingRatio_PICARRO, ppmv
CO2_MoleFraction_PFP, ppm
CH4_MoleFraction_PFP, ppb
CO_MoleFraction_PFP, ppb
N2O_MoleFraction_PFP, ppb
SF6_CCGG_MoleFraction_PFP, ppt
H2_MoleFraction_PFP, ppb
CH4C13_PFP, per mil
CO2C14_PFP, per mil
F11B_MoleFraction_PFP, ppt
FC12_MoleFraction_PFP, ppt
F13_MoleFraction_PFP, ppt
F113_MoleFraction_PFP, ppt
F115_MoleFraction_PFP, ppt
HF133a_MoleFraction_PFP, ppt
F23_MoleFraction_PFP, ppt
F32_MoleFraction_PFP, ppt
F134A_MoleFraction_PFP, ppt
F152A_MoleFraction_PFP, ppt
F125_MoleFraction_PFP, ppt
F143a_MoleFraction_PFP, ppt
F227e_MoleFraction_PFP, ppt
F365m_MoleFraction_PFP, ppt
H1211_MoleFraction_PFP, ppt
H1301_MoleFraction_PFP, ppt
H2402_MoleFraction_PFP, ppt
MCFA_MoleFraction_PFP, ppt
CF4_MoleFraction_PFP, ppt
C2F6_MoleFraction_PFP, ppt
SO2F2_MoleFraction_PFP, ppt
MEBR_MoleFraction_PFP, ppt
CH3I_MoleFraction_PFP, ppt
DIBR_MoleFraction_PFP, ppt
[...]
[from data line 710]
66692,   37,          500711.00,         5.0000000,  12.64916026,   32.44523084,   271.8436539,   5.217993184,   524,   262.6299939,   315.8896437,   270,   48.96303836,   10.0982117,   251.1109063,   5.35214,   175.4,   165.855456,   126.860904,   0.51,   -8,   97.02,   95.5,   1.48,   -1.94,   -0.58,   315.86,   244.7699939,   276.3499939,   794.2,   48.2,   41.18,   -172.3,   92.7,   0.758,   0.604,   2.778,   2.512,   21.618,   0.10203,   0.63332,   0.53953,   21.611,   19.52,   243.7569939,   0.04522,   5.33858,   0.1994222,   0.3957356,   48.7,   406.07,   1.8684,   0.09708947368,    -999999,   -999999,   -999999,   -999999,   -999999,   -999999,   -999999,   -999999,   -999999,   -999999,   -999999,   -999999,   -999999,   -999999,   -999999,   -999999,   -999999,   -999999,   -999999,   -999999,   -999999,   -999999,   -999999,   -999999,   -999999,   -999999,   -999999,   -999999,   -999999,   -999999,   -999999,   -999999,   -999999,   -999999,   -999999,   -999999,   -999999,   -999999,   -999999,   -999999,   -999999,   -999999,   -999999,   -999999,   -999999,   -999999,   -999999,   -999999,   -999999,   -999999,   -999999,     -999999  
66697,   37,          500712.00,         5.0000000,  12.6511656,   32.444487,   271.8529007,   5.178978784,   526.6,   262.8499939,   315.7074813,   270,   48.96780207,   10.27884912,   254.1017478,   5.31106,   173.8,   164.312136,   125.832024,   0.508,   -8,   96.86,   95.5,   1.36,   -1.98,   0.02,   315.66,   243.9299939,   276.3499939,   795.4,   48.2,   41.78,   -172.3,   93.02,   0.7,   0.558,   2.828,   2.56,   19.654,   0.09650833333,   0.5991083333,   0.513925,   19.99416667,   18.11666667,   243.2449939,   0.05588,   5.28652,   0.1949774,   0.503663,   49.64,   406.0528571,   1.869855556,   0.09844,    -999999,   -999999,   -999999,   -999999,   -999999,   -999999,   -999999,   -999999,   -999999,   -999999,   -999999,   -999999,   -999999,   -999999,   -999999,   -999999,   -999999,   -999999,   -999999,   -999999,   -999999,   -999999,   -999999,   -999999,   -999999,   -999999,   -999999,   -999999,   -999999,   -999999,   -999999,   -999999,   -999999,   -999999,   -999999,   -999999,   -999999,   -999999,   -999999,   -999999,   -999999,   -999999,   -999999,   -999999,   -999999,   -999999,   -999999,   -999999,   -999999,   -999999,   -999999,     -999999  
66702,   37,          500713.00,         5.0000000,  12.65316637,   32.44373474,   271.8620789,   5.138196544,   529.4,   263.2099939,   315.6612368,   270,   48.97256148,   10.67917779,   255.7359566,   5.26954,   172.4,   162.460152,   124.700256,   0.5,   -8,   96.82,   95.5,   1.3,   -1.9,   0.14,   315.62,   242.7499939,   276.3499939,   796.6,   48.2,   41.84,   -172.22,   93,   0.62,   0.496,   2.908,   2.644,   17.11,   0.09338181818,   0.5797545455,   0.5000090909,   19.12,   17.36,   242.9481757,   0.04048,   5.26032,   0.1908226,   0.5876078,   51.88,   406.03,   1.8704,   0.094115,    -999999,   -999999,   -999999,   -999999,   -999999,   -999999,   -999999,   -999999,   -999999,   -999999,   -999999,   -999999,   -999999,   -999999,   -999999,   -999999,   -999999,   -999999,   -999999,   -999999,   -999999,   -999999,   -999999,   -999999,   -999999,   -999999,   -999999,   -999999,   -999999,   -999999,   -999999,   -999999,   -999999,   -999999,   -999999,   -999999,   -999999,   -999999,   -999999,   -999999,   -999999,   -999999,   -999999,   -999999,   -999999,   -999999,   -999999,   -999999,   -999999,   -999999,   -999999,     -999999  
66707,   37,          500714.00,         5.0000000,  12.65516256,   32.44298476,   271.8711883,   5.099486943,   532.4,   263.3099939,   315.2717427,   270,   48.97732694,   10.23961876,   256.1992214,   5.22864,   171.2,   161.739936,   124.391592,   0.5,   -7.6,   96.82,   95.58,   1.22,   -1.86,   0.1,   315.26,   241.6099939,   276.3499939,   797.2,   48.2,   41.8,   -172.2,   93,   0.554,   0.446,   2.938,   2.67,   15.208,   0.09533333333,   0.59175,   0.51245,   19.31916667,   17.56666667,   243.2049939,   0.03314,   5.22646,   0.1866244,   0.62958,   46.66,   406.045,   1.86585,   0.09005789474,    -999999,   -999999,   -999999,   -999999,   -999999,   -999999,   -999999,   -999999,   -999999,   -999999,   -999999,   -999999,   -999999,   -999999,   -999999,   -999999,   -999999,   -999999,   -999999,   -999999,   -999999,   -999999,   -999999,   -999999,   -999999,   -999999,   -999999,   -999999,   -999999,   -999999,   -999999,   -999999,   -999999,   -999999,   -999999,   -999999,   -999999,   -999999,   -999999,   -999999,   -999999,   -999999,   -999999,   -999999,   -999999,   -999999,   -999999,   -999999,   -999999,   -999999,   -999999,     -999999  
66712,   37,          500715.00,         5.0000000,  12.65715396,   32.4422287,   271.8802261,   5.059923903,   535.4,   263.5899939,   315.1007161,   270,   48.98208961,   10.19928641,   258.0080578,   5.18846,   169.8,   160.402392,   123.568488,   0.492,   -7.8,   96.72,   95.6,   1.12,   -1.74,   -0.1,   315.1,   241.1099939,   276.4299939,   798.4,   48.2,   41.66,   -172.16,   93.02,   0.526,   0.426,   2.998,   2.738,   14.182,   0.0991,   0.615175,   0.535675,   19.6075,   17.89,   243.6874939,   0.0343,   5.1855,   0.18482,   0.62958,   47.78,   406.015,   1.8661,   0.092835,    -999999,   -999999,   -999999,   -999999,   -999999,   -999999,   -999999,   -999999,   -999999,   -999999,   -999999,   -999999,   -999999,   -999999,   -999999,   -999999,   -999999,   -999999,   -999999,   -999999,   -999999,   -999999,   -999999,   -999999,   -999999,   -999999,   -999999,   -999999,   -999999,   -999999,   -999999,   -999999,   -999999,   -999999,   -999999,   -999999,   -999999,   -999999,   -999999,   -999999,   -999999,   -999999,   -999999,   -999999,   -999999,   -999999,   -999999,   -999999,   -999999,   -999999,   -999999,     -999999  
66717,   37,          500716.00,         5.0000000,  12.6591413,   32.44148636,   271.8892029,   5.018349182,   538.2,   263.9499939,   315.0611763,   270,   48.98687066,   9.919919294,   256.623589,   5.14872,   168.6,   159.579288,   123.156936,   0.49,   -7,   96.76,   95.56,   1.2,   -1.62,   -0.46,   315.04,   241.4299939,   276.6499939,   799.4,   48.2,   41.26,   -172.1,   92.94,   0.538,   0.438,   3.086,   2.826,   14.212,   0.0996,   0.618125,   0.540775,   19.0475,   17.45,   243.7874939,   0.02648,   5.15412,   0.164891,   0.62958,   47.54,   405.995,   1.8669,   0.093645,    -999999,   -999999,   -999999,   -999999,   -999999,   -999999,   -999999,   -999999,   -999999,   -999999,   -999999,   -999999,   -999999,   -999999,   -999999,   -999999,   -999999,   -999999,   -999999,   -999999,   -999999,   -999999,   -999999,   -999999,   -999999,   -999999,   -999999,   -999999,   -999999,   -999999,   -999999,   -999999,   -999999,   -999999,   -999999,   -999999,   -999999,   -999999,   -999999,   -999999,   -999999,   -999999,   -999999,   -999999,   -999999,   -999999,   -999999,   -999999,   -999999,   -999999,   -999999,     -999999  
66722,   37,          500717.00,         5.0000000,  12.66112437,   32.44076386,   271.8981155,   4.979578622,   541,   264.3299939,   315.0473291,   270,   48.99167539,   10.15757139,   257.501109,   5.10956,   167.8,   158.035968,   122.128056,   0.486,   -7,   96.62,   95.4,   1.16,   -1.66,   -0.02,   315.04,   242.4099939,   276.8499939,   800.4,   48.2,   41.68,   -172.1,   93.18,   0.59,   0.482,   3.18,   2.92,   15.152,   0.10018,   0.6217,   0.5468,   18.922,   17.372,   243.9039939,   0.02368,   5.11752,   0.1517046,   0.605596,   49.46,   406.025,   1.86885,   0.09492631579,    -999999,   -999999,   -999999,   -999999,   -999999,   -999999,   -999999,   -999999,   -999999,   -999999,   -999999,   -999999,   -999999,   -999999,   -999999,   -999999,   -999999,   -999999,   -999999,   -999999,   -999999,   -999999,   -999999,   -999999,   -999999,   -999999,   -999999,   -999999,   -999999,   -999999,   -999999,   -999999,   -999999,   -999999,   -999999,   -999999,   -999999,   -999999,   -999999,   -999999,   -999999,   -999999,   -999999,   -999999,   -999999,   -999999,   -999999,   -999999,   -999999,   -999999,   -999999,     -999999  
66727,   37,          500718.00,         5.0000000,  12.66310408,   32.44004362,   271.9069778,   4.940564221,   543.8,   264.5099939,   314.7972197,   270,   48.99648908,   11.21883992,   261.9240736,   5.07036,   167,   156.183984,   120.996288,   0.48,   -7.6,   96.38,   95.4,   0.96,   -1.78,   0.3,   314.74,   244.1699939,   276.6899939,   802.2,   48.2,   42,   -172.04,   93.5,   0.694,   0.572,   3.22,   2.96,   17.674,   0.12046,   0.74762,   0.6609,   22.872,   20.994,   245.9419939,   0.02616,   5.07584,   0.1789778,   0.5936038,   54.22,   405.995,   1.87155,   0.098625,    -999999,   -999999,   -999999,   -999999,   -999999,   -999999,   -999999,   -999999,   -999999,   -999999,   -999999,   -999999,   -999999,   -999999,   -999999,   -999999,   -999999,   -999999,   -999999,   -999999,   -999999,   -999999,   -999999,   -999999,   -999999,   -999999,   -999999,   -999999,   -999999,   -999999,   -999999,   -999999,   -999999,   -999999,   -999999,   -999999,   -999999,   -999999,   -999999,   -999999,   -999999,   -999999,   -999999,   -999999,   -999999,   -999999,   -999999,   -999999,   -999999,   -999999,   -999999,     -999999  
66732,   37,          500719.00,         5.0000000,  12.66508267,   32.43933336,   271.9158234,   4.903561501,   546.4,   264.5899939,   314.4635878,   270,   49.00132544,   11.27739778,   261.2395161,   5.02976,   166.8,   155.87532,   120.8934,   0.48,   -7.6,   96.4,   95.4,   1,   -1.64,   0.22,   314.4,   246.1899939,   276.6899939,   804,   48.2,   41.92,   -172,   93.4,   0.83,   0.686,   3.244,   2.986,   21.128,   0.1201,   0.7454,   0.662325,   22.3625,   20.5825,   245.9674939,   0.02792,   5.03308,   0.175513,   0.569619,   54.54,   406.01,   1.872411111,   0.10028,    -999999,   -999999,   -999999,   -999999,   -999999,   -999999,   -999999,   -999999,   -999999,   -999999,   -999999,   -999999,   -999999,   -999999,   -999999,   -999999,   -999999,   -999999,   -999999,   -999999,   -999999,   -999999,   -999999,   -999999,   -999999,   -999999,   -999999,   -999999,   -999999,   -999999,   -999999,   -999999,   -999999,   -999999,   -999999,   -999999,   -999999,   -999999,   -999999,   -999999,   -999999,   -999999,   -999999,   -999999,   -999999,   -999999,   -999999,   -999999,   -999999,   -999999,   -999999,     -999999  
66737,   37,          500720.00,         5.0000000,  12.66705953,   32.43862762,   271.924643,   4.86399846,   549.2,   264.8499939,   314.3132409,   270,   49.0061774,   11.01842523,   260.9264903,   4.99,   166,   155.566656,   120.996288,   0.48,   -7,   96.4,   95.4,   1,   -1.56,   0.5,   314.24,   247.6099939,   276.9899939,   805.2,   48.2,   42.2,   -172,   93.44,   0.94,   0.78,   3.308,   3.056,   23.556,   0.12475,   0.7744,   0.691725,   22.7675,   21.015,   246.4424939,   0.02606,   4.99574,   0.1742752,   0.569619,   57.3,   406.04,   1.8727,   0.0969,    -999999,   -999999,   -999999,   -999999,   -999999,   -999999,   -999999,   -999999,   -999999,   -999999,   -999999,   -999999,   -999999,   -999999,   -999999,   -999999,   -999999,   -999999,   -999999,   -999999,   -999999,   -999999,   -999999,   -999999,   -999999,   -999999,   -999999,   -999999,   -999999,   -999999,   -999999,   -999999,   -999999,   -999999,   -999999,   -999999,   -999999,   -999999,   -999999,   -999999,   -999999,   -999999,   -999999,   -999999,   -999999,   -999999,   -999999,   -999999,   -999999,   -999999,   -999999,     -999999  
66742,   37,          500721.00,         5.0000000,  12.66903446,   32.43791656,   271.9334335,   4.82321622,   552.4,   265.0899939,   314.0762862,   270,   49.01103475,   10.35997219,   259.5223936,   4.95138,   165.8,   155.87532,   121.40784,   0.48,   -7,   96.52,   95.46,   1.1,   -1.5,   0.66,   314.08,   247.8899939,   277.2899939,   806.8,   48.2,   42.36,   -171.9,   93.3,   0.954,   0.798,   3.376,   3.128,   23.646,   0.1195181818,   0.7418636364,   0.6660818182,   21.51909091,   19.90363636,   246.0290848,   0.02438,   4.95902,   0.1732372,   0.569619,   58.3,   406.11,   1.87345,   0.100085,    -999999,   -999999,   -999999,   -999999,   -999999,   -999999,   -999999,   -999999,   -999999,   -999999,   -999999,   -999999,   -999999,   -999999,   -999999,   -999999,   -999999,   -999999,   -999999,   -999999,   -999999,   -999999,   -999999,   -999999,   -999999,   -999999,   -999999,   -999999,   -999999,   -999999,   -999999,   -999999,   -999999,   -999999,   -999999,   -999999,   -999999,   -999999,   -999999,   -999999,   -999999,   -999999,   -999999,   -999999,   -999999,   -999999,   -999999,   -999999,   -999999,   -999999,   -999999,     -999999  
66747,   37,          500722.00,         5.0000000,  12.67100827,   32.43720628,   271.9422073,   4.787127899,   555,   265.4099939,   314.0338206,   270,   49.01590567,   9.999971737,   259.1405999,   4.91346,   165,   155.566656,   121.40784,   0.48,   -7,   96.56,   95.46,   1.06,   -1.54,   0.02,   314,   247.0099939,   277.4899939,   807.8,   48.2,   41.72,   -171.9,   93.34,   0.88,   0.736,   3.456,   3.21,   21.37,   0.1117111111,   0.6933,   0.6259555556,   19.84333333,   18.39555556,   245.3499939,   0.03674,   4.90846,   0.1721082,   0.569619,   53.08,   406.095,   1.87365,   0.1028,    -999999,   -999999,   -999999,   -999999,   -999999,   -999999,   -999999,   -999999,   -999999,   -999999,   -999999,   -999999,   -999999,   -999999,   -999999,   -999999,   -999999,   -999999,   -999999,   -999999,   -999999,   -999999,   -999999,   -999999,   -999999,   -999999,   -999999,   -999999,   -999999,   -999999,   -999999,   -999999,   -999999,   -999999,   -999999,   -999999,   -999999,   -999999,   -999999,   -999999,   -999999,   -999999,   -999999,   -999999,   -999999,   -999999,   -999999,   -999999,   -999999,   -999999,   -999999,     -999999  
