inputs/ACTAMERICA_Merge/C130/ACTAMERICA-mrg05-c130_merge_20160722_R3.ict
141, 1001
Shook, Michael
NASA Atmospheric Composition Branch, NASA Langley Research Center (SSAI)
Merged data file for ACT-AMERICA 2016, Flight 04 (20160722), on the c130 platform. Data is merged to 05 seconds.
ACTAmerica - 2016
1, 1
2016, 07, 22, 2018, 08, 24
05
UTC,s
99
1, 1, 1, 1, 1, 1, 1, 1, 1, 1, 1, 1, 1, 1, 1, 1, 1, 1, 1, 1, 1, 1, 1, 1, 1, 1, 1, 1, 1, 1, 1, 1, 1, 1, 1, 1, 1, 1, 1, 1, 1, 1, 1, 1, 1, 1, 1, 1, 1, 1, 1, 1, 1, 1, 1, 1, 1, 1, 1, 1, 1, 1, 1, 1, 1, 1, 1, 1, 1, 1, 1, 1, 1, 1, 1, 1, 1, 1, 1, 1, 1, 1, 1, 1, 1, 1, 1, 1, 1, 1, 1, 1, 1, 1, 1, 1, 1, 1, 1
-999999, -999999, -999999, -999999, -999999, -999999, -999999, -999999, -999999, -999999, -999999, -999999, -999999, -999999, -999999, -999999, -999999, -999999, -999999, -999999, -999999, -999999, -999999, -999999, -999999, -999999, -999999, -999999, -999999, -999999, -999999, -999999, -999999, -999999, -999999, -999999, -999999, -999999, -999999, -999999, -999999, -999999, -999999, -999999, -999999, -999999, -999999, -999999, -999999, -999999, -999999, -999999, -999999, -999999, -999999, -999999, -999999, -999999, -999999, -999999, -999999, -999999, -999999, -999999, -999999, -999999, -999999, -999999, -999999, -999999, -999999, -999999, -999999, -999999, -999999, -999999, -999999, -999999, -999999, -999999, -999999, -999999, -999999, -999999, -999999, -999999, -999999, -999999, -999999, -999999, -999999, -999999, -999999, -999999, -999999, -999999, -999999, -999999, -999999
JDAY, days
INDEX, none
FLIGHT, none
LOCAL_SUN_TIME, hour
LATITUDE, degs
LONGITUDE, degs
ALTP, km
PRESSURE, hPa
TEMPERATURE, K
THETA, K, calculated from ambient temperature and pressure
O3COLUMN, DU, OMI ozone column data extracted along flight track
SZA, deg
WNS, m s-1
WND, Degs
GPS_ALT, km
GRD_SPD, m s-1
TAS, m/s
IAS, m/s
MachNumber, mach
VerticalSpeed, m s-1
HDG, degs
TRK, degs
DriftAngle, degs
PITCH, degs
ROLL, degs
PotentialTemp_Nav, K
Dewpoint, K
TotalAirTemp, K
CabinPressure, hPa
SolarZenithAngle, degs
AircraftSunElevation, degs
SunAzimuth, degs
AircraftSunAzimuth, degs
H2O_MixingRatio_Nav, g kg-1
H2O_VaporPressure_Nav, hPa
H2O_SatVaporPressureWater_Nav, hPa
H2O_SatVaporPressureIce_Nav, hPa
H2O_RelativeHumidity_Nav, %
ManeuverFlag, none
GroundElevation-AMSL_GoogleMaps, km
Altitude-AGL_GoogleMaps, km
GroundHeight-AMSL_CPL, km
MLH-AMSL_CPL, km
O3_MoleFraction, ppb
CO2_DryMoleFrac_PICARRO, ppm
CH4_DryMoleFrac_PICARRO, ppm
CO_DryMoleFrac_PICARRO, ppm
CO2_MoleFraction_PFP, ppm
CH4_MoleFraction_PFP, ppb
CO_MoleFraction_PFP, ppb
N2O_MoleFraction_PFP, ppb
SF6_CCGG_MoleFraction_PFP, ppt
H2_MoleFraction_PFP, ppb
CH4C13_MoleFraction_PFP, permil
CO2C14_MoleFraction_PFP, permil
F11B_MoleFraction_PFP, ppt
FC12_MoleFraction_PFP, ppt
F13_MoleFraction_PFP, ppt
F113_MoleFraction_PFP, ppt
F115_MoleFraction_PFP, ppt
HF133a_MoleFraction_PFP, ppt
F23_MoleFraction_PFP, ppt
F32_MoleFraction_PFP, ppt
F134A_MoleFraction_PFP, ppt
F152A_MoleFraction_PFP, ppt
F125_MoleFraction_PFP, ppt
F143a_MoleFraction_PFP, ppt
F227e_MoleFraction_PFP, ppt
F365m_MoleFraction_PFP, ppt
H1211_MoleFraction_PFP, ppt
H1301_MoleFraction_PFP, ppt
H2402_MoleFraction_PFP, ppt
MCFA_MoleFraction_PFP, ppt
CF4_MoleFraction_PFP, ppt
C2F6_MoleFraction_PFP, ppt
SO2F2_MoleFraction_PFP, ppt
MEBR_MoleFraction_PFP, ppt
CH3I_MoleFraction_PFP, ppt
DIBR_MoleFraction_PFP, ppt
OCS_MoleFraction_PFP, ppt
[...]
[from data line 2937]
72322,   204,          402938.00,         4.0000000,  14.93178868,   37.6320076,   282.6247468,   3.061472198,   695,   281.7299939,   312.5937472,   296,   41.7673081,   7.598365522,   322.4773796,   3.2326,   157,   150.113592,   126.55224,   0.448,   0,   87.2,   90.96,   -3.66,   0.52,   -0.06,   312.56,    -999999,  293.0299939,   887.8,   40.4,   49.88,   -103.78,   169,    -999999,   -999999,   -999999,   -999999,   -999999,  6,   0.06396,   3.16864,   0.115599,   1.6489,   48.66,   402.865,   1.8562,   0.0685,    -999999,   -999999,   -999999,   -999999,   -999999,   -999999,   -999999,   -999999,   -999999,   -999999,   -999999,   -999999,   -999999,   -999999,   -999999,   -999999,   -999999,   -999999,   -999999,   -999999,   -999999,   -999999,   -999999,   -999999,   -999999,   -999999,   -999999,   -999999,   -999999,   -999999,   -999999,   -999999,   -999999,   -999999,   -999999,   -999999,   -999999,   -999999,   -999999,   -999999,   -999999,   -999999,   -999999,   -999999,   -999999,   -999999,   -999999,   -999999,   -999999,   -999999,   -999999,     -999999  
72327,   204,          402939.00,         4.0000000,  14.93377255,   37.6318994,   282.6336716,   3.060679718,   695.2,   281.3699939,   312.168645,   296,   41.79033852,   8.579020365,   319.195804,   3.232,   157,   149.084712,   125.934912,   0.44,   0,   87.08,   90.84,   -3.8,   0.12,   -0.18,   312.18,    -999999,  292.4699939,   888.2,   40.4,   49.46,   -103.7,   169.24,    -999999,   -999999,   -999999,   -999999,   -999999,  6,   0.05428,   3.17772,   0.08232338,   1.6489,   47.38,   401.91,   1.86096,   0.071,    -999999,   -999999,   -999999,   -999999,   -999999,   -999999,   -999999,   -999999,   -999999,   -999999,   -999999,   -999999,   -999999,   -999999,   -999999,   -999999,   -999999,   -999999,   -999999,   -999999,   -999999,   -999999,   -999999,   -999999,   -999999,   -999999,   -999999,   -999999,   -999999,   -999999,   -999999,   -999999,   -999999,   -999999,   -999999,   -999999,   -999999,   -999999,   -999999,   -999999,   -999999,   -999999,   -999999,   -999999,   -999999,   -999999,   -999999,   -999999,   -999999,   -999999,   -999999,     -999999  
72332,   204,          402940.00,         4.0000000,  14.93575744,   37.6317932,   282.6426116,   3.057692678,   695.2,   281.2899939,   312.0798883,   296,   41.81338324,   8.659396247,   318.4133938,   3.2274,   157.6,   149.393376,   126.140688,   0.444,   0,   87.16,   90.84,   -3.72,   0.12,   0.42,   312.04,    -999999,  292.3899939,   887.8,   40.42,   49.52,   -103.7,   169.86,    -999999,   -999999,   -999999,   -999999,   -999999,  6,   0.0608,   3.1666,   0.09039102,   1.672884,   47.48,   401.9428571,   1.86128,   0.07436842105,    -999999,   -999999,   -999999,   -999999,   -999999,   -999999,   -999999,   -999999,   -999999,   -999999,   -999999,   -999999,   -999999,   -999999,   -999999,   -999999,   -999999,   -999999,   -999999,   -999999,   -999999,   -999999,   -999999,   -999999,   -999999,   -999999,   -999999,   -999999,   -999999,   -999999,   -999999,   -999999,   -999999,   -999999,   -999999,   -999999,   -999999,   -999999,   -999999,   -999999,   -999999,   -999999,   -999999,   -999999,   -999999,   -999999,   -999999,   -999999,   -999999,   -999999,   -999999,     -999999  
72337,   204,          402941.00,         4.0000000,  14.93774297,   37.6316796,   282.6515612,   3.057204998,   695.2,   281.4899939,   312.3017802,   296,   41.83643597,   8.519809993,   320.0183135,   3.2252,   157.8,   149.496264,   126.0378,   0.45,   0,   87.12,   90.96,   -3.86,   0.58,   -0.16,   312.24,    -999999,  292.6899939,   887.8,   40.5,   49.9,   -103.7,   169.18,    -999999,   -999999,   -999999,   -999999,   -999999,  6,   0.05762,   3.16758,   0.1085178,   1.690872,   44.72,   402.1842857,   1.8593,   0.06836842105,    -999999,   -999999,   -999999,   -999999,   -999999,   -999999,   -999999,   -999999,   -999999,   -999999,   -999999,   -999999,   -999999,   -999999,   -999999,   -999999,   -999999,   -999999,   -999999,   -999999,   -999999,   -999999,   -999999,   -999999,   -999999,   -999999,   -999999,   -999999,   -999999,   -999999,   -999999,   -999999,   -999999,   -999999,   -999999,   -999999,   -999999,   -999999,   -999999,   -999999,   -999999,   -999999,   -999999,   -999999,   -999999,   -999999,   -999999,   -999999,   -999999,   -999999,   -999999,     -999999  
72342,   204,          402942.00,         4.0000000,  14.93972775,   37.6315682,   282.6604996,   3.057631718,   695.2,   281.5499939,   312.3683478,   296,   41.85948258,   8.359289817,   320.4827521,   3.2288,   157,   149.290488,   126.140688,   0.442,   0,   87,   90.84,   -3.86,   0.7,   -0.04,   312.3,    -999999,  292.7499939,   888.2,   40.5,   49.98,   -103.7,   169.34,    -999999,   -999999,   -999999,   -999999,   -999999,  6,   0.0549,   3.1739,   0.109381,   1.67888,   46.2,   402.1414286,   1.859688889,   0.0745,    -999999,   -999999,   -999999,   -999999,   -999999,   -999999,   -999999,   -999999,   -999999,   -999999,   -999999,   -999999,   -999999,   -999999,   -999999,   -999999,   -999999,   -999999,   -999999,   -999999,   -999999,   -999999,   -999999,   -999999,   -999999,   -999999,   -999999,   -999999,   -999999,   -999999,   -999999,   -999999,   -999999,   -999999,   -999999,   -999999,   -999999,   -999999,   -999999,   -999999,   -999999,   -999999,   -999999,   -999999,   -999999,   -999999,   -999999,   -999999,   -999999,   -999999,   -999999,     -999999  
72347,   204,          402943.00,         4.0000000,  14.94171173,   37.6314582,   282.669426,   3.060313958,   695,   281.6499939,   312.5049831,   296,   41.88252227,   7.454643858,   321.444156,   3.2296,   157,   149.907816,   126.55224,   0.45,   0,   87.36,   90.9,   -3.54,   0.6,   0.28,   312.48,    -999999,  292.9499939,   888.4,   40.5,   49.9,   -103.6,   169.44,    -999999,   -999999,   -999999,   -999999,   -999999,  6,   0.05298,   3.17662,   0.111182,   1.6489,   49.56,   402.805,   1.857033333,   0.073,    -999999,   -999999,   -999999,   -999999,   -999999,   -999999,   -999999,   -999999,   -999999,   -999999,   -999999,   -999999,   -999999,   -999999,   -999999,   -999999,   -999999,   -999999,   -999999,   -999999,   -999999,   -999999,   -999999,   -999999,   -999999,   -999999,   -999999,   -999999,   -999999,   -999999,   -999999,   -999999,   -999999,   -999999,   -999999,   -999999,   -999999,   -999999,   -999999,   -999999,   -999999,   -999999,   -999999,   -999999,   -999999,   -999999,   -999999,   -999999,   -999999,   -999999,   -999999,     -999999  
72352,   204,          402944.00,         4.0000000,  14.94369478,   37.6313416,   282.6783384,   3.059948198,   695,   282.3099939,   313.2372867,   296,   41.90555183,   6.894637313,   314.8572572,   3.2288,   157,   150.319368,   126.758016,   0.448,   0,   88.32,   90.96,   -2.74,   0.52,   -0.44,   313.16,    -999999,  293.6299939,   888.2,   40.5,   49.62,   -103.6,   167.78,    -999999,   -999999,   -999999,   -999999,   -999999,  6,   0.05682,   3.17198,   0.1113576,   1.660892,   47.38,   402.835,   1.857755556,   0.06942105263,    -999999,   -999999,   -999999,   -999999,   -999999,   -999999,   -999999,   -999999,   -999999,   -999999,   -999999,   -999999,   -999999,   -999999,   -999999,   -999999,   -999999,   -999999,   -999999,   -999999,   -999999,   -999999,   -999999,   -999999,   -999999,   -999999,   -999999,   -999999,   -999999,   -999999,   -999999,   -999999,   -999999,   -999999,   -999999,   -999999,   -999999,   -999999,   -999999,   -999999,   -999999,   -999999,   -999999,   -999999,   -999999,   -999999,   -999999,   -999999,   -999999,   -999999,   -999999,     -999999  
72357,   204,          402945.00,         4.0000000,  14.94567726,   37.6312354,   282.6872422,   3.062142758,   695,   282.0499939,   312.9488034,   296,   41.92857895,   6.312695924,   320.5902278,   3.2298,   157,   150.73092,   127.06668,   0.45,   0,   87.88,   90.74,   -2.86,   0.42,   -0.1,   312.94,    -999999,  293.4299939,   888.8,   40.58,   49.66,   -103.6,   168.52,    -999999,   -999999,   -999999,   -999999,   -999999,  6,   0.0527,   3.1771,   0.0951675,   1.67888,   47.54,   402.5785714,   1.86016,   0.07405263158,    -999999,   -999999,   -999999,   -999999,   -999999,   -999999,   -999999,   -999999,   -999999,   -999999,   -999999,   -999999,   -999999,   -999999,   -999999,   -999999,   -999999,   -999999,   -999999,   -999999,   -999999,   -999999,   -999999,   -999999,   -999999,   -999999,   -999999,   -999999,   -999999,   -999999,   -999999,   -999999,   -999999,   -999999,   -999999,   -999999,   -999999,   -999999,   -999999,   -999999,   -999999,   -999999,   -999999,   -999999,   -999999,   -999999,   -999999,   -999999,   -999999,   -999999,   -999999,     -999999  
72362,   204,          402946.00,         4.0000000,  14.94765899,   37.6311364,   282.6961348,   3.059155718,   695,   282.0899939,   312.9931855,   296,   41.95160093,   7.062808589,   320.6477235,   3.23,   157,   149.907816,   126.449352,   0.446,   0,   87.58,   90.92,   -3.3,   0.14,   0.22,   312.92,    -999999,  293.3299939,   889,   40.6,   49.38,   -103.6,   169.32,    -999999,   -999999,   -999999,   -999999,   -999999,  6,   0.0573,   3.1727,   0.08091994,   1.654896,   46.9,   402.735,   1.858111111,   0.0715,   402.35,   1858.62,   77.33,   329.27,   9.11,   530.35,   -47.43,    -999999,  233.34,   516.93,   3.37,   71.34,   8.56,   0.57,   29.45,   12.91,   95.82,   7.9,   21.82,   19.74,   1.21,   0.98,   3.61,   3.31,   0.42,   2.65,   82.06,   4.63,   2.15,   7.03,   0.12,   0.6,   538.57,   542.9,   51.91,   9.27,   1.65,   25.43,   576.22,   60.65,   7.2,   2.88,   1.88,   2.18,   3.44,   40.03,   0.12,   0.15,   1.63,   0.66,   4.09,          245.83000  
72367,   204,          402947.00,         4.0000000,  14.94964136,   37.6310234,   282.705037,   3.056839238,   695.6,   281.4499939,   312.206088,   296,   41.97462955,   8.217972941,   320.5562284,   3.2242,   157,   149.1876,   125.934912,   0.442,   0,   87.14,   90.9,   -3.78,   0.06,   0.02,   312.2,    -999999,  292.5499939,   888.6,   40.6,   49.2,   -103.5,   169.6,    -999999,   -999999,   -999999,   -999999,   -999999,  6,   0.0591,   3.1651,   0.0751183,   1.6489,   47.3,   402.55,   1.85809,   0.074,   402.35,   1858.62,   77.33,   329.27,   9.11,   530.35,   -47.43,    -999999,  233.34,   516.93,   3.37,   71.34,   8.56,   0.57,   29.45,   12.91,   95.82,   7.9,   21.82,   19.74,   1.21,   0.98,   3.61,   3.31,   0.42,   2.65,   82.06,   4.63,   2.15,   7.03,   0.12,   0.6,   538.57,   542.9,   51.91,   9.27,   1.65,   25.43,   576.22,   60.65,   7.2,   2.88,   1.88,   2.18,   3.44,   40.03,   0.12,   0.15,   1.63,   0.66,   4.09,          245.83000  
72372,   204,          402948.00,         4.0000000,  14.95162502,   37.6309146,   282.7139586,   3.053791238,   696,   281.4499939,   312.1548121,   296,   41.99767614,   8.379468754,   319.6133756,   3.223,   157,   149.1876,   126.0378,   0.44,   0,   87.14,   90.9,   -3.74,   0.3,   0.14,   312.18,    -999999,  292.6099939,   888.4,   40.6,   49.48,   -103.5,   169.72,    -999999,   -999999,   -999999,   -999999,   -999999,  6,   0.06018,   3.16282,   0.07559346,   1.6489,   48.66,   402.475,   1.85771,   0.0735,   402.35,   1858.62,   77.33,   329.27,   9.11,   530.35,   -47.43,    -999999,  233.34,   516.93,   3.37,   71.34,   8.56,   0.57,   29.45,   12.91,   95.82,   7.9,   21.82,   19.74,   1.21,   0.98,   3.61,   3.31,   0.42,   2.65,   82.06,   4.63,   2.15,   7.03,   0.12,   0.6,   538.57,   542.9,   51.91,   9.27,   1.65,   25.43,   576.22,   60.65,   7.2,   2.88,   1.88,   2.18,   3.44,   40.03,   0.12,   0.15,   1.63,   0.66,   4.09,          245.83000  
72377,   204,          402949.00,         4.0000000,  14.95360912,   37.6307982,   282.7228868,   3.055315238,   695.6,   281.6299939,   312.4057579,   296,   42.02072835,   7.959954408,   319.4195979,   3.224,   157,   149.70204,   126.449352,   0.45,   0,   87.44,   90.96,   -3.52,   0.3,   0.3,   312.38,    -999999,  292.8499939,   888.4,   40.64,   49.48,   -103.5,   169.58,    -999999,   -999999,   -999999,   -999999,   -999999,  6,   0.05604,   3.16796,   0.07677192,   1.6489,   47.42,   402.79,   1.85667,   0.074,   402.35,   1858.62,   77.33,   329.27,   9.11,   530.35,   -47.43,    -999999,  233.34,   516.93,   3.37,   71.34,   8.56,   0.57,   29.45,   12.91,   95.82,   7.9,   21.82,   19.74,   1.21,   0.98,   3.61,   3.31,   0.42,   2.65,   82.06,   4.63,   2.15,   7.03,   0.12,   0.6,   538.57,   542.9,   51.91,   9.27,   1.65,   25.43,   576.22,   60.65,   7.2,   2.88,   1.88,   2.18,   3.44,   40.03,   0.12,   0.15,   1.63,   0.66,   4.09,          245.83000  
72382,   204,          402950.00,         4.0000000,  14.9555935,   37.6306768,   282.7318192,   3.058485158,   695.2,   281.8299939,   312.6789965,   296,   42.04378486,   7.599824539,   319.6584224,   3.2258,   157,   150.010704,   126.55224,   0.45,   0,   87.62,   91,   -3.36,   0.34,   -0.1,   312.66,    -999999,  293.1299939,   888.4,   40.7,   49.44,   -103.5,   169.02,    -999999,   -999999,   -999999,   -999999,   -999999,  6,   0.05252,   3.17328,   0.07879288,   1.672884,   50.14,   402.81,   1.856655556,   0.07436842105,    -999999,   -999999,   -999999,   -999999,   -999999,   -999999,   -999999,   -999999,   -999999,   -999999,   -999999,   -999999,   -999999,   -999999,   -999999,   -999999,   -999999,   -999999,   -999999,   -999999,   -999999,   -999999,   -999999,   -999999,   -999999,   -999999,   -999999,   -999999,   -999999,   -999999,   -999999,   -999999,   -999999,   -999999,   -999999,   -999999,   -999999,   -999999,   -999999,   -999999,   -999999,   -999999,   -999999,   -999999,   -999999,   -999999,   -999999,   -999999,   -999999,   -999999,   -999999,     -999999  
72387,   204,          402951.00,         4.0000000,  14.95757748,   37.6305604,   282.7407456,   3.057204998,   695.2,   282.1499939,   313.0340235,   296,   42.0668398,   7.038906855,   317.7110834,   3.2284,   157,   150.319368,   127.06668,   0.45,   0,   88,   90.9,   -2.94,   0.4,   -0.16,   312.96,    -999999,  293.5099939,   888.8,   40.7,   49.48,   -103.4,   168.56,    -999999,   -999999,   -999999,   -999999,   -999999,  6,   0.05264,   3.17576,   0.10516306,   1.67888,   45.9,   402.8,   1.856566667,   0.07052631579,    -999999,   -999999,   -999999,   -999999,   -999999,   -999999,   -999999,   -999999,   -999999,   -999999,   -999999,   -999999,   -999999,   -999999,   -999999,   -999999,   -999999,   -999999,   -999999,   -999999,   -999999,   -999999,   -999999,   -999999,   -999999,   -999999,   -999999,   -999999,   -999999,   -999999,   -999999,   -999999,   -999999,   -999999,   -999999,   -999999,   -999999,   -999999,   -999999,   -999999,   -999999,   -999999,   -999999,   -999999,   -999999,   -999999,   -999999,   -999999,   -999999,   -999999,   -999999,     -999999  
