inputs/ACTAMERICA_Merge/C130/ACTAMERICA-mrg05-c130_merge_20171024_R0.ict
145, 1001
Shook, Michael
NASA Atmospheric Composition Branch, NASA Langley Research Center (SSAI)
Merged data file for ACT-AMERICA Fall 2017, Flight 13 (20171024), on the c130 platform. Data is merged to 05 seconds.
NASA ACT-AMERICA Fall 2017
1, 1
2017, 10, 24, 2018, 07, 05
05
UTC,s
106
1, 1, 1, 1, 1, 1, 1, 1, 1, 1, 1, 1, 1, 1, 1, 1, 1, 1, 1, 1, 1, 1, 1, 1, 1, 1, 1, 1, 1, 1, 1, 1, 1, 1, 1, 1, 1, 1, 1, 1, 1, 1, 1, 1, 1, 1, 1, 1, 1, 1, 1, 1, 1, 1, 1, 1, 1, 1, 1, 1, 1, 1, 1, 1, 1, 1, 1, 1, 1, 1, 1, 1, 1, 1, 1, 1, 1, 1, 1, 1, 1, 1, 1, 1, 1, 1, 1, 1, 1, 1, 1, 1, 1, 1, 1, 1, 1, 1, 1, 1, 1, 1, 1, 1, 1, 1
-999999, -999999, -999999, -999999, -999999, -999999, -999999, -999999, -999999, -999999, -999999, -999999, -999999, -999999, -999999, -999999, -999999, -999999, -999999, -999999, -999999, -999999, -999999, -999999, -999999, -999999, -999999, -999999, -999999, -999999, -999999, -999999, -999999, -999999, -999999, -999999, -999999, -999999, -999999, -999999, -999999, -999999, -999999, -999999, -999999, -999999, -999999, -999999, -999999, -999999, -999999, -999999, -999999, -999999, -999999, -999999, -999999, -999999, -999999, -999999, -999999, -999999, -999999, -999999, -999999, -999999, -999999, -999999, -999999, -999999, -999999, -999999, -999999, -999999, -999999, -999999, -999999, -999999, -999999, -999999, -999999, -999999, -999999, -999999, -999999, -999999, -999999, -999999, -999999, -999999, -999999, -999999, -999999, -999999, -999999, -999999, -999999, -999999, -999999, -999999, -999999, -999999, -999999, -999999, -999999, -999999
JDAY, days
INDEX, none
FLIGHT, none
LOCAL_SUN_TIME, hour
LATITUDE, degs
LONGITUDE, degs
ALTP, km
PRESSURE, hPa
TEMPERATURE, K
THETA, K, calculated from ambient temperature and pressure
O3COLUMN, DU, OMI ozone column data extracted along flight track
SZA, deg
WNS, m s-1
WND, Degs
GPS_ALT, km
GRD_SPD, m s-1
TAS, m/s
IAS, m/s
MachNumber, mach
VerticalSpeed, m s-1
HDG, degs
TRK, degs
DriftAngle, degs
PITCH, degs
ROLL, degs
PotentialTemp_Nav, K
Dewpoint, K
TotalAirTemp, K
CabinPressure, hPa
SolarZenithAngle, degs
AircraftSunElevation, degs
SunAzimuth, degs
AircraftSunAzimuth, degs
H2O_MixingRatio_Nav, g kg-1
H2O_VaporPressure_Nav, hPa
H2O_SatVaporPressureWater_Nav, hPa
H2O_SatVaporPressureIce_Nav, hPa
H2O_RelativeHumidity_Nav, %
ManeuverFlag, none
H2O_VolMixingRatio_PICARRO, %
H2O_MassMixingRatio_PICARRO, g kg-1
H2O_VaporPressure_PICARRO, hPa
RHi_PICARRO, %
RHw_PICARRO, %
Dewpoint_PICARRO, K
GPS_ALT, km
GroundElevation-AMSL_GoogleMaps, km
Altitude-AGL_GoogleMaps, km
GroundHeight-AMSL_CPL, km
MLH-AMSL_CPL, km
O3_MixingRatio, ppbv
CO2_DryMoleFrac_PICARRO, ppm
CH4_DryMoleFrac_PICARRO, ppm
CO_DryMoleFrac_PICARRO, ppm
CO2_MoleFraction_PFP, ppm
CH4_MoleFraction_PFP, ppb
CO_MoleFraction_PFP, ppb
N2O_MoleFraction_PFP, ppb
SF6_CCGG_MoleFraction_PFP, ppt
H2_MoleFraction_PFP, ppb
CH4C13_PFP, permil
CO2C14_PFP, permil
F11B_MoleFraction_PFP, ppt
FC12_MoleFraction_PFP, ppt
F13_MoleFraction_PFP, ppt
F113_MoleFraction_PFP, ppt
F115_MoleFraction_PFP, ppt
HF133a_MoleFraction_PFP, ppt
F23_MoleFraction_PFP, ppt
F32_MoleFraction_PFP, ppt
F134A_MoleFraction_PFP, ppt
F152A_MoleFraction_PFP, ppt
F125_MoleFraction_PFP, ppt
F143a_MoleFraction_PFP, ppt
F227e_MoleFraction_PFP, ppt
F365m_MoleFraction_PFP, ppt
H1211_MoleFraction_PFP, ppt
H1301_MoleFraction_PFP, ppt
[...]
[from data line 320]
60222,   297,          1300321.0,         13.000000,  10.1828585,   41.89663696,   261.8074608,   2.371039229,   758.2,   269.7499939,   291.9503071,   294,   59.20433652,   31.09974354,   351.5407724,   2.4216,   112.34,   137.2423032,   123.414156,   0.42,   -0.74,   319.62,   311.3,   8.32,   0.7,   0.04,   291.88,   250.8299939,   279.0499939,   944.8,   58.1,   32.68,   152.54,   -166.56,   0.906,   1.038,   4.8,   4.65,   21.62,    -999999,  0.13675,   0.84865,   1.03915,   22.7675,   22.0075,   250.9824939,   2.4216,   0.62014,   1.80146,   0.7478122,   1.61892,   44.68,   405.8,   1.929815385,   0.1190928571,    -999999,   -999999,   -999999,   -999999,   -999999,   -999999,   -999999,   -999999,   -999999,   -999999,   -999999,   -999999,   -999999,   -999999,   -999999,   -999999,   -999999,   -999999,   -999999,   -999999,   -999999,   -999999,   -999999,   -999999,   -999999,   -999999,   -999999,   -999999,   -999999,   -999999,   -999999,   -999999,   -999999,   -999999,   -999999,   -999999,   -999999,   -999999,   -999999,   -999999,   -999999,   -999999,   -999999,   -999999,   -999999,   -999999,   -999999,   -999999,   -999999,   -999999,   -999999,     -999999  
60227,   297,          1300322.0,         13.000000,  10.18390635,   41.89996718,   261.8023453,   2.368235069,   758.6,   269.7499939,   291.9063155,   294,   59.20107168,   31.09992389,   352.0996785,   2.4192,   112.28,   137.0571048,   123.2495352,   0.42,   -0.26,   319.78,   311.38,   8.4,   0.9,   -0.02,   291.88,   250.6899939,   279.0499939,   945,   58.1,   32.9,   152.6,   -166.76,   0.894,   1.024,   4.808,   4.658,   21.33,    -999999,  0.14038,   0.87128,   1.06728,   23.384,   22.606,   251.2839939,   2.4192,   0.61338,   1.80582,   0.741638,   1.61892,   45.7,   405.8266667,   1.9296,   0.115,    -999999,   -999999,   -999999,   -999999,   -999999,   -999999,   -999999,   -999999,   -999999,   -999999,   -999999,   -999999,   -999999,   -999999,   -999999,   -999999,   -999999,   -999999,   -999999,   -999999,   -999999,   -999999,   -999999,   -999999,   -999999,   -999999,   -999999,   -999999,   -999999,   -999999,   -999999,   -999999,   -999999,   -999999,   -999999,   -999999,   -999999,   -999999,   -999999,   -999999,   -999999,   -999999,   -999999,   -999999,   -999999,   -999999,   -999999,   -999999,   -999999,   -999999,   -999999,     -999999  
60232,   297,          1300323.0,         13.000000,  10.18496107,   41.90329744,   261.7973328,   2.372075549,   758,   269.7699939,   291.9939618,   294,   59.1977708,   30.75950112,   351.5615084,   2.424,   111.68,   136.3163112,   122.5601856,   0.414,   2.02,   319.64,   311.38,   8.28,   2.06,   -0.18,   291.94,   250.6499939,   278.9699939,   945.4,   58.1,   34.06,   152.6,   -166.52,   0.89,   1.02,   4.814,   4.668,   21.162,    -999999,  0.13973,   0.86731,   1.06271,   23.283,   22.505,   251.2349939,   2.424,   0.60914,   1.81486,   0.7380032,   1.61892,   46.78,   405.82,   1.9298,   0.1169142857,    -999999,   -999999,   -999999,   -999999,   -999999,   -999999,   -999999,   -999999,   -999999,   -999999,   -999999,   -999999,   -999999,   -999999,   -999999,   -999999,   -999999,   -999999,   -999999,   -999999,   -999999,   -999999,   -999999,   -999999,   -999999,   -999999,   -999999,   -999999,   -999999,   -999999,   -999999,   -999999,   -999999,   -999999,   -999999,   -999999,   -999999,   -999999,   -999999,   -999999,   -999999,   -999999,   -999999,   -999999,   -999999,   -999999,   -999999,   -999999,   -999999,   -999999,   -999999,     -999999  
60237,   297,          1300324.0,         13.000000,  10.18601351,   41.90659332,   261.7922859,   2.380305149,   757.6,   269.7299939,   291.9946996,   294,   59.19445783,   30.51993666,   350.9800788,   2.4338,   110.74,   135.3182976,   121.5724608,   0.41,   1.18,   319.48,   311.3,   8.16,   1.62,   -0.1,   291.98,   250.5699939,   278.8899939,   945.6,   58.1,   33.62,   152.6,   -166.36,   0.89,   1.016,   4.802,   4.65,   21.162,    -999999,  0.14604,   0.90636,   1.10962,   24.312,   23.5,   251.7299939,   2.4338,   0.6068,   1.827,   0.7265894,   1.61892,   44.38,   405.855,   1.930007692,   0.11706875,    -999999,   -999999,   -999999,   -999999,   -999999,   -999999,   -999999,   -999999,   -999999,   -999999,   -999999,   -999999,   -999999,   -999999,   -999999,   -999999,   -999999,   -999999,   -999999,   -999999,   -999999,   -999999,   -999999,   -999999,   -999999,   -999999,   -999999,   -999999,   -999999,   -999999,   -999999,   -999999,   -999999,   -999999,   -999999,   -999999,   -999999,   -999999,   -999999,   -999999,   -999999,   -999999,   -999999,   -999999,   -999999,   -999999,   -999999,   -999999,   -999999,   -999999,   -999999,     -999999  
60242,   297,          1300325.0,         13.000000,  10.18706823,   41.9098549,   261.7872734,   2.382682589,   757,   269.6699939,   291.995838,   294,   59.19110619,   30.47984045,   351.1601052,   2.437,   110.18,   134.680392,   121.0065768,   0.41,   0.46,   319.52,   311.3,   8.26,   1.42,   -0.1,   291.94,   250.6499939,   278.7499939,   946.2,   58.1,   33.46,   152.6,   -166.4,   0.89,   1.02,   4.78,   4.626,   21.332,    -999999,  0.1495,   0.92806,   1.13506,   25.46,   24.544,   251.9899939,   2.437,   0.60476,   1.83224,   0.729275,   1.61892,   44.02,   405.855,   1.929490909,   0.1179,    -999999,   -999999,   -999999,   -999999,   -999999,   -999999,   -999999,   -999999,   -999999,   -999999,   -999999,   -999999,   -999999,   -999999,   -999999,   -999999,   -999999,   -999999,   -999999,   -999999,   -999999,   -999999,   -999999,   -999999,   -999999,   -999999,   -999999,   -999999,   -999999,   -999999,   -999999,   -999999,   -999999,   -999999,   -999999,   -999999,   -999999,   -999999,   -999999,   -999999,   -999999,   -999999,   -999999,   -999999,   -999999,   -999999,   -999999,   -999999,   -999999,   -999999,   -999999,     -999999  
60247,   297,          1300326.0,         13.000000,  10.18812524,   41.91315078,   261.7822952,   2.384145629,   757,   269.6499939,   291.9741823,   294,   59.18777444,   30.19974955,   351.0411257,   2.4382,   109.8,   134.0939304,   120.4612704,   0.41,   0.2,   319.5,   311.34,   8.18,   1.4,   0.16,   291.92,   250.8099939,   278.6499939,   946.4,   58.1,   33.38,   152.6,   -166.24,   0.906,   1.036,   4.772,   4.622,   21.694,    -999999,  0.1509,   0.936725,   1.1453,   25.7425,   24.805,   252.0924939,   2.4382,   0.60572,   1.83248,   0.7298406,   1.61892,   44.74,   405.84,   1.929377778,   0.11595,    -999999,   -999999,   -999999,   -999999,   -999999,   -999999,   -999999,   -999999,   -999999,   -999999,   -999999,   -999999,   -999999,   -999999,   -999999,   -999999,   -999999,   -999999,   -999999,   -999999,   -999999,   -999999,   -999999,   -999999,   -999999,   -999999,   -999999,   -999999,   -999999,   -999999,   -999999,   -999999,   -999999,   -999999,   -999999,   -999999,   -999999,   -999999,   -999999,   -999999,   -999999,   -999999,   -999999,   -999999,   -999999,   -999999,   -999999,   -999999,   -999999,   -999999,   -999999,     -999999  
60252,   297,          1300327.0,         13.000000,  10.18918225,   41.91641234,   261.7773171,   2.384145629,   757,   269.8099939,   292.1474286,   294,   59.18441733,   29.97995221,   350.9402267,   2.4388,   109.52,   133.702956,   120.0805848,   0.41,   -0.16,   319.58,   311.48,   8.08,   1.16,   0.24,   292.1,   251.0299939,   278.7499939,   946,   58.1,   33.1,   152.68,   -166.24,   0.924,   1.056,   4.83,   4.68,   21.878,    -999999,  0.14848,   0.9216,   1.1265,   24.764,   23.926,   251.9019939,   2.4388,   0.60792,   1.83088,   0.7412498,   1.61892,   44.22,   405.845,   1.927992308,   0.1179,    -999999,   -999999,   -999999,   -999999,   -999999,   -999999,   -999999,   -999999,   -999999,   -999999,   -999999,   -999999,   -999999,   -999999,   -999999,   -999999,   -999999,   -999999,   -999999,   -999999,   -999999,   -999999,   -999999,   -999999,   -999999,   -999999,   -999999,   -999999,   -999999,   -999999,   -999999,   -999999,   -999999,   -999999,   -999999,   -999999,   -999999,   -999999,   -999999,   -999999,   -999999,   -999999,   -999999,   -999999,   -999999,   -999999,   -999999,   -999999,   -999999,   -999999,   -999999,     -999999  
60257,   297,          1300328.0,         13.000000,  10.19024155,   41.91967394,   261.7723732,   2.380609949,   757.4,   269.8099939,   292.1033375,   294,   59.18105091,   29.91929556,   350.5415097,   2.4356,   109.72,   134.0219088,   120.3995376,   0.41,   -0.76,   319.64,   311.68,   7.98,   1.02,   -0.12,   292.08,   251.2899939,   278.8099939,   946.6,   58.1,   33.04,   152.7,   -166.52,   0.944,   1.078,   4.834,   4.686,   22.32,    -999999,  0.1469,   0.9119,   1.11492,   24.428,   23.614,   251.7839939,   2.4356,   0.61706,   1.81854,   0.7562498,   1.61892,   46.84,   405.818,   1.927192308,   0.1185214286,    -999999,   -999999,   -999999,   -999999,   -999999,   -999999,   -999999,   -999999,   -999999,   -999999,   -999999,   -999999,   -999999,   -999999,   -999999,   -999999,   -999999,   -999999,   -999999,   -999999,   -999999,   -999999,   -999999,   -999999,   -999999,   -999999,   -999999,   -999999,   -999999,   -999999,   -999999,   -999999,   -999999,   -999999,   -999999,   -999999,   -999999,   -999999,   -999999,   -999999,   -999999,   -999999,   -999999,   -999999,   -999999,   -999999,   -999999,   -999999,   -999999,   -999999,   -999999,     -999999  
60262,   297,          1300329.0,         13.000000,  10.19130085,   41.92296982,   261.7674294,   2.378476349,   757.6,   269.8499939,   292.124605,   294,   59.17771771,   29.73997442,   350.3200404,   2.4334,   110.08,   134.2894176,   120.6464688,   0.41,   -0.16,   319.52,   311.68,   7.84,   1.22,   -0.4,   292.06,   251.4699939,   278.8499939,   946.2,   58.1,   33.32,   152.7,   -166.56,   0.962,   1.1,   4.832,   4.69,   22.756,    -999999,  0.1481111111,   0.9193444444,   1.1245,   24.64,   23.81222222,   251.8833272,   2.4334,   0.61438,   1.81902,   0.7555806,   1.61892,   47.2,   405.848,   1.9274,   0.1208578947,    -999999,   -999999,   -999999,   -999999,   -999999,   -999999,   -999999,   -999999,   -999999,   -999999,   -999999,   -999999,   -999999,   -999999,   -999999,   -999999,   -999999,   -999999,   -999999,   -999999,   -999999,   -999999,   -999999,   -999999,   -999999,   -999999,   -999999,   -999999,   -999999,   -999999,   -999999,   -999999,   -999999,   -999999,   -999999,   -999999,   -999999,   -999999,   -999999,   -999999,   -999999,   -999999,   -999999,   -999999,   -999999,   -999999,   -999999,   -999999,   -999999,   -999999,   -999999,     -999999  
60267,   297,          1300330.0,         13.000000,  10.19235786,   41.92623138,   261.7624512,   2.378476349,   757.6,   269.8099939,   292.0813032,   294,   59.17437242,   29.77997521,   350.3200808,   2.4348,   110.24,   134.4540384,   120.8008008,   0.41,   0.44,   319.46,   311.58,   7.88,   1.22,   -0.4,   292.02,   251.6899939,   278.8499939,   947,   58.1,   33.32,   152.7,   -166.48,   0.976,   1.116,   4.826,   4.678,   23.136,    -999999,  0.1515777778,   0.9409888889,   1.151144444,   25.22444444,   24.38111111,   252.1499939,   2.4348,   0.61044,   1.82436,   0.7269142,   1.61892,   46.6,   405.79,   1.92805,   0.1172,    -999999,   -999999,   -999999,   -999999,   -999999,   -999999,   -999999,   -999999,   -999999,   -999999,   -999999,   -999999,   -999999,   -999999,   -999999,   -999999,   -999999,   -999999,   -999999,   -999999,   -999999,   -999999,   -999999,   -999999,   -999999,   -999999,   -999999,   -999999,   -999999,   -999999,   -999999,   -999999,   -999999,   -999999,   -999999,   -999999,   -999999,   -999999,   -999999,   -999999,   -999999,   -999999,   -999999,   -999999,   -999999,   -999999,   -999999,   -999999,   -999999,   -999999,   -999999,     -999999  
60272,   297,          1300331.0,         13.000000,  10.19341487,   41.92952728,   261.757473,   2.381646269,   757.2,   269.6699939,   291.9738002,   294,   59.17106041,   29.75927517,   350.8006059,   2.4366,   110.54,   134.5980816,   120.9139776,   0.41,   0.16,   319.44,   311.44,   7.96,   0.9,   -0.48,   291.96,   251.8299939,   278.7699939,   947.4,   58.1,   33.08,   152.7,   -166.52,   0.992,   1.134,   4.792,   4.638,   23.676,    -999999,  0.1541,   0.95648,   1.16986,   25.632,   24.776,   252.3379939,   2.4366,   0.60532,   1.83128,   0.7395502,   1.61892,   44.24,   405.824,   1.928892308,   0.1165473684,    -999999,   -999999,   -999999,   -999999,   -999999,   -999999,   -999999,   -999999,   -999999,   -999999,   -999999,   -999999,   -999999,   -999999,   -999999,   -999999,   -999999,   -999999,   -999999,   -999999,   -999999,   -999999,   -999999,   -999999,   -999999,   -999999,   -999999,   -999999,   -999999,   -999999,   -999999,   -999999,   -999999,   -999999,   -999999,   -999999,   -999999,   -999999,   -999999,   -999999,   -999999,   -999999,   -999999,   -999999,   -999999,   -999999,   -999999,   -999999,   -999999,   -999999,   -999999,     -999999  
60277,   297,          1300332.0,         13.000000,  10.19446959,   41.93282318,   261.7524605,   2.378903069,   757.8,   269.6099939,   291.8427838,   294,   59.1677656,   30.0198793,   351.6607596,   2.433,   111.12,   135.1022328,   121.4387064,   0.41,   -1.16,   319.54,   311.4,   8.16,   0.58,   -0.36,   291.84,   251.9699939,   278.7499939,   947.8,   58.1,   32.68,   152.74,   -166.6,   1.002,   1.148,   4.76,   4.604,   24.104,    -999999,  0.15276,   0.94826,   1.15994,   25.856,   24.944,   252.2379939,   2.433,   0.60908,   1.82392,   0.7527022,   1.61892,   47.16,   405.824,   1.929815385,   0.1180071429,    -999999,   -999999,   -999999,   -999999,   -999999,   -999999,   -999999,   -999999,   -999999,   -999999,   -999999,   -999999,   -999999,   -999999,   -999999,   -999999,   -999999,   -999999,   -999999,   -999999,   -999999,   -999999,   -999999,   -999999,   -999999,   -999999,   -999999,   -999999,   -999999,   -999999,   -999999,   -999999,   -999999,   -999999,   -999999,   -999999,   -999999,   -999999,   -999999,   -999999,   -999999,   -999999,   -999999,   -999999,   -999999,   -999999,   -999999,   -999999,   -999999,   -999999,   -999999,     -999999  
