inputs/ACTAMERICA_Merge/C130/ACTAMERICA-mrg05-c130_merge_20170215_R0.ict
143, 1001
Shook, Michael
NASA Atmospheric Composition Branch, NASA Langley Research Center (SSAI)
Merged data file for ACT-AMERICA 2017, Flight 08 (20170215), on the c130 platform. Data is merged to 05 seconds.
NASA ACT-AMERICA 2017
1, 1
2017, 02, 15, 2018, 02, 23
05
UTC,s
104
1, 1, 1, 1, 1, 1, 1, 1, 1, 1, 1, 1, 1, 1, 1, 1, 1, 1, 1, 1, 1, 1, 1, 1, 1, 1, 1, 1, 1, 1, 1, 1, 1, 1, 1, 1, 1, 1, 1, 1, 1, 1, 1, 1, 1, 1, 1, 1, 1, 1, 1, 1, 1, 1, 1, 1, 1, 1, 1, 1, 1, 1, 1, 1, 1, 1, 1, 1, 1, 1, 1, 1, 1, 1, 1, 1, 1, 1, 1, 1, 1, 1, 1, 1, 1, 1, 1, 1, 1, 1, 1, 1, 1, 1, 1, 1, 1, 1, 1, 1, 1, 1, 1, 1
-999999, -999999, -999999, -999999, -999999, -999999, -999999, -999999, -999999, -999999, -999999, -999999, -999999, -999999, -999999, -999999, -999999, -999999, -999999, -999999, -999999, -999999, -999999, -999999, -999999, -999999, -999999, -999999, -999999, -999999, -999999, -999999, -999999, -999999, -999999, -999999, -999999, -999999, -999999, -999999, -999999, -999999, -999999, -999999, -999999, -999999, -999999, -999999, -999999, -999999, -999999, -999999, -999999, -999999, -999999, -999999, -999999, -999999, -999999, -999999, -999999, -999999, -999999, -999999, -999999, -999999, -999999, -999999, -999999, -999999, -999999, -999999, -999999, -999999, -999999, -999999, -999999, -999999, -999999, -999999, -999999, -999999, -999999, -999999, -999999, -999999, -999999, -999999, -999999, -999999, -999999, -999999, -999999, -999999, -999999, -999999, -999999, -999999, -999999, -999999, -999999, -999999, -999999, -999999
JDAY, days
INDEX, none
FLIGHT, none
LOCAL_SUN_TIME, hour
LATITUDE, degs
LONGITUDE, degs
ALTP, km
PRESSURE, hPa
TEMPERATURE, K
THETA, K
O3COLUMN, DU
SZA, deg
WNS, m s-1
WND, Degs
GPS_ALT, km
GRD_SPD, m s-1
TAS, m/s
IAS, m/s
MachNumber, mach
VerticalSpeed, m s-1
HDG, degs
TRK, degs
DriftAngle, degs
PITCH, degs
ROLL, degs
PotentialTemp, K
Dewpoint, K
TotalAirTemp, K
CabinPressure, hPa
SolarZenithAngle, degs
AircraftSunElevation, degs
SunAzimuth, degs
AircraftSunAzimuth, degs
H2O_MixingRatio, g kg-1
H2O_VaporPressure, hPa
H2O_SatVaporPressureWater, hPa
H2O_SatVaporPressureIce, hPa
H2O_RelativeHumidity, %
H2O_VolMixingRatio_PICARRO, %
H2O_MassMixingRatio_PICARRO, g kg-1
H2O_VaporPressure_PICARRO, hPa
RHi_PICARRO, %
RHw_PICARRO, %
Dewpoint_PICARRO, K
Ground_Elevation, km
Altitude_AGL, km
GroundHeight_CPL, km
MLH_CPL, km
O3_MixingRatio, ppbv
CO2_MixingRatio_PICARRO, ppmv
CH4_MixingRatio_PICARRO, ppmv
CO_MixingRatio_PICARRO, ppmv
CO2_MoleFraction_PFP, ppm
CH4_MoleFraction_PFP, ppb
CO_MoleFraction_PFP, ppb
N2O_MoleFraction_PFP, ppb
SF6_CCGG_MoleFraction_PFP, ppt
H2_MoleFraction_PFP, ppb
CH4C13_PFP, per mil
CO2C14_PFP, per mil
F11B_MoleFraction_PFP, ppt
FC12_MoleFraction_PFP, ppt
F13_MoleFraction_PFP, ppt
F113_MoleFraction_PFP, ppt
F115_MoleFraction_PFP, ppt
HF133a_MoleFraction_PFP, ppt
F23_MoleFraction_PFP, ppt
F32_MoleFraction_PFP, ppt
F134A_MoleFraction_PFP, ppt
F152A_MoleFraction_PFP, ppt
F125_MoleFraction_PFP, ppt
F143a_MoleFraction_PFP, ppt
F227e_MoleFraction_PFP, ppt
F365m_MoleFraction_PFP, ppt
H1211_MoleFraction_PFP, ppt
H1301_MoleFraction_PFP, ppt
H2402_MoleFraction_PFP, ppt
MCFA_MoleFraction_PFP, ppt
CF4_MoleFraction_PFP, ppt
C2F6_MoleFraction_PFP, ppt
SO2F2_MoleFraction_PFP, ppt
MEBR_MoleFraction_PFP, ppt
CH3I_MoleFraction_PFP, ppt
DIBR_MoleFraction_PFP, ppt
[...]
[from data line 1743]
73537,   46,          801744.00,         8.0000000,  13.80748018,   35.33615804,   260.6976193,   8.569147306,   327,   232.2099939,   319.5814444,   369.7999878,   54.44960528,   1.959973131,   343.5540818,   8.6968,   146,   152.377128,   98.36092801,   0.5,   0,   325,   324.1,   0.88,   2.54,   0.36,   319.56,   214.6499939,   243.8499939,   710.4,   52.6,   38.48,   -150.9,   -113.52,   0.05,   0.02,   0.17,   0.12,   13.616,   0.009025,   0.05595,   0.029675,   26.465,   17.7825,   216.8049939,   0.56308,   8.13372,   0.7302472,   1.31912,   55.9,   407.48,   1.882590909,   0.10476,    -999999,   -999999,   -999999,   -999999,   -999999,   -999999,   -999999,   -999999,   -999999,   -999999,   -999999,   -999999,   -999999,   -999999,   -999999,   -999999,   -999999,   -999999,   -999999,   -999999,   -999999,   -999999,   -999999,   -999999,   -999999,   -999999,   -999999,   -999999,   -999999,   -999999,   -999999,   -999999,   -999999,   -999999,   -999999,   -999999,   -999999,   -999999,   -999999,   -999999,   -999999,   -999999,   -999999,   -999999,   -999999,   -999999,   -999999,   -999999,   -999999,   -999999,   -999999,     -999999  
73542,   46,          801745.00,         8.0000000,  13.80855631,   35.34149854,   260.6929279,   8.568354826,   327,   232.1499939,   319.4988688,   369.7999878,   54.4612747,   2.078502402,   342.414823,   8.695,   146,   152.685792,   98.77248001,   0.5,   0,   325.38,   324.56,   0.8,   2.72,   3.46,   319.48,   214.6499939,   243.8499939,   711,   52.6,   36.36,   -150.9,   -113.04,   0.05,   0.02,   0.17,   0.12,   13.672,   0.008475,   0.05265,   0.027925,   24.91,   16.735,   216.3174939,   0.5682,   8.1268,   0.7455522,   1.325116,   55.24,   407.445,   1.8825,   0.105015,    -999999,   -999999,   -999999,   -999999,   -999999,   -999999,   -999999,   -999999,   -999999,   -999999,   -999999,   -999999,   -999999,   -999999,   -999999,   -999999,   -999999,   -999999,   -999999,   -999999,   -999999,   -999999,   -999999,   -999999,   -999999,   -999999,   -999999,   -999999,   -999999,   -999999,   -999999,   -999999,   -999999,   -999999,   -999999,   -999999,   -999999,   -999999,   -999999,   -999999,   -999999,   -999999,   -999999,   -999999,   -999999,   -999999,   -999999,   -999999,   -999999,   -999999,   -999999,     -999999  
73547,   46,          801746.00,         8.0000000,  13.80963943,   35.34689974,   260.6883415,   8.572622026,   327,   232.1499939,   319.4988688,   369.7999878,   54.47304344,   1.438781403,   348.3599441,   8.6956,   146,   152.78868,   98.77248001,   0.5,   0,   326.84,   325.76,   1.08,   2.86,   2.7,   319.5,   214.6499939,   243.8499939,   710.6,   52.6,   35.86,   -150.82,   -114.2,   0.05,   0.02,   0.17,   0.12,   13.674,   0.008388888889,   0.05212222222,   0.02762222222,   24.65444444,   16.56555556,   216.2477717,   0.57346,   8.12214,   0.7513214,   1.385076,   47.88,   407.446,   1.8823,   0.1037380952,    -999999,   -999999,   -999999,   -999999,   -999999,   -999999,   -999999,   -999999,   -999999,   -999999,   -999999,   -999999,   -999999,   -999999,   -999999,   -999999,   -999999,   -999999,   -999999,   -999999,   -999999,   -999999,   -999999,   -999999,   -999999,   -999999,   -999999,   -999999,   -999999,   -999999,   -999999,   -999999,   -999999,   -999999,   -999999,   -999999,   -999999,   -999999,   -999999,   -999999,   -999999,   -999999,   -999999,   -999999,   -999999,   -999999,   -999999,   -999999,   -999999,   -999999,   -999999,     -999999  
73552,   46,          801747.00,         8.0000000,  13.81072926,   35.3523506,   260.6838556,   8.569817866,   327,   232.1499939,   319.4988688,   369.7999878,   54.48490028,   2.179931263,   342.333026,   8.6978,   145.6,   152.685792,   98.77248001,   0.5,   0,   326.88,   326.1,   0.74,   2.78,   0.22,   319.5,   214.5499939,   243.8499939,   710.8,   52.6,   38.42,   -150.8,   -115.2,   0.05,   0.02,   0.17,   0.12,   13.488,   0.008522222222,   0.05276666667,   0.02794444444,   24.94555556,   16.76,   216.3422161,   0.5817,   8.1161,   0.7625828,   1.43904,   50.36,   407.45,   1.881766667,   0.10556,    -999999,   -999999,   -999999,   -999999,   -999999,   -999999,   -999999,   -999999,   -999999,   -999999,   -999999,   -999999,   -999999,   -999999,   -999999,   -999999,   -999999,   -999999,   -999999,   -999999,   -999999,   -999999,   -999999,   -999999,   -999999,   -999999,   -999999,   -999999,   -999999,   -999999,   -999999,   -999999,   -999999,   -999999,   -999999,   -999999,   -999999,   -999999,   -999999,   -999999,   -999999,   -999999,   -999999,   -999999,   -999999,   -999999,   -999999,   -999999,   -999999,   -999999,   -999999,     -999999  
73557,   46,          801748.00,         8.0000000,  13.81181983,   35.35780856,   260.6793808,   8.569817866,   327,   232.1299939,   319.4713436,   369.7999878,   54.49676969,   2.319674251,   340.7499973,   8.6944,   145.8,   152.994456,   98.87536801,   0.5,   -2,   326.76,   326.1,   0.66,   1.24,   0.16,   319.46,   214.5499939,   243.8699939,   710.8,   52.6,   38.24,   -150.8,   -116.04,   0.05,   0.02,   0.17,   0.12,   13.524,   0.00834,   0.05178,   0.02754,   25.368,   17,   216.1699939,   0.59138,   8.10302,   0.7718308,   1.43904,   51.04,   407.426,   1.88205,   0.1055,    -999999,   -999999,   -999999,   -999999,   -999999,   -999999,   -999999,   -999999,   -999999,   -999999,   -999999,   -999999,   -999999,   -999999,   -999999,   -999999,   -999999,   -999999,   -999999,   -999999,   -999999,   -999999,   -999999,   -999999,   -999999,   -999999,   -999999,   -999999,   -999999,   -999999,   -999999,   -999999,   -999999,   -999999,   -999999,   -999999,   -999999,   -999999,   -999999,   -999999,   -999999,   -999999,   -999999,   -999999,   -999999,   -999999,   -999999,   -999999,   -999999,   -999999,   -999999,     -999999  
73562,   46,          801749.00,         8.0000000,  13.81290863,   35.3633002,   260.6748794,   8.552383306,   327.6,   232.1699939,   319.3590808,   369.7999878,   54.50865709,   2.29998692,   340.874783,   8.6726,   147.4,   154.229112,   99.80136001,   0.506,   -5,   326.86,   326.18,   0.68,   0.52,   0.84,   319.26,   214.5499939,   244.0899939,   710.6,   52.6,   37.28,   -150.8,   -116.64,   0.05,   0.02,   0.17,   0.12,   13.504,   0.008563636364,   0.05317272727,   0.02840909091,   24.76727273,   16.67,   216.4481757,   0.59442,   8.07818,   0.7547086,   1.43904,   52.78,   407.4,   1.8823,   0.1028,    -999999,   -999999,   -999999,   -999999,   -999999,   -999999,   -999999,   -999999,   -999999,   -999999,   -999999,   -999999,   -999999,   -999999,   -999999,   -999999,   -999999,   -999999,   -999999,   -999999,   -999999,   -999999,   -999999,   -999999,   -999999,   -999999,   -999999,   -999999,   -999999,   -999999,   -999999,   -999999,   -999999,   -999999,   -999999,   -999999,   -999999,   -999999,   -999999,   -999999,   -999999,   -999999,   -999999,   -999999,   -999999,   -999999,   -999999,   -999999,   -999999,   -999999,   -999999,     -999999  
73567,   46,          801750.00,         8.0000000,  13.81399581,   35.36886102,   260.6703538,   8.525865705,   329,   232.4099939,   319.2999383,   369.7999878,   54.52059323,   2.179673049,   341.5761081,   8.6454,   148.8,   155.566656,   100.83024,   0.51,   -5,   327.08,   326.44,   0.64,   0.62,   0.54,   319.24,   214.5499939,   244.5299939,   711,   52.68,   37.2,   -150.8,   -116.8,   0.05,   0.02,   0.18,   0.12,   13.142,   0.009,   0.055925,   0.03,   26.15,   17.5975,   216.9149939,   0.59214,   8.05326,   0.7529906,   1.43904,   52.18,   407.4275,   1.88295,   0.1071235294,    -999999,   -999999,   -999999,   -999999,   -999999,   -999999,   -999999,   -999999,   -999999,   -999999,   -999999,   -999999,   -999999,   -999999,   -999999,   -999999,   -999999,   -999999,   -999999,   -999999,   -999999,   -999999,   -999999,   -999999,   -999999,   -999999,   -999999,   -999999,   -999999,   -999999,   -999999,   -999999,   -999999,   -999999,   -999999,   -999999,   -999999,   -999999,   -999999,   -999999,   -999999,   -999999,   -999999,   -999999,   -999999,   -999999,   -999999,   -999999,   -999999,   -999999,   -999999,     -999999  
73572,   46,          801751.00,         8.0000000,  13.81508204,   35.37447818,   260.6658139,   8.495995305,   330.6,   232.6699939,   319.2143656,   369.7999878,   54.53257179,   2.019400821,   342.4504137,   8.6204,   149.8,   156.38976,   101.550456,   0.51,   -4,   327.24,   326.56,   0.68,   0.78,   0.04,   319.22,   214.5499939,   244.9299939,   710.8,   52.7,   37.72,   -150.8,   -117.04,   0.05,   0.02,   0.18,   0.12,   12.8,   0.007981818182,   0.04950909091,   0.0266,   22.04181818,   14.89818182,   215.9499939,   0.5887,   8.0317,   0.7486748,   1.43904,   55.28,   407.5357143,   1.8831,   0.10405,    -999999,   -999999,   -999999,   -999999,   -999999,   -999999,   -999999,   -999999,   -999999,   -999999,   -999999,   -999999,   -999999,   -999999,   -999999,   -999999,   -999999,   -999999,   -999999,   -999999,   -999999,   -999999,   -999999,   -999999,   -999999,   -999999,   -999999,   -999999,   -999999,   -999999,   -999999,   -999999,   -999999,   -999999,   -999999,   -999999,   -999999,   -999999,   -999999,   -999999,   -999999,   -999999,   -999999,   -999999,   -999999,   -999999,   -999999,   -999999,   -999999,   -999999,   -999999,     -999999  
73577,   46,          801752.00,         8.0000000,  13.81616689,   35.38012978,   260.6612534,   8.476610025,   331.6,   232.8699939,   319.213182,   369.7999878,   54.5445715,   2.099464633,   341.6732886,   8.598,   150.4,   157.212864,   102.270672,   0.514,   -4,   327.18,   326.5,   0.64,   0.74,   -0.34,   319.24,   214.5499939,   245.2499939,   711,   52.7,   38.2,   -150.72,   -117.18,   0.05,   0.02,   0.19,   0.128,   12.548,   0.008875,   0.055075,   0.0297,   23.73,   16.085,   216.8399939,   0.58284,   8.01516,   0.7392596,   1.43904,   50.4,   407.45,   1.883241667,   0.10525,    -999999,   -999999,   -999999,   -999999,   -999999,   -999999,   -999999,   -999999,   -999999,   -999999,   -999999,   -999999,   -999999,   -999999,   -999999,   -999999,   -999999,   -999999,   -999999,   -999999,   -999999,   -999999,   -999999,   -999999,   -999999,   -999999,   -999999,   -999999,   -999999,   -999999,   -999999,   -999999,   -999999,   -999999,   -999999,   -999999,   -999999,   -999999,   -999999,   -999999,   -999999,   -999999,   -999999,   -999999,   -999999,   -999999,   -999999,   -999999,   -999999,   -999999,   -999999,     -999999  
73582,   46,          801753.00,         8.0000000,  13.81724956,   35.38580402,   260.6566601,   8.459358345,   332.4,   233.1099939,   319.3222498,   369.7999878,   54.55657711,   2.159973775,   341.6944442,   8.5764,   151,   158.035968,   102.785112,   0.52,   -4,   327.06,   326.4,   0.64,   0.64,   -0.2,   319.32,   214.5499939,   245.5899939,   710.2,   52.7,   38.12,   -150.7,   -117.06,   0.05,   0.02,   0.19,   0.13,   12.24,   0.008555555556,   0.05315555556,   0.02877777778,   22.90777778,   15.52888889,   216.5677717,   0.58076,   7.99564,   0.7507116,   1.43904,   49.76,   407.456,   1.8834,   0.1076571429,    -999999,   -999999,   -999999,   -999999,   -999999,   -999999,   -999999,   -999999,   -999999,   -999999,   -999999,   -999999,   -999999,   -999999,   -999999,   -999999,   -999999,   -999999,   -999999,   -999999,   -999999,   -999999,   -999999,   -999999,   -999999,   -999999,   -999999,   -999999,   -999999,   -999999,   -999999,   -999999,   -999999,   -999999,   -999999,   -999999,   -999999,   -999999,   -999999,   -999999,   -999999,   -999999,   -999999,   -999999,   -999999,   -999999,   -999999,   -999999,   -999999,   -999999,   -999999,     -999999  
73587,   46,          801754.00,         8.0000000,  13.81833034,   35.39150242,   260.6520385,   8.433816104,   333.6,   233.2899939,   319.2399607,   369.7999878,   54.56859183,   2.099961763,   342.6828571,   8.5546,   152,   158.859072,   103.608216,   0.52,   -4,   327.14,   326.44,   0.72,   0.6,   0.14,   319.22,   214.5499939,   245.9299939,   711,   52.7,   37.7,   -150.7,   -117,   0.05,   0.02,   0.196,   0.13,   12.02,   0.008541666667,   0.053,   0.028775,   22.52833333,   15.29166667,   216.5508272,   0.58304,   7.97156,   0.7536656,   1.415056,   53.12,   407.4,   1.8807,   0.10289,    -999999,   -999999,   -999999,   -999999,   -999999,   -999999,   -999999,   -999999,   -999999,   -999999,   -999999,   -999999,   -999999,   -999999,   -999999,   -999999,   -999999,   -999999,   -999999,   -999999,   -999999,   -999999,   -999999,   -999999,   -999999,   -999999,   -999999,   -999999,   -999999,   -999999,   -999999,   -999999,   -999999,   -999999,   -999999,   -999999,   -999999,   -999999,   -999999,   -999999,   -999999,   -999999,   -999999,   -999999,   -999999,   -999999,   -999999,   -999999,   -999999,   -999999,   -999999,     -999999  
73592,   46,          801755.00,         8.0000000,  13.8194101,   35.39722942,   260.6474015,   8.412602024,   334.6,   233.5299939,   319.2952122,   369.7999878,   54.58062517,   2.179820737,   343.2210981,   8.5324,   152.6,   159.99084,   104.328432,   0.52,   -4,   327.26,   326.5,   0.76,   0.56,   -0.08,   319.26,   214.5499939,   246.3299939,   711,   52.7,   37.82,   -150.7,   -117.18,   0.05,   0.02,   0.2,   0.136,   11.726,   0.009022222222,   0.05612222222,   0.03057777778,   23.43444444,   15.93666667,   217.0344383,   0.58772,   7.94468,   0.750839,   1.397068,   51.24,   407.345,   1.88045,   0.1019619048,    -999999,   -999999,   -999999,   -999999,   -999999,   -999999,   -999999,   -999999,   -999999,   -999999,   -999999,   -999999,   -999999,   -999999,   -999999,   -999999,   -999999,   -999999,   -999999,   -999999,   -999999,   -999999,   -999999,   -999999,   -999999,   -999999,   -999999,   -999999,   -999999,   -999999,   -999999,   -999999,   -999999,   -999999,   -999999,   -999999,   -999999,   -999999,   -999999,   -999999,   -999999,   -999999,   -999999,   -999999,   -999999,   -999999,   -999999,   -999999,   -999999,   -999999,   -999999,     -999999  
73597,   46,          801756.00,         8.0000000,  13.82048858,   35.40297842,   260.6427454,   8.395411304,   335.4,   233.7499939,   319.3780215,   369.7999878,   54.59266984,   2.179953649,   343.0339435,   8.5108,   153,   160.50528,   104.94576,   0.526,   -4,   327.2,   326.4,   0.8,   0.58,   -0.28,   319.32,   214.5499939,   246.6499939,   711,   52.7,   38.04,   -150.7,   -117.2,   0.05,   0.02,   0.204,   0.14,   11.48,   0.008575,   0.05325,   0.029075,   21.6975,   14.7825,   216.6149939,   0.59544,   7.91536,   0.7656998,   1.40906,   53.12,   407.32,   1.8807,   0.1094894737,    -999999,   -999999,   -999999,   -999999,   -999999,   -999999,   -999999,   -999999,   -999999,   -999999,   -999999,   -999999,   -999999,   -999999,   -999999,   -999999,   -999999,   -999999,   -999999,   -999999,   -999999,   -999999,   -999999,   -999999,   -999999,   -999999,   -999999,   -999999,   -999999,   -999999,   -999999,   -999999,   -999999,   -999999,   -999999,   -999999,   -999999,   -999999,   -999999,   -999999,   -999999,   -999999,   -999999,   -999999,   -999999,   -999999,   -999999,   -999999,   -999999,   -999999,   -999999,     -999999  
