inputs/ACTAMERICA_Merge/C130/ACTAMERICA-mrg05-c130_merge_20170304_R0.ict
143, 1001
Shook, Michael
NASA Atmospheric Composition Branch, NASA Langley Research Center (SSAI)
Merged data file for ACT-AMERICA 2017, Flight 17 (20170304), on the c130 platform. Data is merged to 05 seconds.
NASA ACT-AMERICA 2017
1, 1
2017, 03, 04, 2018, 02, 23
05
UTC,s
104
1, 1, 1, 1, 1, 1, 1, 1, 1, 1, 1, 1, 1, 1, 1, 1, 1, 1, 1, 1, 1, 1, 1, 1, 1, 1, 1, 1, 1, 1, 1, 1, 1, 1, 1, 1, 1, 1, 1, 1, 1, 1, 1, 1, 1, 1, 1, 1, 1, 1, 1, 1, 1, 1, 1, 1, 1, 1, 1, 1, 1, 1, 1, 1, 1, 1, 1, 1, 1, 1, 1, 1, 1, 1, 1, 1, 1, 1, 1, 1, 1, 1, 1, 1, 1, 1, 1, 1, 1, 1, 1, 1, 1, 1, 1, 1, 1, 1, 1, 1, 1, 1, 1, 1
-999999, -999999, -999999, -999999, -999999, -999999, -999999, -999999, -999999, -999999, -999999, -999999, -999999, -999999, -999999, -999999, -999999, -999999, -999999, -999999, -999999, -999999, -999999, -999999, -999999, -999999, -999999, -999999, -999999, -999999, -999999, -999999, -999999, -999999, -999999, -999999, -999999, -999999, -999999, -999999, -999999, -999999, -999999, -999999, -999999, -999999, -999999, -999999, -999999, -999999, -999999, -999999, -999999, -999999, -999999, -999999, -999999, -999999, -999999, -999999, -999999, -999999, -999999, -999999, -999999, -999999, -999999, -999999, -999999, -999999, -999999, -999999, -999999, -999999, -999999, -999999, -999999, -999999, -999999, -999999, -999999, -999999, -999999, -999999, -999999, -999999, -999999, -999999, -999999, -999999, -999999, -999999, -999999, -999999, -999999, -999999, -999999, -999999, -999999, -999999, -999999, -999999, -999999, -999999
JDAY, days
INDEX, none
FLIGHT, none
LOCAL_SUN_TIME, hour
LATITUDE, degs
LONGITUDE, degs
ALTP, km
PRESSURE, hPa
TEMPERATURE, K
THETA, K
O3COLUMN, DU
SZA, deg
WNS, m s-1
WND, Degs
GPS_ALT, km
GRD_SPD, m s-1
TAS, m/s
IAS, m/s
MachNumber, mach
VerticalSpeed, m s-1
HDG, degs
TRK, degs
DriftAngle, degs
PITCH, degs
ROLL, degs
PotentialTemp, K
Dewpoint, K
TotalAirTemp, K
CabinPressure, hPa
SolarZenithAngle, degs
AircraftSunElevation, degs
SunAzimuth, degs
AircraftSunAzimuth, degs
H2O_MixingRatio, g kg-1
H2O_VaporPressure, hPa
H2O_SatVaporPressureWater, hPa
H2O_SatVaporPressureIce, hPa
H2O_RelativeHumidity, %
H2O_VolMixingRatio_PICARRO, %
H2O_MassMixingRatio_PICARRO, g kg-1
H2O_VaporPressure_PICARRO, hPa
RHi_PICARRO, %
RHw_PICARRO, %
Dewpoint_PICARRO, K
Ground_Elevation, km
Altitude_AGL, km
GroundHeight_CPL, km
MLH_CPL, km
O3_MixingRatio, ppbv
CO2_MixingRatio_PICARRO, ppmv
CH4_MixingRatio_PICARRO, ppmv
CO_MixingRatio_PICARRO, ppmv
CO2_MoleFraction_PFP, ppm
CH4_MoleFraction_PFP, ppb
CO_MoleFraction_PFP, ppb
N2O_MoleFraction_PFP, ppb
SF6_CCGG_MoleFraction_PFP, ppt
H2_MoleFraction_PFP, ppb
CH4C13_PFP, per mil
CO2C14_PFP, per mil
F11B_MoleFraction_PFP, ppt
FC12_MoleFraction_PFP, ppt
F13_MoleFraction_PFP, ppt
F113_MoleFraction_PFP, ppt
F115_MoleFraction_PFP, ppt
HF133a_MoleFraction_PFP, ppt
F23_MoleFraction_PFP, ppt
F32_MoleFraction_PFP, ppt
F134A_MoleFraction_PFP, ppt
F152A_MoleFraction_PFP, ppt
F125_MoleFraction_PFP, ppt
F143a_MoleFraction_PFP, ppt
F227e_MoleFraction_PFP, ppt
F365m_MoleFraction_PFP, ppt
H1211_MoleFraction_PFP, ppt
H1301_MoleFraction_PFP, ppt
H2402_MoleFraction_PFP, ppt
MCFA_MoleFraction_PFP, ppt
CF4_MoleFraction_PFP, ppt
C2F6_MoleFraction_PFP, ppt
SO2F2_MoleFraction_PFP, ppt
MEBR_MoleFraction_PFP, ppt
CH3I_MoleFraction_PFP, ppt
DIBR_MoleFraction_PFP, ppt
[...]
[from data line 493]
59457,   63,          1700494.0,         17.000000,  11.31168454,   37.99289714,   281.9273515,   6.135989836,   462.2,   241.5499939,   301.1410145,   334.6669922,   45.46817776,   30.31991542,   302.1598289,   6.071,   126.2,   161.53416,   121.40784,   0.52,   0,   291,   287.84,   3.14,   1.04,   0.44,   301.1,   229.2499939,   254.6499939,   681.4,   45.9,   44.8,   161.1,   -128.8,   0.18,   0.13,   0.44,   0.33,   28.788,   0.03045,   0.189175,   0.141775,   45.0425,   33.035,   230.4149939,   0.1238,   5.9472,   0.286021,   1.85876,   63.4,   409.0557143,   1.90486,   0.1247,    -999999,   -999999,   -999999,   -999999,   -999999,   -999999,   -999999,   -999999,   -999999,   -999999,   -999999,   -999999,   -999999,   -999999,   -999999,   -999999,   -999999,   -999999,   -999999,   -999999,   -999999,   -999999,   -999999,   -999999,   -999999,   -999999,   -999999,   -999999,   -999999,   -999999,   -999999,   -999999,   -999999,   -999999,   -999999,   -999999,   -999999,   -999999,   -999999,   -999999,   -999999,   -999999,   -999999,   -999999,   -999999,   -999999,   -999999,   -999999,   -999999,   -999999,   -999999,     -999999  
59462,   63,          1700495.0,         17.000000,  11.31261518,   37.9946428,   281.9204777,   6.135989836,   462.2,   241.6299939,   301.2407507,   334.6669922,   45.46712153,   30.33999209,   302.4200394,   6.071,   126.4,   161.53416,   121.40784,   0.52,   0,   291,   287.78,   3.2,   1.02,   0.62,   301.16,   228.8699939,   254.7299939,   681,   45.9,   44.68,   161.2,   -128.78,   0.176,   0.122,   0.448,   0.33,   27.468,   0.030325,   0.188375,   0.141175,   44.8525,   32.895,   230.3749939,   0.12714,   5.94386,   0.285973,   1.85876,   64.32,   409.08,   1.904558333,   0.122,    -999999,   -999999,   -999999,   -999999,   -999999,   -999999,   -999999,   -999999,   -999999,   -999999,   -999999,   -999999,   -999999,   -999999,   -999999,   -999999,   -999999,   -999999,   -999999,   -999999,   -999999,   -999999,   -999999,   -999999,   -999999,   -999999,   -999999,   -999999,   -999999,   -999999,   -999999,   -999999,   -999999,   -999999,   -999999,   -999999,   -999999,   -999999,   -999999,   -999999,   -999999,   -999999,   -999999,   -999999,   -999999,   -999999,   -999999,   -999999,   -999999,   -999999,   -999999,     -999999  
59467,   63,          1700496.0,         17.000000,  11.31354574,   37.9963879,   281.9136027,   6.136538476,   462.2,   241.6499939,   301.2656847,   334.6669922,   45.46606883,   30.51988118,   302.0196591,   6.071,   126.2,   161.842824,   121.40784,   0.52,   0,   290.94,   287.8,   3.12,   0.96,   1.02,   301.18,   228.5299939,   254.7499939,   680.2,   45.9,   44.4,   161.2,   -128.54,   0.17,   0.12,   0.45,   0.33,   26.456,   0.02985,   0.185375,   0.138925,   43.465,   31.9225,   230.2274939,   0.1267,   5.9443,   0.2622806,   1.85876,   60.08,   409.085,   1.904541667,   0.1243666667,    -999999,   -999999,   -999999,   -999999,   -999999,   -999999,   -999999,   -999999,   -999999,   -999999,   -999999,   -999999,   -999999,   -999999,   -999999,   -999999,   -999999,   -999999,   -999999,   -999999,   -999999,   -999999,   -999999,   -999999,   -999999,   -999999,   -999999,   -999999,   -999999,   -999999,   -999999,   -999999,   -999999,   -999999,   -999999,   -999999,   -999999,   -999999,   -999999,   -999999,   -999999,   -999999,   -999999,   -999999,   -999999,   -999999,   -999999,   -999999,   -999999,   -999999,   -999999,     -999999  
59472,   63,          1700497.0,         17.000000,  11.31447675,   37.99814886,   281.9067346,   6.134465836,   462.6,   241.6499939,   301.1912338,   334.6669922,   45.46503399,   30.61867592,   301.3976471,   6.071,   126.4,   161.945712,   121.40784,   0.52,   0,   291.28,   288.42,   2.88,   1.06,   7,   301.14,   228.3699939,   254.7499939,   679.2,   45.9,   42.16,   161.2,   -127.04,   0.17,   0.12,   0.45,   0.33,   26.004,   0.03104444444,   0.1927555556,   0.1445,   45.13222222,   33.15,   230.5944383,   0.12238,   5.94862,   0.0103037,   1.76882,   61.2,   409.078,   1.90485,   0.1239380952,    -999999,   -999999,   -999999,   -999999,   -999999,   -999999,   -999999,   -999999,   -999999,   -999999,   -999999,   -999999,   -999999,   -999999,   -999999,   -999999,   -999999,   -999999,   -999999,   -999999,   -999999,   -999999,   -999999,   -999999,   -999999,   -999999,   -999999,   -999999,   -999999,   -999999,   -999999,   -999999,   -999999,   -999999,   -999999,   -999999,   -999999,   -999999,   -999999,   -999999,   -999999,   -999999,   -999999,   -999999,   -999999,   -999999,   -999999,   -999999,   -999999,   -999999,   -999999,     -999999  
59477,   63,          1700498.0,         17.000000,  11.31541669,   38.00016102,   281.9000003,   6.137635756,   462.2,   241.6299939,   301.2407507,   344.2999878,   45.46422009,   29.9585996,   304.1781107,   6.0704,   126,   162.0486,   121.40784,   0.52,   0,   296.36,   294.14,   2.22,   1.02,   22.74,   301.16,   228.3499939,   254.7499939,   679.2,   45.9,   29.96,   161.2,   -123.76,   0.17,   0.12,   0.45,   0.33,   25.992,   0.03092,   0.19197,   0.1439,   45.458,   33.36,   230.5539939,   0.11898,   5.95142,   0.12033302,   1.76882,   59.98,   409.09,   1.90485,   0.12516,    -999999,   -999999,   -999999,   -999999,   -999999,   -999999,   -999999,   -999999,   -999999,   -999999,   -999999,   -999999,   -999999,   -999999,   -999999,   -999999,   -999999,   -999999,   -999999,   -999999,   -999999,   -999999,   -999999,   -999999,   -999999,   -999999,   -999999,   -999999,   -999999,   -999999,   -999999,   -999999,   -999999,   -999999,   -999999,   -999999,   -999999,   -999999,   -999999,   -999999,   -999999,   -999999,   -999999,   -999999,   -999999,   -999999,   -999999,   -999999,   -999999,   -999999,   -999999,     -999999  
59482,   63,          1700499.0,         17.000000,  11.31638977,   38.00292234,   281.8937633,   6.137635756,   462.2,   241.6699939,   301.2906188,   344.2999878,   45.46403866,   29.61822925,   305.0755711,   6.0716,   125.2,   161.637048,   121.304952,   0.52,   1.2,   304.76,   304.64,   0.12,   1.86,   25.92,   301.22,   228.4299939,   254.7499939,   678.2,   45.9,   26.88,   161.2,   -127.84,   0.17,   0.12,   0.45,   0.33,   26.114,   0.03148888889,   0.1954888889,   0.1463888889,   45.05777778,   33.14222222,   230.7166606,   0.12282,   5.94878,   0.2725928,   1.750832,   62.1,   409.11,   1.9049,   0.12405,    -999999,   -999999,   -999999,   -999999,   -999999,   -999999,   -999999,   -999999,   -999999,   -999999,   -999999,   -999999,   -999999,   -999999,   -999999,   -999999,   -999999,   -999999,   -999999,   -999999,   -999999,   -999999,   -999999,   -999999,   -999999,   -999999,   -999999,   -999999,   -999999,   -999999,   -999999,   -999999,   -999999,   -999999,   -999999,   -999999,   -999999,   -999999,   -999999,   -999999,   -999999,   -999999,   -999999,   -999999,   -999999,   -999999,   -999999,   -999999,   -999999,   -999999,   -999999,     -999999  
59487,   63,          1700500.0,         17.000000,  11.31741408,   38.00653732,   281.8882945,   6.143914636,   462,   241.6499939,   301.3029413,   344.2999878,   45.46453861,   30.05982776,   303.2196933,   6.0782,   125.4,   161.01972,   120.8934,   0.52,   0.2,   312.32,   314.9,   -2.58,   1.16,   25.9,   301.3,   228.6899939,   254.6499939,   677.4,   45.9,   28.84,   161.3,   -133.32,   0.172,   0.12,   0.45,   0.33,   26.84,   0.0307,   0.190525,   0.142725,   43.935,   32.3175,   230.4824939,   0.13534,   5.94286,   0.2611916,   1.714856,   60.48,   409.165,   1.9054,   0.1232352941,    -999999,   -999999,   -999999,   -999999,   -999999,   -999999,   -999999,   -999999,   -999999,   -999999,   -999999,   -999999,   -999999,   -999999,   -999999,   -999999,   -999999,   -999999,   -999999,   -999999,   -999999,   -999999,   -999999,   -999999,   -999999,   -999999,   -999999,   -999999,   -999999,   -999999,   -999999,   -999999,   -999999,   -999999,   -999999,   -999999,   -999999,   -999999,   -999999,   -999999,   -999999,   -999999,   -999999,   -999999,   -999999,   -999999,   -999999,   -999999,   -999999,   -999999,   -999999,     -999999  
59492,   63,          1700501.0,         17.000000,  11.31849503,   38.01088462,   281.8836755,   6.138672076,   462.2,   241.7499939,   301.390355,   344.2999878,   45.46558746,   29.75995264,   303.6596096,   6.075,   127,   161.01972,   120.8934,   0.52,   -0.6,   320.4,   325.02,   -4.62,   0.9,   25.74,   301.36,   228.9699939,   254.7499939,   677,   45.9,   31.12,   161.3,   -139.6,   0.18,   0.124,   0.45,   0.33,   27.43,   0.030075,   0.1866,   0.13985,   42.715,   31.4425,   230.2899939,   0.137,   5.938,   0.2579084,   1.696868,   59.56,   409.16,   1.9053,   0.1240470588,    -999999,   -999999,   -999999,   -999999,   -999999,   -999999,   -999999,   -999999,   -999999,   -999999,   -999999,   -999999,   -999999,   -999999,   -999999,   -999999,   -999999,   -999999,   -999999,   -999999,   -999999,   -999999,   -999999,   -999999,   -999999,   -999999,   -999999,   -999999,   -999999,   -999999,   -999999,   -999999,   -999999,   -999999,   -999999,   -999999,   -999999,   -999999,   -999999,   -999999,   -999999,   -999999,   -999999,   -999999,   -999999,   -999999,   -999999,   -999999,   -999999,   -999999,   -999999,     -999999  
59497,   63,          1700502.0,         17.000000,  11.31964052,   38.01588716,   281.8800244,   6.136538476,   462.2,   241.8299939,   301.4900912,   344.2999878,   45.46708851,   29.3791017,   303.995713,   6.0722,   129.2,   161.01972,   120.8934,   0.52,   0.2,   328.1,   334.48,   -6.38,   1.3,   18.68,   301.44,   229.1899939,   254.8299939,   676.8,   45.9,   35.9,   161.3,   -147.36,   0.18,   0.13,   0.458,   0.338,   27.868,   0.02941111111,   0.1825888889,   0.1368,   41,   30.23111111,   230.0855495,   0.13136,   5.94084,   0.2318476,   1.732844,   60.06,   409.132,   1.9046,   0.12595,    -999999,   -999999,   -999999,   -999999,   -999999,   -999999,   -999999,   -999999,   -999999,   -999999,   -999999,   -999999,   -999999,   -999999,   -999999,   -999999,   -999999,   -999999,   -999999,   -999999,   -999999,   -999999,   -999999,   -999999,   -999999,   -999999,   -999999,   -999999,   -999999,   -999999,   -999999,   -999999,   -999999,   -999999,   -999999,   -999999,   -999999,   -999999,   -999999,   -999999,   -999999,   -999999,   -999999,   -999999,   -999999,   -999999,   -999999,   -999999,   -999999,   -999999,   -999999,     -999999  
59502,   63,          1700503.0,         17.000000,  11.32083812,   38.02129676,   281.8771551,   6.138184396,   462.2,   241.8499939,   301.5150253,   344.2999878,   45.46883865,   30.93907592,   301.0174472,   6.0754,   130.4,   160.608168,   120.37896,   0.52,   0.2,   331.16,   339.12,   -7.94,   1,   8.08,   301.46,   229.3299939,   254.7699939,   675.6,   45.9,   42.98,   161.3,   -160.52,   0.18,   0.13,   0.46,   0.34,   28.268,   0.0295,   0.1830777778,   0.1372666667,   42.25111111,   31.08222222,   230.1166606,   0.12944,   5.94596,   0.2949334,   1.696868,   59.58,   409.12,   1.90494,   0.123,    -999999,   -999999,   -999999,   -999999,   -999999,   -999999,   -999999,   -999999,   -999999,   -999999,   -999999,   -999999,   -999999,   -999999,   -999999,   -999999,   -999999,   -999999,   -999999,   -999999,   -999999,   -999999,   -999999,   -999999,   -999999,   -999999,   -999999,   -999999,   -999999,   -999999,   -999999,   -999999,   -999999,   -999999,   -999999,   -999999,   -999999,   -999999,   -999999,   -999999,   -999999,   -999999,   -999999,   -999999,   -999999,   -999999,   -999999,   -999999,   -999999,   -999999,   -999999,     -999999  
59507,   63,          1700504.0,         17.000000,  11.32205839,   38.02686212,   281.8746258,   6.135502156,   462.4,   241.8099939,   301.4278967,   344.2999878,   45.4706809,   30.75946317,   301.2377769,   6.0706,   131.6,   160.916832,   120.790512,   0.52,   -1,   333.06,   341.36,   -8.24,   0.7,   6.78,   301.38,   229.3499939,   254.7899939,   675.8,   45.9,   43.3,   161.38,   -164.56,   0.18,   0.13,   0.454,   0.334,   28.408,   0.029225,   0.18135,   0.135975,   41.275,   30.4,   230.0274939,   0.13686,   5.93374,   0.2882274,   1.70886,   56.46,   409.08,   1.904407692,   0.1281235294,    -999999,   -999999,   -999999,   -999999,   -999999,   -999999,   -999999,   -999999,   -999999,   -999999,   -999999,   -999999,   -999999,   -999999,   -999999,   -999999,   -999999,   -999999,   -999999,   -999999,   -999999,   -999999,   -999999,   -999999,   -999999,   -999999,   -999999,   -999999,   -999999,   -999999,   -999999,   -999999,   -999999,   -999999,   -999999,   -999999,   -999999,   -999999,   -999999,   -999999,   -999999,   -999999,   -999999,   -999999,   -999999,   -999999,   -999999,   -999999,   -999999,   -999999,   -999999,     -999999  
59512,   63,          1700505.0,         17.000000,  11.3232957,   38.03254332,   281.8723522,   6.133429516,   462.8,   241.8699939,   301.4282123,   344.2999878,   45.47259329,   30.77995128,   301.5398318,   6.0692,   132,   161.01972,   120.8934,   0.52,   0.4,   334.9,   343.52,   -8.6,   1.64,   6.34,   301.42,   229.3099939,   254.8699939,   675.6,   45.9,   44.62,   161.4,   -166.94,   0.18,   0.13,   0.46,   0.34,   28.14,   0.028975,   0.179675,   0.1346,   40.14,   29.6125,   229.9324939,   0.12948,   5.93972,   0.2619078,   1.70886,   57.14,   409.11,   1.904336364,   0.1237368421,    -999999,   -999999,   -999999,   -999999,   -999999,   -999999,   -999999,   -999999,   -999999,   -999999,   -999999,   -999999,   -999999,   -999999,   -999999,   -999999,   -999999,   -999999,   -999999,   -999999,   -999999,   -999999,   -999999,   -999999,   -999999,   -999999,   -999999,   -999999,   -999999,   -999999,   -999999,   -999999,   -999999,   -999999,   -999999,   -999999,   -999999,   -999999,   -999999,   -999999,   -999999,   -999999,   -999999,   -999999,   -999999,   -999999,   -999999,   -999999,   -999999,   -999999,   -999999,     -999999  
59517,   63,          1700506.0,         17.000000,  11.32455109,   38.03830634,   281.8703496,   6.137635756,   462.2,   241.8899939,   301.5648934,   344.2999878,   45.47454021,   30.73991364,   301.639687,   6.0768,   132.2,   160.608168,   120.481848,   0.52,   1.2,   336.8,   345.8,   -9,   1.7,   7.3,   301.54,   229.1099939,   254.8099939,   674.4,   45.9,   45.06,   161.4,   -167.8,   0.18,   0.13,   0.46,   0.34,   27.476,   0.028925,   0.1796,   0.134475,   40.545,   29.8775,   229.9224939,   0.1148,   5.962,   0.287393,   1.70886,   62.68,   409.105,   1.90485,   0.12558,    -999999,   -999999,   -999999,   -999999,   -999999,   -999999,   -999999,   -999999,   -999999,   -999999,   -999999,   -999999,   -999999,   -999999,   -999999,   -999999,   -999999,   -999999,   -999999,   -999999,   -999999,   -999999,   -999999,   -999999,   -999999,   -999999,   -999999,   -999999,   -999999,   -999999,   -999999,   -999999,   -999999,   -999999,   -999999,   -999999,   -999999,   -999999,   -999999,   -999999,   -999999,   -999999,   -999999,   -999999,   -999999,   -999999,   -999999,   -999999,   -999999,   -999999,   -999999,     -999999  
