inputs/ACTAMERICA_Merge/C130/ACTAMERICA-mrg05-c130_merge_20171110_R0.ict
145, 1001
Shook, Michael
NASA Atmospheric Composition Branch, NASA Langley Research Center (SSAI)
Merged data file for ACT-AMERICA Fall 2017, Flight 22 (20171110), on the c130 platform. Data is merged to 05 seconds.
NASA ACT-AMERICA Fall 2017
1, 1
2017, 11, 10, 2018, 07, 05
05
UTC,s
106
1, 1, 1, 1, 1, 1, 1, 1, 1, 1, 1, 1, 1, 1, 1, 1, 1, 1, 1, 1, 1, 1, 1, 1, 1, 1, 1, 1, 1, 1, 1, 1, 1, 1, 1, 1, 1, 1, 1, 1, 1, 1, 1, 1, 1, 1, 1, 1, 1, 1, 1, 1, 1, 1, 1, 1, 1, 1, 1, 1, 1, 1, 1, 1, 1, 1, 1, 1, 1, 1, 1, 1, 1, 1, 1, 1, 1, 1, 1, 1, 1, 1, 1, 1, 1, 1, 1, 1, 1, 1, 1, 1, 1, 1, 1, 1, 1, 1, 1, 1, 1, 1, 1, 1, 1, 1
-999999, -999999, -999999, -999999, -999999, -999999, -999999, -999999, -999999, -999999, -999999, -999999, -999999, -999999, -999999, -999999, -999999, -999999, -999999, -999999, -999999, -999999, -999999, -999999, -999999, -999999, -999999, -999999, -999999, -999999, -999999, -999999, -999999, -999999, -999999, -999999, -999999, -999999, -999999, -999999, -999999, -999999, -999999, -999999, -999999, -999999, -999999, -999999, -999999, -999999, -999999, -999999, -999999, -999999, -999999, -999999, -999999, -999999, -999999, -999999, -999999, -999999, -999999, -999999, -999999, -999999, -999999, -999999, -999999, -999999, -999999, -999999, -999999, -999999, -999999, -999999, -999999, -999999, -999999, -999999, -999999, -999999, -999999, -999999, -999999, -999999, -999999, -999999, -999999, -999999, -999999, -999999, -999999, -999999, -999999, -999999, -999999, -999999, -999999, -999999, -999999, -999999, -999999, -999999, -999999, -999999
JDAY, days
INDEX, none
FLIGHT, none
LOCAL_SUN_TIME, hour
LATITUDE, degs
LONGITUDE, degs
ALTP, km
PRESSURE, hPa
TEMPERATURE, K
THETA, K, calculated from ambient temperature and pressure
O3COLUMN, DU, OMI ozone column data extracted along flight track
SZA, deg
WNS, m s-1
WND, Degs
GPS_ALT, km
GRD_SPD, m s-1
TAS, m/s
IAS, m/s
MachNumber, mach
VerticalSpeed, m s-1
HDG, degs
TRK, degs
DriftAngle, degs
PITCH, degs
ROLL, degs
PotentialTemp_Nav, K
Dewpoint, K
TotalAirTemp, K
CabinPressure, hPa
SolarZenithAngle, degs
AircraftSunElevation, degs
SunAzimuth, degs
AircraftSunAzimuth, degs
H2O_MixingRatio_Nav, g kg-1
H2O_VaporPressure_Nav, hPa
H2O_SatVaporPressureWater_Nav, hPa
H2O_SatVaporPressureIce_Nav, hPa
H2O_RelativeHumidity_Nav, %
ManeuverFlag, none
H2O_VolMixingRatio_PICARRO, %
H2O_MassMixingRatio_PICARRO, g kg-1
H2O_VaporPressure_PICARRO, hPa
RHi_PICARRO, %
RHw_PICARRO, %
Dewpoint_PICARRO, K
GPS_ALT, km
GroundElevation-AMSL_GoogleMaps, km
Altitude-AGL_GoogleMaps, km
GroundHeight-AMSL_CPL, km
MLH-AMSL_CPL, km
O3_MixingRatio, ppbv
CO2_DryMoleFrac_PICARRO, ppm
CH4_DryMoleFrac_PICARRO, ppm
CO_DryMoleFrac_PICARRO, ppm
CO2_MoleFraction_PFP, ppm
CH4_MoleFraction_PFP, ppb
CO_MoleFraction_PFP, ppb
N2O_MoleFraction_PFP, ppb
SF6_CCGG_MoleFraction_PFP, ppt
H2_MoleFraction_PFP, ppb
CH4C13_PFP, permil
CO2C14_PFP, permil
F11B_MoleFraction_PFP, ppt
FC12_MoleFraction_PFP, ppt
F13_MoleFraction_PFP, ppt
F113_MoleFraction_PFP, ppt
F115_MoleFraction_PFP, ppt
HF133a_MoleFraction_PFP, ppt
F23_MoleFraction_PFP, ppt
F32_MoleFraction_PFP, ppt
F134A_MoleFraction_PFP, ppt
F152A_MoleFraction_PFP, ppt
F125_MoleFraction_PFP, ppt
F143a_MoleFraction_PFP, ppt
F227e_MoleFraction_PFP, ppt
F365m_MoleFraction_PFP, ppt
H1211_MoleFraction_PFP, ppt
H1301_MoleFraction_PFP, ppt
[...]
[from data line 2468]
76307,   314,          2202469.0,         22.000000,  15.09816503,   34.01351496,   268.5162254,   4.809500219,   553.2,   269.0699939,   318.6599685,   285,   67.6178674,   14.61946569,   270.903012,   5.006,   146.02,   157.2437304,   121.819392,   0.48,   0.06,   235.2,   232,   3.22,   0.56,   0.86,   318.6,   244.9699939,   281.3499939,   865.4,   70.2,   18.96,   -128.8,   -3.98,   0.732,   0.61,   4.58,   4.402,   13.362,    -999999,  0.138875,   0.861975,   0.7723,   17.955,   17.235,   247.6499939,   5.006,   0.04918,   4.95682,   0.1798008,   0.98934,   42.18,   404.6271429,   1.87655,   0.07636315789,    -999999,   -999999,   -999999,   -999999,   -999999,   -999999,   -999999,   -999999,   -999999,   -999999,   -999999,   -999999,   -999999,   -999999,   -999999,   -999999,   -999999,   -999999,   -999999,   -999999,   -999999,   -999999,   -999999,   -999999,   -999999,   -999999,   -999999,   -999999,   -999999,   -999999,   -999999,   -999999,   -999999,   -999999,   -999999,   -999999,   -999999,   -999999,   -999999,   -999999,   -999999,   -999999,   -999999,   -999999,   -999999,   -999999,   -999999,   -999999,   -999999,   -999999,   -999999,     -999999  
76312,   314,          2202470.0,         22.000000,  15.09913914,   34.00946864,   268.5100037,   4.809073499,   553.2,   269.0499939,   318.6362825,   285,   67.62426505,   14.95949514,   271.6220579,   5.0062,   145.9,   157.3054632,   121.870836,   0.48,   0.18,   235.38,   232,   3.36,   0.62,   0.84,   318.58,   244.7099939,   281.3499939,   865.8,   70.2,   18.9,   -128.8,   -4.14,   0.712,   0.594,   4.576,   4.404,   13.046,    -999999,  0.1476,   0.916125,   0.820775,   19.0825,   18.32,   248.3249939,   5.0062,   0.05004,   4.95616,   0.180052,   1.01932,   42.1,   404.6385714,   1.87545,   0.07644736842,    -999999,   -999999,   -999999,   -999999,   -999999,   -999999,   -999999,   -999999,   -999999,   -999999,   -999999,   -999999,   -999999,   -999999,   -999999,   -999999,   -999999,   -999999,   -999999,   -999999,   -999999,   -999999,   -999999,   -999999,   -999999,   -999999,   -999999,   -999999,   -999999,   -999999,   -999999,   -999999,   -999999,   -999999,   -999999,   -999999,   -999999,   -999999,   -999999,   -999999,   -999999,   -999999,   -999999,   -999999,   -999999,   -999999,   -999999,   -999999,   -999999,   -999999,   -999999,     -999999  
76317,   314,          2202471.0,         22.000000,  15.10011363,   34.00542746,   268.5037877,   4.807732379,   553.4,   269.1499939,   318.7217945,   285,   67.63067252,   14.75946416,   271.5627417,   5.0074,   145.8,   157.0688208,   121.6753488,   0.48,   0.14,   235.36,   232,   3.36,   0.56,   0.74,   318.62,   245.4499939,   281.3499939,   865.6,   70.2,   18.9,   -128.8,   -4.1,   0.764,   0.638,   4.586,   4.416,   13.95,    -999999,  0.147325,   0.914425,   0.81915,   19.0425,   18.2825,   248.3074939,   5.0074,   0.05054,   4.95686,   0.1810844,   1.01932,   44.22,   404.6157143,   1.8753,   0.0762,    -999999,   -999999,   -999999,   -999999,   -999999,   -999999,   -999999,   -999999,   -999999,   -999999,   -999999,   -999999,   -999999,   -999999,   -999999,   -999999,   -999999,   -999999,   -999999,   -999999,   -999999,   -999999,   -999999,   -999999,   -999999,   -999999,   -999999,   -999999,   -999999,   -999999,   -999999,   -999999,   -999999,   -999999,   -999999,   -999999,   -999999,   -999999,   -999999,   -999999,   -999999,   -999999,   -999999,   -999999,   -999999,   -999999,   -999999,   -999999,   -999999,   -999999,   -999999,     -999999  
76322,   314,          2202472.0,         22.000000,  15.1010881,   34.00138182,   268.4975715,   4.809987899,   553.2,   269.0899939,   318.6836545,   285,   67.63707976,   14.47954722,   271.8622917,   5.0078,   145.86,   156.8321784,   121.4798616,   0.48,   -0.08,   235.24,   231.96,   3.26,   0.54,   0.5,   318.62,   247.0899939,   281.3499939,   865.4,   70.2,   19,   -128.78,   -3.92,   0.89,   0.744,   4.58,   4.41,   16.236,    -999999,  0.151025,   0.9374,   0.8397,   19.5225,   18.7425,   248.5799939,   5.0078,   0.05066,   4.95714,   0.1809188,   1.01932,   44.34,   404.63,   1.87545,   0.07841578947,    -999999,   -999999,   -999999,   -999999,   -999999,   -999999,   -999999,   -999999,   -999999,   -999999,   -999999,   -999999,   -999999,   -999999,   -999999,   -999999,   -999999,   -999999,   -999999,   -999999,   -999999,   -999999,   -999999,   -999999,   -999999,   -999999,   -999999,   -999999,   -999999,   -999999,   -999999,   -999999,   -999999,   -999999,   -999999,   -999999,   -999999,   -999999,   -999999,   -999999,   -999999,   -999999,   -999999,   -999999,   -999999,   -999999,   -999999,   -999999,   -999999,   -999999,   -999999,     -999999  
76327,   314,          2202473.0,         22.000000,  15.10206336,   33.99733052,   268.4913671,   4.808159099,   553.4,   269.0499939,   318.6033766,   291,   67.64349352,   14.45883889,   271.7854699,   5.007,   145.88,   156.852756,   121.5210168,   0.48,   -0.22,   235.16,   231.9,   3.3,   0.48,   0.98,   318.58,   248.6899939,   281.3499939,   865.4,   70.2,   19,   -128.7,   -3.96,   1.026,   0.858,   4.568,   4.392,   18.784,    -999999,  0.146475,   0.909275,   0.814475,   18.935,   18.1775,   248.2424939,   5.007,   0.04974,   4.95726,   0.1807664,   1.043304,   42.9,   404.63,   1.87535,   0.07729,    -999999,   -999999,   -999999,   -999999,   -999999,   -999999,   -999999,   -999999,   -999999,   -999999,   -999999,   -999999,   -999999,   -999999,   -999999,   -999999,   -999999,   -999999,   -999999,   -999999,   -999999,   -999999,   -999999,   -999999,   -999999,   -999999,   -999999,   -999999,   -999999,   -999999,   -999999,   -999999,   -999999,   -999999,   -999999,   -999999,   -999999,   -999999,   -999999,   -999999,   -999999,   -999999,   -999999,   -999999,   -999999,   -999999,   -999999,   -999999,   -999999,   -999999,   -999999,     -999999  
76332,   314,          2202474.0,         22.000000,  15.10303795,   33.99327872,   268.4851526,   4.806757019,   553.8,   269.0499939,   318.5376106,   291,   67.64990354,   14.37887611,   271.9438187,   5.0066,   145.94,   156.8218896,   121.510728,   0.48,   0.06,   235.28,   232,   3.26,   0.56,   1.36,   318.54,   249.3499939,   281.3499939,   865,   70.2,   18.88,   -128.7,   -4.1,   1.088,   0.91,   4.566,   4.394,   19.962,    -999999,  0.148575,   0.922225,   0.826075,   19.205,   18.44,   248.3949939,   5.0066,   0.0497,   4.9569,   0.1814954,   1.01932,   43.08,   404.66,   1.87575,   0.0777,    -999999,   -999999,   -999999,   -999999,   -999999,   -999999,   -999999,   -999999,   -999999,   -999999,   -999999,   -999999,   -999999,   -999999,   -999999,   -999999,   -999999,   -999999,   -999999,   -999999,   -999999,   -999999,   -999999,   -999999,   -999999,   -999999,   -999999,   -999999,   -999999,   -999999,   -999999,   -999999,   -999999,   -999999,   -999999,   -999999,   -999999,   -999999,   -999999,   -999999,   -999999,   -999999,   -999999,   -999999,   -999999,   -999999,   -999999,   -999999,   -999999,   -999999,   -999999,     -999999  
76337,   314,          2202475.0,         22.000000,  15.10401233,   33.9892456,   268.4789349,   4.806757019,   553.8,   269.0699939,   318.5612893,   291,   67.6563268,   14.15942397,   271.6406743,   5.0078,   145.86,   156.64698,   121.356396,   0.48,   0.1,   235.3,   232.12,   3.16,   0.62,   0.66,   318.58,   248.9899939,   281.3499939,   865.6,   70.2,   18.88,   -128.7,   -4.1,   1.054,   0.884,   4.576,   4.406,   19.29,    -999999,  0.152525,   0.9468375,   0.848325,   19.72375,   18.93375,   248.6912439,   5.0078,   0.04962,   4.95818,   0.1817574,   1.01932,   41.4,   404.6214286,   1.8756,   0.07768421053,    -999999,   -999999,   -999999,   -999999,   -999999,   -999999,   -999999,   -999999,   -999999,   -999999,   -999999,   -999999,   -999999,   -999999,   -999999,   -999999,   -999999,   -999999,   -999999,   -999999,   -999999,   -999999,   -999999,   -999999,   -999999,   -999999,   -999999,   -999999,   -999999,   -999999,   -999999,   -999999,   -999999,   -999999,   -999999,   -999999,   -999999,   -999999,   -999999,   -999999,   -999999,   -999999,   -999999,   -999999,   -999999,   -999999,   -999999,   -999999,   -999999,   -999999,   -999999,     -999999  
76342,   314,          2202476.0,         22.000000,  15.10498642,   33.98520542,   268.472713,   4.806757019,   553.8,   269.0699939,   318.5612893,   291,   67.6627457,   14.41929262,   272.1736508,   5.0084,   145.84,   156.7292904,   121.459284,   0.48,   0,   235.3,   232.02,   3.3,   0.54,   0.52,   318.58,   248.1099939,   281.3499939,   864.8,   70.2,   18.96,   -128.7,   -3.86,   0.974,   0.814,   4.57,   4.4,   17.826,    -999999,  0.1536571429,   0.9538428571,   0.8544571429,   19.86714286,   19.07,   248.7714225,   5.0084,   0.04916,   4.95924,   0.181566,   1.01932,   44.48,   404.6328571,   1.87535,   0.0752,    -999999,   -999999,   -999999,   -999999,   -999999,   -999999,   -999999,   -999999,   -999999,   -999999,   -999999,   -999999,   -999999,   -999999,   -999999,   -999999,   -999999,   -999999,   -999999,   -999999,   -999999,   -999999,   -999999,   -999999,   -999999,   -999999,   -999999,   -999999,   -999999,   -999999,   -999999,   -999999,   -999999,   -999999,   -999999,   -999999,   -999999,   -999999,   -999999,   -999999,   -999999,   -999999,   -999999,   -999999,   -999999,   -999999,   -999999,   -999999,   -999999,   -999999,   -999999,     -999999  
76347,   314,          2202477.0,         22.000000,  15.10596111,   33.98115714,   268.4665,   4.807244699,   553.6,   269.1099939,   318.6415293,   291,   67.66916765,   14.43864577,   273.9831084,   5.0082,   145.9,   156.5338032,   121.253508,   0.48,   -0.1,   235.4,   231.96,   3.4,   0.52,   0.72,   318.6,   247.1899939,   281.3499939,   865.6,   70.2,   18.96,   -128.7,   -3.96,   0.898,   0.752,   4.582,   4.41,   16.408,    -999999,  0.163925,   1.01755,   0.911475,   21.1925,   20.345,   249.4974939,   5.0082,   0.04948,   4.95872,   0.1815716,   0.995336,   43.6,   404.6271429,   1.873611111,   0.07480526316,    -999999,   -999999,   -999999,   -999999,   -999999,   -999999,   -999999,   -999999,   -999999,   -999999,   -999999,   -999999,   -999999,   -999999,   -999999,   -999999,   -999999,   -999999,   -999999,   -999999,   -999999,   -999999,   -999999,   -999999,   -999999,   -999999,   -999999,   -999999,   -999999,   -999999,   -999999,   -999999,   -999999,   -999999,   -999999,   -999999,   -999999,   -999999,   -999999,   -999999,   -999999,   -999999,   -999999,   -999999,   -999999,   -999999,   -999999,   -999999,   -999999,   -999999,   -999999,     -999999  
76352,   314,          2202478.0,         22.000000,  15.10693572,   33.97710524,   268.4602859,   4.805903579,   553.8,   269.0899939,   318.5849679,   291,   67.67558935,   14.3988608,   273.5865346,   5.0078,   145.96,   156.6264024,   121.356396,   0.48,   -0.04,   235.34,   231.98,   3.38,   0.54,   0.9,   318.58,   247.0099939,   281.3499939,   865.8,   70.2,   18.9,   -128.7,   -4.12,   0.882,   0.736,   4.576,   4.406,   16.116,    -999999,  0.170675,   1.05945,   0.949175,   22.0675,   21.185,   249.9524939,   5.0078,   0.04974,   4.95806,   0.1818722,   0.98934,   45.7,   404.5928571,   1.873555556,   0.07699473684,    -999999,   -999999,   -999999,   -999999,   -999999,   -999999,   -999999,   -999999,   -999999,   -999999,   -999999,   -999999,   -999999,   -999999,   -999999,   -999999,   -999999,   -999999,   -999999,   -999999,   -999999,   -999999,   -999999,   -999999,   -999999,   -999999,   -999999,   -999999,   -999999,   -999999,   -999999,   -999999,   -999999,   -999999,   -999999,   -999999,   -999999,   -999999,   -999999,   -999999,   -999999,   -999999,   -999999,   -999999,   -999999,   -999999,   -999999,   -999999,   -999999,   -999999,   -999999,     -999999  
76357,   314,          2202479.0,         22.000000,  15.10791032,   33.97305566,   268.4540714,   4.804928219,   553.8,   269.0899939,   318.5849679,   291,   67.68201532,   14.27906484,   274.4242188,   5.0076,   146,   156.4514928,   121.2226416,   0.478,   0.24,   235.38,   231.96,   3.4,   0.64,   0.72,   318.56,   247.6299939,   281.3299939,   865.4,   70.2,   18.82,   -128.7,   -4.12,   0.932,   0.782,   4.582,   4.41,   17.07,    -999999,  0.1758545455,   1.091527273,   0.9779272727,   22.73727273,   21.82636364,   250.2881757,   5.0076,   0.04986,   4.95774,   0.182271,   0.98934,   43.94,   404.61,   1.8726,   0.07495,    -999999,   -999999,   -999999,   -999999,   -999999,   -999999,   -999999,   -999999,   -999999,   -999999,   -999999,   -999999,   -999999,   -999999,   -999999,   -999999,   -999999,   -999999,   -999999,   -999999,   -999999,   -999999,   -999999,   -999999,   -999999,   -999999,   -999999,   -999999,   -999999,   -999999,   -999999,   -999999,   -999999,   -999999,   -999999,   -999999,   -999999,   -999999,   -999999,   -999999,   -999999,   -999999,   -999999,   -999999,   -999999,   -999999,   -999999,   -999999,   -999999,   -999999,   -999999,     -999999  
76362,   314,          2202480.0,         22.000000,  15.10888503,   33.96900154,   268.4478588,   4.805842619,   554,   269.0299939,   318.4810742,   291,   67.68844231,   14.47861481,   275.441032,   5.0098,   145.88,   156.2971608,   121.099176,   0.478,   0.48,   235.46,   231.9,   3.52,   0.78,   0.92,   318.5,   248.9299939,   281.2499939,   866,   70.2,   18.72,   -128.7,   -4.04,   1.052,   0.878,   4.56,   4.384,   19.266,    -999999,  0.18355,   1.139333333,   1.020691667,   23.73166667,   22.785,   250.7641606,   5.0098,   0.05002,   4.95978,   0.1850106,   0.98934,   42.34,   404.62,   1.87245,   0.07138947368,    -999999,   -999999,   -999999,   -999999,   -999999,   -999999,   -999999,   -999999,   -999999,   -999999,   -999999,   -999999,   -999999,   -999999,   -999999,   -999999,   -999999,   -999999,   -999999,   -999999,   -999999,   -999999,   -999999,   -999999,   -999999,   -999999,   -999999,   -999999,   -999999,   -999999,   -999999,   -999999,   -999999,   -999999,   -999999,   -999999,   -999999,   -999999,   -999999,   -999999,   -999999,   -999999,   -999999,   -999999,   -999999,   -999999,   -999999,   -999999,   -999999,   -999999,   -999999,     -999999  
