inputs/ACTAMERICA_Merge/C130/ACTAMERICA-mrg05-c130_merge_20171026_R0.ict
145, 1001
Shook, Michael
NASA Atmospheric Composition Branch, NASA Langley Research Center (SSAI)
Merged data file for ACT-AMERICA Fall 2017, Flight 14 (20171026), on the c130 platform. Data is merged to 05 seconds.
NASA ACT-AMERICA Fall 2017
1, 1
2017, 10, 26, 2018, 07, 05
05
UTC,s
106
1, 1, 1, 1, 1, 1, 1, 1, 1, 1, 1, 1, 1, 1, 1, 1, 1, 1, 1, 1, 1, 1, 1, 1, 1, 1, 1, 1, 1, 1, 1, 1, 1, 1, 1, 1, 1, 1, 1, 1, 1, 1, 1, 1, 1, 1, 1, 1, 1, 1, 1, 1, 1, 1, 1, 1, 1, 1, 1, 1, 1, 1, 1, 1, 1, 1, 1, 1, 1, 1, 1, 1, 1, 1, 1, 1, 1, 1, 1, 1, 1, 1, 1, 1, 1, 1, 1, 1, 1, 1, 1, 1, 1, 1, 1, 1, 1, 1, 1, 1, 1, 1, 1, 1, 1, 1
-999999, -999999, -999999, -999999, -999999, -999999, -999999, -999999, -999999, -999999, -999999, -999999, -999999, -999999, -999999, -999999, -999999, -999999, -999999, -999999, -999999, -999999, -999999, -999999, -999999, -999999, -999999, -999999, -999999, -999999, -999999, -999999, -999999, -999999, -999999, -999999, -999999, -999999, -999999, -999999, -999999, -999999, -999999, -999999, -999999, -999999, -999999, -999999, -999999, -999999, -999999, -999999, -999999, -999999, -999999, -999999, -999999, -999999, -999999, -999999, -999999, -999999, -999999, -999999, -999999, -999999, -999999, -999999, -999999, -999999, -999999, -999999, -999999, -999999, -999999, -999999, -999999, -999999, -999999, -999999, -999999, -999999, -999999, -999999, -999999, -999999, -999999, -999999, -999999, -999999, -999999, -999999, -999999, -999999, -999999, -999999, -999999, -999999, -999999, -999999, -999999, -999999, -999999, -999999, -999999, -999999
JDAY, days
INDEX, none
FLIGHT, none
LOCAL_SUN_TIME, hour
LATITUDE, degs
LONGITUDE, degs
ALTP, km
PRESSURE, hPa
TEMPERATURE, K
THETA, K, calculated from ambient temperature and pressure
O3COLUMN, DU, OMI ozone column data extracted along flight track
SZA, deg
WNS, m s-1
WND, Degs
GPS_ALT, km
GRD_SPD, m s-1
TAS, m/s
IAS, m/s
MachNumber, mach
VerticalSpeed, m s-1
HDG, degs
TRK, degs
DriftAngle, degs
PITCH, degs
ROLL, degs
PotentialTemp_Nav, K
Dewpoint, K
TotalAirTemp, K
CabinPressure, hPa
SolarZenithAngle, degs
AircraftSunElevation, degs
SunAzimuth, degs
AircraftSunAzimuth, degs
H2O_MixingRatio_Nav, g kg-1
H2O_VaporPressure_Nav, hPa
H2O_SatVaporPressureWater_Nav, hPa
H2O_SatVaporPressureIce_Nav, hPa
H2O_RelativeHumidity_Nav, %
ManeuverFlag, none
H2O_VolMixingRatio_PICARRO, %
H2O_MassMixingRatio_PICARRO, g kg-1
H2O_VaporPressure_PICARRO, hPa
RHi_PICARRO, %
RHw_PICARRO, %
Dewpoint_PICARRO, K
GPS_ALT, km
GroundElevation-AMSL_GoogleMaps, km
Altitude-AGL_GoogleMaps, km
GroundHeight-AMSL_CPL, km
MLH-AMSL_CPL, km
O3_MixingRatio, ppbv
CO2_DryMoleFrac_PICARRO, ppm
CH4_DryMoleFrac_PICARRO, ppm
CO_DryMoleFrac_PICARRO, ppm
CO2_MoleFraction_PFP, ppm
CH4_MoleFraction_PFP, ppb
CO_MoleFraction_PFP, ppb
N2O_MoleFraction_PFP, ppb
SF6_CCGG_MoleFraction_PFP, ppt
H2_MoleFraction_PFP, ppb
CH4C13_PFP, permil
CO2C14_PFP, permil
F11B_MoleFraction_PFP, ppt
FC12_MoleFraction_PFP, ppt
F13_MoleFraction_PFP, ppt
F113_MoleFraction_PFP, ppt
F115_MoleFraction_PFP, ppt
HF133a_MoleFraction_PFP, ppt
F23_MoleFraction_PFP, ppt
F32_MoleFraction_PFP, ppt
F134A_MoleFraction_PFP, ppt
F152A_MoleFraction_PFP, ppt
F125_MoleFraction_PFP, ppt
F143a_MoleFraction_PFP, ppt
F227e_MoleFraction_PFP, ppt
F365m_MoleFraction_PFP, ppt
H1211_MoleFraction_PFP, ppt
H1301_MoleFraction_PFP, ppt
[...]
[from data line 2757]
76022,   299,          1402758.0,         14.000000,  14.62342962,   42.759149,   262.5826943,   2.768010754,   721.4,   265.7499939,   291.7389184,   291,   65.90119035,   20.29990836,   321.2802956,   2.7018,   161.34,   143.2303848,   126.706572,   0.44,   -0.3,   167.62,   164.5,   3.12,   0.26,   0.44,   291.76,   256.6699939,   276.0499939,   849.4,   68.1,   21.7,   -134.1,   58.44,   1.574,   1.716,   3.56,   3.318,   48.158,    -999999,  0.27934,   1.73386,   2.02164,   62.434,   58.044,   258.8199939,   2.7018,   0.44208,   2.25972,    -999999,   -999999,  43.04,   406.2,   1.9305,   0.1166111111,    -999999,   -999999,   -999999,   -999999,   -999999,   -999999,   -999999,   -999999,   -999999,   -999999,   -999999,   -999999,   -999999,   -999999,   -999999,   -999999,   -999999,   -999999,   -999999,   -999999,   -999999,   -999999,   -999999,   -999999,   -999999,   -999999,   -999999,   -999999,   -999999,   -999999,   -999999,   -999999,   -999999,   -999999,   -999999,   -999999,   -999999,   -999999,   -999999,   -999999,   -999999,   -999999,   -999999,   -999999,   -999999,   -999999,   -999999,   -999999,   -999999,   -999999,   -999999,     -999999  
76027,   299,          1402759.0,         14.000000,  14.62499408,   42.75215048,   262.5853278,   2.767644994,   721.2,   265.8099939,   291.8279043,   291,   65.90773997,   20.43989251,   321.8404107,   2.7014,   161.48,   143.1274968,   126.6345504,   0.44,   0.28,   167.58,   164.5,   3.1,   0.54,   0.16,   291.78,   256.6099939,   276.0499939,   849.4,   68.1,   21.34,   -134.1,   58.4,   1.564,   1.704,   3.564,   3.322,   47.808,    -999999,  0.2773,   1.721325,   2.007475,   61.9975,   57.635,   258.7349939,   2.7014,   0.44314,   2.25826,    -999999,   -999999,  44.8,   406.175,   1.930554545,   0.1176866667,    -999999,   -999999,   -999999,   -999999,   -999999,   -999999,   -999999,   -999999,   -999999,   -999999,   -999999,   -999999,   -999999,   -999999,   -999999,   -999999,   -999999,   -999999,   -999999,   -999999,   -999999,   -999999,   -999999,   -999999,   -999999,   -999999,   -999999,   -999999,   -999999,   -999999,   -999999,   -999999,   -999999,   -999999,   -999999,   -999999,   -999999,   -999999,   -999999,   -999999,   -999999,   -999999,   -999999,   -999999,   -999999,   -999999,   -999999,   -999999,   -999999,   -999999,   -999999,     -999999  
76032,   299,          1402760.0,         14.000000,  14.62655893,   42.74515392,   262.5879672,   2.768742274,   721.2,   265.8299939,   291.849862,   291,   65.91430248,   20.51994996,   322.0000976,   2.7038,   161.46,   143.01432,   126.5110848,   0.44,   0.38,   167.54,   164.42,   3.1,   0.5,   0.08,   291.78,   256.6099939,   276.0299939,   850,   68.1,   21.28,   -134,   58.58,   1.562,   1.702,   3.564,   3.322,   47.776,    -999999,  0.27876,   1.73024,   2.0175,   62.308,   57.926,   258.7939939,   2.7038,   0.44348,   2.26032,    -999999,   -999999,  43.74,   406.2,   1.930328571,   0.114,    -999999,   -999999,   -999999,   -999999,   -999999,   -999999,   -999999,   -999999,   -999999,   -999999,   -999999,   -999999,   -999999,   -999999,   -999999,   -999999,   -999999,   -999999,   -999999,   -999999,   -999999,   -999999,   -999999,   -999999,   -999999,   -999999,   -999999,   -999999,   -999999,   -999999,   -999999,   -999999,   -999999,   -999999,   -999999,   -999999,   -999999,   -999999,   -999999,   -999999,   -999999,   -999999,   -999999,   -999999,   -999999,   -999999,   -999999,   -999999,   -999999,   -999999,   -999999,     -999999  
76037,   299,          1402761.0,         14.000000,  14.62812501,   42.7381515,   262.5906251,   2.769839554,   721,   265.7299939,   291.7631934,   291,   65.92087844,   20.67998231,   322.0203094,   2.7046,   161.68,   143.0451864,   126.5625288,   0.44,   -0.26,   167.4,   164.32,   3.1,   0.24,   0.04,   291.68,   256.6699939,   275.9299939,   850,   68.1,   21.32,   -134,   58.82,   1.572,   1.714,   3.534,   3.292,   48.464,    -999999,  0.281675,   1.748275,   2.03815,   62.9475,   58.5175,   258.9199939,   2.7046,   0.4567,   2.2479,    -999999,   -999999,  41.86,   406.19,   1.9306,   0.11365,    -999999,   -999999,   -999999,   -999999,   -999999,   -999999,   -999999,   -999999,   -999999,   -999999,   -999999,   -999999,   -999999,   -999999,   -999999,   -999999,   -999999,   -999999,   -999999,   -999999,   -999999,   -999999,   -999999,   -999999,   -999999,   -999999,   -999999,   -999999,   -999999,   -999999,   -999999,   -999999,   -999999,   -999999,   -999999,   -999999,   -999999,   -999999,   -999999,   -999999,   -999999,   -999999,   -999999,   -999999,   -999999,   -999999,   -999999,   -999999,   -999999,   -999999,   -999999,     -999999  
76042,   299,          1402762.0,         14.000000,  14.62969224,   42.73114792,   262.5933003,   2.768376514,   721.2,   265.5699939,   291.5644128,   291,   65.92747068,   20.71993705,   322.0004823,   2.7024,   161.94,   143.2509624,   126.7785936,   0.44,   -0.38,   167.34,   164.26,   3.1,   0.26,   0.58,   291.52,   256.8899939,   275.8499939,   850,   68.1,   21.74,   -134,   58.76,   1.602,   1.744,   3.504,   3.258,   49.774,    -999999,  0.28819,   1.78871,   2.08547,   64.407,   59.88,   259.1999939,   2.7024,   0.46662,   2.23578,    -999999,   -999999,  43.98,   406.22,   1.930384615,   0.1161923077,    -999999,   -999999,   -999999,   -999999,   -999999,   -999999,   -999999,   -999999,   -999999,   -999999,   -999999,   -999999,   -999999,   -999999,   -999999,   -999999,   -999999,   -999999,   -999999,   -999999,   -999999,   -999999,   -999999,   -999999,   -999999,   -999999,   -999999,   -999999,   -999999,   -999999,   -999999,   -999999,   -999999,   -999999,   -999999,   -999999,   -999999,   -999999,   -999999,   -999999,   -999999,   -999999,   -999999,   -999999,   -999999,   -999999,   -999999,   -999999,   -999999,   -999999,   -999999,     -999999  
76047,   299,          1402763.0,         14.000000,  14.63125901,   42.72413392,   262.5959685,   2.768742274,   721.2,   265.4499939,   291.432667,   291,   65.93406038,   20.73989107,   322.0597878,   2.7012,   162.04,   143.3538504,   126.8917704,   0.44,   0.18,   167.54,   164.42,   3.1,   0.5,   0.88,   291.42,   257.1899939,   275.6499939,   850.4,   68.1,   21.9,   -134,   58.5,   1.642,   1.792,   3.47,   3.23,   51.506,    -999999,  0.28943,   1.79647,   2.09485,   65.383,   60.709,   259.2539939,   2.7012,   0.45456,   2.24664,    -999999,   -999999,  44.78,   406.216,   1.9307,   0.116755,    -999999,   -999999,   -999999,   -999999,   -999999,   -999999,   -999999,   -999999,   -999999,   -999999,   -999999,   -999999,   -999999,   -999999,   -999999,   -999999,   -999999,   -999999,   -999999,   -999999,   -999999,   -999999,   -999999,   -999999,   -999999,   -999999,   -999999,   -999999,   -999999,   -999999,   -999999,   -999999,   -999999,   -999999,   -999999,   -999999,   -999999,   -999999,   -999999,   -999999,   -999999,   -999999,   -999999,   -999999,   -999999,   -999999,   -999999,   -999999,   -999999,   -999999,   -999999,     -999999  
76052,   299,          1402764.0,         14.000000,  14.63282463,   42.7170998,   262.5986194,   2.768742274,   721.2,   265.5299939,   291.5204975,   291,   65.94063522,   20.89954839,   322.0189477,   2.7028,   162.02,   143.2098072,   126.758016,   0.44,   0.36,   167.64,   164.5,   3.14,   0.52,   0.32,   291.52,   256.9099939,   275.7899939,   850.6,   68.1,   21.48,   -133.94,   58.48,   1.606,   1.748,   3.5,   3.254,   49.978,    -999999,  0.2805909091,   1.741509091,   2.030936364,   64.38545455,   59.68454545,   258.8763575,   2.7028,   0.45034,   2.25246,    -999999,   -999999,  41.16,   406.19,   1.9307,   0.1171,    -999999,   -999999,   -999999,   -999999,   -999999,   -999999,   -999999,   -999999,   -999999,   -999999,   -999999,   -999999,   -999999,   -999999,   -999999,   -999999,   -999999,   -999999,   -999999,   -999999,   -999999,   -999999,   -999999,   -999999,   -999999,   -999999,   -999999,   -999999,   -999999,   -999999,   -999999,   -999999,   -999999,   -999999,   -999999,   -999999,   -999999,   -999999,   -999999,   -999999,   -999999,   -999999,   -999999,   -999999,   -999999,   -999999,   -999999,   -999999,   -999999,   -999999,   -999999,     -999999  
76057,   299,          1402765.0,         14.000000,  14.63438928,   42.71008168,   262.6012559,   2.768376514,   721,   265.7699939,   291.8071121,   291,   65.94722313,   20.67968803,   321.1374286,   2.7032,   161.96,   143.5493376,   127.0049472,   0.44,   0.02,   167.74,   164.54,   3.24,   0.46,   0.22,   291.72,   256.4299939,   276.0699939,   850.4,   68.1,   21.4,   -133.9,   58.4,   1.54,   1.678,   3.554,   3.312,   47.268,    -999999,  0.2738909091,   1.700018182,   1.982245455,   61.80818182,   57.40181818,   258.5799939,   2.7032,   0.43486,   2.26834,    -999999,   -999999,  41.72,   406.162,   1.930046154,   0.1162777778,   406.24,   1926.26,   110.62,   329.86,   9.59,   489.48,   -47.73,    -999999,  232.27,   512.09,   3.36,   70.07,   8.7,   0.52,   31.1,   16.44,   106.59,   9.3,   25.81,   22.27,   1.41,   1.13,   3.37,   3.29,   0.4,   2.17,   84.38,   4.97,   2.29,   6.56,   0.49,   0.97,   471.37,   510,   62.11,   16.26,   4.12,   164.55,   1283.31,   367.45,   93.86,   54.23,   24.92,   27.76,   42.86,    -999999,  0.17,   0.18,   1.33,   0.61,   9.6,          253.19000  
76062,   299,          1402766.0,         14.000000,  14.63595418,   42.70306326,   262.603896,   2.769473794,   721.2,   265.9699939,   292.0035654,   291,   65.95382115,   20.77877353,   320.8750761,   2.7038,   162.04,   143.5699152,   126.963792,   0.44,   -0.22,   167.68,   164.44,   3.26,   0.3,   -0.16,   291.96,   256.3699939,   276.2299939,   850.8,   68.1,   21.08,   -133.9,   58.68,   1.532,   1.67,   3.606,   3.368,   46.244,    -999999,  0.2652,   1.645911111,   1.919066667,   59.23444444,   55.07111111,   258.1844383,   2.7038,   0.42254,   2.28126,    -999999,   -999999,  40.78,   406.22,   1.928990909,   0.11156,   406.24,   1926.26,   110.62,   329.86,   9.59,   489.48,   -47.73,    -999999,  232.27,   512.09,   3.36,   70.07,   8.7,   0.52,   31.1,   16.44,   106.59,   9.3,   25.81,   22.27,   1.41,   1.13,   3.37,   3.29,   0.4,   2.17,   84.38,   4.97,   2.29,   6.56,   0.49,   0.97,   471.37,   510,   62.11,   16.26,   4.12,   164.55,   1283.31,   367.45,   93.86,   54.23,   24.92,   27.76,   42.86,    -999999,  0.17,   0.18,   1.33,   0.61,   9.6,          253.19000  
76067,   299,          1402767.0,         14.000000,  14.63752045,   42.6960334,   262.6065568,   2.767279234,   721.6,   266.3899939,   292.4183465,   291,   65.96042964,   21.13930873,   320.0581851,   2.7014,   162.22,   143.580204,   126.8814816,   0.44,   -0.62,   167.82,   164.4,   3.42,   0.24,   0.32,   292.38,   255.5899939,   276.6299939,   851.2,   68.1,   21.48,   -133.9,   58.56,   1.436,   1.564,   3.724,   3.494,   41.99,    -999999,  0.2556818182,   1.587027273,   1.850654545,   55.68181818,   51.91818182,   257.7481757,   2.7014,   0.42056,   2.28084,    -999999,   -999999,  44.18,   406.48,   1.9272,   0.1112,   406.24,   1926.26,   110.62,   329.86,   9.59,   489.48,   -47.73,    -999999,  232.27,   512.09,   3.36,   70.07,   8.7,   0.52,   31.1,   16.44,   106.59,   9.3,   25.81,   22.27,   1.41,   1.13,   3.37,   3.29,   0.4,   2.17,   84.38,   4.97,   2.29,   6.56,   0.49,   0.97,   471.37,   510,   62.11,   16.26,   4.12,   164.55,   1283.31,   367.45,   93.86,   54.23,   24.92,   27.76,   42.86,    -999999,  0.17,   0.18,   1.33,   0.61,   9.6,          253.19000  
76072,   299,          1402768.0,         14.000000,  14.63908647,   42.68899842,   262.6092138,   2.764718914,   721.6,   266.5099939,   292.5500714,   291,   65.96704105,   20.93971333,   320.0195798,   2.701,   162.28,   143.8168464,   127.0975464,   0.44,   0.5,   167.84,   164.48,   3.42,   0.62,   0.46,   292.48,   255.5099939,   276.8099939,   851.8,   68.16,   21.44,   -133.88,   58.3,   1.426,   1.554,   3.754,   3.524,   41.376,    -999999,  0.2554222222,   1.585266667,   1.849088889,   54.36888889,   50.82444444,   257.7377717,   2.701,   0.43296,   2.26804,    -999999,   -999999,  40.72,   406.484,   1.926692308,   0.11135,   406.24,   1926.26,   110.62,   329.86,   9.59,   489.48,   -47.73,    -999999,  232.27,   512.09,   3.36,   70.07,   8.7,   0.52,   31.1,   16.44,   106.59,   9.3,   25.81,   22.27,   1.41,   1.13,   3.37,   3.29,   0.4,   2.17,   84.38,   4.97,   2.29,   6.56,   0.49,   0.97,   471.37,   510,   62.11,   16.26,   4.12,   164.55,   1283.31,   367.45,   93.86,   54.23,   24.92,   27.76,   42.86,    -999999,  0.17,   0.18,   1.33,   0.61,   9.6,          253.19000  
76077,   299,          1402769.0,         14.000000,  14.64065164,   42.68196982,   262.6118579,   2.766913474,   721.4,   266.5499939,   292.6171541,   291,   65.97365922,   21.03987976,   319.279562,   2.7044,   162.04,   143.6007816,   126.8814816,   0.44,   0.82,   168,   164.5,   3.5,   0.72,   0.2,   292.58,   255.3499939,   276.8499939,   851.4,   68.2,   21.16,   -133.8,   58.22,   1.406,   1.53,   3.77,   3.538,   40.646,    -999999,  0.246525,   1.5301,   1.7848,   51.8675,   48.5525,   257.3099939,   2.7044,   0.43304,   2.27136,    -999999,   -999999,  42.4,   406.61,   1.925869231,   0.1080461538,    -999999,   -999999,   -999999,   -999999,   -999999,   -999999,   -999999,   -999999,   -999999,   -999999,   -999999,   -999999,   -999999,   -999999,   -999999,   -999999,   -999999,   -999999,   -999999,   -999999,   -999999,   -999999,   -999999,   -999999,   -999999,   -999999,   -999999,   -999999,   -999999,   -999999,   -999999,   -999999,   -999999,   -999999,   -999999,   -999999,   -999999,   -999999,   -999999,   -999999,   -999999,   -999999,   -999999,   -999999,   -999999,   -999999,   -999999,   -999999,   -999999,   -999999,   -999999,     -999999  
76082,   299,          1402770.0,         14.000000,  14.64221676,   42.6749478,   262.6145014,   2.770571074,   721,   266.5499939,   292.6635276,   291,   65.98029042,   21.13977393,   318.9599813,   2.7072,   161.94,   143.4670272,   126.7168608,   0.44,   0.2,   168.02,   164.42,   3.58,   0.46,   0.06,   292.6,   254.7499939,   276.8499939,   851.8,   68.2,   21.16,   -133.8,   58.28,   1.336,   1.454,   3.774,   3.544,   38.552,    -999999,  0.2387928571,   1.482192857,   1.728185714,   50.22642857,   47.00928571,   256.9235653,   2.7072,   0.44686,   2.26034,    -999999,   -999999,  42.7,   406.758,   1.9257,   0.110445,    -999999,   -999999,   -999999,   -999999,   -999999,   -999999,   -999999,   -999999,   -999999,   -999999,   -999999,   -999999,   -999999,   -999999,   -999999,   -999999,   -999999,   -999999,   -999999,   -999999,   -999999,   -999999,   -999999,   -999999,   -999999,   -999999,   -999999,   -999999,   -999999,   -999999,   -999999,   -999999,   -999999,   -999999,   -999999,   -999999,   -999999,   -999999,   -999999,   -999999,   -999999,   -999999,   -999999,   -999999,   -999999,   -999999,   -999999,   -999999,   -999999,   -999999,   -999999,     -999999  
