inputs/ACTAMERICA_Merge/C130/ACTAMERICA-mrg05-c130_merge_20171021_R0.ict
145, 1001
Shook, Michael
NASA Atmospheric Composition Branch, NASA Langley Research Center (SSAI)
Merged data file for ACT-AMERICA Fall 2017, Flight 11 (20171021), on the c130 platform. Data is merged to 05 seconds.
NASA ACT-AMERICA Fall 2017
1, 1
2017, 10, 21, 2018, 07, 05
05
UTC,s
106
1, 1, 1, 1, 1, 1, 1, 1, 1, 1, 1, 1, 1, 1, 1, 1, 1, 1, 1, 1, 1, 1, 1, 1, 1, 1, 1, 1, 1, 1, 1, 1, 1, 1, 1, 1, 1, 1, 1, 1, 1, 1, 1, 1, 1, 1, 1, 1, 1, 1, 1, 1, 1, 1, 1, 1, 1, 1, 1, 1, 1, 1, 1, 1, 1, 1, 1, 1, 1, 1, 1, 1, 1, 1, 1, 1, 1, 1, 1, 1, 1, 1, 1, 1, 1, 1, 1, 1, 1, 1, 1, 1, 1, 1, 1, 1, 1, 1, 1, 1, 1, 1, 1, 1, 1, 1
-999999, -999999, -999999, -999999, -999999, -999999, -999999, -999999, -999999, -999999, -999999, -999999, -999999, -999999, -999999, -999999, -999999, -999999, -999999, -999999, -999999, -999999, -999999, -999999, -999999, -999999, -999999, -999999, -999999, -999999, -999999, -999999, -999999, -999999, -999999, -999999, -999999, -999999, -999999, -999999, -999999, -999999, -999999, -999999, -999999, -999999, -999999, -999999, -999999, -999999, -999999, -999999, -999999, -999999, -999999, -999999, -999999, -999999, -999999, -999999, -999999, -999999, -999999, -999999, -999999, -999999, -999999, -999999, -999999, -999999, -999999, -999999, -999999, -999999, -999999, -999999, -999999, -999999, -999999, -999999, -999999, -999999, -999999, -999999, -999999, -999999, -999999, -999999, -999999, -999999, -999999, -999999, -999999, -999999, -999999, -999999, -999999, -999999, -999999, -999999, -999999, -999999, -999999, -999999, -999999, -999999
JDAY, days
INDEX, none
FLIGHT, none
LOCAL_SUN_TIME, hour
LATITUDE, degs
LONGITUDE, degs
ALTP, km
PRESSURE, hPa
TEMPERATURE, K
THETA, K, calculated from ambient temperature and pressure
O3COLUMN, DU, OMI ozone column data extracted along flight track
SZA, deg
WNS, m s-1
WND, Degs
GPS_ALT, km
GRD_SPD, m s-1
TAS, m/s
IAS, m/s
MachNumber, mach
VerticalSpeed, m s-1
HDG, degs
TRK, degs
DriftAngle, degs
PITCH, degs
ROLL, degs
PotentialTemp_Nav, K
Dewpoint, K
TotalAirTemp, K
CabinPressure, hPa
SolarZenithAngle, degs
AircraftSunElevation, degs
SunAzimuth, degs
AircraftSunAzimuth, degs
H2O_MixingRatio_Nav, g kg-1
H2O_VaporPressure_Nav, hPa
H2O_SatVaporPressureWater_Nav, hPa
H2O_SatVaporPressureIce_Nav, hPa
H2O_RelativeHumidity_Nav, %
ManeuverFlag, none
H2O_VolMixingRatio_PICARRO, %
H2O_MassMixingRatio_PICARRO, g kg-1
H2O_VaporPressure_PICARRO, hPa
RHi_PICARRO, %
RHw_PICARRO, %
Dewpoint_PICARRO, K
GPS_ALT, km
GroundElevation-AMSL_GoogleMaps, km
Altitude-AGL_GoogleMaps, km
GroundHeight-AMSL_CPL, km
MLH-AMSL_CPL, km
O3_MixingRatio, ppbv
CO2_DryMoleFrac_PICARRO, ppm
CH4_DryMoleFrac_PICARRO, ppm
CO_DryMoleFrac_PICARRO, ppm
CO2_MoleFraction_PFP, ppm
CH4_MoleFraction_PFP, ppb
CO_MoleFraction_PFP, ppb
N2O_MoleFraction_PFP, ppb
SF6_CCGG_MoleFraction_PFP, ppt
H2_MoleFraction_PFP, ppb
CH4C13_PFP, permil
CO2C14_PFP, permil
F11B_MoleFraction_PFP, ppt
FC12_MoleFraction_PFP, ppt
F13_MoleFraction_PFP, ppt
F113_MoleFraction_PFP, ppt
F115_MoleFraction_PFP, ppt
HF133a_MoleFraction_PFP, ppt
F23_MoleFraction_PFP, ppt
F32_MoleFraction_PFP, ppt
F134A_MoleFraction_PFP, ppt
F152A_MoleFraction_PFP, ppt
F125_MoleFraction_PFP, ppt
F143a_MoleFraction_PFP, ppt
F227e_MoleFraction_PFP, ppt
F365m_MoleFraction_PFP, ppt
H1211_MoleFraction_PFP, ppt
H1301_MoleFraction_PFP, ppt
[...]
[from data line 845]
61897,   294,          1100846.0,         11.000000,  10.99969557,   40.17436364,   267.0808503,   6.679935923,   429,   251.9299939,   320.8426414,   190.2189941,   52.72545039,   16.85983084,   220.0581252,   6.93,   105.18,   114.9156072,   80.73621361,   0.36,   2,   272.06,   279.5,   -7.44,   6.34,   0.48,   320.86,   239.3299939,   258.4499939,   857.8,   52.2,   39.12,   165.74,   -100.82,   0.55,   0.356,   1.142,   0.93,   31.29,    -999999,  0.0404,   0.2506555556,   0.1735888889,   19.43444444,   15.75222222,   232.3322161,   6.93,   0.31312,   6.61688,   0.4695308,   1.265156,   60.72,   403.885,   1.8925,   0.08131333333,    -999999,   -999999,   -999999,   -999999,   -999999,   -999999,   -999999,   -999999,   -999999,   -999999,   -999999,   -999999,   -999999,   -999999,   -999999,   -999999,   -999999,   -999999,   -999999,   -999999,   -999999,   -999999,   -999999,   -999999,   -999999,   -999999,   -999999,   -999999,   -999999,   -999999,   -999999,   -999999,   -999999,   -999999,   -999999,   -999999,   -999999,   -999999,   -999999,   -999999,   -999999,   -999999,   -999999,   -999999,   -999999,   -999999,   -999999,   -999999,   -999999,   -999999,   -999999,     -999999  
61902,   294,          1100847.0,         11.000000,  11.00067789,   40.17515452,   267.0747516,   6.690603923,   428,   251.8499939,   320.9546925,   190.2189941,   52.722602,   16.59970283,   220.2800002,   6.94,   105.78,   115.4094696,   81.03458881,   0.36,   2.3,   272.36,   279.68,   -7.3,   6.54,   0.44,   320.92,   238.3699939,   258.4499939,   857.6,   52.2,   39.12,   165.8,   -100.94,   0.504,   0.328,   1.14,   0.926,   28.678,    -999999,  0.0397125,   0.2463875,   0.1704,   19.14375,   15.51625,   232.1524939,   6.94,   0.31644,   6.62356,   0.4821096,   1.325116,   58.38,   403.895,   1.892528571,   0.08403888889,    -999999,   -999999,   -999999,   -999999,   -999999,   -999999,   -999999,   -999999,   -999999,   -999999,   -999999,   -999999,   -999999,   -999999,   -999999,   -999999,   -999999,   -999999,   -999999,   -999999,   -999999,   -999999,   -999999,   -999999,   -999999,   -999999,   -999999,   -999999,   -999999,   -999999,   -999999,   -999999,   -999999,   -999999,   -999999,   -999999,   -999999,   -999999,   -999999,   -999999,   -999999,   -999999,   -999999,   -999999,   -999999,   -999999,   -999999,   -999999,   -999999,   -999999,   -999999,     -999999  
61907,   294,          1100848.0,         11.000000,  11.00165801,   40.17596072,   267.0686201,   6.701820563,   427.4,   251.8499939,   321.0833618,   190.2189941,   52.71977958,   16.37994417,   219.7599513,   6.951,   106.38,   115.7695776,   81.24036481,   0.36,   2.2,   272.48,   279.72,   -7.24,   6.2,   0.26,   321,   237.5499939,   258.4499939,   858,   52.2,   39.34,   165.8,   -101.18,   0.466,   0.3,   1.13,   0.92,   26.548,    -999999,  0.0395875,   0.2458125,   0.1697875,   19.5675,   15.81625,   232.1162439,   6.951,   0.31442,   6.63658,   0.470919,   1.325116,   60.46,   403.88,   1.892809091,   0.0815,    -999999,   -999999,   -999999,   -999999,   -999999,   -999999,   -999999,   -999999,   -999999,   -999999,   -999999,   -999999,   -999999,   -999999,   -999999,   -999999,   -999999,   -999999,   -999999,   -999999,   -999999,   -999999,   -999999,   -999999,   -999999,   -999999,   -999999,   -999999,   -999999,   -999999,   -999999,   -999999,   -999999,   -999999,   -999999,   -999999,   -999999,   -999999,   -999999,   -999999,   -999999,   -999999,   -999999,   -999999,   -999999,   -999999,   -999999,   -999999,   -999999,   -999999,   -999999,     -999999  
61912,   294,          1100849.0,         11.000000,  11.00263532,   40.17677506,   267.0624465,   6.711939923,   427,   251.7299939,   321.0162415,   190.2189941,   52.71697855,   16.2393604,   219.8575098,   6.959,   107.36,   116.6544144,   81.82682641,   0.37,   0.98,   272.62,   279.74,   -7.12,   5.44,   0.24,   321.06,   236.8899939,   258.4899939,   857.8,   52.2,   39.26,   165.8,   -101.86,   0.436,   0.282,   1.126,   0.912,   25.004,    -999999,  0.03926666667,   0.2436222222,   0.1679666667,   19.35666667,   15.65,   232.0166606,   6.959,   0.31204,   6.64696,   0.4805886,   1.265156,   59.5,   403.885,   1.892984615,   0.07825555556,    -999999,   -999999,   -999999,   -999999,   -999999,   -999999,   -999999,   -999999,   -999999,   -999999,   -999999,   -999999,   -999999,   -999999,   -999999,   -999999,   -999999,   -999999,   -999999,   -999999,   -999999,   -999999,   -999999,   -999999,   -999999,   -999999,   -999999,   -999999,   -999999,   -999999,   -999999,   -999999,   -999999,   -999999,   -999999,   -999999,   -999999,   -999999,   -999999,   -999999,   -999999,   -999999,   -999999,   -999999,   -999999,   -999999,   -999999,   -999999,   -999999,   -999999,   -999999,     -999999  
61917,   294,          1100850.0,         11.000000,  11.00360807,   40.17759782,   267.0562044,   6.715963283,   426.8,   251.6699939,   320.9826895,   190.2189941,   52.71420559,   16.19986609,   220.8597534,   6.962,   108.74,   118.2388896,   82.94830561,   0.37,   -0.12,   272.82,   279.76,   -6.94,   4.86,   0.24,   321.02,   236.2899939,   258.6499939,   857.4,   52.2,   39.08,   165.8,   -102.62,   0.412,   0.264,   1.12,   0.91,   23.712,    -999999,  0.03841,   0.23827,   0.16407,   18.908,   15.282,   231.7939939,   6.962,   0.29968,   6.66232,   0.4507928,   1.31912,   61.38,   403.884,   1.8928,   0.08752,    -999999,   -999999,   -999999,   -999999,   -999999,   -999999,   -999999,   -999999,   -999999,   -999999,   -999999,   -999999,   -999999,   -999999,   -999999,   -999999,   -999999,   -999999,   -999999,   -999999,   -999999,   -999999,   -999999,   -999999,   -999999,   -999999,   -999999,   -999999,   -999999,   -999999,   -999999,   -999999,   -999999,   -999999,   -999999,   -999999,   -999999,   -999999,   -999999,   -999999,   -999999,   -999999,   -999999,   -999999,   -999999,   -999999,   -999999,   -999999,   -999999,   -999999,   -999999,     -999999  
61922,   294,          1100851.0,         11.000000,  11.00457493,   40.1784337,   267.049874,   6.714805043,   427,   251.6299939,   320.8887175,   190.2189941,   52.71146991,   16.25979858,   222.1800758,   6.9602,   110.36,   120.1320288,   84.32700481,   0.38,   -0.56,   273.04,   279.76,   -6.76,   4.48,   0.28,   320.92,   235.7899939,   258.8099939,   857.6,   52.2,   39,   165.8,   -103.08,   0.39,   0.252,   1.112,   0.902,   22.7,    -999999,  0.0384,   0.238275,   0.163975,   18.8975,   15.275,   231.7874939,   6.9602,   0.30158,   6.65862,   0.4568328,   1.31912,   61.06,   403.87,   1.892877778,   0.07965,    -999999,   -999999,   -999999,   -999999,   -999999,   -999999,   -999999,   -999999,   -999999,   -999999,   -999999,   -999999,   -999999,   -999999,   -999999,   -999999,   -999999,   -999999,   -999999,   -999999,   -999999,   -999999,   -999999,   -999999,   -999999,   -999999,   -999999,   -999999,   -999999,   -999999,   -999999,   -999999,   -999999,   -999999,   -999999,   -999999,   -999999,   -999999,   -999999,   -999999,   -999999,   -999999,   -999999,   -999999,   -999999,   -999999,   -999999,   -999999,   -999999,   -999999,   -999999,     -999999  
61927,   294,          1100852.0,         11.000000,  11.0055354,   40.17928578,   267.0434477,   6.711391283,   427,   251.6499939,   320.9142223,   190.2189941,   52.70877624,   16.11992161,   223.2007439,   6.9562,   112.1,   122.0148792,   85.68512641,   0.382,   -1.02,   273.28,   279.8,   -6.52,   4,   0.2,   320.96,   235.4099939,   259.0299939,   858.8,   52.2,   39,   165.88,   -103.7,   0.376,   0.242,   1.116,   0.906,   21.722,    -999999,  0.03814444444,   0.2367,   0.1628888889,   19.13555556,   15.43888889,   231.7222161,   6.9562,   0.29178,   6.66442,   0.4673946,   1.337108,   59.78,   403.856,   1.893207692,   0.082745,    -999999,   -999999,   -999999,   -999999,   -999999,   -999999,   -999999,   -999999,   -999999,   -999999,   -999999,   -999999,   -999999,   -999999,   -999999,   -999999,   -999999,   -999999,   -999999,   -999999,   -999999,   -999999,   -999999,   -999999,   -999999,   -999999,   -999999,   -999999,   -999999,   -999999,   -999999,   -999999,   -999999,   -999999,   -999999,   -999999,   -999999,   -999999,   -999999,   -999999,   -999999,   -999999,   -999999,   -999999,   -999999,   -999999,   -999999,   -999999,   -999999,   -999999,   -999999,     -999999  
61932,   294,          1100853.0,         11.000000,  11.00648912,   40.18015268,   267.0369202,   6.710233043,   427,   251.7499939,   321.0417463,   190.2189941,   52.70612449,   16.03989626,   223.7399008,   6.951,   113.82,   123.8154192,   86.96093761,   0.39,   -0.64,   273.44,   279.82,   -6.36,   4.18,   0.04,   321.02,   235.0899939,   259.3699939,   858.8,   52.2,   39.16,   165.9,   -103.86,   0.362,   0.234,   1.126,   0.914,   20.83,    -999999,  0.03786666667,   0.2351,   0.1618333333,   19.02333333,   15.34333333,   231.6633272,   6.951,   0.30328,   6.64772,   0.4627614,   1.3491,   61.18,   403.865,   1.893292308,   0.08151666667,    -999999,   -999999,   -999999,   -999999,   -999999,   -999999,   -999999,   -999999,   -999999,   -999999,   -999999,   -999999,   -999999,   -999999,   -999999,   -999999,   -999999,   -999999,   -999999,   -999999,   -999999,   -999999,   -999999,   -999999,   -999999,   -999999,   -999999,   -999999,   -999999,   -999999,   -999999,   -999999,   -999999,   -999999,   -999999,   -999999,   -999999,   -999999,   -999999,   -999999,   -999999,   -999999,   -999999,   -999999,   -999999,   -999999,   -999999,   -999999,   -999999,   -999999,   -999999,     -999999  
61937,   294,          1100854.0,         11.000000,  11.00743692,   40.18102958,   267.0303038,   6.709745363,   427,   251.8299939,   321.1437656,   190.2189941,   52.70350703,   16.05986764,   223.9591525,   6.9502,   115.18,   125.2249848,   87.95895121,   0.392,   0.18,   273.52,   279.8,   -6.3,   4.34,   0.1,   321.12,   234.8099939,   259.5899939,   858.6,   52.2,   39.22,   165.9,   -103.74,   0.352,   0.23,   1.134,   0.92,   20.118,    -999999,  0.03843333333,   0.2385555556,   0.1643666667,   18.94444444,   15.31111111,   231.8099939,   6.9502,   0.30486,   6.64534,   0.4640704,   1.3491,   58.42,   403.91,   1.8935,   0.08285,    -999999,   -999999,   -999999,   -999999,   -999999,   -999999,   -999999,   -999999,   -999999,   -999999,   -999999,   -999999,   -999999,   -999999,   -999999,   -999999,   -999999,   -999999,   -999999,   -999999,   -999999,   -999999,   -999999,   -999999,   -999999,   -999999,   -999999,   -999999,   -999999,   -999999,   -999999,   -999999,   -999999,   -999999,   -999999,   -999999,   -999999,   -999999,   -999999,   -999999,   -999999,   -999999,   -999999,   -999999,   -999999,   -999999,   -999999,   -999999,   -999999,   -999999,   -999999,     -999999  
61942,   294,          1100855.0,         11.000000,  11.00837982,   40.18191828,   267.0236139,   6.712488563,   427,   251.8499939,   321.1692704,   190.2189941,   52.7009218,   16.0399944,   224.6401497,   6.9506,   116.42,   126.5831064,   88.91580961,   0.4,   0.02,   273.68,   279.86,   -6.16,   4.02,   0.12,   321.16,   234.6299939,   259.8499939,   858.2,   52.2,   39.1,   165.9,   -104.06,   0.348,   0.22,   1.136,   0.922,   19.75,    -999999,  0.03883,   0.24111,   0.16614,   19.147,   15.476,   231.9129939,   6.9506,   0.29992,   6.65068,   0.450612,   1.325116,   58.78,   403.87,   1.8934,   0.08385714286,    -999999,   -999999,   -999999,   -999999,   -999999,   -999999,   -999999,   -999999,   -999999,   -999999,   -999999,   -999999,   -999999,   -999999,   -999999,   -999999,   -999999,   -999999,   -999999,   -999999,   -999999,   -999999,   -999999,   -999999,   -999999,   -999999,   -999999,   -999999,   -999999,   -999999,   -999999,   -999999,   -999999,   -999999,   -999999,   -999999,   -999999,   -999999,   -999999,   -999999,   -999999,   -999999,   -999999,   -999999,   -999999,   -999999,   -999999,   -999999,   -999999,   -999999,   -999999,     -999999  
61947,   294,          1100856.0,         11.000000,  11.00931786,   40.18282122,   267.0168512,   6.712000883,   427,   251.8499939,   321.1692704,   190.2189941,   52.6983709,   16.13969205,   225.0209419,   6.951,   117.68,   127.9618056,   89.91382321,   0.4,   0.02,   273.78,   279.88,   -6.1,   3.94,   5.551115123E-018,   321.18,   234.5166606,   259.9699939,   858.8,   52.2,   39.12,   165.9,   -104.32,   0.34,   0.22,   1.134,   0.922,   19.54666667,    -999999,  0.0382125,   0.2370375,   0.1632875,   18.8225,   15.215,   231.7499939,   6.951,   0.28478,   6.66622,   0.4501536,   1.235176,   61.26,   403.88,   1.89335,   0.08122857143,    -999999,   -999999,   -999999,   -999999,   -999999,   -999999,   -999999,   -999999,   -999999,   -999999,   -999999,   -999999,   -999999,   -999999,   -999999,   -999999,   -999999,   -999999,   -999999,   -999999,   -999999,   -999999,   -999999,   -999999,   -999999,   -999999,   -999999,   -999999,   -999999,   -999999,   -999999,   -999999,   -999999,   -999999,   -999999,   -999999,   -999999,   -999999,   -999999,   -999999,   -999999,   -999999,   -999999,   -999999,   -999999,   -999999,   -999999,   -999999,   -999999,   -999999,   -999999,     -999999  
61952,   294,          1100857.0,         11.000000,  11.01025113,   40.18373498,   267.0100169,   6.715902323,   426.8,   251.8499939,   321.2122635,   190.2189941,   52.69585073,   16.23972664,   225.3394097,   6.95,   118.94,   129.3713712,   90.90154801,   0.408,   -0.24,   273.8,   279.86,   -6.06,   3.66,   -0.04,   321.18,    -999999,  260.1099939,   858.4,   52.2,   39.2,   165.9,   -104.52,    -999999,   -999999,  1.132,   0.92,    -999999,   -999999,  0.0381,   0.2364555556,   0.1629111111,   18.77444444,   15.17555556,   231.7222161,   6.95,   0.27852,   6.67148,   0.4346104,   1.1992,   58.42,   403.865,   1.8936,   0.08143157895,    -999999,   -999999,   -999999,   -999999,   -999999,   -999999,   -999999,   -999999,   -999999,   -999999,   -999999,   -999999,   -999999,   -999999,   -999999,   -999999,   -999999,   -999999,   -999999,   -999999,   -999999,   -999999,   -999999,   -999999,   -999999,   -999999,   -999999,   -999999,   -999999,   -999999,   -999999,   -999999,   -999999,   -999999,   -999999,   -999999,   -999999,   -999999,   -999999,   -999999,   -999999,   -999999,   -999999,   -999999,   -999999,   -999999,   -999999,   -999999,   -999999,   -999999,   -999999,     -999999  
