inputs/ACTAMERICA_Merge/C130/ACTAMERICA-mrg05-c130_merge_20160803_R3.ict
141, 1001
Shook, Michael
NASA Atmospheric Composition Branch, NASA Langley Research Center (SSAI)
Merged data file for ACT-AMERICA 2016, Flight 08 (20160803), on the c130 platform. Data is merged to 05 seconds.
ACTAmerica - 2016
1, 1
2016, 08, 03, 2018, 08, 24
05
UTC,s
99
1, 1, 1, 1, 1, 1, 1, 1, 1, 1, 1, 1, 1, 1, 1, 1, 1, 1, 1, 1, 1, 1, 1, 1, 1, 1, 1, 1, 1, 1, 1, 1, 1, 1, 1, 1, 1, 1, 1, 1, 1, 1, 1, 1, 1, 1, 1, 1, 1, 1, 1, 1, 1, 1, 1, 1, 1, 1, 1, 1, 1, 1, 1, 1, 1, 1, 1, 1, 1, 1, 1, 1, 1, 1, 1, 1, 1, 1, 1, 1, 1, 1, 1, 1, 1, 1, 1, 1, 1, 1, 1, 1, 1, 1, 1, 1, 1, 1, 1
-999999, -999999, -999999, -999999, -999999, -999999, -999999, -999999, -999999, -999999, -999999, -999999, -999999, -999999, -999999, -999999, -999999, -999999, -999999, -999999, -999999, -999999, -999999, -999999, -999999, -999999, -999999, -999999, -999999, -999999, -999999, -999999, -999999, -999999, -999999, -999999, -999999, -999999, -999999, -999999, -999999, -999999, -999999, -999999, -999999, -999999, -999999, -999999, -999999, -999999, -999999, -999999, -999999, -999999, -999999, -999999, -999999, -999999, -999999, -999999, -999999, -999999, -999999, -999999, -999999, -999999, -999999, -999999, -999999, -999999, -999999, -999999, -999999, -999999, -999999, -999999, -999999, -999999, -999999, -999999, -999999, -999999, -999999, -999999, -999999, -999999, -999999, -999999, -999999, -999999, -999999, -999999, -999999, -999999, -999999, -999999, -999999, -999999, -999999
JDAY, days
INDEX, none
FLIGHT, none
LOCAL_SUN_TIME, hour
LATITUDE, degs
LONGITUDE, degs
ALTP, km
PRESSURE, hPa
TEMPERATURE, K
THETA, K, calculated from ambient temperature and pressure
O3COLUMN, DU, OMI ozone column data extracted along flight track
SZA, deg
WNS, m s-1
WND, Degs
GPS_ALT, km
GRD_SPD, m s-1
TAS, m/s
IAS, m/s
MachNumber, mach
VerticalSpeed, m s-1
HDG, degs
TRK, degs
DriftAngle, degs
PITCH, degs
ROLL, degs
PotentialTemp_Nav, K
Dewpoint, K
TotalAirTemp, K
CabinPressure, hPa
SolarZenithAngle, degs
AircraftSunElevation, degs
SunAzimuth, degs
AircraftSunAzimuth, degs
H2O_MixingRatio_Nav, g kg-1
H2O_VaporPressure_Nav, hPa
H2O_SatVaporPressureWater_Nav, hPa
H2O_SatVaporPressureIce_Nav, hPa
H2O_RelativeHumidity_Nav, %
ManeuverFlag, none
GroundElevation-AMSL_GoogleMaps, km
Altitude-AGL_GoogleMaps, km
GroundHeight-AMSL_CPL, km
MLH-AMSL_CPL, km
O3_MoleFraction, ppb
CO2_DryMoleFrac_PICARRO, ppm
CH4_DryMoleFrac_PICARRO, ppm
CO_DryMoleFrac_PICARRO, ppm
CO2_MoleFraction_PFP, ppm
CH4_MoleFraction_PFP, ppb
CO_MoleFraction_PFP, ppb
N2O_MoleFraction_PFP, ppb
SF6_CCGG_MoleFraction_PFP, ppt
H2_MoleFraction_PFP, ppb
CH4C13_MoleFraction_PFP, permil
CO2C14_MoleFraction_PFP, permil
F11B_MoleFraction_PFP, ppt
FC12_MoleFraction_PFP, ppt
F13_MoleFraction_PFP, ppt
F113_MoleFraction_PFP, ppt
F115_MoleFraction_PFP, ppt
HF133a_MoleFraction_PFP, ppt
F23_MoleFraction_PFP, ppt
F32_MoleFraction_PFP, ppt
F134A_MoleFraction_PFP, ppt
F152A_MoleFraction_PFP, ppt
F125_MoleFraction_PFP, ppt
F143a_MoleFraction_PFP, ppt
F227e_MoleFraction_PFP, ppt
F365m_MoleFraction_PFP, ppt
H1211_MoleFraction_PFP, ppt
H1301_MoleFraction_PFP, ppt
H2402_MoleFraction_PFP, ppt
MCFA_MoleFraction_PFP, ppt
CF4_MoleFraction_PFP, ppt
C2F6_MoleFraction_PFP, ppt
SO2F2_MoleFraction_PFP, ppt
MEBR_MoleFraction_PFP, ppt
CH3I_MoleFraction_PFP, ppt
DIBR_MoleFraction_PFP, ppt
OCS_MoleFraction_PFP, ppt
[...]
[from data line 1001]
62562,   216,          801002.00,         8.0000000,  10.42206864,   42.1235528,   255.645613,   3.649126605,   644.4,   283.4099939,   321.3232523,   291,   31.88491539,   4.239204049,   241.1763946,   3.8636,   150,   149.70204,   121.40784,   0.44,   0,   337.24,   339.04,   -1.84,   1,   -0.06,   321.24,   266.7099939,   294.6099939,   868.4,   33,   58,   131.1,   153.56,   3.928,   3.818,   12.59,   13.912,   30.34,   6,   1.26702,   2.59658,   1.224984,   1.88874,   69.64,   404.1114286,   1.85505,   0.1078333333,    -999999,   -999999,   -999999,   -999999,   -999999,   -999999,   -999999,   -999999,   -999999,   -999999,   -999999,   -999999,   -999999,   -999999,   -999999,   -999999,   -999999,   -999999,   -999999,   -999999,   -999999,   -999999,   -999999,   -999999,   -999999,   -999999,   -999999,   -999999,   -999999,   -999999,   -999999,   -999999,   -999999,   -999999,   -999999,   -999999,   -999999,   -999999,   -999999,   -999999,   -999999,   -999999,   -999999,   -999999,   -999999,   -999999,   -999999,   -999999,   -999999,   -999999,   -999999,     -999999  
62567,   216,          801003.00,         8.0000000,  10.42323995,   42.1298744,   255.6423492,   3.647541645,   644.8,   283.2899939,   321.1302588,   291,   31.87982463,   3.65864058,   241.5819175,   3.8622,   150,   149.70204,   121.40784,   0.442,   0,   337.44,   339,   -1.56,   1.06,   0.12,   321.12,   266.9899939,   294.5499939,   868.4,   33,   58.12,   131.1,   153.54,   4.012,   3.902,   12.522,   13.828,   31.168,   6,   1.27156,   2.59064,   1.224664,   1.88874,   69.28,   404.1242857,   1.8558,   0.1096315789,    -999999,   -999999,   -999999,   -999999,   -999999,   -999999,   -999999,   -999999,   -999999,   -999999,   -999999,   -999999,   -999999,   -999999,   -999999,   -999999,   -999999,   -999999,   -999999,   -999999,   -999999,   -999999,   -999999,   -999999,   -999999,   -999999,   -999999,   -999999,   -999999,   -999999,   -999999,   -999999,   -999999,   -999999,   -999999,   -999999,   -999999,   -999999,   -999999,   -999999,   -999999,   -999999,   -999999,   -999999,   -999999,   -999999,   -999999,   -999999,   -999999,   -999999,   -999999,     -999999  
62572,   216,          801004.00,         8.0000000,  10.42441134,   42.136196,   255.6390868,   3.650772525,   644.2,   283.2499939,   321.1703316,   291,   31.874742,   3.75880341,   245.0590637,   3.863,   150,   150.113592,   121.819392,   0.45,   0,   337.48,   339.04,   -1.52,   1.1,   0.36,   321.14,   266.9899939,   294.5499939,   867.8,   33,   58.24,   131.16,   153.84,   4.016,   3.902,   12.492,   13.788,   31.246,   6,   1.2723,   2.5907,   1.22584,   1.852764,   69.66,   404.1071429,   1.85595,   0.1084444444,    -999999,   -999999,   -999999,   -999999,   -999999,   -999999,   -999999,   -999999,   -999999,   -999999,   -999999,   -999999,   -999999,   -999999,   -999999,   -999999,   -999999,   -999999,   -999999,   -999999,   -999999,   -999999,   -999999,   -999999,   -999999,   -999999,   -999999,   -999999,   -999999,   -999999,   -999999,   -999999,   -999999,   -999999,   -999999,   -999999,   -999999,   -999999,   -999999,   -999999,   -999999,   -999999,   -999999,   -999999,   -999999,   -999999,   -999999,   -999999,   -999999,   -999999,   -999999,     -999999  
62577,   216,          801005.00,         8.0000000,  10.42558316,   42.1425172,   255.6358308,   3.653698605,   644,   283.2499939,   321.1988262,   291,   31.86966455,   4.279960418,   249.0172891,   3.864,   150,   150.21648,   121.92228,   0.45,   0,   337.32,   339.08,   -1.7,   0.98,   0.18,   321.1,   266.9899939,   294.5499939,   868.2,   33,   58.08,   131.2,   153.86,   4.02,   3.902,   12.456,   13.74,   31.34,   6,   1.27236,   2.59164,   1.226112,   1.82878,   69.34,   404.07,   1.855766667,   0.1067894737,    -999999,   -999999,   -999999,   -999999,   -999999,   -999999,   -999999,   -999999,   -999999,   -999999,   -999999,   -999999,   -999999,   -999999,   -999999,   -999999,   -999999,   -999999,   -999999,   -999999,   -999999,   -999999,   -999999,   -999999,   -999999,   -999999,   -999999,   -999999,   -999999,   -999999,   -999999,   -999999,   -999999,   -999999,   -999999,   -999999,   -999999,   -999999,   -999999,   -999999,   -999999,   -999999,   -999999,   -999999,   -999999,   -999999,   -999999,   -999999,   -999999,   -999999,   -999999,     -999999  
62582,   216,          801006.00,         8.0000000,  10.42675516,   42.1488442,   255.6325774,   3.650772525,   644.2,   283.2699939,   321.1930091,   291,   31.86459862,   4.039493074,   246.9772754,   3.864,   150,   150.21648,   121.92228,   0.45,   0,   337.4,   339.06,   -1.66,   0.86,   0.18,   321.12,   266.9299939,   294.5699939,   867.8,   33,   58,   131.2,   153.9,   3.994,   3.884,   12.48,   13.774,   31.138,   6,   1.2748,   2.5892,   1.23186,   1.882744,   68.62,   404.09,   1.8558,   0.1057894737,    -999999,   -999999,   -999999,   -999999,   -999999,   -999999,   -999999,   -999999,   -999999,   -999999,   -999999,   -999999,   -999999,   -999999,   -999999,   -999999,   -999999,   -999999,   -999999,   -999999,   -999999,   -999999,   -999999,   -999999,   -999999,   -999999,   -999999,   -999999,   -999999,   -999999,   -999999,   -999999,   -999999,   -999999,   -999999,   -999999,   -999999,   -999999,   -999999,   -999999,   -999999,   -999999,   -999999,   -999999,   -999999,   -999999,   -999999,   -999999,   -999999,   -999999,   -999999,     -999999  
62587,   216,          801007.00,         8.0000000,  10.42792637,   42.1551742,   255.6293122,   3.649919085,   644.2,   283.2499939,   321.1703316,   291,   31.85955,   3.739563956,   246.9385374,   3.863,   150,   150.21648,   121.92228,   0.45,   0,   337.52,   339.06,   -1.54,   0.9,   0.16,   321.12,   266.9499939,   294.5699939,   868,   33,   58.06,   131.26,   153.8,   4,   3.89,   12.464,   13.754,   31.22,   6,   1.2809,   2.5821,   1.255108,   1.870752,   69.06,   404.09,   1.85575,   0.107,    -999999,   -999999,   -999999,   -999999,   -999999,   -999999,   -999999,   -999999,   -999999,   -999999,   -999999,   -999999,   -999999,   -999999,   -999999,   -999999,   -999999,   -999999,   -999999,   -999999,   -999999,   -999999,   -999999,   -999999,   -999999,   -999999,   -999999,   -999999,   -999999,   -999999,   -999999,   -999999,   -999999,   -999999,   -999999,   -999999,   -999999,   -999999,   -999999,   -999999,   -999999,   -999999,   -999999,   -999999,   -999999,   -999999,   -999999,   -999999,   -999999,   -999999,   -999999,     -999999  
62592,   216,          801008.00,         8.0000000,  10.42909786,   42.1615096,   255.6260512,   3.652418445,   644.2,   283.1899939,   321.102299,   291,   31.85451177,   3.479150684,   247.2454366,   3.8636,   150,   150.525144,   121.92228,   0.45,   0,   337.66,   339.1,   -1.42,   0.98,   0.2,   321.06,   267.0499939,   294.5499939,   867.8,   33,   58.1,   131.3,   153.7,   4.034,   3.92,   12.44,   13.724,   31.52,   6,   1.28764,   2.57596,   1.255702,   1.870752,   67.18,   404.105,   1.85535,   0.1046,    -999999,   -999999,   -999999,   -999999,   -999999,   -999999,   -999999,   -999999,   -999999,   -999999,   -999999,   -999999,   -999999,   -999999,   -999999,   -999999,   -999999,   -999999,   -999999,   -999999,   -999999,   -999999,   -999999,   -999999,   -999999,   -999999,   -999999,   -999999,   -999999,   -999999,   -999999,   -999999,   -999999,   -999999,   -999999,   -999999,   -999999,   -999999,   -999999,   -999999,   -999999,   -999999,   -999999,   -999999,   -999999,   -999999,   -999999,   -999999,   -999999,   -999999,   -999999,     -999999  
62597,   216,          801009.00,         8.0000000,  10.43026957,   42.1678474,   255.6227936,   3.654064365,   644,   283.1699939,   321.1081081,   291,   31.8494823,   3.858996406,   250.5647524,   3.8648,   150,   150.73092,   122.43672,   0.45,   0,   337.6,   339.1,   -1.52,   0.9,   0.08,   321.06,   267.1899939,   294.5699939,   867.8,   33,   58,   131.3,   153.62,   4.082,   3.962,   12.424,   13.7,   31.904,   6,   1.30632,   2.55848,   1.256842,   1.85876,   68.78,   404.17,   1.85555,   0.1065,    -999999,   -999999,   -999999,   -999999,   -999999,   -999999,   -999999,   -999999,   -999999,   -999999,   -999999,   -999999,   -999999,   -999999,   -999999,   -999999,   -999999,   -999999,   -999999,   -999999,   -999999,   -999999,   -999999,   -999999,   -999999,   -999999,   -999999,   -999999,   -999999,   -999999,   -999999,   -999999,   -999999,   -999999,   -999999,   -999999,   -999999,   -999999,   -999999,   -999999,   -999999,   -999999,   -999999,   -999999,   -999999,   -999999,   -999999,   -999999,   -999999,   -999999,   -999999,     -999999  
62602,   216,          801010.00,         8.0000000,  10.43144128,   42.1741882,   255.6195358,   3.653210925,   644,   283.2299939,   321.1761467,   291,   31.84446394,   3.979540984,   251.9789134,   3.8652,   150,   150.936696,   122.43672,   0.45,   0,   337.52,   339.1,   -1.56,   0.78,   -0.08,   321.08,   267.2299939,   294.6299939,   868.2,   33,   57.84,   131.34,   153.62,   4.094,   3.974,   12.446,   13.732,   31.94,   6,   1.3081,   2.5571,   1.286916,   1.85876,   70.84,   404.215,   1.85595,   0.1079,    -999999,   -999999,   -999999,   -999999,   -999999,   -999999,   -999999,   -999999,   -999999,   -999999,   -999999,   -999999,   -999999,   -999999,   -999999,   -999999,   -999999,   -999999,   -999999,   -999999,   -999999,   -999999,   -999999,   -999999,   -999999,   -999999,   -999999,   -999999,   -999999,   -999999,   -999999,   -999999,   -999999,   -999999,   -999999,   -999999,   -999999,   -999999,   -999999,   -999999,   -999999,   -999999,   -999999,   -999999,   -999999,   -999999,   -999999,   -999999,   -999999,   -999999,   -999999,     -999999  
62607,   216,          801011.00,         8.0000000,  10.43261248,   42.1805328,   255.6162706,   3.654430125,   644,   283.2899939,   321.2441853,   291,   31.8394611,   4.583725019,   249.9855623,   3.865,   151,   150.936696,   122.642496,   0.45,   0,   337.22,   339.1,   -1.78,   0.7,   0,   321.22,   266.8699939,   294.7499939,   867.6,   33,   57.8,   131.4,   154.08,   3.98,   3.866,   12.536,   13.842,   30.864,   6,   1.31668,   2.54832,   1.286492,   1.882744,   71.24,   404.16,   1.855055556,   0.1098,    -999999,   -999999,   -999999,   -999999,   -999999,   -999999,   -999999,   -999999,   -999999,   -999999,   -999999,   -999999,   -999999,   -999999,   -999999,   -999999,   -999999,   -999999,   -999999,   -999999,   -999999,   -999999,   -999999,   -999999,   -999999,   -999999,   -999999,   -999999,   -999999,   -999999,   -999999,   -999999,   -999999,   -999999,   -999999,   -999999,   -999999,   -999999,   -999999,   -999999,   -999999,   -999999,   -999999,   -999999,   -999999,   -999999,   -999999,   -999999,   -999999,   -999999,   -999999,     -999999  
62612,   216,          801012.00,         8.0000000,  10.43378285,   42.1868874,   255.6129928,   3.652845165,   644,   283.5499939,   321.5390191,   291,   31.83448086,   5.198922412,   239.8669756,   3.8638,   151,   150.21648,   121.92228,   0.45,   0,   336.8,   339.04,   -2.22,   0.62,   -0.04,   321.48,   266.4699939,   294.8499939,   868,   33,   57.76,   131.4,   154.52,   3.856,   3.746,   12.714,   14.074,   29.496,   6,   1.33592,   2.52788,   1.284704,   1.882744,   71.98,   404.22,   1.85635,   0.1082631579,    -999999,   -999999,   -999999,   -999999,   -999999,   -999999,   -999999,   -999999,   -999999,   -999999,   -999999,   -999999,   -999999,   -999999,   -999999,   -999999,   -999999,   -999999,   -999999,   -999999,   -999999,   -999999,   -999999,   -999999,   -999999,   -999999,   -999999,   -999999,   -999999,   -999999,   -999999,   -999999,   -999999,   -999999,   -999999,   -999999,   -999999,   -999999,   -999999,   -999999,   -999999,   -999999,   -999999,   -999999,   -999999,   -999999,   -999999,   -999999,   -999999,   -999999,   -999999,     -999999  
62617,   216,          801013.00,         8.0000000,  10.43495274,   42.1932526,   255.6097078,   3.647968365,   644.6,   283.4699939,   321.3627848,   291,   31.82952074,   5.153843047,   241.5076952,   3.862,   151,   150.628032,   122.230944,   0.45,   0,   336.84,   339.02,   -2.18,   0.78,   0.24,   321.36,   266.4499939,   294.8699939,   867.8,   33,   58,   131.44,   154.82,   3.85,   3.742,   12.676,   14.02,   29.542,   6,   1.37762,   2.48438,   1.308048,   1.906728,   70.22,   404.22,   1.85625,   0.1066315789,   404.04,   1856.23,   110.83,   329.52,   9.08,   540.99,    -999999,   -999999,  234.23,   517.61,   3.38,   72.02,   8.56,   0.52,   29.28,   13.39,   98.68,   9.4,   22.11,   20.36,   1.22,   0.93,   3.65,   3.34,   0.41,   2.51,   82.17,   4.63,   2.62,   7.87,   0.27,   0.67,    -999999,  571.41,   39.27,   7.8,   2.77,   139.25,   976.51,   170.79,   29.08,   12.74,   10.73,   11.26,   31.14,   135.94,   0.17,   0.17,    -999999,  0.64,   21.14,          244.91000  
62622,   216,          801014.00,         8.0000000,  10.43612292,   42.1996222,   255.6064272,   3.651625965,   644.2,   283.4299939,   321.3744292,   291,   31.82457028,   4.83906695,   249.2847618,   3.8632,   151,   151.554024,   122.95116,   0.45,   0,   337.16,   339.1,   -1.98,   0.9,   0.32,   321.32,   266.5899939,   294.9299939,   867.6,   33,   58.16,   131.5,   154.66,   3.892,   3.782,   12.626,   13.962,   29.976,   6,   1.3541,   2.5091,   1.340178,   1.91872,   71.36,   404.09,   1.85465,   0.10885,   404.04,   1856.23,   110.83,   329.52,   9.08,   540.99,    -999999,   -999999,  234.23,   517.61,   3.38,   72.02,   8.56,   0.52,   29.28,   13.39,   98.68,   9.4,   22.11,   20.36,   1.22,   0.93,   3.65,   3.34,   0.41,   2.51,   82.17,   4.63,   2.62,   7.87,   0.27,   0.67,    -999999,  571.41,   39.27,   7.8,   2.77,   139.25,   976.51,   170.79,   29.08,   12.74,   10.73,   11.26,   31.14,   135.94,   0.17,   0.17,    -999999,  0.64,   21.14,          244.91000  
62627,   216,          801015.00,         8.0000000,  10.43729389,   42.2059966,   255.6031584,   3.653698605,   644.2,   283.4099939,   321.3517517,   291,   31.8196258,   4.879633288,   247.3286928,   3.8644,   151,   151.24536,   122.848272,   0.45,   0,   337.18,   339.2,   -1.94,   0.78,   0.14,   321.36,   266.5499939,   294.9099939,   867.4,   33,   57.94,   131.5,   154.4,   3.882,   3.77,   12.632,   13.964,   29.876,   6,   1.33762,   2.52678,   1.316914,   1.91872,   70.4,   404.14,   1.85455,   0.1071052632,   404.04,   1856.23,   110.83,   329.52,   9.08,   540.99,    -999999,   -999999,  234.23,   517.61,   3.38,   72.02,   8.56,   0.52,   29.28,   13.39,   98.68,   9.4,   22.11,   20.36,   1.22,   0.93,   3.65,   3.34,   0.41,   2.51,   82.17,   4.63,   2.62,   7.87,   0.27,   0.67,    -999999,  571.41,   39.27,   7.8,   2.77,   139.25,   976.51,   170.79,   29.08,   12.74,   10.73,   11.26,   31.14,   135.94,   0.17,   0.17,    -999999,  0.64,   21.14,          244.91000  
