inputs/ACTAMERICA_Merge/C130/ACTAMERICA-mrg05-c130_merge_20171024_R0.ict
145, 1001
Shook, Michael
NASA Atmospheric Composition Branch, NASA Langley Research Center (SSAI)
Merged data file for ACT-AMERICA Fall 2017, Flight 13 (20171024), on the c130 platform. Data is merged to 05 seconds.
NASA ACT-AMERICA Fall 2017
1, 1
2017, 10, 24, 2018, 07, 05
05
UTC,s
106
1, 1, 1, 1, 1, 1, 1, 1, 1, 1, 1, 1, 1, 1, 1, 1, 1, 1, 1, 1, 1, 1, 1, 1, 1, 1, 1, 1, 1, 1, 1, 1, 1, 1, 1, 1, 1, 1, 1, 1, 1, 1, 1, 1, 1, 1, 1, 1, 1, 1, 1, 1, 1, 1, 1, 1, 1, 1, 1, 1, 1, 1, 1, 1, 1, 1, 1, 1, 1, 1, 1, 1, 1, 1, 1, 1, 1, 1, 1, 1, 1, 1, 1, 1, 1, 1, 1, 1, 1, 1, 1, 1, 1, 1, 1, 1, 1, 1, 1, 1, 1, 1, 1, 1, 1, 1
-999999, -999999, -999999, -999999, -999999, -999999, -999999, -999999, -999999, -999999, -999999, -999999, -999999, -999999, -999999, -999999, -999999, -999999, -999999, -999999, -999999, -999999, -999999, -999999, -999999, -999999, -999999, -999999, -999999, -999999, -999999, -999999, -999999, -999999, -999999, -999999, -999999, -999999, -999999, -999999, -999999, -999999, -999999, -999999, -999999, -999999, -999999, -999999, -999999, -999999, -999999, -999999, -999999, -999999, -999999, -999999, -999999, -999999, -999999, -999999, -999999, -999999, -999999, -999999, -999999, -999999, -999999, -999999, -999999, -999999, -999999, -999999, -999999, -999999, -999999, -999999, -999999, -999999, -999999, -999999, -999999, -999999, -999999, -999999, -999999, -999999, -999999, -999999, -999999, -999999, -999999, -999999, -999999, -999999, -999999, -999999, -999999, -999999, -999999, -999999, -999999, -999999, -999999, -999999, -999999, -999999
JDAY, days
INDEX, none
FLIGHT, none
LOCAL_SUN_TIME, hour
LATITUDE, degs
LONGITUDE, degs
ALTP, km
PRESSURE, hPa
TEMPERATURE, K
THETA, K, calculated from ambient temperature and pressure
O3COLUMN, DU, OMI ozone column data extracted along flight track
SZA, deg
WNS, m s-1
WND, Degs
GPS_ALT, km
GRD_SPD, m s-1
TAS, m/s
IAS, m/s
MachNumber, mach
VerticalSpeed, m s-1
HDG, degs
TRK, degs
DriftAngle, degs
PITCH, degs
ROLL, degs
PotentialTemp_Nav, K
Dewpoint, K
TotalAirTemp, K
CabinPressure, hPa
SolarZenithAngle, degs
AircraftSunElevation, degs
SunAzimuth, degs
AircraftSunAzimuth, degs
H2O_MixingRatio_Nav, g kg-1
H2O_VaporPressure_Nav, hPa
H2O_SatVaporPressureWater_Nav, hPa
H2O_SatVaporPressureIce_Nav, hPa
H2O_RelativeHumidity_Nav, %
ManeuverFlag, none
H2O_VolMixingRatio_PICARRO, %
H2O_MassMixingRatio_PICARRO, g kg-1
H2O_VaporPressure_PICARRO, hPa
RHi_PICARRO, %
RHw_PICARRO, %
Dewpoint_PICARRO, K
GPS_ALT, km
GroundElevation-AMSL_GoogleMaps, km
Altitude-AGL_GoogleMaps, km
GroundHeight-AMSL_CPL, km
MLH-AMSL_CPL, km
O3_MixingRatio, ppbv
CO2_DryMoleFrac_PICARRO, ppm
CH4_DryMoleFrac_PICARRO, ppm
CO_DryMoleFrac_PICARRO, ppm
CO2_MoleFraction_PFP, ppm
CH4_MoleFraction_PFP, ppb
CO_MoleFraction_PFP, ppb
N2O_MoleFraction_PFP, ppb
SF6_CCGG_MoleFraction_PFP, ppt
H2_MoleFraction_PFP, ppb
CH4C13_PFP, permil
CO2C14_PFP, permil
F11B_MoleFraction_PFP, ppt
FC12_MoleFraction_PFP, ppt
F13_MoleFraction_PFP, ppt
F113_MoleFraction_PFP, ppt
F115_MoleFraction_PFP, ppt
HF133a_MoleFraction_PFP, ppt
F23_MoleFraction_PFP, ppt
F32_MoleFraction_PFP, ppt
F134A_MoleFraction_PFP, ppt
F152A_MoleFraction_PFP, ppt
F125_MoleFraction_PFP, ppt
F143a_MoleFraction_PFP, ppt
F227e_MoleFraction_PFP, ppt
F365m_MoleFraction_PFP, ppt
H1211_MoleFraction_PFP, ppt
H1301_MoleFraction_PFP, ppt
[...]
[from data line 440]
60822,   297,          1300441.0,         13.000000,  10.30822344,   42.30010988,   261.1879349,   2.376403709,   758,   269.7699939,   291.9939618,   296,   58.84586654,   26.97999389,   350.5799851,   2.4404,   114.48,   136.0385136,   122.2515216,   0.41,   -0.04,   318.2,   311,   7.1,   1.24,   -0.08,   292,   250.9099939,   278.9499939,   953.8,   57.8,   33.5,   154.7,   -162.96,   0.91,   1.046,   4.822,   4.672,   21.648,    -999999,  0.1431,   0.888125,   1.08675,   23.815,   23.015,   251.4924939,   2.4404,   0.65266,   1.78774,   0.7684036,   1.6489,   45.1,   405.792,   1.9295,   0.1177285714,    -999999,   -999999,   -999999,   -999999,   -999999,   -999999,   -999999,   -999999,   -999999,   -999999,   -999999,   -999999,   -999999,   -999999,   -999999,   -999999,   -999999,   -999999,   -999999,   -999999,   -999999,   -999999,   -999999,   -999999,   -999999,   -999999,   -999999,   -999999,   -999999,   -999999,   -999999,   -999999,   -999999,   -999999,   -999999,   -999999,   -999999,   -999999,   -999999,   -999999,   -999999,   -999999,   -999999,   -999999,   -999999,   -999999,   -999999,   -999999,   -999999,   -999999,   -999999,     -999999  
60827,   297,          1300442.0,         13.000000,  10.309269,   42.30354308,   261.182785,   2.377805789,   757.8,   269.8499939,   292.1025749,   296,   58.84317305,   26.77999366,   350.51994,   2.4428,   114.26,   135.6681168,   121.9119912,   0.41,   0.5,   318.12,   311,   7.1,   1.44,   -0.16,   292.08,   250.9499939,   278.9499939,   952.8,   57.8,   33.68,   154.7,   -162.9,   0.916,   1.05,   4.838,   4.694,   21.662,    -999999,  0.1426,   0.8851,   1.08326,   23.734,   22.942,   251.4519939,   2.4428,   0.64678,   1.79602,   0.764811,   1.6489,   45.52,   405.84,   1.92955,   0.1189666667,    -999999,   -999999,   -999999,   -999999,   -999999,   -999999,   -999999,   -999999,   -999999,   -999999,   -999999,   -999999,   -999999,   -999999,   -999999,   -999999,   -999999,   -999999,   -999999,   -999999,   -999999,   -999999,   -999999,   -999999,   -999999,   -999999,   -999999,   -999999,   -999999,   -999999,   -999999,   -999999,   -999999,   -999999,   -999999,   -999999,   -999999,   -999999,   -999999,   -999999,   -999999,   -999999,   -999999,   -999999,   -999999,   -999999,   -999999,   -999999,   -999999,   -999999,   -999999,     -999999  
60832,   297,          1300443.0,         13.000000,  10.31030541,   42.30687332,   261.1774979,   2.379878429,   757.4,   269.7499939,   292.0383799,   296,   58.84044349,   26.73997414,   350.1601345,   2.444,   114.1,   135.6166728,   121.8605472,   0.41,   -0.02,   318.1,   311,   7.02,   1.24,   -0.12,   292,   250.9699939,   278.9499939,   953.4,   57.8,   33.52,   154.7,   -162.86,   0.92,   1.05,   4.81,   4.66,   21.878,    -999999,  0.14282,   0.8864,   1.08462,   23.764,   22.972,   251.4699939,   2.444,   0.64566,   1.79834,   0.7655382,   1.6489,   42.64,   405.81,   1.929653846,   0.1217666667,    -999999,   -999999,   -999999,   -999999,   -999999,   -999999,   -999999,   -999999,   -999999,   -999999,   -999999,   -999999,   -999999,   -999999,   -999999,   -999999,   -999999,   -999999,   -999999,   -999999,   -999999,   -999999,   -999999,   -999999,   -999999,   -999999,   -999999,   -999999,   -999999,   -999999,   -999999,   -999999,   -999999,   -999999,   -999999,   -999999,   -999999,   -999999,   -999999,   -999999,   -999999,   -999999,   -999999,   -999999,   -999999,   -999999,   -999999,   -999999,   -999999,   -999999,   -999999,     -999999  
60837,   297,          1300444.0,         13.000000,  10.31134869,   42.31023788,   261.1723137,   2.378842109,   757.6,   269.7499939,   292.0163505,   296,   58.83771043,   26.75996101,   350.2200299,   2.444,   114.08,   135.55494,   121.8091032,   0.41,   0.3,   318.1,   311,   7.08,   1.36,   -0.12,   291.98,   250.9699939,   278.9499939,   953.6,   57.8,   33.62,   154.8,   -162.82,   0.92,   1.05,   4.812,   4.662,   21.872,    -999999,  0.14272,   0.8858,   1.08376,   23.748,   22.952,   251.4599939,   2.444,   0.64788,   1.79612,   0.7662126,   1.6489,   43.74,   405.824,   1.92982,   0.1181941176,    -999999,   -999999,   -999999,   -999999,   -999999,   -999999,   -999999,   -999999,   -999999,   -999999,   -999999,   -999999,   -999999,   -999999,   -999999,   -999999,   -999999,   -999999,   -999999,   -999999,   -999999,   -999999,   -999999,   -999999,   -999999,   -999999,   -999999,   -999999,   -999999,   -999999,   -999999,   -999999,   -999999,   -999999,   -999999,   -999999,   -999999,   -999999,   -999999,   -999999,   -999999,   -999999,   -999999,   -999999,   -999999,   -999999,   -999999,   -999999,   -999999,   -999999,   -999999,     -999999  
60842,   297,          1300445.0,         13.000000,  10.31239197,   42.31363678,   261.1671295,   2.380609949,   757.4,   269.7499939,   292.0383799,   296,   58.83501125,   26.59987105,   350.3003764,   2.4462,   113.92,   135.2771424,   121.5415944,   0.41,   0.42,   318.06,   311,   7.06,   1.28,   -0.28,   292.04,   251.0299939,   278.9499939,   953.2,   57.8,   33.58,   154.8,   -162.86,   0.92,   1.056,   4.82,   4.676,   21.878,    -999999,  0.14228,   0.8831,   1.08035,   23.673,   22.88,   251.4239939,   2.4462,   0.64748,   1.79872,   0.7681382,   1.6489,   44.98,   405.84,   1.92977,   0.1192,    -999999,   -999999,   -999999,   -999999,   -999999,   -999999,   -999999,   -999999,   -999999,   -999999,   -999999,   -999999,   -999999,   -999999,   -999999,   -999999,   -999999,   -999999,   -999999,   -999999,   -999999,   -999999,   -999999,   -999999,   -999999,   -999999,   -999999,   -999999,   -999999,   -999999,   -999999,   -999999,   -999999,   -999999,   -999999,   -999999,   -999999,   -999999,   -999999,   -999999,   -999999,   -999999,   -999999,   -999999,   -999999,   -999999,   -999999,   -999999,   -999999,   -999999,   -999999,     -999999  
60847,   297,          1300446.0,         13.000000,  10.31342838,   42.31693268,   261.1618423,   2.382377789,   757.2,   269.7099939,   292.0171085,   296,   58.83226338,   26.63976636,   350.3803306,   2.447,   114.02,   135.349164,   121.6033272,   0.41,   -0.14,   318.02,   310.94,   7.06,   1.04,   -0.32,   292,   251.0299939,   278.9099939,   953.6,   57.8,   33.32,   154.8,   -162.84,   0.92,   1.054,   4.806,   4.654,   21.962,    -999999,  0.1432,   0.888725,   1.08705,   23.8175,   23.02,   251.4924939,   2.447,   0.64782,   1.79918,   0.7681854,   1.6489,   44.8,   405.816,   1.9299,   0.1179368421,    -999999,   -999999,   -999999,   -999999,   -999999,   -999999,   -999999,   -999999,   -999999,   -999999,   -999999,   -999999,   -999999,   -999999,   -999999,   -999999,   -999999,   -999999,   -999999,   -999999,   -999999,   -999999,   -999999,   -999999,   -999999,   -999999,   -999999,   -999999,   -999999,   -999999,   -999999,   -999999,   -999999,   -999999,   -999999,   -999999,   -999999,   -999999,   -999999,   -999999,   -999999,   -999999,   -999999,   -999999,   -999999,   -999999,   -999999,   -999999,   -999999,   -999999,   -999999,     -999999  
60852,   297,          1300447.0,         13.000000,  10.31447166,   42.32036592,   261.1566582,   2.379939389,   757.6,   269.7499939,   292.0163505,   296,   58.82960197,   26.5997631,   350.6594736,   2.446,   114.24,   135.4417632,   121.6959264,   0.41,   -0.18,   318,   310.9,   7.1,   1,   -0.2,   292,   251.0499939,   278.9499939,   953.8,   57.8,   33.28,   154.8,   -162.8,   0.922,   1.06,   4.816,   4.666,   21.95,    -999999,  0.14302,   0.88758,   1.08568,   23.788,   22.992,   251.4779939,   2.446,   0.64798,   1.79802,   0.7674146,   1.6489,   44.72,   405.85,   1.929992308,   0.1173857143,    -999999,   -999999,   -999999,   -999999,   -999999,   -999999,   -999999,   -999999,   -999999,   -999999,   -999999,   -999999,   -999999,   -999999,   -999999,   -999999,   -999999,   -999999,   -999999,   -999999,   -999999,   -999999,   -999999,   -999999,   -999999,   -999999,   -999999,   -999999,   -999999,   -999999,   -999999,   -999999,   -999999,   -999999,   -999999,   -999999,   -999999,   -999999,   -999999,   -999999,   -999999,   -999999,   -999999,   -999999,   -999999,   -999999,   -999999,   -999999,   -999999,   -999999,   -999999,     -999999  
60857,   297,          1300448.0,         13.000000,  10.31550807,   42.32369614,   261.151371,   2.376708509,   757.8,   269.7499939,   291.9943286,   296,   58.82689179,   26.47995812,   350.9601963,   2.4454,   114.38,   135.3903192,   121.66506,   0.41,   -0.1,   318.04,   310.92,   7.12,   1.16,   -0.1,   292,   251.0499939,   278.9499939,   953.8,   57.8,   33.4,   154.8,   -162.74,   0.92,   1.058,   4.82,   4.67,   21.938,    -999999,  0.143275,   0.889225,   1.087875,   23.835,   23.04,   251.4999939,   2.4454,   0.64856,   1.79684,   0.7668752,   1.666888,   44.04,   405.815,   1.9300125,   0.1199555556,    -999999,   -999999,   -999999,   -999999,   -999999,   -999999,   -999999,   -999999,   -999999,   -999999,   -999999,   -999999,   -999999,   -999999,   -999999,   -999999,   -999999,   -999999,   -999999,   -999999,   -999999,   -999999,   -999999,   -999999,   -999999,   -999999,   -999999,   -999999,   -999999,   -999999,   -999999,   -999999,   -999999,   -999999,   -999999,   -999999,   -999999,   -999999,   -999999,   -999999,   -999999,   -999999,   -999999,   -999999,   -999999,   -999999,   -999999,   -999999,   -999999,   -999999,   -999999,     -999999  
60862,   297,          1300449.0,         13.000000,  10.31655134,   42.3270607,   261.1461868,   2.378232509,   758,   269.7499939,   291.9723141,   296,   58.82417826,   26.49998971,   350.96,   2.4448,   114.4,   135.4314744,   121.6959264,   0.41,   -0.1,   318.1,   311,   7.1,   1.24,   -0.06,   292,   251.0499939,   278.9499939,   953.8,   57.8,   33.48,   154.84,   -162.7,   0.922,   1.06,   4.816,   4.666,   21.968,    -999999,  0.14338,   0.89004,   1.08894,   23.86,   23.06,   251.5139939,   2.4448,   0.64904,   1.79576,   0.765732,   1.67888,   45.2,   405.8,   1.9301,   0.12035,    -999999,   -999999,   -999999,   -999999,   -999999,   -999999,   -999999,   -999999,   -999999,   -999999,   -999999,   -999999,   -999999,   -999999,   -999999,   -999999,   -999999,   -999999,   -999999,   -999999,   -999999,   -999999,   -999999,   -999999,   -999999,   -999999,   -999999,   -999999,   -999999,   -999999,   -999999,   -999999,   -999999,   -999999,   -999999,   -999999,   -999999,   -999999,   -999999,   -999999,   -999999,   -999999,   -999999,   -999999,   -999999,   -999999,   -999999,   -999999,   -999999,   -999999,   -999999,     -999999  
60867,   297,          1300450.0,         13.000000,  10.31758776,   42.33049392,   261.1408997,   2.377805789,   757.8,   269.7299939,   291.9726793,   296,   58.82156574,   26.45997386,   350.9600904,   2.4444,   114.36,   135.3697416,   121.6444824,   0.41,   -0.1,   318.1,   311,   7.1,   1.32,   -0.14,   292,   251.0499939,   278.9299939,   953.4,   57.8,   33.62,   154.9,   -162.72,   0.92,   1.058,   4.812,   4.662,   21.954,    -999999,  0.143475,   0.89055,   1.08955,   23.8725,   23.075,   251.5199939,   2.4444,   0.6495,   1.7949,   0.7656218,   1.67888,   43.76,   405.845,   1.9298,   0.1206333333,    -999999,   -999999,   -999999,   -999999,   -999999,   -999999,   -999999,   -999999,   -999999,   -999999,   -999999,   -999999,   -999999,   -999999,   -999999,   -999999,   -999999,   -999999,   -999999,   -999999,   -999999,   -999999,   -999999,   -999999,   -999999,   -999999,   -999999,   -999999,   -999999,   -999999,   -999999,   -999999,   -999999,   -999999,   -999999,   -999999,   -999999,   -999999,   -999999,   -999999,   -999999,   -999999,   -999999,   -999999,   -999999,   -999999,   -999999,   -999999,   -999999,   -999999,   -999999,     -999999  
60872,   297,          1300451.0,         13.000000,  10.31862874,   42.33375548,   261.1356812,   2.377500989,   758,   269.7299939,   291.9506665,   296,   58.8187825,   26.51975711,   350.9996231,   2.444,   114.24,   135.3080088,   121.5930384,   0.41,   -0.14,   318.08,   311,   7.14,   1.48,   -0.26,   291.98,   251.0499939,   278.9299939,   954.4,   57.8,   33.78,   154.9,   -162.76,   0.922,   1.058,   4.814,   4.664,   21.942,    -999999,  0.143025,   0.8877916667,   1.086183333,   23.8,   23.00333333,   251.4849939,   2.444,   0.65014,   1.79386,   0.7657354,   1.67888,   43.16,   405.815,   1.93,   0.1203142857,    -999999,   -999999,   -999999,   -999999,   -999999,   -999999,   -999999,   -999999,   -999999,   -999999,   -999999,   -999999,   -999999,   -999999,   -999999,   -999999,   -999999,   -999999,   -999999,   -999999,   -999999,   -999999,   -999999,   -999999,   -999999,   -999999,   -999999,   -999999,   -999999,   -999999,   -999999,   -999999,   -999999,   -999999,   -999999,   -999999,   -999999,   -999999,   -999999,   -999999,   -999999,   -999999,   -999999,   -999999,   -999999,   -999999,   -999999,   -999999,   -999999,   -999999,   -999999,     -999999  
60877,   297,          1300452.0,         13.000000,  10.31966744,   42.33718872,   261.1304283,   2.377135229,   758,   269.7499939,   291.9723141,   296,   58.8161654,   26.59988685,   350.0999998,   2.444,   114,   135.3182976,   121.6033272,   0.41,   0.24,   317.92,   310.9,   7.02,   1.6,   -0.12,   292,   251.0299939,   278.9499939,   953.6,   57.8,   33.8,   154.9,   -162.46,   0.92,   1.056,   4.82,   4.67,   21.89,    -999999,  0.1419454545,   0.8810272727,   1.078009091,   23.62181818,   22.83,   251.3981757,   2.444,   0.65188,   1.79212,   0.7657504,   1.67888,   43.3,   405.832,   1.9298,   0.1189,    -999999,   -999999,   -999999,   -999999,   -999999,   -999999,   -999999,   -999999,   -999999,   -999999,   -999999,   -999999,   -999999,   -999999,   -999999,   -999999,   -999999,   -999999,   -999999,   -999999,   -999999,   -999999,   -999999,   -999999,   -999999,   -999999,   -999999,   -999999,   -999999,   -999999,   -999999,   -999999,   -999999,   -999999,   -999999,   -999999,   -999999,   -999999,   -999999,   -999999,   -999999,   -999999,   -999999,   -999999,   -999999,   -999999,   -999999,   -999999,   -999999,   -999999,   -999999,     -999999  
60882,   297,          1300453.0,         13.000000,  10.32071301,   42.34051896,   261.1252785,   2.377135229,   758,   269.8499939,   292.0805522,   296,   58.81342518,   26.31995838,   349.5600304,   2.4452,   113.8,   135.0405,   121.356396,   0.41,   0.48,   317.86,   310.98,   6.9,   1.48,   0.04,   292.04,   251.0099939,   278.9499939,   954,   57.8,   33.68,   154.9,   -162.26,   0.92,   1.05,   4.836,   4.686,   21.788,    -999999,  0.1408777778,   0.8742666667,   1.069633333,   23.43666667,   22.65444444,   251.3122161,   2.4452,   0.6528,   1.7924,   0.7672052,   1.67888,   43.06,   405.805,   1.9295,   0.1159,    -999999,   -999999,   -999999,   -999999,   -999999,   -999999,   -999999,   -999999,   -999999,   -999999,   -999999,   -999999,   -999999,   -999999,   -999999,   -999999,   -999999,   -999999,   -999999,   -999999,   -999999,   -999999,   -999999,   -999999,   -999999,   -999999,   -999999,   -999999,   -999999,   -999999,   -999999,   -999999,   -999999,   -999999,   -999999,   -999999,   -999999,   -999999,   -999999,   -999999,   -999999,   -999999,   -999999,   -999999,   -999999,   -999999,   -999999,   -999999,   -999999,   -999999,   -999999,     -999999  
