inputs/ACTAMERICA_Merge/C130/ACTAMERICA-mrg05-c130_merge_20170213_R0_L1.ict
143, 1001
Shook, Michael
NASA Atmospheric Composition Branch, NASA Langley Research Center (SSAI)
Merged data file for ACT-AMERICA 2017, Flight 07 (20170213), on the c130 platform. Data is merged to 05 seconds.
NASA ACT-AMERICA 2017
1, 1
2017, 02, 13, 2018, 02, 23
05
UTC,s
104
1, 1, 1, 1, 1, 1, 1, 1, 1, 1, 1, 1, 1, 1, 1, 1, 1, 1, 1, 1, 1, 1, 1, 1, 1, 1, 1, 1, 1, 1, 1, 1, 1, 1, 1, 1, 1, 1, 1, 1, 1, 1, 1, 1, 1, 1, 1, 1, 1, 1, 1, 1, 1, 1, 1, 1, 1, 1, 1, 1, 1, 1, 1, 1, 1, 1, 1, 1, 1, 1, 1, 1, 1, 1, 1, 1, 1, 1, 1, 1, 1, 1, 1, 1, 1, 1, 1, 1, 1, 1, 1, 1, 1, 1, 1, 1, 1, 1, 1, 1, 1, 1, 1, 1
-999999, -999999, -999999, -999999, -999999, -999999, -999999, -999999, -999999, -999999, -999999, -999999, -999999, -999999, -999999, -999999, -999999, -999999, -999999, -999999, -999999, -999999, -999999, -999999, -999999, -999999, -999999, -999999, -999999, -999999, -999999, -999999, -999999, -999999, -999999, -999999, -999999, -999999, -999999, -999999, -999999, -999999, -999999, -999999, -999999, -999999, -999999, -999999, -999999, -999999, -999999, -999999, -999999, -999999, -999999, -999999, -999999, -999999, -999999, -999999, -999999, -999999, -999999, -999999, -999999, -999999, -999999, -999999, -999999, -999999, -999999, -999999, -999999, -999999, -999999, -999999, -999999, -999999, -999999, -999999, -999999, -999999, -999999, -999999, -999999, -999999, -999999, -999999, -999999, -999999, -999999, -999999, -999999, -999999, -999999, -999999, -999999, -999999, -999999, -999999, -999999, -999999, -999999, -999999
JDAY, days
INDEX, none
FLIGHT, none
LOCAL_SUN_TIME, hour
LATITUDE, degs
LONGITUDE, degs
ALTP, km
PRESSURE, hPa
TEMPERATURE, K
THETA, K
O3COLUMN, DU
SZA, deg
WNS, m s-1
WND, Degs
GPS_ALT, km
GRD_SPD, m s-1
TAS, m/s
IAS, m/s
MachNumber, mach
VerticalSpeed, m s-1
HDG, degs
TRK, degs
DriftAngle, degs
PITCH, degs
ROLL, degs
PotentialTemp, K
Dewpoint, K
TotalAirTemp, K
CabinPressure, hPa
SolarZenithAngle, degs
AircraftSunElevation, degs
SunAzimuth, degs
AircraftSunAzimuth, degs
H2O_MixingRatio, g kg-1
H2O_VaporPressure, hPa
H2O_SatVaporPressureWater, hPa
H2O_SatVaporPressureIce, hPa
H2O_RelativeHumidity, %
H2O_VolMixingRatio_PICARRO, %
H2O_MassMixingRatio_PICARRO, g kg-1
H2O_VaporPressure_PICARRO, hPa
RHi_PICARRO, %
RHw_PICARRO, %
Dewpoint_PICARRO, K
Ground_Elevation, km
Altitude_AGL, km
GroundHeight_CPL, km
MLH_CPL, km
O3_MixingRatio, ppbv
CO2_MixingRatio_PICARRO, ppmv
CH4_MixingRatio_PICARRO, ppmv
CO_MixingRatio_PICARRO, ppmv
CO2_MoleFraction_PFP, ppm
CH4_MoleFraction_PFP, ppb
CO_MoleFraction_PFP, ppb
N2O_MoleFraction_PFP, ppb
SF6_CCGG_MoleFraction_PFP, ppt
H2_MoleFraction_PFP, ppb
CH4C13_PFP, per mil
CO2C14_PFP, per mil
F11B_MoleFraction_PFP, ppt
FC12_MoleFraction_PFP, ppt
F13_MoleFraction_PFP, ppt
F113_MoleFraction_PFP, ppt
F115_MoleFraction_PFP, ppt
HF133a_MoleFraction_PFP, ppt
F23_MoleFraction_PFP, ppt
F32_MoleFraction_PFP, ppt
F134A_MoleFraction_PFP, ppt
F152A_MoleFraction_PFP, ppt
F125_MoleFraction_PFP, ppt
F143a_MoleFraction_PFP, ppt
F227e_MoleFraction_PFP, ppt
F365m_MoleFraction_PFP, ppt
H1211_MoleFraction_PFP, ppt
H1301_MoleFraction_PFP, ppt
H2402_MoleFraction_PFP, ppt
MCFA_MoleFraction_PFP, ppt
CF4_MoleFraction_PFP, ppt
C2F6_MoleFraction_PFP, ppt
SO2F2_MoleFraction_PFP, ppt
MEBR_MoleFraction_PFP, ppt
CH3I_MoleFraction_PFP, ppt
DIBR_MoleFraction_PFP, ppt
[...]
[from data line 492]
56522,   44,          700493.00,         7.0000000,  9.417139385,   35.2943138,   265.7383408,   5.258287745,   521.2,   260.3499939,   313.6270111,   302,   60.93365667,   13.6195891,   245.7284875,   5.4606,   138.6,   134.371728,   102.37356,   0.42,   4,   350.2,   356.16,   -5.96,   4.92,   -0.32,   313.6,   245.5299939,   269.3899939,   908.6,   63,   30.82,   132.3,   140.54,   0.818,   0.648,   2.316,   2.05,   27.812,   0.150675,   0.93535,   0.784475,   39.7225,   34.98,   247.8249939,   0.12602,   5.33458,   0.312456,   1.7988,   40.42,   406.11,   1.8598,   0.07985263158,    -999999,   -999999,   -999999,   -999999,   -999999,   -999999,   -999999,   -999999,   -999999,   -999999,   -999999,   -999999,   -999999,   -999999,   -999999,   -999999,   -999999,   -999999,   -999999,   -999999,   -999999,   -999999,   -999999,   -999999,   -999999,   -999999,   -999999,   -999999,   -999999,   -999999,   -999999,   -999999,   -999999,   -999999,   -999999,   -999999,   -999999,   -999999,   -999999,   -999999,   -999999,   -999999,   -999999,   -999999,   -999999,   -999999,   -999999,   -999999,   -999999,   -999999,   -999999,     -999999  
56527,   44,          700494.00,         7.0000000,  9.418493382,   35.3005478,   265.7378174,   5.282305985,   519.6,   260.1699939,   313.6856114,   302,   60.92658491,   13.41974122,   245.5666171,   5.4832,   138,   133.857288,   101.85912,   0.414,   4,   350.1,   356.02,   -5.88,   4.98,   1.26,   313.7,   245.4499939,   269.1099939,   907.2,   63,   31.82,   132.34,   141.24,   0.814,   0.64,   2.282,   2.014,   28.028,   0.1489,   0.924225,   0.773,   39.87,   35.0375,   247.6649939,   0.13778,   5.34542,   0.2870934,   1.7988,   40.16,   406.135,   1.85955,   0.08226842105,    -999999,   -999999,   -999999,   -999999,   -999999,   -999999,   -999999,   -999999,   -999999,   -999999,   -999999,   -999999,   -999999,   -999999,   -999999,   -999999,   -999999,   -999999,   -999999,   -999999,   -999999,   -999999,   -999999,   -999999,   -999999,   -999999,   -999999,   -999999,   -999999,   -999999,   -999999,   -999999,   -999999,   -999999,   -999999,   -999999,   -999999,   -999999,   -999999,   -999999,   -999999,   -999999,   -999999,   -999999,   -999999,   -999999,   -999999,   -999999,   -999999,   -999999,   -999999,     -999999  
56532,   44,          700495.00,         7.0000000,  9.419848395,   35.30675964,   265.7373093,   5.301020706,   518.2,   260.0299939,   313.7585855,   302,   60.91949537,   13.47968497,   245.6451059,   5.5046,   138,   133.23996,   101.34468,   0.41,   3.6,   350.26,   356.18,   -5.96,   4.74,   1.18,   313.74,   245.5499939,   268.9299939,   906.6,   63,   31.62,   132.4,   141.16,   0.824,   0.65,   2.256,   1.986,   28.614,   0.145975,   0.906075,   0.75615,   39.865,   34.9525,   247.4174939,   0.13758,   5.36702,   0.2811314,   1.7988,   38.92,   406.1,   1.8595,   0.08124210526,    -999999,   -999999,   -999999,   -999999,   -999999,   -999999,   -999999,   -999999,   -999999,   -999999,   -999999,   -999999,   -999999,   -999999,   -999999,   -999999,   -999999,   -999999,   -999999,   -999999,   -999999,   -999999,   -999999,   -999999,   -999999,   -999999,   -999999,   -999999,   -999999,   -999999,   -999999,   -999999,   -999999,   -999999,   -999999,   -999999,   -999999,   -999999,   -999999,   -999999,   -999999,   -999999,   -999999,   -999999,   -999999,   -999999,   -999999,   -999999,   -999999,   -999999,   -999999,     -999999  
56537,   44,          700496.00,         7.0000000,  9.421203919,   35.31295928,   265.7368088,   5.320832706,   516.8,   259.8499939,   313.7838377,   302,   60.91239948,   13.73988819,   246.0231441,   5.524,   137,   133.23996,   101.241792,   0.41,   3.4,   350.16,   356.2,   -6.06,   4.8,   0.66,   313.74,   245.5699939,   268.7299939,   906.2,   63,   31.34,   132.4,   141.12,   0.83,   0.65,   2.222,   1.952,   29.108,   0.1444666667,   0.8967,   0.7460888889,   39.45777778,   34.58333333,   247.2722161,   0.1276,   5.3964,   0.2673002,   1.7988,   41.34,   406.095,   1.859366667,   0.079,    -999999,   -999999,   -999999,   -999999,   -999999,   -999999,   -999999,   -999999,   -999999,   -999999,   -999999,   -999999,   -999999,   -999999,   -999999,   -999999,   -999999,   -999999,   -999999,   -999999,   -999999,   -999999,   -999999,   -999999,   -999999,   -999999,   -999999,   -999999,   -999999,   -999999,   -999999,   -999999,   -999999,   -999999,   -999999,   -999999,   -999999,   -999999,   -999999,   -999999,   -999999,   -999999,   -999999,   -999999,   -999999,   -999999,   -999999,   -999999,   -999999,   -999999,   -999999,     -999999  
56542,   44,          700497.00,         7.0000000,  9.422559134,   35.31914366,   265.7363037,   5.337169986,   515.6,   259.6499939,   313.7506485,   302,   60.90530202,   14.01994365,   246.1413699,   5.5438,   137,   132.72552,   100.83024,   0.41,   3,   349.92,   356.12,   -6.18,   4.68,   0.94,   313.74,   245.7899939,   268.4499939,   905.2,   63,   31.42,   132.4,   141.52,   0.846,   0.658,   2.192,   1.926,   30.096,   0.1443555556,   0.8959888889,   0.7435333333,   40.41555556,   35.32111111,   247.2344383,   0.12772,   5.41608,   0.2604138,   1.786808,   39.74,   406.11,   1.859,   0.08025,    -999999,   -999999,   -999999,   -999999,   -999999,   -999999,   -999999,   -999999,   -999999,   -999999,   -999999,   -999999,   -999999,   -999999,   -999999,   -999999,   -999999,   -999999,   -999999,   -999999,   -999999,   -999999,   -999999,   -999999,   -999999,   -999999,   -999999,   -999999,   -999999,   -999999,   -999999,   -999999,   -999999,   -999999,   -999999,   -999999,   -999999,   -999999,   -999999,   -999999,   -999999,   -999999,   -999999,   -999999,   -999999,   -999999,   -999999,   -999999,   -999999,   -999999,   -999999,     -999999  
56547,   44,          700498.00,         7.0000000,  9.423914151,   35.32532044,   265.7357956,   5.355214146,   514.6,   259.4899939,   313.7312824,   302,   60.89820756,   13.99994363,   246.3409993,   5.5618,   137,   132.72552,   100.83024,   0.41,   3,   349.94,   356.12,   -6.22,   4.58,   0.96,   313.8,   245.9899939,   268.3499939,   904.6,   63,   31.4,   132.4,   141.54,   0.864,   0.674,   2.168,   1.898,   31.036,   0.1449,   0.8994,   0.7443,   41.075,   35.8375,   247.2449939,   0.11782,   5.44398,   0.2613126,   1.786808,   39.58,   406.09,   1.85875,   0.08082105263,    -999999,   -999999,   -999999,   -999999,   -999999,   -999999,   -999999,   -999999,   -999999,   -999999,   -999999,   -999999,   -999999,   -999999,   -999999,   -999999,   -999999,   -999999,   -999999,   -999999,   -999999,   -999999,   -999999,   -999999,   -999999,   -999999,   -999999,   -999999,   -999999,   -999999,   -999999,   -999999,   -999999,   -999999,   -999999,   -999999,   -999999,   -999999,   -999999,   -999999,   -999999,   -999999,   -999999,   -999999,   -999999,   -999999,   -999999,   -999999,   -999999,   -999999,   -999999,     -999999  
56552,   44,          700499.00,         7.0000000,  9.425269368,   35.33149262,   265.7352905,   5.373014466,   513.2,   259.3899939,   313.8545768,   302,   60.89111485,   14.01995412,   246.4198289,   5.5812,   137,   132.72552,   100.418688,   0.41,   3.8,   349.9,   356.2,   -6.22,   4.94,   0.72,   313.8,   246.1499939,   268.1699939,   904.2,   62.98,   31.58,   132.44,   141.38,   0.88,   0.68,   2.14,   1.872,   31.882,   0.143275,   0.8894,   0.7342,   40.5175,   35.3525,   247.0974939,   0.11998,   5.46122,   0.2700798,   1.870752,   38.3,   406.095,   1.8588,   0.08026315789,    -999999,   -999999,   -999999,   -999999,   -999999,   -999999,   -999999,   -999999,   -999999,   -999999,   -999999,   -999999,   -999999,   -999999,   -999999,   -999999,   -999999,   -999999,   -999999,   -999999,   -999999,   -999999,   -999999,   -999999,   -999999,   -999999,   -999999,   -999999,   -999999,   -999999,   -999999,   -999999,   -999999,   -999999,   -999999,   -999999,   -999999,   -999999,   -999999,   -999999,   -999999,   -999999,   -999999,   -999999,   -999999,   -999999,   -999999,   -999999,   -999999,   -999999,   -999999,     -999999  
56557,   44,          700500.00,         7.0000000,  9.426623162,   35.33764114,   265.7347641,   5.395874467,   511.6,   259.1699939,   313.8682791,   302,   60.88402397,   14.11983221,   246.7218117,   5.603,   136,   132.21108,   100.110024,   0.41,   4,   349.6,   355.92,   -6.28,   5.06,   -0.84,   313.86,   246.3099939,   267.9299939,   903,   62.9,   30.72,   132.5,   141.02,   0.896,   0.69,   2.106,   1.84,   32.876,   0.1424888889,   0.8844,   0.7282333333,   40.79888889,   35.54,   247.0066606,   0.11642,   5.48658,   0.2617696,   1.780812,   40.78,   406.0657143,   1.858733333,   0.08150526316,    -999999,   -999999,   -999999,   -999999,   -999999,   -999999,   -999999,   -999999,   -999999,   -999999,   -999999,   -999999,   -999999,   -999999,   -999999,   -999999,   -999999,   -999999,   -999999,   -999999,   -999999,   -999999,   -999999,   -999999,   -999999,   -999999,   -999999,   -999999,   -999999,   -999999,   -999999,   -999999,   -999999,   -999999,   -999999,   -999999,   -999999,   -999999,   -999999,   -999999,   -999999,   -999999,   -999999,   -999999,   -999999,   -999999,   -999999,   -999999,   -999999,   -999999,   -999999,     -999999  
56562,   44,          700501.00,         7.0000000,  9.427971462,   35.34375912,   265.7341553,   5.416357027,   510,   259.0099939,   313.9553612,   302,   60.87696456,   14.67990868,   247.1831062,   5.6258,   135.6,   131.799528,   99.69847201,   0.41,   4,   348.52,   355.12,   -6.6,   5.02,   -1.84,   313.88,   246.3899939,   267.6899939,   903,   62.9,   30.12,   132.5,   141.82,   0.904,   0.694,   2.074,   1.808,   33.616,   0.1431777778,   0.8885333333,   0.7293222222,   42.01,   36.48444444,   247.0222161,   0.11562,   5.51018,   0.2596536,   1.82878,   41.7,   406.11,   1.85865,   0.07726842105,    -999999,   -999999,   -999999,   -999999,   -999999,   -999999,   -999999,   -999999,   -999999,   -999999,   -999999,   -999999,   -999999,   -999999,   -999999,   -999999,   -999999,   -999999,   -999999,   -999999,   -999999,   -999999,   -999999,   -999999,   -999999,   -999999,   -999999,   -999999,   -999999,   -999999,   -999999,   -999999,   -999999,   -999999,   -999999,   -999999,   -999999,   -999999,   -999999,   -999999,   -999999,   -999999,   -999999,   -999999,   -999999,   -999999,   -999999,   -999999,   -999999,   -999999,   -999999,     -999999  
56567,   44,          700502.00,         7.0000000,  9.429312135,   35.34984054,   265.733432,   5.437814947,   508.8,   258.7699939,   313.875635,   302,   60.86995031,   14.97990386,   247.3640858,   5.6468,   135,   131.69664,   99.28692001,   0.41,   3.4,   347.36,   354.18,   -6.76,   4.78,   -0.88,   313.88,   246.6299939,   267.3899939,   902.2,   62.9,   30.6,   132.5,   143.44,   0.928,   0.71,   2.036,   1.772,   34.99,   0.142575,   0.884875,   0.724525,   43.03,   37.255,   246.9474939,   0.1133,   5.5335,   0.2743302,   1.82878,   41.96,   406.1133333,   1.85905,   0.08275,    -999999,   -999999,   -999999,   -999999,   -999999,   -999999,   -999999,   -999999,   -999999,   -999999,   -999999,   -999999,   -999999,   -999999,   -999999,   -999999,   -999999,   -999999,   -999999,   -999999,   -999999,   -999999,   -999999,   -999999,   -999999,   -999999,   -999999,   -999999,   -999999,   -999999,   -999999,   -999999,   -999999,   -999999,   -999999,   -999999,   -999999,   -999999,   -999999,   -999999,   -999999,   -999999,   -999999,   -999999,   -999999,   -999999,   -999999,   -999999,   -999999,   -999999,   -999999,     -999999  
56572,   44,          700503.00,         7.0000000,  9.430647922,   35.35590896,   265.7326355,   5.452933027,   507.6,   258.6099939,   313.8932594,   302,   60.86297478,   15.03986677,   247.5413566,   5.6626,   135,   131.69664,   99.28692001,   0.41,   2.2,   347,   353.82,   -6.8,   4.34,   1.28,   313.84,   246.6899939,   267.3099939,   901,   62.9,   31.56,   132.5,   144.92,   0.934,   0.714,   2.008,   1.742,   35.694,   0.14275,   0.886,   0.724275,   43.82,   37.8575,   246.9449939,   0.11882,   5.54378,   0.263293,   1.82878,   39.64,   406.0966667,   1.8594,   0.0806,    -999999,   -999999,   -999999,   -999999,   -999999,   -999999,   -999999,   -999999,   -999999,   -999999,   -999999,   -999999,   -999999,   -999999,   -999999,   -999999,   -999999,   -999999,   -999999,   -999999,   -999999,   -999999,   -999999,   -999999,   -999999,   -999999,   -999999,   -999999,   -999999,   -999999,   -999999,   -999999,   -999999,   -999999,   -999999,   -999999,   -999999,   -999999,   -999999,   -999999,   -999999,   -999999,   -999999,   -999999,   -999999,   -999999,   -999999,   -999999,   -999999,   -999999,   -999999,     -999999  
56577,   44,          700504.00,         7.0000000,  9.431984728,   35.36199342,   265.7318543,   5.466405188,   507,   258.4299939,   313.7807966,   302,   60.85600873,   14.81986765,   247.5614032,   5.6742,   135.6,   132.108192,   99.69847201,   0.41,   2,   347.5,   354.16,   -6.66,   4.08,   2.68,   313.82,   246.7299939,   267.1699939,   901,   62.9,   32.16,   132.52,   145.14,   0.938,   0.718,   1.982,   1.722,   36.288,   0.142,   0.88135,   0.7198,   43.5475,   37.6225,   246.8774939,   0.11874,   5.55546,   0.276128,   1.91872,   42.46,   406.11,   1.8594,   0.0816,    -999999,   -999999,   -999999,   -999999,   -999999,   -999999,   -999999,   -999999,   -999999,   -999999,   -999999,   -999999,   -999999,   -999999,   -999999,   -999999,   -999999,   -999999,   -999999,   -999999,   -999999,   -999999,   -999999,   -999999,   -999999,   -999999,   -999999,   -999999,   -999999,   -999999,   -999999,   -999999,   -999999,   -999999,   -999999,   -999999,   -999999,   -999999,   -999999,   -999999,   -999999,   -999999,   -999999,   -999999,   -999999,   -999999,   -999999,   -999999,   -999999,   -999999,   -999999,     -999999  
