inputs/ACTAMERICA_Merge/C130/ACTAMERICA-mrg05-c130_merge_20170307_R0.ict
143, 1001
Shook, Michael
NASA Atmospheric Composition Branch, NASA Langley Research Center (SSAI)
Merged data file for ACT-AMERICA 2017, Flight 18 (20170307), on the c130 platform. Data is merged to 05 seconds.
NASA ACT-AMERICA 2017
1, 1
2017, 03, 07, 2018, 02, 23
05
UTC,s
104
1, 1, 1, 1, 1, 1, 1, 1, 1, 1, 1, 1, 1, 1, 1, 1, 1, 1, 1, 1, 1, 1, 1, 1, 1, 1, 1, 1, 1, 1, 1, 1, 1, 1, 1, 1, 1, 1, 1, 1, 1, 1, 1, 1, 1, 1, 1, 1, 1, 1, 1, 1, 1, 1, 1, 1, 1, 1, 1, 1, 1, 1, 1, 1, 1, 1, 1, 1, 1, 1, 1, 1, 1, 1, 1, 1, 1, 1, 1, 1, 1, 1, 1, 1, 1, 1, 1, 1, 1, 1, 1, 1, 1, 1, 1, 1, 1, 1, 1, 1, 1, 1, 1, 1
-999999, -999999, -999999, -999999, -999999, -999999, -999999, -999999, -999999, -999999, -999999, -999999, -999999, -999999, -999999, -999999, -999999, -999999, -999999, -999999, -999999, -999999, -999999, -999999, -999999, -999999, -999999, -999999, -999999, -999999, -999999, -999999, -999999, -999999, -999999, -999999, -999999, -999999, -999999, -999999, -999999, -999999, -999999, -999999, -999999, -999999, -999999, -999999, -999999, -999999, -999999, -999999, -999999, -999999, -999999, -999999, -999999, -999999, -999999, -999999, -999999, -999999, -999999, -999999, -999999, -999999, -999999, -999999, -999999, -999999, -999999, -999999, -999999, -999999, -999999, -999999, -999999, -999999, -999999, -999999, -999999, -999999, -999999, -999999, -999999, -999999, -999999, -999999, -999999, -999999, -999999, -999999, -999999, -999999, -999999, -999999, -999999, -999999, -999999, -999999, -999999, -999999, -999999, -999999
JDAY, days
INDEX, none
FLIGHT, none
LOCAL_SUN_TIME, hour
LATITUDE, degs
LONGITUDE, degs
ALTP, km
PRESSURE, hPa
TEMPERATURE, K
THETA, K
O3COLUMN, DU
SZA, deg
WNS, m s-1
WND, Degs
GPS_ALT, km
GRD_SPD, m s-1
TAS, m/s
IAS, m/s
MachNumber, mach
VerticalSpeed, m s-1
HDG, degs
TRK, degs
DriftAngle, degs
PITCH, degs
ROLL, degs
PotentialTemp, K
Dewpoint, K
TotalAirTemp, K
CabinPressure, hPa
SolarZenithAngle, degs
AircraftSunElevation, degs
SunAzimuth, degs
AircraftSunAzimuth, degs
H2O_MixingRatio, g kg-1
H2O_VaporPressure, hPa
H2O_SatVaporPressureWater, hPa
H2O_SatVaporPressureIce, hPa
H2O_RelativeHumidity, %
H2O_VolMixingRatio_PICARRO, %
H2O_MassMixingRatio_PICARRO, g kg-1
H2O_VaporPressure_PICARRO, hPa
RHi_PICARRO, %
RHw_PICARRO, %
Dewpoint_PICARRO, K
Ground_Elevation, km
Altitude_AGL, km
GroundHeight_CPL, km
MLH_CPL, km
O3_MixingRatio, ppbv
CO2_MixingRatio_PICARRO, ppmv
CH4_MixingRatio_PICARRO, ppmv
CO_MixingRatio_PICARRO, ppmv
CO2_MoleFraction_PFP, ppm
CH4_MoleFraction_PFP, ppb
CO_MoleFraction_PFP, ppb
N2O_MoleFraction_PFP, ppb
SF6_CCGG_MoleFraction_PFP, ppt
H2_MoleFraction_PFP, ppb
CH4C13_PFP, per mil
CO2C14_PFP, per mil
F11B_MoleFraction_PFP, ppt
FC12_MoleFraction_PFP, ppt
F13_MoleFraction_PFP, ppt
F113_MoleFraction_PFP, ppt
F115_MoleFraction_PFP, ppt
HF133a_MoleFraction_PFP, ppt
F23_MoleFraction_PFP, ppt
F32_MoleFraction_PFP, ppt
F134A_MoleFraction_PFP, ppt
F152A_MoleFraction_PFP, ppt
F125_MoleFraction_PFP, ppt
F143a_MoleFraction_PFP, ppt
F227e_MoleFraction_PFP, ppt
F365m_MoleFraction_PFP, ppt
H1211_MoleFraction_PFP, ppt
H1301_MoleFraction_PFP, ppt
H2402_MoleFraction_PFP, ppt
MCFA_MoleFraction_PFP, ppt
CF4_MoleFraction_PFP, ppt
C2F6_MoleFraction_PFP, ppt
SO2F2_MoleFraction_PFP, ppt
MEBR_MoleFraction_PFP, ppt
CH3I_MoleFraction_PFP, ppt
DIBR_MoleFraction_PFP, ppt
[...]
[from data line 1312]
63157,   66,          1801313.0,         18.000000,  11.94605078,   40.89924188,   276.0261783,   0.9436608117,   904,   280.9899939,   289.2105697,   306,   46.19119368,   17.87229216,   239.4656491,   0.928,   120,   129.535992,   124.185816,   0.388,   0,   299.7,   308.28,   -8.58,   1.04,   0.76,   289.14,   279.3899939,   289.3699939,   910.8,   46,   44.1,   174.7,   -123.64,   7.064,   9.61,   10.722,   11.578,   89.688,   0.9708545455,   6.026072727,   8.788890909,    -999999,  84.85363636,   278.2472666,   0.24286,   0.68514,    -999999,   -999999,  49.06,   410.37,   1.9103,   0.1487,    -999999,   -999999,   -999999,   -999999,   -999999,   -999999,   -999999,   -999999,   -999999,   -999999,   -999999,   -999999,   -999999,   -999999,   -999999,   -999999,   -999999,   -999999,   -999999,   -999999,   -999999,   -999999,   -999999,   -999999,   -999999,   -999999,   -999999,   -999999,   -999999,   -999999,   -999999,   -999999,   -999999,   -999999,   -999999,   -999999,   -999999,   -999999,   -999999,   -999999,   -999999,   -999999,   -999999,   -999999,   -999999,   -999999,   -999999,   -999999,   -999999,   -999999,   -999999,     -999999  
63162,   66,          1801314.0,         18.000000,  11.94706437,   40.90260974,   276.0205489,   0.9464040117,   904,   281.4499939,   289.6840274,   306,   46.19433907,   17.67964556,   239.9382344,   0.932,   120,   129.330216,   124.082928,   0.388,   0.6,   299.8,   308.22,   -8.42,   1.26,   0.5,   289.64,   277.3099939,   289.8699939,   911.8,   46,   44.7,   174.7,   -123.52,   6.108,   8.316,   11.058,   11.996,   75.236,   0.90632,   5.62546,   8.20298,    -999999,  77.276,   277.2619939,   0.24094,   0.69106,    -999999,   -999999,  52.7,   410.295,   1.909572727,   0.1509578947,    -999999,   -999999,   -999999,   -999999,   -999999,   -999999,   -999999,   -999999,   -999999,   -999999,   -999999,   -999999,   -999999,   -999999,   -999999,   -999999,   -999999,   -999999,   -999999,   -999999,   -999999,   -999999,   -999999,   -999999,   -999999,   -999999,   -999999,   -999999,   -999999,   -999999,   -999999,   -999999,   -999999,   -999999,   -999999,   -999999,   -999999,   -999999,   -999999,   -999999,   -999999,   -999999,   -999999,   -999999,   -999999,   -999999,   -999999,   -999999,   -999999,   -999999,   -999999,     -999999  
63167,   66,          1801315.0,         18.000000,  11.94807788,   40.90597064,   276.0149182,   0.9482328117,   904,   281.6299939,   289.8692934,   306,   46.19748178,   17.87955297,   241.3029055,   0.932,   120.4,   130.050432,   124.391592,   0.39,   -0.6,   299.86,   308.14,   -8.28,   0.44,   0.4,   289.84,   276.2899939,   290.0499939,   911,   46,   44.26,   174.78,   -124.32,   5.68,   7.734,   11.202,   12.172,   69.066,   0.83674,   5.19368,   7.57582,    -999999,  70.326,   276.1359939,   0.24104,   0.69096,    -999999,   -999999,  53.46,   410.1642857,   1.910181818,   0.1492,    -999999,   -999999,   -999999,   -999999,   -999999,   -999999,   -999999,   -999999,   -999999,   -999999,   -999999,   -999999,   -999999,   -999999,   -999999,   -999999,   -999999,   -999999,   -999999,   -999999,   -999999,   -999999,   -999999,   -999999,   -999999,   -999999,   -999999,   -999999,   -999999,   -999999,   -999999,   -999999,   -999999,   -999999,   -999999,   -999999,   -999999,   -999999,   -999999,   -999999,   -999999,   -999999,   -999999,   -999999,   -999999,   -999999,   -999999,   -999999,   -999999,   -999999,   -999999,     -999999  
63172,   66,          1801316.0,         18.000000,  11.94908993,   40.9093345,   276.0092656,   0.9430512117,   904,   281.7499939,   289.9928041,   306,   46.200632,   17.51838933,   240.5719154,   0.9282,   121,   129.947544,   124.391592,   0.39,   0,   299.94,   308.14,   -8.2,   1,   0.94,   289.92,   275.9499939,   290.2099939,   910.8,   46,   44.18,   174.8,   -123.96,   5.54,   7.552,   11.282,   12.27,   66.946,   0.80902,   5.02158,   7.32418,    -999999,  67.636,   275.6639939,   0.23906,   0.68914,    -999999,   -999999,  53.7,   410.18,   1.9103,   0.1527789474,    -999999,   -999999,   -999999,   -999999,   -999999,   -999999,   -999999,   -999999,   -999999,   -999999,   -999999,   -999999,   -999999,   -999999,   -999999,   -999999,   -999999,   -999999,   -999999,   -999999,   -999999,   -999999,   -999999,   -999999,   -999999,   -999999,   -999999,   -999999,   -999999,   -999999,   -999999,   -999999,   -999999,   -999999,   -999999,   -999999,   -999999,   -999999,   -999999,   -999999,   -999999,   -999999,   -999999,   -999999,   -999999,   -999999,   -999999,   -999999,   -999999,   -999999,   -999999,     -999999  
63177,   66,          1801317.0,         18.000000,  11.95010169,   40.91271008,   276.0036087,   0.9442704117,   904,   281.8099939,   290.0545595,   306,   46.20379824,   16.79867909,   238.8862975,   0.93,   121,   129.330216,   123.671376,   0.384,   0,   300.08,   308.22,   -8.14,   0.86,   0.82,   289.98,   275.7099939,   290.1899939,   911.2,   46,   44.12,   174.8,   -123.92,   5.446,   7.422,   11.328,   12.328,   65.544,   0.7955583333,   4.937941667,   7.20195,    -999999,  67.11583333,   275.4274939,   0.2375,   0.6925,    -999999,   -999999,  54.2,   410.1442857,   1.910266667,   0.14906,    -999999,   -999999,   -999999,   -999999,   -999999,   -999999,   -999999,   -999999,   -999999,   -999999,   -999999,   -999999,   -999999,   -999999,   -999999,   -999999,   -999999,   -999999,   -999999,   -999999,   -999999,   -999999,   -999999,   -999999,   -999999,   -999999,   -999999,   -999999,   -999999,   -999999,   -999999,   -999999,   -999999,   -999999,   -999999,   -999999,   -999999,   -999999,   -999999,   -999999,   -999999,   -999999,   -999999,   -999999,   -999999,   -999999,   -999999,   -999999,   -999999,   -999999,   -999999,     -999999  
63182,   66,          1801318.0,         18.000000,  11.95111311,   40.91609436,   275.9979467,   0.9448800117,   904,   281.6899939,   289.9310488,   309,   46.20697748,   16.89887035,   238.3042602,   0.9306,   121,   129.433104,   123.877152,   0.388,   0.2,   299.96,   308.24,   -8.26,   1.22,   0.5,   289.9,   275.7299939,   290.0499939,   910.8,   46,   44.52,   174.8,   -123.92,   5.46,   7.436,   11.252,   12.238,   66.086,   0.79404,   4.92862,   7.18588,    -999999,  66.966,   275.3959939,   0.23718,   0.69342,    -999999,   -999999,  54.52,   410.1557143,   1.910655556,   0.14601,    -999999,   -999999,   -999999,   -999999,   -999999,   -999999,   -999999,   -999999,   -999999,   -999999,   -999999,   -999999,   -999999,   -999999,   -999999,   -999999,   -999999,   -999999,   -999999,   -999999,   -999999,   -999999,   -999999,   -999999,   -999999,   -999999,   -999999,   -999999,   -999999,   -999999,   -999999,   -999999,   -999999,   -999999,   -999999,   -999999,   -999999,   -999999,   -999999,   -999999,   -999999,   -999999,   -999999,   -999999,   -999999,   -999999,   -999999,   -999999,   -999999,   -999999,   -999999,     -999999  
63187,   66,          1801319.0,         18.000000,  11.95212439,   40.91947774,   275.9922825,   0.9497568117,   903.8,   281.6499939,   289.9082054,   309,   46.21016007,   16.99642651,   238.4924846,   0.9354,   121,   129.433104,   123.877152,   0.388,   0.6,   299.98,   308.26,   -8.3,   1.3,   1.1,   289.88,   275.7899939,   290.0299939,   910.6,   46.06,   44.36,   174.8,   -123.38,   5.488,   7.47,   11.212,   12.188,   66.642,   0.7935461538,   4.9254,   7.178076923,    -999999,  67.14307692,   275.376917,   0.23674,   0.69866,    -999999,   -999999,  55.5,   410.1657143,   1.9107,   0.1520526316,    -999999,   -999999,   -999999,   -999999,   -999999,   -999999,   -999999,   -999999,   -999999,   -999999,   -999999,   -999999,   -999999,   -999999,   -999999,   -999999,   -999999,   -999999,   -999999,   -999999,   -999999,   -999999,   -999999,   -999999,   -999999,   -999999,   -999999,   -999999,   -999999,   -999999,   -999999,   -999999,   -999999,   -999999,   -999999,   -999999,   -999999,   -999999,   -999999,   -999999,   -999999,   -999999,   -999999,   -999999,   -999999,   -999999,   -999999,   -999999,   -999999,   -999999,   -999999,     -999999  
63192,   66,          1801320.0,         18.000000,  11.95313618,   40.92286852,   275.986626,   0.9509760118,   903.4,   281.4299939,   289.7183956,   309,   46.2133542,   16.83954858,   237.7558175,   0.9366,   121,   129.330216,   123.774264,   0.386,   -0.6,   300,   308.32,   -8.32,   0.66,   0.7,   289.68,   276.2499939,   289.8099939,   911.2,   46.1,   44.16,   174.9,   -124.1,   5.668,   7.716,   11.038,   11.97,   69.94,   0.8419,   5.22552,   7.62024,    -999999,  73.954,   276.2039939,   0.23622,   0.70038,    -999999,   -999999,  52.9,   410.2585714,   1.911355556,   0.151025,   410.59,   1913.96,   147.38,   329.37,   9.29,   517.94,   -47.48,    -999999,  232.1,   516.03,   3.38,   70.97,   8.64,   0.54,   31.48,   14.79,   104.48,   11.81,   23.9,   21.09,   1.33,   1.04,   3.48,   3.31,   0.41,   2.36,   84.77,   4.69,   2.48,   7.22,   0.36,   1.08,   531.07,   590.22,   69.83,   13.81,   3.05,   350.31,   2048.6,   728.84,   213.76,   98.06,   55.9,   61.74,   99.83,   52.83,   0.19,   0.15,   14.41,   0.64,   29.14,          250.78000  
63197,   66,          1801321.0,         18.000000,  11.95414701,   40.92627512,   275.9809552,   0.9457944117,   904,   280.9299939,   289.1488144,   309,   46.21656855,   16.66312031,   234.8277914,   0.93,   121.8,   129.12444,   123.774264,   0.386,   -0.6,   299.78,   308.5,   -8.72,   0.7,   1.28,   289.1,   279.3699939,   289.2699939,   911,   46.1,   43.6,   174.9,   -123.7,   7.068,   9.616,   10.674,   11.52,   90.138,   0.9885,   6.135509091,   8.948890909,    -999999,  89.29818182,   278.510903,   0.23556,   0.69444,    -999999,   -999999,  49.42,   410.4371429,   1.9119,   0.1512473684,   410.59,   1913.96,   147.38,   329.37,   9.29,   517.94,   -47.48,    -999999,  232.1,   516.03,   3.38,   70.97,   8.64,   0.54,   31.48,   14.79,   104.48,   11.81,   23.9,   21.09,   1.33,   1.04,   3.48,   3.31,   0.41,   2.36,   84.77,   4.69,   2.48,   7.22,   0.36,   1.08,   531.07,   590.22,   69.83,   13.81,   3.05,   350.31,   2048.6,   728.84,   213.76,   98.06,   55.9,   61.74,   99.83,   52.83,   0.19,   0.15,   14.41,   0.64,   29.14,          250.78000  
63202,   66,          1801322.0,         18.000000,  11.95515722,   40.92971166,   275.975275,   0.9476232117,   904,   280.9699939,   289.1899846,   309,   46.21981717,   17.73358124,   236.2540627,   0.931,   122,   130.15332,   125.00892,   0.39,   1,   299.64,   308.62,   -8.96,   1.06,   0.4,   289.16,   279.4499939,   289.4899939,   911,   46.1,   44.28,   174.9,   -123.42,   7.112,   9.678,   10.71,   11.566,   90.442,   0.931675,   5.782725,   8.427975,    -999999,  79.705,   277.6474939,   0.23396,   0.69704,    -999999,   -999999,  50.38,   410.39,   1.9113,   0.149545,   410.59,   1913.96,   147.38,   329.37,   9.29,   517.94,   -47.48,    -999999,  232.1,   516.03,   3.38,   70.97,   8.64,   0.54,   31.48,   14.79,   104.48,   11.81,   23.9,   21.09,   1.33,   1.04,   3.48,   3.31,   0.41,   2.36,   84.77,   4.69,   2.48,   7.22,   0.36,   1.08,   531.07,   590.22,   69.83,   13.81,   3.05,   350.31,   2048.6,   728.84,   213.76,   98.06,   55.9,   61.74,   99.83,   52.83,   0.19,   0.15,   14.41,   0.64,   29.14,          250.78000  
63207,   66,          1801323.0,         18.000000,  11.95616666,   40.9331437,   275.9695833,   0.9520123318,   903.4,   281.2899939,   289.5742724,   309,   46.22306565,   16.99811644,   236.415421,   0.9362,   122,   130.15332,   124.597368,   0.39,   -0.2,   299.8,   308.38,   -8.58,   0.6,   0.14,   289.56,   276.2899939,   289.8099939,   911,   46.1,   44.86,   174.9,   -124.22,   5.688,   7.74,   10.952,   11.866,   70.684,   0.84054,   5.21724,   7.60776,    -999999,  73.316,   276.1939939,   0.23324,   0.70296,    -999999,   -999999,  52.92,   410.25,   1.91145,   0.14594,   410.59,   1913.96,   147.38,   329.37,   9.29,   517.94,   -47.48,    -999999,  232.1,   516.03,   3.38,   70.97,   8.64,   0.54,   31.48,   14.79,   104.48,   11.81,   23.9,   21.09,   1.33,   1.04,   3.48,   3.31,   0.41,   2.36,   84.77,   4.69,   2.48,   7.22,   0.36,   1.08,   531.07,   590.22,   69.83,   13.81,   3.05,   350.31,   2048.6,   728.84,   213.76,   98.06,   55.9,   61.74,   99.83,   52.83,   0.19,   0.15,   14.41,   0.64,   29.14,          250.78000  
63212,   66,          1801324.0,         18.000000,  11.95717445,   40.93656922,   275.9638667,   0.9497568117,   904,   281.0099939,   289.2311549,   309,   46.22631211,   18.09944209,   235.361987,   0.9316,   122.4,   130.873536,   125.317584,   0.39,   -0.4,   299.02,   308.26,   -9.22,   0.66,   0.54,   289.22,   278.1899939,   289.5499939,   910.4,   46.1,   44.22,   174.94,   -123.42,   6.5,   8.84,   10.73,   11.592,   82.416,   0.9264727273,   5.750654545,   8.384772727,    -999999,  82.52818182,   277.5763575,   0.2322,   0.6994,    -999999,   -999999,  50.76,   410.31,   1.9106,   0.1488105263,   410.59,   1913.96,   147.38,   329.37,   9.29,   517.94,   -47.48,    -999999,  232.1,   516.03,   3.38,   70.97,   8.64,   0.54,   31.48,   14.79,   104.48,   11.81,   23.9,   21.09,   1.33,   1.04,   3.48,   3.31,   0.41,   2.36,   84.77,   4.69,   2.48,   7.22,   0.36,   1.08,   531.07,   590.22,   69.83,   13.81,   3.05,   350.31,   2048.6,   728.84,   213.76,   98.06,   55.9,   61.74,   99.83,   52.83,   0.19,   0.15,   14.41,   0.64,   29.14,          250.78000  
63217,   66,          1801325.0,         18.000000,  11.9581811,   40.9399981,   275.9581332,   0.9488424117,   904,   280.9899939,   289.2105697,   309,   46.22956631,   17.35935794,   235.1654378,   0.9328,   122.6,   130.564872,   125.00892,   0.39,   0.2,   299.4,   308.34,   -8.9,   1.22,   0.9,   289.18,   278.2299939,   289.5499939,   910.4,   46.1,   44.14,   175,   -122.84,   6.514,   8.87,   10.726,   11.58,   82.71,   0.9347,   5.801583333,   8.4567,    -999999,  81.835,   277.6983272,   0.23152,   0.70128,    -999999,   -999999,  51.46,   410.3414286,   1.91095,   0.14715,   410.59,   1913.96,   147.38,   329.37,   9.29,   517.94,   -47.48,    -999999,  232.1,   516.03,   3.38,   70.97,   8.64,   0.54,   31.48,   14.79,   104.48,   11.81,   23.9,   21.09,   1.33,   1.04,   3.48,   3.31,   0.41,   2.36,   84.77,   4.69,   2.48,   7.22,   0.36,   1.08,   531.07,   590.22,   69.83,   13.81,   3.05,   350.31,   2048.6,   728.84,   213.76,   98.06,   55.9,   61.74,   99.83,   52.83,   0.19,   0.15,   14.41,   0.64,   29.14,          250.78000  
