inputs/ACTAMERICA_Merge/C130/ACTAMERICA-mrg05-c130_merge_20171030_R0.ict
145, 1001
Shook, Michael
NASA Atmospheric Composition Branch, NASA Langley Research Center (SSAI)
Merged data file for ACT-AMERICA Fall 2017, Flight 16 (20171030), on the c130 platform. Data is merged to 05 seconds.
NASA ACT-AMERICA Fall 2017
1, 1
2017, 10, 30, 2018, 07, 05
05
UTC,s
106
1, 1, 1, 1, 1, 1, 1, 1, 1, 1, 1, 1, 1, 1, 1, 1, 1, 1, 1, 1, 1, 1, 1, 1, 1, 1, 1, 1, 1, 1, 1, 1, 1, 1, 1, 1, 1, 1, 1, 1, 1, 1, 1, 1, 1, 1, 1, 1, 1, 1, 1, 1, 1, 1, 1, 1, 1, 1, 1, 1, 1, 1, 1, 1, 1, 1, 1, 1, 1, 1, 1, 1, 1, 1, 1, 1, 1, 1, 1, 1, 1, 1, 1, 1, 1, 1, 1, 1, 1, 1, 1, 1, 1, 1, 1, 1, 1, 1, 1, 1, 1, 1, 1, 1, 1, 1
-999999, -999999, -999999, -999999, -999999, -999999, -999999, -999999, -999999, -999999, -999999, -999999, -999999, -999999, -999999, -999999, -999999, -999999, -999999, -999999, -999999, -999999, -999999, -999999, -999999, -999999, -999999, -999999, -999999, -999999, -999999, -999999, -999999, -999999, -999999, -999999, -999999, -999999, -999999, -999999, -999999, -999999, -999999, -999999, -999999, -999999, -999999, -999999, -999999, -999999, -999999, -999999, -999999, -999999, -999999, -999999, -999999, -999999, -999999, -999999, -999999, -999999, -999999, -999999, -999999, -999999, -999999, -999999, -999999, -999999, -999999, -999999, -999999, -999999, -999999, -999999, -999999, -999999, -999999, -999999, -999999, -999999, -999999, -999999, -999999, -999999, -999999, -999999, -999999, -999999, -999999, -999999, -999999, -999999, -999999, -999999, -999999, -999999, -999999, -999999, -999999, -999999, -999999, -999999, -999999, -999999
JDAY, days
INDEX, none
FLIGHT, none
LOCAL_SUN_TIME, hour
LATITUDE, degs
LONGITUDE, degs
ALTP, km
PRESSURE, hPa
TEMPERATURE, K
THETA, K, calculated from ambient temperature and pressure
O3COLUMN, DU, OMI ozone column data extracted along flight track
SZA, deg
WNS, m s-1
WND, Degs
GPS_ALT, km
GRD_SPD, m s-1
TAS, m/s
IAS, m/s
MachNumber, mach
VerticalSpeed, m s-1
HDG, degs
TRK, degs
DriftAngle, degs
PITCH, degs
ROLL, degs
PotentialTemp_Nav, K
Dewpoint, K
TotalAirTemp, K
CabinPressure, hPa
SolarZenithAngle, degs
AircraftSunElevation, degs
SunAzimuth, degs
AircraftSunAzimuth, degs
H2O_MixingRatio_Nav, g kg-1
H2O_VaporPressure_Nav, hPa
H2O_SatVaporPressureWater_Nav, hPa
H2O_SatVaporPressureIce_Nav, hPa
H2O_RelativeHumidity_Nav, %
ManeuverFlag, none
H2O_VolMixingRatio_PICARRO, %
H2O_MassMixingRatio_PICARRO, g kg-1
H2O_VaporPressure_PICARRO, hPa
RHi_PICARRO, %
RHw_PICARRO, %
Dewpoint_PICARRO, K
GPS_ALT, km
GroundElevation-AMSL_GoogleMaps, km
Altitude-AGL_GoogleMaps, km
GroundHeight-AMSL_CPL, km
MLH-AMSL_CPL, km
O3_MixingRatio, ppbv
CO2_DryMoleFrac_PICARRO, ppm
CH4_DryMoleFrac_PICARRO, ppm
CO_DryMoleFrac_PICARRO, ppm
CO2_MoleFraction_PFP, ppm
CH4_MoleFraction_PFP, ppb
CO_MoleFraction_PFP, ppb
N2O_MoleFraction_PFP, ppb
SF6_CCGG_MoleFraction_PFP, ppt
H2_MoleFraction_PFP, ppb
CH4C13_PFP, permil
CO2C14_PFP, permil
F11B_MoleFraction_PFP, ppt
FC12_MoleFraction_PFP, ppt
F13_MoleFraction_PFP, ppt
F113_MoleFraction_PFP, ppt
F115_MoleFraction_PFP, ppt
HF133a_MoleFraction_PFP, ppt
F23_MoleFraction_PFP, ppt
F32_MoleFraction_PFP, ppt
F134A_MoleFraction_PFP, ppt
F152A_MoleFraction_PFP, ppt
F125_MoleFraction_PFP, ppt
F143a_MoleFraction_PFP, ppt
F227e_MoleFraction_PFP, ppt
F365m_MoleFraction_PFP, ppt
H1211_MoleFraction_PFP, ppt
H1301_MoleFraction_PFP, ppt
[...]
[from data line 241]
58562,   303,          1600242.0,         16.000000,  9.856423748,   39.63129044,   263.8276062,   2.110435226,   783.4,   264.0899939,   283.1668158,   271,   61.2169544,   18.95503334,   327.945695,   2.1036,   136.22,   118.166868,   108.9686808,   0.362,   -0.24,   165.02,   162.68,   2.3,   2.06,   -0.92,   283.12,   260.2699939,   271.0699939,   918,   59.7,   28.66,   147.9,   -15.98,   1.944,   2.3,   3.114,   2.854,   73.834,    -999999,  0.30594,   1.89894,   2.39898,   83.056,   76.236,   260.9279939,   2.1036,   0.41352,   1.69268,   0.5469498,   1.28914,   34.32,   407.9471429,   1.94195,   0.1096294118,    -999999,   -999999,   -999999,   -999999,   -999999,   -999999,   -999999,   -999999,   -999999,   -999999,   -999999,   -999999,   -999999,   -999999,   -999999,   -999999,   -999999,   -999999,   -999999,   -999999,   -999999,   -999999,   -999999,   -999999,   -999999,   -999999,   -999999,   -999999,   -999999,   -999999,   -999999,   -999999,   -999999,   -999999,   -999999,   -999999,   -999999,   -999999,   -999999,   -999999,   -999999,   -999999,   -999999,   -999999,   -999999,   -999999,   -999999,   -999999,   -999999,   -999999,   -999999,     -999999  
58567,   303,          1600243.0,         16.000000,  9.857968274,   39.62545394,   263.8299408,   2.107448186,   784,   264.1699939,   283.1906421,   271,   61.20171931,   18.57784416,   327.6033014,   2.1012,   136.6,   118.9693944,   109.730052,   0.368,   -0.24,   165.1,   162.78,   2.32,   1.86,   0.28,   283.16,   259.8499939,   271.2099939,   918,   59.7,   28.58,   147.9,   -16.66,   1.88,   2.222,   3.134,   2.874,   70.932,    -999999,  0.31848,   1.97666,   2.49644,   87.928,   80.556,   261.4039939,   2.1012,   0.40816,   1.69524,   0.544713,   1.28914,   33.74,   407.9625,   1.941844444,   0.1125117647,    -999999,   -999999,   -999999,   -999999,   -999999,   -999999,   -999999,   -999999,   -999999,   -999999,   -999999,   -999999,   -999999,   -999999,   -999999,   -999999,   -999999,   -999999,   -999999,   -999999,   -999999,   -999999,   -999999,   -999999,   -999999,   -999999,   -999999,   -999999,   -999999,   -999999,   -999999,   -999999,   -999999,   -999999,   -999999,   -999999,   -999999,   -999999,   -999999,   -999999,   -999999,   -999999,   -999999,   -999999,   -999999,   -999999,   -999999,   -999999,   -999999,   -999999,   -999999,     -999999  
58572,   303,          1600244.0,         16.000000,  9.859515092,   39.6195488,   263.8323097,   2.108484506,   784,   264.4699939,   283.5122425,   271,   61.18641625,   19.27907574,   329.8227182,   2.1014,   136.8,   118.2491784,   108.9686808,   0.36,   0.1,   164.92,   162.84,   2.08,   2.4,   -0.36,   283.52,   259.3299939,   271.4299939,   918.6,   59.7,   28.24,   147.92,   -16.18,   1.804,   2.134,   3.216,   2.96,   66.35,    -999999,  0.3370111111,   2.091822222,   2.642655556,   93.07666667,   85.27333333,   262.1333272,   2.1014,   0.417,   1.6838,   0.5417222,   1.28914,   31.66,   407.9314286,   1.942833333,   0.1141294118,    -999999,   -999999,   -999999,   -999999,   -999999,   -999999,   -999999,   -999999,   -999999,   -999999,   -999999,   -999999,   -999999,   -999999,   -999999,   -999999,   -999999,   -999999,   -999999,   -999999,   -999999,   -999999,   -999999,   -999999,   -999999,   -999999,   -999999,   -999999,   -999999,   -999999,   -999999,   -999999,   -999999,   -999999,   -999999,   -999999,   -999999,   -999999,   -999999,   -999999,   -999999,   -999999,   -999999,   -999999,   -999999,   -999999,   -999999,   -999999,   -999999,   -999999,   -999999,     -999999  
58577,   303,          1600245.0,         16.000000,  9.861061912,   39.61367796,   263.8346787,   2.110740026,   783.4,   264.8699939,   284.00316,   271,   61.17114399,   19.31838786,   329.7532144,   2.1026,   136.82,   118.2491784,   108.8760816,   0.36,   0.34,   164.72,   162.62,   2.06,   2.28,   -0.08,   283.96,   258.2499939,   271.8899939,   919.2,   59.7,   28.24,   148,   -16.02,   1.65,   1.952,   3.316,   3.066,   58.786,    -999999,  0.3449444444,   2.141066667,   2.705855556,   96.54111111,   88.32444444,   262.431105,   2.1026,   0.41602,   1.68258,   0.5361034,   1.28914,   34.08,   407.95,   1.94285,   0.111,    -999999,   -999999,   -999999,   -999999,   -999999,   -999999,   -999999,   -999999,   -999999,   -999999,   -999999,   -999999,   -999999,   -999999,   -999999,   -999999,   -999999,   -999999,   -999999,   -999999,   -999999,   -999999,   -999999,   -999999,   -999999,   -999999,   -999999,   -999999,   -999999,   -999999,   -999999,   -999999,   -999999,   -999999,   -999999,   -999999,   -999999,   -999999,   -999999,   -999999,   -999999,   -999999,   -999999,   -999999,   -999999,   -999999,   -999999,   -999999,   -999999,   -999999,   -999999,     -999999  
58582,   303,          1600246.0,         16.000000,  9.862608726,   39.60777284,   263.8370476,   2.112142106,   783.2,   265.3099939,   284.4956974,   271,   61.15584715,   19.51212266,   324.3269626,   2.1036,   137.12,   118.9693944,   109.4625432,   0.366,   0.04,   165.76,   162.78,   2.98,   1.98,   0.42,   284.46,   256.0899939,   272.4099939,   919.6,   59.7,   28.44,   148,   -17.28,   1.38,   1.63,   3.432,   3.184,   47.526,    -999999,  0.3411333333,   2.1173,   2.676333333,   95.93666667,   87.72555556,   262.2922161,   2.1036,   0.40414,   1.69806,   0.515159,   1.28914,   32.48,   407.91,   1.942845455,   0.1148,    -999999,   -999999,   -999999,   -999999,   -999999,   -999999,   -999999,   -999999,   -999999,   -999999,   -999999,   -999999,   -999999,   -999999,   -999999,   -999999,   -999999,   -999999,   -999999,   -999999,   -999999,   -999999,   -999999,   -999999,   -999999,   -999999,   -999999,   -999999,   -999999,   -999999,   -999999,   -999999,   -999999,   -999999,   -999999,   -999999,   -999999,   -999999,   -999999,   -999999,   -999999,   -999999,   -999999,   -999999,   -999999,   -999999,   -999999,   -999999,   -999999,   -999999,   -999999,     -999999  
58587,   303,          1600247.0,         16.000000,  9.864153255,   39.601902,   263.8393822,   2.114946266,   783,   264.3099939,   283.4440653,   271,   61.14059667,   17.77815738,   325.2224006,   2.1044,   137.12,   120.4921368,   111.0367296,   0.37,   0.32,   165.38,   162.84,   2.52,   2.3,   -0.58,   283.42,   259.0099939,   271.5699939,   919.6,   59.62,   28.44,   148,   -16.4,   1.762,   2.086,   3.176,   2.916,   65.794,    -999999,  0.3334181818,   2.069554545,   2.6154,   93.75545455,   85.72818182,   262.0027212,   2.1044,   0.40114,   1.70286,   0.5164628,   1.28914,   35.52,   407.905,   1.9428,   0.1137,    -999999,   -999999,   -999999,   -999999,   -999999,   -999999,   -999999,   -999999,   -999999,   -999999,   -999999,   -999999,   -999999,   -999999,   -999999,   -999999,   -999999,   -999999,   -999999,   -999999,   -999999,   -999999,   -999999,   -999999,   -999999,   -999999,   -999999,   -999999,   -999999,   -999999,   -999999,   -999999,   -999999,   -999999,   -999999,   -999999,   -999999,   -999999,   -999999,   -999999,   -999999,   -999999,   -999999,   -999999,   -999999,   -999999,   -999999,   -999999,   -999999,   -999999,   -999999,     -999999  
58592,   303,          1600248.0,         16.000000,  9.865695496,   39.59613418,   263.8416824,   2.112507866,   783.2,   264.5499939,   283.6807386,   271,   61.12544817,   18.82411957,   326.2842216,   2.1052,   137.18,   119.4323904,   110.0181384,   0.37,   -0.26,   165.14,   162.62,   2.52,   1.8,   -0.6,   283.64,   262.1699939,   271.6299939,   920,   59.6,   28.9,   148,   -16.3,   2.266,   2.68,   3.232,   2.974,   82.958,    -999999,  0.3206777778,   1.990388889,   2.514544444,   91.19333333,   83.28,   261.5099939,   2.1052,   0.39344,   1.71016,   0.5154404,   1.28914,   34.04,   407.965,   1.94255,   0.113765,    -999999,   -999999,   -999999,   -999999,   -999999,   -999999,   -999999,   -999999,   -999999,   -999999,   -999999,   -999999,   -999999,   -999999,   -999999,   -999999,   -999999,   -999999,   -999999,   -999999,   -999999,   -999999,   -999999,   -999999,   -999999,   -999999,   -999999,   -999999,   -999999,   -999999,   -999999,   -999999,   -999999,   -999999,   -999999,   -999999,   -999999,   -999999,   -999999,   -999999,   -999999,   -999999,   -999999,   -999999,   -999999,   -999999,   -999999,   -999999,   -999999,   -999999,   -999999,     -999999  
58597,   303,          1600249.0,         16.000000,  9.867249178,   39.59012602,   263.8441543,   2.110374266,   783.4,   264.6099939,   283.7243786,   271,   61.11003063,   18.03806613,   323.9548886,   2.1018,   137.7,   121.0168656,   111.4894368,   0.37,   -0.74,   165.5,   162.78,   2.72,   1.52,   0.72,   283.72,   258.8499939,   271.9299939,   920.4,   59.6,   28.86,   148.06,   -17.14,   1.742,   2.062,   3.256,   2.998,   63.366,    -999999,  0.313,   1.94266,   2.45426,   89.284,   81.508,   261.2059939,   2.1018,   0.40018,   1.70102,   0.513006,   1.28914,   33.74,   408.02,   1.943,   0.114905,    -999999,   -999999,   -999999,   -999999,   -999999,   -999999,   -999999,   -999999,   -999999,   -999999,   -999999,   -999999,   -999999,   -999999,   -999999,   -999999,   -999999,   -999999,   -999999,   -999999,   -999999,   -999999,   -999999,   -999999,   -999999,   -999999,   -999999,   -999999,   -999999,   -999999,   -999999,   -999999,   -999999,   -999999,   -999999,   -999999,   -999999,   -999999,   -999999,   -999999,   -999999,   -999999,   -999999,   -999999,   -999999,   -999999,   -999999,   -999999,   -999999,   -999999,   -999999,     -999999  
58602,   303,          1600250.0,         16.000000,  9.868795996,   39.58415224,   263.8465233,   2.110435226,   783.6,   264.5699939,   283.6608002,   271,   61.09469062,   18.7194517,   324.0481895,   2.1024,   137.88,   120.5024256,   111.0264408,   0.37,   0.46,   165.44,   162.66,   2.82,   2.2,   -0.92,   283.62,   259.5499939,   271.7899939,   921,   59.6,   28.68,   148.1,   -16.24,   1.84,   2.176,   3.232,   2.98,   67.234,    -999999,  0.2934416667,   1.821341667,   2.301358333,   81.82833333,   74.88916667,   260.4066606,   2.1024,   0.39236,   1.70904,   0.5138268,   1.28914,   35.7,   408.0971429,   1.943211111,   0.1167578947,    -999999,   -999999,   -999999,   -999999,   -999999,   -999999,   -999999,   -999999,   -999999,   -999999,   -999999,   -999999,   -999999,   -999999,   -999999,   -999999,   -999999,   -999999,   -999999,   -999999,   -999999,   -999999,   -999999,   -999999,   -999999,   -999999,   -999999,   -999999,   -999999,   -999999,   -999999,   -999999,   -999999,   -999999,   -999999,   -999999,   -999999,   -999999,   -999999,   -999999,   -999999,   -999999,   -999999,   -999999,   -999999,   -999999,   -999999,   -999999,   -999999,   -999999,   -999999,     -999999  
58607,   303,          1600251.0,         16.000000,  9.870345104,   39.57824706,   263.8489266,   2.113239386,   783.2,   264.4499939,   283.5735072,   271,   61.07939369,   17.59820018,   322.2565338,   2.1048,   137.84,   121.716504,   112.1582088,   0.372,   0.5,   165.46,   162.6,   2.84,   1.96,   0,   283.54,   258.4699939,   271.8499939,   920.4,   59.6,   28.64,   148.1,   -16.84,   1.684,   1.99,   3.206,   2.952,   62.084,    -999999,  0.237125,   1.471775,   1.8599,   65.205,   59.7675,   257.7799939,   2.1048,   0.40088,   1.70172,   0.5153574,   1.28914,   34.66,   408.345,   1.94405,   0.11615,    -999999,   -999999,   -999999,   -999999,   -999999,   -999999,   -999999,   -999999,   -999999,   -999999,   -999999,   -999999,   -999999,   -999999,   -999999,   -999999,   -999999,   -999999,   -999999,   -999999,   -999999,   -999999,   -999999,   -999999,   -999999,   -999999,   -999999,   -999999,   -999999,   -999999,   -999999,   -999999,   -999999,   -999999,   -999999,   -999999,   -999999,   -999999,   -999999,   -999999,   -999999,   -999999,   -999999,   -999999,   -999999,   -999999,   -999999,   -999999,   -999999,   -999999,   -999999,     -999999  
58612,   303,          1600252.0,         16.000000,  9.871894208,   39.5723076,   263.8513298,   2.111776346,   783.2,   264.2299939,   283.337598,   271,   61.06407215,   16.81158255,   326.1387506,   2.1036,   137.7,   121.9428576,   112.4257176,   0.372,   -0.32,   164.98,   162.74,   2.2,   1.96,   0.32,   283.32,   260.7299939,   271.7099939,   920.4,   59.6,   28.58,   148.1,   -16.34,   2.018,   2.388,   3.16,   2.902,   75.57,    -999999,  0.30596,   1.89908,   2.39948,   81.498,   74.964,   260.9119939,   2.1036,   0.40574,   1.69786,   0.5153714,   1.28914,   34.74,   408.315,   1.9435,   0.1128,    -999999,   -999999,   -999999,   -999999,   -999999,   -999999,   -999999,   -999999,   -999999,   -999999,   -999999,   -999999,   -999999,   -999999,   -999999,   -999999,   -999999,   -999999,   -999999,   -999999,   -999999,   -999999,   -999999,   -999999,   -999999,   -999999,   -999999,   -999999,   -999999,   -999999,   -999999,   -999999,   -999999,   -999999,   -999999,   -999999,   -999999,   -999999,   -999999,   -999999,   -999999,   -999999,   -999999,   -999999,   -999999,   -999999,   -999999,   -999999,   -999999,   -999999,   -999999,     -999999  
58617,   303,          1600253.0,         16.000000,  9.873441027,   39.56640244,   263.8536987,   2.114214746,   783,   264.2899939,   283.4226175,   271,   61.048797,   17.13750624,   324.1704622,   2.1022,   137.7,   121.8091032,   112.2919632,   0.37,   -0.16,   165.28,   162.72,   2.52,   1.96,   -0.72,   283.36,   259.4699939,   271.7099939,   921,   59.6,   28.9,   148.1,   -16.14,   1.824,   2.152,   3.162,   2.906,   68.066,    -999999,  0.3146444444,   1.953,   2.4672,   80.77,   74.6,   261.2622161,   2.1022,   0.40074,   1.70366,   0.5174226,   1.28914,   33.72,   408.015,   1.9427,   0.1173,    -999999,   -999999,   -999999,   -999999,   -999999,   -999999,   -999999,   -999999,   -999999,   -999999,   -999999,   -999999,   -999999,   -999999,   -999999,   -999999,   -999999,   -999999,   -999999,   -999999,   -999999,   -999999,   -999999,   -999999,   -999999,   -999999,   -999999,   -999999,   -999999,   -999999,   -999999,   -999999,   -999999,   -999999,   -999999,   -999999,   -999999,   -999999,   -999999,   -999999,   -999999,   -999999,   -999999,   -999999,   -999999,   -999999,   -999999,   -999999,   -999999,   -999999,   -999999,     -999999  
