inputs/ACTAMERICA_Merge/C130/ACTAMERICA-mrg05-c130_merge_20171110_R0.ict
145, 1001
Shook, Michael
NASA Atmospheric Composition Branch, NASA Langley Research Center (SSAI)
Merged data file for ACT-AMERICA Fall 2017, Flight 22 (20171110), on the c130 platform. Data is merged to 05 seconds.
NASA ACT-AMERICA Fall 2017
1, 1
2017, 11, 10, 2018, 07, 05
05
UTC,s
106
1, 1, 1, 1, 1, 1, 1, 1, 1, 1, 1, 1, 1, 1, 1, 1, 1, 1, 1, 1, 1, 1, 1, 1, 1, 1, 1, 1, 1, 1, 1, 1, 1, 1, 1, 1, 1, 1, 1, 1, 1, 1, 1, 1, 1, 1, 1, 1, 1, 1, 1, 1, 1, 1, 1, 1, 1, 1, 1, 1, 1, 1, 1, 1, 1, 1, 1, 1, 1, 1, 1, 1, 1, 1, 1, 1, 1, 1, 1, 1, 1, 1, 1, 1, 1, 1, 1, 1, 1, 1, 1, 1, 1, 1, 1, 1, 1, 1, 1, 1, 1, 1, 1, 1, 1, 1
-999999, -999999, -999999, -999999, -999999, -999999, -999999, -999999, -999999, -999999, -999999, -999999, -999999, -999999, -999999, -999999, -999999, -999999, -999999, -999999, -999999, -999999, -999999, -999999, -999999, -999999, -999999, -999999, -999999, -999999, -999999, -999999, -999999, -999999, -999999, -999999, -999999, -999999, -999999, -999999, -999999, -999999, -999999, -999999, -999999, -999999, -999999, -999999, -999999, -999999, -999999, -999999, -999999, -999999, -999999, -999999, -999999, -999999, -999999, -999999, -999999, -999999, -999999, -999999, -999999, -999999, -999999, -999999, -999999, -999999, -999999, -999999, -999999, -999999, -999999, -999999, -999999, -999999, -999999, -999999, -999999, -999999, -999999, -999999, -999999, -999999, -999999, -999999, -999999, -999999, -999999, -999999, -999999, -999999, -999999, -999999, -999999, -999999, -999999, -999999, -999999, -999999, -999999, -999999, -999999, -999999
JDAY, days
INDEX, none
FLIGHT, none
LOCAL_SUN_TIME, hour
LATITUDE, degs
LONGITUDE, degs
ALTP, km
PRESSURE, hPa
TEMPERATURE, K
THETA, K, calculated from ambient temperature and pressure
O3COLUMN, DU, OMI ozone column data extracted along flight track
SZA, deg
WNS, m s-1
WND, Degs
GPS_ALT, km
GRD_SPD, m s-1
TAS, m/s
IAS, m/s
MachNumber, mach
VerticalSpeed, m s-1
HDG, degs
TRK, degs
DriftAngle, degs
PITCH, degs
ROLL, degs
PotentialTemp_Nav, K
Dewpoint, K
TotalAirTemp, K
CabinPressure, hPa
SolarZenithAngle, degs
AircraftSunElevation, degs
SunAzimuth, degs
AircraftSunAzimuth, degs
H2O_MixingRatio_Nav, g kg-1
H2O_VaporPressure_Nav, hPa
H2O_SatVaporPressureWater_Nav, hPa
H2O_SatVaporPressureIce_Nav, hPa
H2O_RelativeHumidity_Nav, %
ManeuverFlag, none
H2O_VolMixingRatio_PICARRO, %
H2O_MassMixingRatio_PICARRO, g kg-1
H2O_VaporPressure_PICARRO, hPa
RHi_PICARRO, %
RHw_PICARRO, %
Dewpoint_PICARRO, K
GPS_ALT, km
GroundElevation-AMSL_GoogleMaps, km
Altitude-AGL_GoogleMaps, km
GroundHeight-AMSL_CPL, km
MLH-AMSL_CPL, km
O3_MixingRatio, ppbv
CO2_DryMoleFrac_PICARRO, ppm
CH4_DryMoleFrac_PICARRO, ppm
CO_DryMoleFrac_PICARRO, ppm
CO2_MoleFraction_PFP, ppm
CH4_MoleFraction_PFP, ppb
CO_MoleFraction_PFP, ppb
N2O_MoleFraction_PFP, ppb
SF6_CCGG_MoleFraction_PFP, ppt
H2_MoleFraction_PFP, ppb
CH4C13_PFP, permil
CO2C14_PFP, permil
F11B_MoleFraction_PFP, ppt
FC12_MoleFraction_PFP, ppt
F13_MoleFraction_PFP, ppt
F113_MoleFraction_PFP, ppt
F115_MoleFraction_PFP, ppt
HF133a_MoleFraction_PFP, ppt
F23_MoleFraction_PFP, ppt
F32_MoleFraction_PFP, ppt
F134A_MoleFraction_PFP, ppt
F152A_MoleFraction_PFP, ppt
F125_MoleFraction_PFP, ppt
F143a_MoleFraction_PFP, ppt
F227e_MoleFraction_PFP, ppt
F365m_MoleFraction_PFP, ppt
H1211_MoleFraction_PFP, ppt
H1301_MoleFraction_PFP, ppt
[...]
[from data line 2441]
76172,   314,          2202442.0,         22.000000,  15.0719019,   34.12268004,   268.6847785,   4.808646779,   553.2,   268.8899939,   318.4467943,   285,   67.44651804,   14.01967529,   268.8643405,   5.007,   146.48,   157.5318168,   122.0971896,   0.48,   0.72,   235.18,   232.24,   2.94,   0.72,   0.68,   318.34,   240.9899939,   281.2899939,   867.2,   70,   18.98,   -129.1,   -4.2,   0.506,   0.42,   4.51,   4.33,   9.328,    -999999,  0.10605,   0.65815,   0.58965,   14.065,   13.4625,   244.6524939,   5.007,   0.05412,   4.95288,   0.1821944,   0.8994,   47.62,   404.76,   1.884245455,   0.08227894737,    -999999,   -999999,   -999999,   -999999,   -999999,   -999999,   -999999,   -999999,   -999999,   -999999,   -999999,   -999999,   -999999,   -999999,   -999999,   -999999,   -999999,   -999999,   -999999,   -999999,   -999999,   -999999,   -999999,   -999999,   -999999,   -999999,   -999999,   -999999,   -999999,   -999999,   -999999,   -999999,   -999999,   -999999,   -999999,   -999999,   -999999,   -999999,   -999999,   -999999,   -999999,   -999999,   -999999,   -999999,   -999999,   -999999,   -999999,   -999999,   -999999,   -999999,   -999999,     -999999  
76177,   314,          2202443.0,         22.000000,  15.07287329,   34.11864096,   268.678516,   4.811329019,   553,   268.9499939,   318.5507613,   285,   67.45281726,   14.21952164,   269.9641382,   5.0098,   146.22,   157.3054632,   121.8811248,   0.48,   0.44,   235.24,   232.16,   3.08,   0.7,   0.24,   318.52,   241.4699939,   281.3499939,   866.8,   70,   19.02,   -129.1,   -4.16,   0.53,   0.442,   4.54,   4.366,   9.718,    -999999,  0.10685,   0.663175,   0.593925,   14.165,   13.5625,   244.7824939,   5.0098,   0.05344,   4.95636,   0.1841132,   0.8994,   43.66,   404.7214286,   1.881727273,   0.07762222222,    -999999,   -999999,   -999999,   -999999,   -999999,   -999999,   -999999,   -999999,   -999999,   -999999,   -999999,   -999999,   -999999,   -999999,   -999999,   -999999,   -999999,   -999999,   -999999,   -999999,   -999999,   -999999,   -999999,   -999999,   -999999,   -999999,   -999999,   -999999,   -999999,   -999999,   -999999,   -999999,   -999999,   -999999,   -999999,   -999999,   -999999,   -999999,   -999999,   -999999,   -999999,   -999999,   -999999,   -999999,   -999999,   -999999,   -999999,   -999999,   -999999,   -999999,   -999999,     -999999  
76182,   314,          2202444.0,         22.000000,  15.07384566,   34.11459506,   268.6722683,   4.8145599,   553,   268.9099939,   318.5033844,   285,   67.45912387,   13.81360898,   267.8867951,   5.0102,   146.24,   157.2848856,   121.8399696,   0.48,   -0.32,   234.96,   232.1,   2.82,   0.26,   1.16,   318.44,   242.7099939,   281.2699939,   866.8,   70,   19.28,   -129.1,   -4.18,   0.594,   0.496,   4.514,   4.336,   10.97,    -999999,  0.09676666667,   0.6006333333,   0.5378,   12.82666667,   12.28,   243.7233272,   5.0102,   0.05286,   4.95734,   0.1831508,   0.8994,   44.58,   404.7628571,   1.88384,   0.08,    -999999,   -999999,   -999999,   -999999,   -999999,   -999999,   -999999,   -999999,   -999999,   -999999,   -999999,   -999999,   -999999,   -999999,   -999999,   -999999,   -999999,   -999999,   -999999,   -999999,   -999999,   -999999,   -999999,   -999999,   -999999,   -999999,   -999999,   -999999,   -999999,   -999999,   -999999,   -999999,   -999999,   -999999,   -999999,   -999999,   -999999,   -999999,   -999999,   -999999,   -999999,   -999999,   -999999,   -999999,   -999999,   -999999,   -999999,   -999999,   -999999,   -999999,   -999999,     -999999  
76187,   314,          2202445.0,         22.000000,  15.07481748,   34.11055062,   268.6660121,   4.809987899,   553.2,   268.9499939,   318.5178524,   285,   67.46542918,   13.79575815,   267.2981369,   5.0068,   146.44,   157.5523944,   122.0971896,   0.48,   -0.84,   234.98,   232.2,   2.8,   0.24,   0.86,   318.46,   243.9099939,   281.3499939,   866.6,   70,   19.48,   -129.1,   -4.12,   0.664,   0.556,   4.528,   4.35,   12.254,    -999999,  0.09205,   0.5712583333,   0.5114583333,   12.19833333,   11.67833333,   243.1816606,   5.0068,   0.05296,   4.95384,   0.2032696,   0.8994,   44.58,   404.7857143,   1.88505,   0.07715789474,    -999999,   -999999,   -999999,   -999999,   -999999,   -999999,   -999999,   -999999,   -999999,   -999999,   -999999,   -999999,   -999999,   -999999,   -999999,   -999999,   -999999,   -999999,   -999999,   -999999,   -999999,   -999999,   -999999,   -999999,   -999999,   -999999,   -999999,   -999999,   -999999,   -999999,   -999999,   -999999,   -999999,   -999999,   -999999,   -999999,   -999999,   -999999,   -999999,   -999999,   -999999,   -999999,   -999999,   -999999,   -999999,   -999999,   -999999,   -999999,   -999999,   -999999,   -999999,     -999999  
76192,   314,          2202446.0,         22.000000,  15.0757885,   34.10650608,   268.6597441,   4.804440539,   554,   268.9099939,   318.3390167,   285,   67.47172997,   13.45902292,   265.9044588,   5.0036,   146.52,   157.521528,   122.1177672,   0.48,   -0.26,   234.82,   232.22,   2.66,   0.48,   0.84,   318.34,   244.3499939,   281.3099939,   866.6,   70,   19.3,   -129.1,   -3.92,   0.69,   0.578,   4.514,   4.338,   12.778,    -999999,  0.08645,   0.536575,   0.480675,   11.465,   10.975,   242.5349939,   5.0036,   0.05368,   4.94992,   0.2009766,   0.8634238,   46.36,   404.8214286,   1.8868,   0.07987368421,    -999999,   -999999,   -999999,   -999999,   -999999,   -999999,   -999999,   -999999,   -999999,   -999999,   -999999,   -999999,   -999999,   -999999,   -999999,   -999999,   -999999,   -999999,   -999999,   -999999,   -999999,   -999999,   -999999,   -999999,   -999999,   -999999,   -999999,   -999999,   -999999,   -999999,   -999999,   -999999,   -999999,   -999999,   -999999,   -999999,   -999999,   -999999,   -999999,   -999999,   -999999,   -999999,   -999999,   -999999,   -999999,   -999999,   -999999,   -999999,   -999999,   -999999,   -999999,     -999999  
76197,   314,          2202447.0,         22.000000,  15.07675942,   34.10246282,   268.6534746,   4.808585819,   553.4,   268.8499939,   318.3665407,   285,   67.47803358,   13.37865203,   266.0276568,   5.0048,   146.46,   157.3877736,   121.9943016,   0.48,   0.58,   234.8,   232.2,   2.62,   0.72,   0.6,   318.36,   243.8899939,   281.2499939,   866.8,   70,   19.02,   -129.1,   -3.88,   0.66,   0.552,   4.504,   4.324,   12.28,    -999999,  0.08395,   0.521125,   0.466975,   11.14,   10.6625,   242.2299939,   5.0048,   0.05478,   4.95002,   0.1795826,   0.839439,   46.16,   404.83,   1.8878,   0.08306,    -999999,   -999999,   -999999,   -999999,   -999999,   -999999,   -999999,   -999999,   -999999,   -999999,   -999999,   -999999,   -999999,   -999999,   -999999,   -999999,   -999999,   -999999,   -999999,   -999999,   -999999,   -999999,   -999999,   -999999,   -999999,   -999999,   -999999,   -999999,   -999999,   -999999,   -999999,   -999999,   -999999,   -999999,   -999999,   -999999,   -999999,   -999999,   -999999,   -999999,   -999999,   -999999,   -999999,   -999999,   -999999,   -999999,   -999999,   -999999,   -999999,   -999999,   -999999,     -999999  
76202,   314,          2202448.0,         22.000000,  15.07773123,   34.09841724,   268.6472184,   4.807671419,   553.6,   268.9099939,   318.404718,   285,   67.48434677,   13.31920186,   265.5246249,   5.0074,   146.28,   157.1717088,   121.819392,   0.48,   0.5,   234.7,   232.08,   2.62,   0.7,   0.56,   318.36,   242.8899939,   281.2099939,   866.4,   70,   19.02,   -129,   -3.64,   0.604,   0.504,   4.506,   4.33,   11.192,    -999999,  0.08875,   0.550825,   0.49345,   11.77,   11.265,   242.7974939,   5.0074,   0.05382,   4.95358,   0.181325,   0.839439,   43.66,   404.8014286,   1.886555556,   0.08376842105,    -999999,   -999999,   -999999,   -999999,   -999999,   -999999,   -999999,   -999999,   -999999,   -999999,   -999999,   -999999,   -999999,   -999999,   -999999,   -999999,   -999999,   -999999,   -999999,   -999999,   -999999,   -999999,   -999999,   -999999,   -999999,   -999999,   -999999,   -999999,   -999999,   -999999,   -999999,   -999999,   -999999,   -999999,   -999999,   -999999,   -999999,   -999999,   -999999,   -999999,   -999999,   -999999,   -999999,   -999999,   -999999,   -999999,   -999999,   -999999,   -999999,   -999999,   -999999,     -999999  
76207,   314,          2202449.0,         22.000000,  15.07870388,   34.09436706,   268.6409748,   4.809012539,   553.4,   268.8499939,   318.3665407,   285,   67.49066761,   13.53716451,   265.4481932,   5.0074,   146.22,   157.2848856,   121.9119912,   0.48,   -0.24,   234.68,   232.04,   2.62,   0.38,   1.1,   318.34,   241.7499939,   281.2099939,   866.2,   70,   19.18,   -129,   -3.8,   0.54,   0.45,   4.5,   4.322,   10.038,    -999999,  0.09026666667,   0.5604666667,   0.5019666667,   11.97333333,   11.46333333,   242.9899939,   5.0074,   0.05426,   4.95314,   0.1811398,   0.839439,   45.5,   404.7771429,   1.885955556,   0.082095,    -999999,   -999999,   -999999,   -999999,   -999999,   -999999,   -999999,   -999999,   -999999,   -999999,   -999999,   -999999,   -999999,   -999999,   -999999,   -999999,   -999999,   -999999,   -999999,   -999999,   -999999,   -999999,   -999999,   -999999,   -999999,   -999999,   -999999,   -999999,   -999999,   -999999,   -999999,   -999999,   -999999,   -999999,   -999999,   -999999,   -999999,   -999999,   -999999,   -999999,   -999999,   -999999,   -999999,   -999999,   -999999,   -999999,   -999999,   -999999,   -999999,   -999999,   -999999,     -999999  
76212,   314,          2202450.0,         22.000000,  15.07967612,   34.09032132,   268.6347251,   4.809500219,   553.2,   268.8499939,   318.3994222,   285,   67.49699047,   13.55803093,   265.4103734,   5.005,   146.36,   157.5009504,   122.0663232,   0.48,   -0.66,   234.78,   232.16,   2.64,   0.36,   1.1,   318.32,   240.8899939,   281.2499939,   866.8,   70,   19.3,   -129,   -3.84,   0.496,   0.418,   4.496,   4.318,   9.244,    -999999,  0.09803333333,   0.6085,   0.5449333333,   12.99666667,   12.44444444,   243.8555495,   5.005,   0.05442,   4.95058,   0.2074894,   0.893404,   45.62,   404.735,   1.8837,   0.07789,    -999999,   -999999,   -999999,   -999999,   -999999,   -999999,   -999999,   -999999,   -999999,   -999999,   -999999,   -999999,   -999999,   -999999,   -999999,   -999999,   -999999,   -999999,   -999999,   -999999,   -999999,   -999999,   -999999,   -999999,   -999999,   -999999,   -999999,   -999999,   -999999,   -999999,   -999999,   -999999,   -999999,   -999999,   -999999,   -999999,   -999999,   -999999,   -999999,   -999999,   -999999,   -999999,   -999999,   -999999,   -999999,   -999999,   -999999,   -999999,   -999999,   -999999,   -999999,     -999999  
76217,   314,          2202451.0,         22.000000,  15.08064749,   34.08628334,   268.6284624,   4.806817979,   553.6,   268.9899939,   318.4994425,   285,   67.50331339,   13.99879934,   265.9374354,   5.003,   146.3,   157.7890368,   122.3029656,   0.48,   -0.12,   235.04,   232.28,   2.74,   0.62,   0.8,   318.44,   240.6099939,   281.3499939,   867,   70,   19.14,   -129,   -4.04,   0.484,   0.404,   4.536,   4.36,   8.924,    -999999,  0.109125,   0.677375,   0.60685,   14.475,   13.8525,   245.0074939,   5.003,   0.05458,   4.94842,   0.2072922,   0.8934036,   45.42,   404.68,   1.8813,   0.08048947368,    -999999,   -999999,   -999999,   -999999,   -999999,   -999999,   -999999,   -999999,   -999999,   -999999,   -999999,   -999999,   -999999,   -999999,   -999999,   -999999,   -999999,   -999999,   -999999,   -999999,   -999999,   -999999,   -999999,   -999999,   -999999,   -999999,   -999999,   -999999,   -999999,   -999999,   -999999,   -999999,   -999999,   -999999,   -999999,   -999999,   -999999,   -999999,   -999999,   -999999,   -999999,   -999999,   -999999,   -999999,   -999999,   -999999,   -999999,   -999999,   -999999,   -999999,   -999999,     -999999  
76222,   314,          2202452.0,         22.000000,  15.08161897,   34.08225056,   268.6222012,   4.807671419,   553.6,   269.0499939,   318.5704859,   285,   67.50964357,   13.93945867,   265.961256,   5.005,   146.2,   157.5832608,   122.1177672,   0.48,   0.62,   234.92,   232.18,   2.74,   0.68,   0.16,   318.54,   241.3499939,   281.3499939,   866.6,   70,   18.92,   -129,   -3.8,   0.52,   0.434,   4.556,   4.386,   9.538,    -999999,  0.106575,   0.661425,   0.59265,   13.805,   13.25,   244.7599939,   5.005,   0.05466,   4.95034,   0.1909596,   0.929379,   41.2,   404.67,   1.881266667,   0.077855,    -999999,   -999999,   -999999,   -999999,   -999999,   -999999,   -999999,   -999999,   -999999,   -999999,   -999999,   -999999,   -999999,   -999999,   -999999,   -999999,   -999999,   -999999,   -999999,   -999999,   -999999,   -999999,   -999999,   -999999,   -999999,   -999999,   -999999,   -999999,   -999999,   -999999,   -999999,   -999999,   -999999,   -999999,   -999999,   -999999,   -999999,   -999999,   -999999,   -999999,   -999999,   -999999,   -999999,   -999999,   -999999,   -999999,   -999999,   -999999,   -999999,   -999999,   -999999,     -999999  
76227,   314,          2202453.0,         22.000000,  15.08259183,   34.07820744,   268.6159608,   4.806817979,   553.6,   268.9699939,   318.4757614,   285,   67.51598257,   13.79909004,   264.4257998,   5.0068,   146.04,   157.5009504,   122.0560344,   0.48,   0.2,   234.66,   232.06,   2.58,   0.56,   0.88,   318.44,   242.9899939,   281.3499939,   866.4,   70.1,   19.06,   -129,   -3.64,   0.61,   0.508,   4.536,   4.362,   11.214,    -999999,  0.1005727273,   0.6241727273,   0.5591545455,   12.99909091,   12.48090909,   244.1427212,   5.0068,   0.0555,   4.9513,   0.1807356,   0.929379,   43.2,   404.705,   1.88265,   0.07635,    -999999,   -999999,   -999999,   -999999,   -999999,   -999999,   -999999,   -999999,   -999999,   -999999,   -999999,   -999999,   -999999,   -999999,   -999999,   -999999,   -999999,   -999999,   -999999,   -999999,   -999999,   -999999,   -999999,   -999999,   -999999,   -999999,   -999999,   -999999,   -999999,   -999999,   -999999,   -999999,   -999999,   -999999,   -999999,   -999999,   -999999,   -999999,   -999999,   -999999,   -999999,   -999999,   -999999,   -999999,   -999999,   -999999,   -999999,   -999999,   -999999,   -999999,   -999999,     -999999  
76232,   314,          2202454.0,         22.000000,  15.08356488,   34.07416566,   268.6097232,   4.807732379,   553.4,   268.9699939,   318.5086422,   285,   67.52232714,   14.05433906,   267.4268011,   5.0058,   146.08,   157.3877736,   121.9634352,   0.48,   -0.46,   235,   232.12,   2.86,   0.28,   0.98,   318.48,   244.4899939,   281.3499939,   865.8,   70.1,   19.28,   -129,   -3.98,   0.698,   0.586,   4.536,   4.362,   12.876,    -999999,  0.1103571429,   0.6850857143,   0.6136142857,   14.48142857,   13.88142857,   245.1357082,   5.0058,   0.05486,   4.95094,   0.184538,   0.935375,   42.16,   404.6571429,   1.881211111,   0.07962105263,    -999999,   -999999,   -999999,   -999999,   -999999,   -999999,   -999999,   -999999,   -999999,   -999999,   -999999,   -999999,   -999999,   -999999,   -999999,   -999999,   -999999,   -999999,   -999999,   -999999,   -999999,   -999999,   -999999,   -999999,   -999999,   -999999,   -999999,   -999999,   -999999,   -999999,   -999999,   -999999,   -999999,   -999999,   -999999,   -999999,   -999999,   -999999,   -999999,   -999999,   -999999,   -999999,   -999999,   -999999,   -999999,   -999999,   -999999,   -999999,   -999999,   -999999,   -999999,     -999999  
