inputs/ACTAMERICA_Merge/C130/ACTAMERICA-mrg05-c130_merge_20171110_R0.ict
145, 1001
Shook, Michael
NASA Atmospheric Composition Branch, NASA Langley Research Center (SSAI)
Merged data file for ACT-AMERICA Fall 2017, Flight 22 (20171110), on the c130 platform. Data is merged to 05 seconds.
NASA ACT-AMERICA Fall 2017
1, 1
2017, 11, 10, 2018, 07, 05
05
UTC,s
106
1, 1, 1, 1, 1, 1, 1, 1, 1, 1, 1, 1, 1, 1, 1, 1, 1, 1, 1, 1, 1, 1, 1, 1, 1, 1, 1, 1, 1, 1, 1, 1, 1, 1, 1, 1, 1, 1, 1, 1, 1, 1, 1, 1, 1, 1, 1, 1, 1, 1, 1, 1, 1, 1, 1, 1, 1, 1, 1, 1, 1, 1, 1, 1, 1, 1, 1, 1, 1, 1, 1, 1, 1, 1, 1, 1, 1, 1, 1, 1, 1, 1, 1, 1, 1, 1, 1, 1, 1, 1, 1, 1, 1, 1, 1, 1, 1, 1, 1, 1, 1, 1, 1, 1, 1, 1
-999999, -999999, -999999, -999999, -999999, -999999, -999999, -999999, -999999, -999999, -999999, -999999, -999999, -999999, -999999, -999999, -999999, -999999, -999999, -999999, -999999, -999999, -999999, -999999, -999999, -999999, -999999, -999999, -999999, -999999, -999999, -999999, -999999, -999999, -999999, -999999, -999999, -999999, -999999, -999999, -999999, -999999, -999999, -999999, -999999, -999999, -999999, -999999, -999999, -999999, -999999, -999999, -999999, -999999, -999999, -999999, -999999, -999999, -999999, -999999, -999999, -999999, -999999, -999999, -999999, -999999, -999999, -999999, -999999, -999999, -999999, -999999, -999999, -999999, -999999, -999999, -999999, -999999, -999999, -999999, -999999, -999999, -999999, -999999, -999999, -999999, -999999, -999999, -999999, -999999, -999999, -999999, -999999, -999999, -999999, -999999, -999999, -999999, -999999, -999999, -999999, -999999, -999999, -999999, -999999, -999999
JDAY, days
INDEX, none
FLIGHT, none
LOCAL_SUN_TIME, hour
LATITUDE, degs
LONGITUDE, degs
ALTP, km
PRESSURE, hPa
TEMPERATURE, K
THETA, K, calculated from ambient temperature and pressure
O3COLUMN, DU, OMI ozone column data extracted along flight track
SZA, deg
WNS, m s-1
WND, Degs
GPS_ALT, km
GRD_SPD, m s-1
TAS, m/s
IAS, m/s
MachNumber, mach
VerticalSpeed, m s-1
HDG, degs
TRK, degs
DriftAngle, degs
PITCH, degs
ROLL, degs
PotentialTemp_Nav, K
Dewpoint, K
TotalAirTemp, K
CabinPressure, hPa
SolarZenithAngle, degs
AircraftSunElevation, degs
SunAzimuth, degs
AircraftSunAzimuth, degs
H2O_MixingRatio_Nav, g kg-1
H2O_VaporPressure_Nav, hPa
H2O_SatVaporPressureWater_Nav, hPa
H2O_SatVaporPressureIce_Nav, hPa
H2O_RelativeHumidity_Nav, %
ManeuverFlag, none
H2O_VolMixingRatio_PICARRO, %
H2O_MassMixingRatio_PICARRO, g kg-1
H2O_VaporPressure_PICARRO, hPa
RHi_PICARRO, %
RHw_PICARRO, %
Dewpoint_PICARRO, K
GPS_ALT, km
GroundElevation-AMSL_GoogleMaps, km
Altitude-AGL_GoogleMaps, km
GroundHeight-AMSL_CPL, km
MLH-AMSL_CPL, km
O3_MixingRatio, ppbv
CO2_DryMoleFrac_PICARRO, ppm
CH4_DryMoleFrac_PICARRO, ppm
CO_DryMoleFrac_PICARRO, ppm
CO2_MoleFraction_PFP, ppm
CH4_MoleFraction_PFP, ppb
CO_MoleFraction_PFP, ppb
N2O_MoleFraction_PFP, ppb
SF6_CCGG_MoleFraction_PFP, ppt
H2_MoleFraction_PFP, ppb
CH4C13_PFP, permil
CO2C14_PFP, permil
F11B_MoleFraction_PFP, ppt
FC12_MoleFraction_PFP, ppt
F13_MoleFraction_PFP, ppt
F113_MoleFraction_PFP, ppt
F115_MoleFraction_PFP, ppt
HF133a_MoleFraction_PFP, ppt
F23_MoleFraction_PFP, ppt
F32_MoleFraction_PFP, ppt
F134A_MoleFraction_PFP, ppt
F152A_MoleFraction_PFP, ppt
F125_MoleFraction_PFP, ppt
F143a_MoleFraction_PFP, ppt
F227e_MoleFraction_PFP, ppt
F365m_MoleFraction_PFP, ppt
H1211_MoleFraction_PFP, ppt
H1301_MoleFraction_PFP, ppt
[...]
[from data line 2428]
76107,   314,          2202429.0,         22.000000,  15.05927624,   34.17522398,   268.7662269,   4.804989179,   553.8,   268.7499939,   318.1824302,   285,   67.36493832,   13.05964545,   274.8382834,   5.005,   146.14,   155.5357896,   120.5641584,   0.47,   -5.551115123E-018,   235.06,   231.92,   3.14,   0.68,   1.72,   318.16,   240.0099939,   280.8499939,   867,   69.9,   19.14,   -129.3,   -4.48,   0.458,   0.384,   4.464,   4.284,   8.576,    -999999,  0.06166666667,   0.3826,   0.3427,   8.363333333,   7.99,   239.0233272,   5.005,   0.05714,   4.94786,   0.2040026,   0.8994,   44.92,   405.1,   1.8939,   0.08523,    -999999,   -999999,   -999999,   -999999,   -999999,   -999999,   -999999,   -999999,   -999999,   -999999,   -999999,   -999999,   -999999,   -999999,   -999999,   -999999,   -999999,   -999999,   -999999,   -999999,   -999999,   -999999,   -999999,   -999999,   -999999,   -999999,   -999999,   -999999,   -999999,   -999999,   -999999,   -999999,   -999999,   -999999,   -999999,   -999999,   -999999,   -999999,   -999999,   -999999,   -999999,   -999999,   -999999,   -999999,   -999999,   -999999,   -999999,   -999999,   -999999,   -999999,   -999999,     -999999  
76112,   314,          2202430.0,         22.000000,  15.06024878,   34.17117854,   268.7599817,   4.807244699,   553.6,   268.7699939,   318.23895,   285,   67.37120625,   13.21958662,   273.3202692,   5.0054,   146.06,   155.8650312,   120.8213784,   0.47,   0.24,   235.28,   232.22,   3.06,   0.66,   1.52,   318.18,   239.0899939,   280.8899939,   866.8,   69.9,   19.02,   -129.3,   -4.86,   0.416,   0.35,   4.462,   4.278,   7.854,    -999999,  0.079175,   0.4915,   0.44025,   10.7725,   10.2825,   241.6124939,   5.0054,   0.05718,   4.94822,   0.2107574,   0.893404,   47.92,   404.9557143,   1.8901,   0.08925,    -999999,   -999999,   -999999,   -999999,   -999999,   -999999,   -999999,   -999999,   -999999,   -999999,   -999999,   -999999,   -999999,   -999999,   -999999,   -999999,   -999999,   -999999,   -999999,   -999999,   -999999,   -999999,   -999999,   -999999,   -999999,   -999999,   -999999,   -999999,   -999999,   -999999,   -999999,   -999999,   -999999,   -999999,   -999999,   -999999,   -999999,   -999999,   -999999,   -999999,   -999999,   -999999,   -999999,   -999999,   -999999,   -999999,   -999999,   -999999,   -999999,   -999999,   -999999,     -999999  
76117,   314,          2202431.0,         22.000000,  15.06122018,   34.1671533,   268.7537193,   4.808159099,   553.4,   268.8499939,   318.3665407,   285,   67.37748,   13.13954825,   273.8599655,   5.006,   146.14,   155.8032984,   120.7493568,   0.47,   0.16,   235.4,   232.3,   3.08,   0.62,   0.82,   318.3,   238.5299939,   280.9499939,   866.6,   69.9,   19.14,   -129.24,   -4.68,   0.394,   0.332,   4.482,   4.304,   7.388,    -999999,  0.08005,   0.496775,   0.44495,   10.73,   10.2575,   241.7274939,   5.006,   0.056,   4.95,   0.1978218,   0.86942,   46.72,   404.9028571,   1.8897,   0.08423157895,    -999999,   -999999,   -999999,   -999999,   -999999,   -999999,   -999999,   -999999,   -999999,   -999999,   -999999,   -999999,   -999999,   -999999,   -999999,   -999999,   -999999,   -999999,   -999999,   -999999,   -999999,   -999999,   -999999,   -999999,   -999999,   -999999,   -999999,   -999999,   -999999,   -999999,   -999999,   -999999,   -999999,   -999999,   -999999,   -999999,   -999999,   -999999,   -999999,   -999999,   -999999,   -999999,   -999999,   -999999,   -999999,   -999999,   -999999,   -999999,   -999999,   -999999,   -999999,     -999999  
76122,   314,          2202432.0,         22.000000,  15.06219153,   34.1631243,   268.7474563,   4.808646779,   553.2,   268.7699939,   318.3046781,   285,   67.38375376,   13.11937208,   275.5407043,   5.006,   146.22,   155.5872336,   120.584736,   0.47,   -0.14,   235.38,   232.2,   3.18,   0.56,   0.36,   318.22,   238.5899939,   280.8699939,   867.4,   69.9,   19.26,   -129.2,   -4.46,   0.4,   0.334,   4.466,   4.286,   7.466,    -999999,  0.07946666667,   0.4931666667,   0.4416333333,   10.53333333,   10.08333333,   241.6499939,   5.006,   0.05524,   4.95076,   0.17952,   0.86942,   45.02,   404.93,   1.8899,   0.08306842105,    -999999,   -999999,   -999999,   -999999,   -999999,   -999999,   -999999,   -999999,   -999999,   -999999,   -999999,   -999999,   -999999,   -999999,   -999999,   -999999,   -999999,   -999999,   -999999,   -999999,   -999999,   -999999,   -999999,   -999999,   -999999,   -999999,   -999999,   -999999,   -999999,   -999999,   -999999,   -999999,   -999999,   -999999,   -999999,   -999999,   -999999,   -999999,   -999999,   -999999,   -999999,   -999999,   -999999,   -999999,   -999999,   -999999,   -999999,   -999999,   -999999,   -999999,   -999999,     -999999  
76127,   314,          2202433.0,         22.000000,  15.06316316,   34.15907954,   268.7411974,   4.805903579,   553.8,   268.7699939,   318.2061089,   285,   67.39002242,   13.0597101,   274.0419604,   5.0052,   146.4,   155.9576304,   120.8934,   0.47,   -0.12,   235.18,   232.1,   3.06,   0.52,   0.92,   318.2,   239.3099939,   280.9299939,   867.4,   69.9,   19.26,   -129.2,   -4.42,   0.428,   0.356,   4.47,   4.288,   8.002,    -999999,  0.07891111111,   0.4897888889,   0.4386444444,   10.46,   10.01,   241.5777717,   5.0052,   0.05244,   4.95276,   0.178928,   0.86942,   44.98,   404.925,   1.88985,   0.08045,    -999999,   -999999,   -999999,   -999999,   -999999,   -999999,   -999999,   -999999,   -999999,   -999999,   -999999,   -999999,   -999999,   -999999,   -999999,   -999999,   -999999,   -999999,   -999999,   -999999,   -999999,   -999999,   -999999,   -999999,   -999999,   -999999,   -999999,   -999999,   -999999,   -999999,   -999999,   -999999,   -999999,   -999999,   -999999,   -999999,   -999999,   -999999,   -999999,   -999999,   -999999,   -999999,   -999999,   -999999,   -999999,   -999999,   -999999,   -999999,   -999999,   -999999,   -999999,     -999999  
76132,   314,          2202434.0,         22.000000,  15.06413446,   34.1550326,   268.7349335,   4.808585819,   553.4,   268.7499939,   318.2481228,   285,   67.3962894,   13.1396038,   272.8185735,   5.0062,   146.46,   156.2560056,   121.1197536,   0.48,   0.24,   235.2,   232.2,   3,   0.66,   1.24,   318.22,   240.3299939,   280.9499939,   866.6,   69.9,   19.1,   -129.2,   -4.56,   0.47,   0.394,   4.46,   4.28,   8.868,    -999999,  0.07705,   0.478225,   0.428325,   10.215,   9.7775,   241.3299939,   5.0062,   0.0477,   4.9585,   0.181347,   0.86942,   46.02,   404.9528571,   1.889944444,   0.07904736842,    -999999,   -999999,   -999999,   -999999,   -999999,   -999999,   -999999,   -999999,   -999999,   -999999,   -999999,   -999999,   -999999,   -999999,   -999999,   -999999,   -999999,   -999999,   -999999,   -999999,   -999999,   -999999,   -999999,   -999999,   -999999,   -999999,   -999999,   -999999,   -999999,   -999999,   -999999,   -999999,   -999999,   -999999,   -999999,   -999999,   -999999,   -999999,   -999999,   -999999,   -999999,   -999999,   -999999,   -999999,   -999999,   -999999,   -999999,   -999999,   -999999,   -999999,   -999999,     -999999  
76137,   314,          2202435.0,         22.000000,  15.06510525,   34.15099454,   268.7286621,   4.810414619,   553,   268.8299939,   318.4086305,   285,   67.4025606,   13.11958971,   270.1818617,   5.0076,   146.36,   156.5132256,   121.304952,   0.48,   0.26,   235.1,   232.28,   2.86,   0.66,   0.86,   318.3,   241.1099939,   280.9499939,   867.2,   69.9,   19.1,   -129.2,   -4.4,   0.51,   0.428,   4.48,   4.302,   9.518,    -999999,  0.07978888889,   0.4953666667,   0.4436333333,   10.66222222,   10.19444444,   241.6977717,   5.0076,   0.04846,   4.95914,   0.1822826,   0.86942,   47.34,   404.905,   1.88965,   0.08235,    -999999,   -999999,   -999999,   -999999,   -999999,   -999999,   -999999,   -999999,   -999999,   -999999,   -999999,   -999999,   -999999,   -999999,   -999999,   -999999,   -999999,   -999999,   -999999,   -999999,   -999999,   -999999,   -999999,   -999999,   -999999,   -999999,   -999999,   -999999,   -999999,   -999999,   -999999,   -999999,   -999999,   -999999,   -999999,   -999999,   -999999,   -999999,   -999999,   -999999,   -999999,   -999999,   -999999,   -999999,   -999999,   -999999,   -999999,   -999999,   -999999,   -999999,   -999999,     -999999  
76142,   314,          2202436.0,         22.000000,  15.06607616,   34.1469569,   268.7223924,   4.809500219,   553.2,   268.7699939,   318.3046781,   285,   67.40883606,   13.13978689,   269.3575344,   5.0092,   146.38,   156.64698,   121.40784,   0.48,   0.18,   234.96,   232.16,   2.8,   0.58,   0.5,   318.28,   241.6299939,   280.9499939,   867,   69.9,   19.16,   -129.2,   -4.12,   0.534,   0.448,   4.474,   4.294,   10,    -999999,  0.081625,   0.50655,   0.45355,   10.9875,   10.5,   241.9274939,   5.0092,   0.04718,   4.96202,   0.182618,   0.8514314,   48.62,   404.8714286,   1.88895,   0.0825,    -999999,   -999999,   -999999,   -999999,   -999999,   -999999,   -999999,   -999999,   -999999,   -999999,   -999999,   -999999,   -999999,   -999999,   -999999,   -999999,   -999999,   -999999,   -999999,   -999999,   -999999,   -999999,   -999999,   -999999,   -999999,   -999999,   -999999,   -999999,   -999999,   -999999,   -999999,   -999999,   -999999,   -999999,   -999999,   -999999,   -999999,   -999999,   -999999,   -999999,   -999999,   -999999,   -999999,   -999999,   -999999,   -999999,   -999999,   -999999,   -999999,   -999999,   -999999,     -999999  
76147,   314,          2202437.0,         22.000000,  15.06704775,   34.14290956,   268.7161329,   4.811816699,   553.2,   268.7499939,   318.2809921,   285,   67.41511419,   13.15995683,   268.8202126,   5.009,   146.38,   156.7601568,   121.4798616,   0.48,   0.08,   234.84,   232.06,   2.8,   0.62,   0.6,   318.28,   241.7499939,   280.9499939,   866.8,   69.9,   19.2,   -129.2,   -4,   0.54,   0.45,   4.47,   4.288,   10.12,    -999999,  0.08358888889,   0.5189444444,   0.4645888889,   11.08111111,   10.60777778,   242.181105,   5.009,   0.0451,   4.9639,   0.1826172,   0.8874078,   47.38,   404.865,   1.8881,   0.08476842105,    -999999,   -999999,   -999999,   -999999,   -999999,   -999999,   -999999,   -999999,   -999999,   -999999,   -999999,   -999999,   -999999,   -999999,   -999999,   -999999,   -999999,   -999999,   -999999,   -999999,   -999999,   -999999,   -999999,   -999999,   -999999,   -999999,   -999999,   -999999,   -999999,   -999999,   -999999,   -999999,   -999999,   -999999,   -999999,   -999999,   -999999,   -999999,   -999999,   -999999,   -999999,   -999999,   -999999,   -999999,   -999999,   -999999,   -999999,   -999999,   -999999,   -999999,   -999999,     -999999  
76152,   314,          2202438.0,         22.000000,  15.06801977,   34.13885468,   268.7098799,   4.812731099,   553,   268.7499939,   318.3138766,   285,   67.42139422,   13.29917825,   268.5800027,   5.0096,   146.4,   156.8939112,   121.5827496,   0.48,   -0.36,   234.84,   232.06,   2.76,   0.4,   1.1,   318.26,   241.6299939,   280.9499939,   866.8,   69.96,   19.28,   -129.2,   -4.08,   0.536,   0.446,   4.462,   4.28,   10.028,    -999999,  0.08268888889,   0.5133555556,   0.4595888889,   10.95888889,   10.49444444,   242.0666606,   5.0096,   0.04954,   4.96006,   0.1884226,   0.809459,   46.7,   404.84875,   1.888177778,   0.08245263158,    -999999,   -999999,   -999999,   -999999,   -999999,   -999999,   -999999,   -999999,   -999999,   -999999,   -999999,   -999999,   -999999,   -999999,   -999999,   -999999,   -999999,   -999999,   -999999,   -999999,   -999999,   -999999,   -999999,   -999999,   -999999,   -999999,   -999999,   -999999,   -999999,   -999999,   -999999,   -999999,   -999999,   -999999,   -999999,   -999999,   -999999,   -999999,   -999999,   -999999,   -999999,   -999999,   -999999,   -999999,   -999999,   -999999,   -999999,   -999999,   -999999,   -999999,   -999999,     -999999  
76157,   314,          2202439.0,         22.000000,  15.06899117,   34.13480274,   268.7036175,   4.810475579,   553,   268.7899939,   318.3612535,   285,   67.42767329,   13.53991474,   268.2197932,   5.0068,   146.54,   157.3054632,   121.9325688,   0.48,   -0.58,   234.98,   232.18,   2.8,   0.3,   1.32,   318.32,   241.3699939,   281.0899939,   867.4,   70,   19.4,   -129.16,   -4.24,   0.524,   0.438,   4.48,   4.3,   9.762,    -999999,  0.0841,   0.52205,   0.4674,   11.1475,   10.67,   242.2424939,   5.0068,   0.0533,   4.9535,   0.1981826,   0.8334434,   46.34,   404.8357143,   1.88775,   0.08003684211,    -999999,   -999999,   -999999,   -999999,   -999999,   -999999,   -999999,   -999999,   -999999,   -999999,   -999999,   -999999,   -999999,   -999999,   -999999,   -999999,   -999999,   -999999,   -999999,   -999999,   -999999,   -999999,   -999999,   -999999,   -999999,   -999999,   -999999,   -999999,   -999999,   -999999,   -999999,   -999999,   -999999,   -999999,   -999999,   -999999,   -999999,   -999999,   -999999,   -999999,   -999999,   -999999,   -999999,   -999999,   -999999,   -999999,   -999999,   -999999,   -999999,   -999999,   -999999,     -999999  
76162,   314,          2202440.0,         22.000000,  15.06996146,   34.1307598,   268.6973385,   4.807244699,   553.6,   268.8499939,   318.3336746,   285,   67.43395108,   13.41915237,   268.1227927,   5.0048,   146.7,   157.367196,   121.9840128,   0.48,   -0.32,   235.04,   232.3,   2.76,   0.46,   0.88,   318.34,   241.0099939,   281.2499939,   866.6,   70,   19.32,   -129.1,   -4.28,   0.504,   0.422,   4.502,   4.322,   9.366,    -999999,  0.08298888889,   0.5152333333,   0.4615444444,   11.00777778,   10.53888889,   242.111105,   5.0048,   0.05324,   4.95156,   0.1961264,   0.887408,   45.64,   404.84375,   1.8876,   0.08486315789,    -999999,   -999999,   -999999,   -999999,   -999999,   -999999,   -999999,   -999999,   -999999,   -999999,   -999999,   -999999,   -999999,   -999999,   -999999,   -999999,   -999999,   -999999,   -999999,   -999999,   -999999,   -999999,   -999999,   -999999,   -999999,   -999999,   -999999,   -999999,   -999999,   -999999,   -999999,   -999999,   -999999,   -999999,   -999999,   -999999,   -999999,   -999999,   -999999,   -999999,   -999999,   -999999,   -999999,   -999999,   -999999,   -999999,   -999999,   -999999,   -999999,   -999999,   -999999,     -999999  
