inputs/ACTAMERICA_Merge/C130/ACTAMERICA-mrg05-c130_merge_20170227_R0.ict
143, 1001
Shook, Michael
NASA Atmospheric Composition Branch, NASA Langley Research Center (SSAI)
Merged data file for ACT-AMERICA 2017, Flight 13 (20170227), on the c130 platform. Data is merged to 05 seconds.
NASA ACT-AMERICA 2017
1, 1
2017, 02, 27, 2018, 02, 23
05
UTC,s
104
1, 1, 1, 1, 1, 1, 1, 1, 1, 1, 1, 1, 1, 1, 1, 1, 1, 1, 1, 1, 1, 1, 1, 1, 1, 1, 1, 1, 1, 1, 1, 1, 1, 1, 1, 1, 1, 1, 1, 1, 1, 1, 1, 1, 1, 1, 1, 1, 1, 1, 1, 1, 1, 1, 1, 1, 1, 1, 1, 1, 1, 1, 1, 1, 1, 1, 1, 1, 1, 1, 1, 1, 1, 1, 1, 1, 1, 1, 1, 1, 1, 1, 1, 1, 1, 1, 1, 1, 1, 1, 1, 1, 1, 1, 1, 1, 1, 1, 1, 1, 1, 1, 1, 1
-999999, -999999, -999999, -999999, -999999, -999999, -999999, -999999, -999999, -999999, -999999, -999999, -999999, -999999, -999999, -999999, -999999, -999999, -999999, -999999, -999999, -999999, -999999, -999999, -999999, -999999, -999999, -999999, -999999, -999999, -999999, -999999, -999999, -999999, -999999, -999999, -999999, -999999, -999999, -999999, -999999, -999999, -999999, -999999, -999999, -999999, -999999, -999999, -999999, -999999, -999999, -999999, -999999, -999999, -999999, -999999, -999999, -999999, -999999, -999999, -999999, -999999, -999999, -999999, -999999, -999999, -999999, -999999, -999999, -999999, -999999, -999999, -999999, -999999, -999999, -999999, -999999, -999999, -999999, -999999, -999999, -999999, -999999, -999999, -999999, -999999, -999999, -999999, -999999, -999999, -999999, -999999, -999999, -999999, -999999, -999999, -999999, -999999, -999999, -999999, -999999, -999999, -999999, -999999
JDAY, days
INDEX, none
FLIGHT, none
LOCAL_SUN_TIME, hour
LATITUDE, degs
LONGITUDE, degs
ALTP, km
PRESSURE, hPa
TEMPERATURE, K
THETA, K
O3COLUMN, DU
SZA, deg
WNS, m s-1
WND, Degs
GPS_ALT, km
GRD_SPD, m s-1
TAS, m/s
IAS, m/s
MachNumber, mach
VerticalSpeed, m s-1
HDG, degs
TRK, degs
DriftAngle, degs
PITCH, degs
ROLL, degs
PotentialTemp, K
Dewpoint, K
TotalAirTemp, K
CabinPressure, hPa
SolarZenithAngle, degs
AircraftSunElevation, degs
SunAzimuth, degs
AircraftSunAzimuth, degs
H2O_MixingRatio, g kg-1
H2O_VaporPressure, hPa
H2O_SatVaporPressureWater, hPa
H2O_SatVaporPressureIce, hPa
H2O_RelativeHumidity, %
H2O_VolMixingRatio_PICARRO, %
H2O_MassMixingRatio_PICARRO, g kg-1
H2O_VaporPressure_PICARRO, hPa
RHi_PICARRO, %
RHw_PICARRO, %
Dewpoint_PICARRO, K
Ground_Elevation, km
Altitude_AGL, km
GroundHeight_CPL, km
MLH_CPL, km
O3_MixingRatio, ppbv
CO2_MixingRatio_PICARRO, ppmv
CH4_MixingRatio_PICARRO, ppmv
CO_MixingRatio_PICARRO, ppmv
CO2_MoleFraction_PFP, ppm
CH4_MoleFraction_PFP, ppb
CO_MoleFraction_PFP, ppb
N2O_MoleFraction_PFP, ppb
SF6_CCGG_MoleFraction_PFP, ppt
H2_MoleFraction_PFP, ppb
CH4C13_PFP, per mil
CO2C14_PFP, per mil
F11B_MoleFraction_PFP, ppt
FC12_MoleFraction_PFP, ppt
F13_MoleFraction_PFP, ppt
F113_MoleFraction_PFP, ppt
F115_MoleFraction_PFP, ppt
HF133a_MoleFraction_PFP, ppt
F23_MoleFraction_PFP, ppt
F32_MoleFraction_PFP, ppt
F134A_MoleFraction_PFP, ppt
F152A_MoleFraction_PFP, ppt
F125_MoleFraction_PFP, ppt
F143a_MoleFraction_PFP, ppt
F227e_MoleFraction_PFP, ppt
F365m_MoleFraction_PFP, ppt
H1211_MoleFraction_PFP, ppt
H1301_MoleFraction_PFP, ppt
H2402_MoleFraction_PFP, ppt
MCFA_MoleFraction_PFP, ppt
CF4_MoleFraction_PFP, ppt
C2F6_MoleFraction_PFP, ppt
SO2F2_MoleFraction_PFP, ppt
MEBR_MoleFraction_PFP, ppt
CH3I_MoleFraction_PFP, ppt
DIBR_MoleFraction_PFP, ppt
[...]
[from data line 261]
59167,   58,          1300262.0,         13.000000,  10.11768506,   41.29563258,   265.2256926,   3.354872681,   669.4,   261.3899939,   293.1521234,   336,   56.00923545,   15.13912691,   256.2849231,   3.3052,   166,   150.73092,   129.741768,   0.47,   -2,   74.74,   74.86,   -0.16,   0.02,   -8.86,   293.14,   254.6499939,   272.7499939,   738.2,   57.3,   24.6,   141.86,   69.18,   1.428,   1.444,   2.518,   2.248,   57.348,   0.2078,   1.289675,   1.399275,   63.24,   56.375,   254.4174939,   0.40168,   2.90352,   0.3890196,   1.163224,   45.72,   410.59,   1.935511111,   0.1168631579,    -999999,   -999999,   -999999,   -999999,   -999999,   -999999,   -999999,   -999999,   -999999,   -999999,   -999999,   -999999,   -999999,   -999999,   -999999,   -999999,   -999999,   -999999,   -999999,   -999999,   -999999,   -999999,   -999999,   -999999,   -999999,   -999999,   -999999,   -999999,   -999999,   -999999,   -999999,   -999999,   -999999,   -999999,   -999999,   -999999,   -999999,   -999999,   -999999,   -999999,   -999999,   -999999,   -999999,   -999999,   -999999,   -999999,   -999999,   -999999,   -999999,   -999999,   -999999,     -999999  
59172,   58,          1300263.0,         13.000000,  10.11970168,   41.29799038,   265.2351085,   3.345484841,   670,   261.5499939,   293.2564885,   336,   55.9983578,   15.81530289,   259.6684523,   3.295,   165.8,   150.21648,   129.330216,   0.46,   -1.4,   68.72,   69.8,   -1.04,   0.32,   -23.42,   293.22,   254.2299939,   272.7499939,   738.2,   57.3,   10.12,   141.9,   75.84,   1.378,   1.394,   2.546,   2.276,   54.692,   0.1946,   1.207825,   1.311775,   59.125,   52.725,   253.6624939,   0.41552,   2.87948,   0.5005176,   1.10926,   45.02,   410.55,   1.93005,   0.1223,    -999999,   -999999,   -999999,   -999999,   -999999,   -999999,   -999999,   -999999,   -999999,   -999999,   -999999,   -999999,   -999999,   -999999,   -999999,   -999999,   -999999,   -999999,   -999999,   -999999,   -999999,   -999999,   -999999,   -999999,   -999999,   -999999,   -999999,   -999999,   -999999,   -999999,   -999999,   -999999,   -999999,   -999999,   -999999,   -999999,   -999999,   -999999,   -999999,   -999999,   -999999,   -999999,   -999999,   -999999,   -999999,   -999999,   -999999,   -999999,   -999999,   -999999,   -999999,     -999999  
59177,   58,          1300264.0,         13.000000,  10.12168346,   41.3012184,   265.2440019,   3.334207241,   671.2,   261.5299939,   293.0841807,   336,   55.98843242,   15.81978023,   260.6991146,   3.285,   165,   150.113592,   129.433104,   0.46,   -1.8,   60.24,   62.16,   -1.96,   0.16,   -25.58,   293.06,   253.6899939,   272.7499939,   738.4,   57.3,   7.44,   141.9,   83.18,   1.312,   1.33,   2.55,   2.28,   52.218,   0.1789555556,   1.110755556,   1.208555556,   52.96,   47.36888889,   252.7099939,   0.40454,   2.88046,   0.5011368,   1.061292,   44.14,   410.4657143,   1.92225,   0.1192578947,    -999999,   -999999,   -999999,   -999999,   -999999,   -999999,   -999999,   -999999,   -999999,   -999999,   -999999,   -999999,   -999999,   -999999,   -999999,   -999999,   -999999,   -999999,   -999999,   -999999,   -999999,   -999999,   -999999,   -999999,   -999999,   -999999,   -999999,   -999999,   -999999,   -999999,   -999999,   -999999,   -999999,   -999999,   -999999,   -999999,   -999999,   -999999,   -999999,   -999999,   -999999,   -999999,   -999999,   -999999,   -999999,   -999999,   -999999,   -999999,   -999999,   -999999,   -999999,     -999999  
59182,   58,          1300265.0,         13.000000,  10.12361727,   41.30532214,   265.2521757,   3.319698761,   672.2,   261.6299939,   293.0715585,   336,   55.9795475,   15.83912696,   259.8299153,   3.2724,   163.8,   150.010704,   129.330216,   0.46,   -2.2,   51.22,   53.9,   -2.64,   -0.16,   -25.48,   293.02,   253.0099939,   272.8699939,   739.4,   57.3,   7.42,   141.94,   90.88,   1.236,   1.256,   2.566,   2.296,   48.872,   0.1727111111,   1.072,   1.170511111,   50.12888889,   44.94888889,   252.341105,   0.39628,   2.87612,   0.5292214,   1.067288,   44.9,   410.4425,   1.9203,   0.1197,    -999999,   -999999,   -999999,   -999999,   -999999,   -999999,   -999999,   -999999,   -999999,   -999999,   -999999,   -999999,   -999999,   -999999,   -999999,   -999999,   -999999,   -999999,   -999999,   -999999,   -999999,   -999999,   -999999,   -999999,   -999999,   -999999,   -999999,   -999999,   -999999,   -999999,   -999999,   -999999,   -999999,   -999999,   -999999,   -999999,   -999999,   -999999,   -999999,   -999999,   -999999,   -999999,   -999999,   -999999,   -999999,   -999999,   -999999,   -999999,   -999999,   -999999,   -999999,     -999999  
59187,   58,          1300266.0,         13.000000,  10.12549346,   41.31019386,   265.2594853,   3.302203241,   673.8,   261.8099939,   293.0740485,   336,   55.97167516,   16.05834248,   258.6495732,   3.255,   163,   149.599152,   129.12444,   0.46,   -3.4,   43.1,   46.46,   -3.32,   -0.56,   -24.96,   292.98,   252.3499939,   273.0099939,   737.6,   57.3,   8.1,   142,   97.84,   1.164,   1.188,   2.598,   2.33,   45.61,   0.179925,   1.1166,   1.2212,   52.295,   46.895,   252.8324939,   0.411,   2.844,   0.5325362,   1.13924,   46.14,   410.4457143,   1.922054545,   0.12,    -999999,   -999999,   -999999,   -999999,   -999999,   -999999,   -999999,   -999999,   -999999,   -999999,   -999999,   -999999,   -999999,   -999999,   -999999,   -999999,   -999999,   -999999,   -999999,   -999999,   -999999,   -999999,   -999999,   -999999,   -999999,   -999999,   -999999,   -999999,   -999999,   -999999,   -999999,   -999999,   -999999,   -999999,   -999999,   -999999,   -999999,   -999999,   -999999,   -999999,   -999999,   -999999,   -999999,   -999999,   -999999,   -999999,   -999999,   -999999,   -999999,   -999999,   -999999,     -999999  
59192,   58,          1300267.0,         13.000000,  10.12730298,   41.3157379,   265.2657947,   3.282330281,   675.6,   261.8899939,   292.9402247,   336,   55.96479344,   15.63333669,   258.0942972,   3.235,   161.8,   150.113592,   129.741768,   0.46,   -3.4,   34.22,   38.1,   -3.92,   -0.44,   -25.14,   292.9,   251.7899939,   273.1699939,   731,   57.3,   8.66,   142,   105.36,   1.104,   1.13,   2.618,   2.348,   43.142,   0.158775,   0.985475,   1.08085,   45.9625,   41.245,   251.4324939,   0.42012,   2.81488,   0.5274398,   1.103264,   48.3,   410.535,   1.918375,   0.1183,    -999999,   -999999,   -999999,   -999999,   -999999,   -999999,   -999999,   -999999,   -999999,   -999999,   -999999,   -999999,   -999999,   -999999,   -999999,   -999999,   -999999,   -999999,   -999999,   -999999,   -999999,   -999999,   -999999,   -999999,   -999999,   -999999,   -999999,   -999999,   -999999,   -999999,   -999999,   -999999,   -999999,   -999999,   -999999,   -999999,   -999999,   -999999,   -999999,   -999999,   -999999,   -999999,   -999999,   -999999,   -999999,   -999999,   -999999,   -999999,   -999999,   -999999,   -999999,     -999999  
59197,   58,          1300268.0,         13.000000,  10.12903697,   41.32184022,   265.2709713,   3.26178676,   677.6,   262.0699939,   292.8940949,   336,   55.95886339,   15.67649956,   256.3275961,   3.2152,   160.2,   149.70204,   129.535992,   0.46,   -3,   26.02,   30.46,   -4.44,   -0.56,   -24.98,   292.92,   251.1899939,   273.3299939,   724,   57.26,   9.86,   142.02,   112.28,   1.044,   1.074,   2.66,   2.39,   40.276,   0.14885,   0.92385,   1.0172,   42.03,   37.835,   250.7349939,   0.40884,   2.80636,   0.5211978,   1.007328,   52.34,   410.57,   1.91545,   0.12135,    -999999,   -999999,   -999999,   -999999,   -999999,   -999999,   -999999,   -999999,   -999999,   -999999,   -999999,   -999999,   -999999,   -999999,   -999999,   -999999,   -999999,   -999999,   -999999,   -999999,   -999999,   -999999,   -999999,   -999999,   -999999,   -999999,   -999999,   -999999,   -999999,   -999999,   -999999,   -999999,   -999999,   -999999,   -999999,   -999999,   -999999,   -999999,   -999999,   -999999,   -999999,   -999999,   -999999,   -999999,   -999999,   -999999,   -999999,   -999999,   -999999,   -999999,   -999999,     -999999  
59202,   58,          1300269.0,         13.000000,  10.13069105,   41.32835732,   265.2749491,   3.238561,   679.6,   262.3099939,   292.9155637,   336,   55.95379332,   15.63964877,   254.8579322,   3.1916,   158.8,   149.599152,   129.535992,   0.46,   -5.2,   17.4,   22.32,   -4.92,   -1.26,   -25.04,   292.88,   250.6499939,   273.4699939,   717.6,   57.2,   11.02,   142.1,   119.62,   0.996,   1.02,   2.704,   2.434,   37.798,   0.1478,   0.9174,   1.01285,   41.1325,   37.1,   250.6899939,   0.4111,   2.7805,   0.5489388,   0.9233832,   53.3,   410.55,   1.91455,   0.11881,    -999999,   -999999,   -999999,   -999999,   -999999,   -999999,   -999999,   -999999,   -999999,   -999999,   -999999,   -999999,   -999999,   -999999,   -999999,   -999999,   -999999,   -999999,   -999999,   -999999,   -999999,   -999999,   -999999,   -999999,   -999999,   -999999,   -999999,   -999999,   -999999,   -999999,   -999999,   -999999,   -999999,   -999999,   -999999,   -999999,   -999999,   -999999,   -999999,   -999999,   -999999,   -999999,   -999999,   -999999,   -999999,   -999999,   -999999,   -999999,   -999999,   -999999,   -999999,     -999999  
59207,   58,          1300270.0,         13.000000,  10.13226181,   41.33515858,   265.2776771,   3.20765428,   682.2,   262.5099939,   292.8192606,   336,   55.9494957,   15.39880759,   253.5472686,   3.1598,   157.2,   149.907816,   129.947544,   0.46,   -6,   9.4,   14.64,   -5.24,   -1.34,   -24.96,   292.82,   250.1499939,   273.7699939,   711.6,   57.2,   12.78,   142.1,   126.3,   0.95,   0.98,   2.752,   2.482,   35.522,   0.139625,   0.86665,   0.960475,   38.0425,   34.4075,   250.0874939,   0.40834,   2.75146,   0.5437588,   0.9233836,   53.02,   410.615,   1.91275,   0.1217157895,    -999999,   -999999,   -999999,   -999999,   -999999,   -999999,   -999999,   -999999,   -999999,   -999999,   -999999,   -999999,   -999999,   -999999,   -999999,   -999999,   -999999,   -999999,   -999999,   -999999,   -999999,   -999999,   -999999,   -999999,   -999999,   -999999,   -999999,   -999999,   -999999,   -999999,   -999999,   -999999,   -999999,   -999999,   -999999,   -999999,   -999999,   -999999,   -999999,   -999999,   -999999,   -999999,   -999999,   -999999,   -999999,   -999999,   -999999,   -999999,   -999999,   -999999,   -999999,     -999999  
59212,   58,          1300271.0,         13.000000,  10.13374288,   41.34211406,   265.2790598,   3.176869479,   684.8,   262.7499939,   292.768604,   336,   55.94590198,   14.51963958,   252.2015196,   3.1294,   155.4,   150.21648,   130.564872,   0.46,   -5.4,   0.6,   5.88,   -5.32,   -1.16,   -25.4,   292.72,   249.6499939,   274.0499939,   708.2,   57.2,   14.88,   142.1,   133.44,   0.904,   0.936,   2.8,   2.532,   33.424,   0.134175,   0.832975,   0.926575,   35.9475,   32.5875,   249.6824939,   0.4167,   2.7127,   0.539671,   0.959359,   52.5,   410.59,   1.91235,   0.124055,    -999999,   -999999,   -999999,   -999999,   -999999,   -999999,   -999999,   -999999,   -999999,   -999999,   -999999,   -999999,   -999999,   -999999,   -999999,   -999999,   -999999,   -999999,   -999999,   -999999,   -999999,   -999999,   -999999,   -999999,   -999999,   -999999,   -999999,   -999999,   -999999,   -999999,   -999999,   -999999,   -999999,   -999999,   -999999,   -999999,   -999999,   -999999,   -999999,   -999999,   -999999,   -999999,   -999999,   -999999,   -999999,   -999999,   -999999,   -999999,   -999999,   -999999,   -999999,     -999999  
59217,   58,          1300272.0,         13.000000,  10.13513254,   41.3490608,   265.2790714,   3.147669639,   687.2,   263.0299939,   292.787781,   336,   55.94288684,   14.29927597,   250.5160867,   3.1006,   153.8,   150.010704,   130.461984,   0.46,   -5,   352.28,   357.8,   -5.52,   -1.08,   -25.48,   292.7,   249.2499939,   274.3099939,   704,   57.2,   17.4,   142.14,   140.24,   0.87,   0.9,   2.868,   2.6,   31.492,   0.1348333333,   0.8368777778,   0.9345888889,   35.60777778,   32.34111111,   249.7799939,   0.41516,   2.68544,   0.542837,   0.8874078,   51.5,   410.6,   1.91225,   0.120795,    -999999,   -999999,   -999999,   -999999,   -999999,   -999999,   -999999,   -999999,   -999999,   -999999,   -999999,   -999999,   -999999,   -999999,   -999999,   -999999,   -999999,   -999999,   -999999,   -999999,   -999999,   -999999,   -999999,   -999999,   -999999,   -999999,   -999999,   -999999,   -999999,   -999999,   -999999,   -999999,   -999999,   -999999,   -999999,   -999999,   -999999,   -999999,   -999999,   -999999,   -999999,   -999999,   -999999,   -999999,   -999999,   -999999,   -999999,   -999999,   -999999,   -999999,   -999999,     -999999  
59222,   58,          1300273.0,         13.000000,  10.13643292,   41.3558336,   265.2777438,   3.118957479,   690,   263.2899939,   292.7369027,   336,   55.9402986,   14.11975425,   248.7603411,   3.0728,   151.2,   149.496264,   130.15332,   0.46,   -5,   343.26,   348.98,   -5.68,   -1.06,   -25.28,   292.72,   248.9899939,   274.4299939,   700.8,   57.2,   20.5,   142.2,   147.64,   0.844,   0.884,   2.922,   2.662,   30.156,   0.1345444444,   0.8351222222,   0.9362333333,   34.89888889,   31.77,   249.7977717,   0.41658,   2.65622,   0.5425326,   0.86942,   50.4,   410.605,   1.9124,   0.123745,    -999999,   -999999,   -999999,   -999999,   -999999,   -999999,   -999999,   -999999,   -999999,   -999999,   -999999,   -999999,   -999999,   -999999,   -999999,   -999999,   -999999,   -999999,   -999999,   -999999,   -999999,   -999999,   -999999,   -999999,   -999999,   -999999,   -999999,   -999999,   -999999,   -999999,   -999999,   -999999,   -999999,   -999999,   -999999,   -999999,   -999999,   -999999,   -999999,   -999999,   -999999,   -999999,   -999999,   -999999,   -999999,   -999999,   -999999,   -999999,   -999999,   -999999,   -999999,     -999999  
59227,   58,          1300274.0,         13.000000,  10.13764758,   41.36228188,   265.2751304,   3.090732998,   692.4,   263.4499939,   292.6243511,   336,   55.93798878,   14.13999153,   248.399859,   3.0448,   148.8,   149.290488,   130.15332,   0.46,   -5,   334.86,   340.66,   -5.84,   -0.98,   -25.52,   292.6,   248.8899939,   274.6499939,   698,   57.2,   23.58,   142.2,   154.4,   0.834,   0.874,   2.966,   2.702,   29.478,   0.136575,   0.84755,   0.953075,   34.95,   31.8775,   249.9999939,   0.41496,   2.62984,   0.5321374,   0.86942,   49,   410.615,   1.9122,   0.122035,    -999999,   -999999,   -999999,   -999999,   -999999,   -999999,   -999999,   -999999,   -999999,   -999999,   -999999,   -999999,   -999999,   -999999,   -999999,   -999999,   -999999,   -999999,   -999999,   -999999,   -999999,   -999999,   -999999,   -999999,   -999999,   -999999,   -999999,   -999999,   -999999,   -999999,   -999999,   -999999,   -999999,   -999999,   -999999,   -999999,   -999999,   -999999,   -999999,   -999999,   -999999,   -999999,   -999999,   -999999,   -999999,   -999999,   -999999,   -999999,   -999999,   -999999,   -999999,     -999999  
