inputs/ACTAMERICA_Merge/C130/ACTAMERICA-mrg05-c130_merge_20171109_R0.ict
145, 1001
Shook, Michael
NASA Atmospheric Composition Branch, NASA Langley Research Center (SSAI)
Merged data file for ACT-AMERICA Fall 2017, Flight 21 (20171109), on the c130 platform. Data is merged to 05 seconds.
NASA ACT-AMERICA Fall 2017
1, 1
2017, 11, 09, 2018, 07, 05
05
UTC,s
106
1, 1, 1, 1, 1, 1, 1, 1, 1, 1, 1, 1, 1, 1, 1, 1, 1, 1, 1, 1, 1, 1, 1, 1, 1, 1, 1, 1, 1, 1, 1, 1, 1, 1, 1, 1, 1, 1, 1, 1, 1, 1, 1, 1, 1, 1, 1, 1, 1, 1, 1, 1, 1, 1, 1, 1, 1, 1, 1, 1, 1, 1, 1, 1, 1, 1, 1, 1, 1, 1, 1, 1, 1, 1, 1, 1, 1, 1, 1, 1, 1, 1, 1, 1, 1, 1, 1, 1, 1, 1, 1, 1, 1, 1, 1, 1, 1, 1, 1, 1, 1, 1, 1, 1, 1, 1
-999999, -999999, -999999, -999999, -999999, -999999, -999999, -999999, -999999, -999999, -999999, -999999, -999999, -999999, -999999, -999999, -999999, -999999, -999999, -999999, -999999, -999999, -999999, -999999, -999999, -999999, -999999, -999999, -999999, -999999, -999999, -999999, -999999, -999999, -999999, -999999, -999999, -999999, -999999, -999999, -999999, -999999, -999999, -999999, -999999, -999999, -999999, -999999, -999999, -999999, -999999, -999999, -999999, -999999, -999999, -999999, -999999, -999999, -999999, -999999, -999999, -999999, -999999, -999999, -999999, -999999, -999999, -999999, -999999, -999999, -999999, -999999, -999999, -999999, -999999, -999999, -999999, -999999, -999999, -999999, -999999, -999999, -999999, -999999, -999999, -999999, -999999, -999999, -999999, -999999, -999999, -999999, -999999, -999999, -999999, -999999, -999999, -999999, -999999, -999999, -999999, -999999, -999999, -999999, -999999, -999999
JDAY, days
INDEX, none
FLIGHT, none
LOCAL_SUN_TIME, hour
LATITUDE, degs
LONGITUDE, degs
ALTP, km
PRESSURE, hPa
TEMPERATURE, K
THETA, K, calculated from ambient temperature and pressure
O3COLUMN, DU, OMI ozone column data extracted along flight track
SZA, deg
WNS, m s-1
WND, Degs
GPS_ALT, km
GRD_SPD, m s-1
TAS, m/s
IAS, m/s
MachNumber, mach
VerticalSpeed, m s-1
HDG, degs
TRK, degs
DriftAngle, degs
PITCH, degs
ROLL, degs
PotentialTemp_Nav, K
Dewpoint, K
TotalAirTemp, K
CabinPressure, hPa
SolarZenithAngle, degs
AircraftSunElevation, degs
SunAzimuth, degs
AircraftSunAzimuth, degs
H2O_MixingRatio_Nav, g kg-1
H2O_VaporPressure_Nav, hPa
H2O_SatVaporPressureWater_Nav, hPa
H2O_SatVaporPressureIce_Nav, hPa
H2O_RelativeHumidity_Nav, %
ManeuverFlag, none
H2O_VolMixingRatio_PICARRO, %
H2O_MassMixingRatio_PICARRO, g kg-1
H2O_VaporPressure_PICARRO, hPa
RHi_PICARRO, %
RHw_PICARRO, %
Dewpoint_PICARRO, K
GPS_ALT, km
GroundElevation-AMSL_GoogleMaps, km
Altitude-AGL_GoogleMaps, km
GroundHeight-AMSL_CPL, km
MLH-AMSL_CPL, km
O3_MixingRatio, ppbv
CO2_DryMoleFrac_PICARRO, ppm
CH4_DryMoleFrac_PICARRO, ppm
CO_DryMoleFrac_PICARRO, ppm
CO2_MoleFraction_PFP, ppm
CH4_MoleFraction_PFP, ppb
CO_MoleFraction_PFP, ppb
N2O_MoleFraction_PFP, ppb
SF6_CCGG_MoleFraction_PFP, ppt
H2_MoleFraction_PFP, ppb
CH4C13_PFP, permil
CO2C14_PFP, permil
F11B_MoleFraction_PFP, ppt
FC12_MoleFraction_PFP, ppt
F13_MoleFraction_PFP, ppt
F113_MoleFraction_PFP, ppt
F115_MoleFraction_PFP, ppt
HF133a_MoleFraction_PFP, ppt
F23_MoleFraction_PFP, ppt
F32_MoleFraction_PFP, ppt
F134A_MoleFraction_PFP, ppt
F152A_MoleFraction_PFP, ppt
F125_MoleFraction_PFP, ppt
F143a_MoleFraction_PFP, ppt
F227e_MoleFraction_PFP, ppt
F365m_MoleFraction_PFP, ppt
H1211_MoleFraction_PFP, ppt
H1301_MoleFraction_PFP, ppt
[...]
[from data line 1627]
66702,   313,          2101628.0,         21.000000,  12.0663356,   38.15441802,   263.0596174,   7.647858815,   374,   244.1899939,   323.4182736,   268,   55.00895486,   27.97813052,   292.26605,   7.8908,   164.68,   148.5291168,   99.77049361,   0.47,   -0.92,   170.1,   162,   8.06,   1.92,   0.84,   323.46,   236.1699939,   255.2299939,   753.6,   55.4,   32.7,   -174.5,   15.04,   0.464,   0.262,   0.57,   0.43,   45.968,    -999999,  0.07204285714,   0.4471857143,   0.2705571429,   66.99285714,   50.28142857,   236.652851,   7.8908,   0.4301,   7.4607,   0.5856808,   1.025316,   53.62,   404.78,   1.8847,   0.08152631579,    -999999,   -999999,   -999999,   -999999,   -999999,   -999999,   -999999,   -999999,   -999999,   -999999,   -999999,   -999999,   -999999,   -999999,   -999999,   -999999,   -999999,   -999999,   -999999,   -999999,   -999999,   -999999,   -999999,   -999999,   -999999,   -999999,   -999999,   -999999,   -999999,   -999999,   -999999,   -999999,   -999999,   -999999,   -999999,   -999999,   -999999,   -999999,   -999999,   -999999,   -999999,   -999999,   -999999,   -999999,   -999999,   -999999,   -999999,   -999999,   -999999,   -999999,   -999999,     -999999  
66707,   313,          2101629.0,         21.000000,  12.06791723,   38.14735906,   263.0625084,   7.642250494,   374,   244.3099939,   323.577208,   268,   55.00228041,   28.4392242,   291.7369224,   7.8872,   164.86,   148.6834488,   99.89395921,   0.474,   -0.66,   170.38,   162.14,   8.26,   2.02,   0.48,   323.48,   235.5899939,   255.3499939,   753.6,   55.4,   32.58,   -174.48,   15.02,   0.436,   0.246,   0.576,   0.43,   42.942,    -999999,  0.07125555556,   0.4423444444,   0.2677333333,   66.03888889,   49.57888889,   236.5477717,   7.8872,   0.43128,   7.45592,   0.6064904,   1.037308,   51.5,   404.745,   1.8844,   0.083,    -999999,   -999999,   -999999,   -999999,   -999999,   -999999,   -999999,   -999999,   -999999,   -999999,   -999999,   -999999,   -999999,   -999999,   -999999,   -999999,   -999999,   -999999,   -999999,   -999999,   -999999,   -999999,   -999999,   -999999,   -999999,   -999999,   -999999,   -999999,   -999999,   -999999,   -999999,   -999999,   -999999,   -999999,   -999999,   -999999,   -999999,   -999999,   -999999,   -999999,   -999999,   -999999,   -999999,   -999999,   -999999,   -999999,   -999999,   -999999,   -999999,   -999999,   -999999,     -999999  
66712,   313,          2101630.0,         21.000000,  12.0694983,   38.14030984,   263.0653911,   7.639751134,   374.2,   244.4299939,   323.6866963,   268,   54.99562473,   28.41819893,   293.0108329,   7.8848,   164.46,   147.7677456,   99.24576481,   0.47,   -0.12,   170.2,   162.02,   8.14,   2.32,   0.02,   323.64,   234.9899939,   255.3499939,   753.2,   55.4,   32.16,   -174.4,   15.4,   0.412,   0.232,   0.582,   0.44,   39.98,    -999999,  0.07018888889,   0.4355444444,   0.2637444444,   63.42111111,   47.73,   236.3944383,   7.8848,   0.43588,   7.44892,   0.6068066,   1.037308,   52.74,   404.76,   1.88455,   0.081725,    -999999,   -999999,   -999999,   -999999,   -999999,   -999999,   -999999,   -999999,   -999999,   -999999,   -999999,   -999999,   -999999,   -999999,   -999999,   -999999,   -999999,   -999999,   -999999,   -999999,   -999999,   -999999,   -999999,   -999999,   -999999,   -999999,   -999999,   -999999,   -999999,   -999999,   -999999,   -999999,   -999999,   -999999,   -999999,   -999999,   -999999,   -999999,   -999999,   -999999,   -999999,   -999999,   -999999,   -999999,   -999999,   -999999,   -999999,   -999999,   -999999,   -999999,   -999999,     -999999  
66717,   313,          2101631.0,         21.000000,  12.07107984,   38.1332849,   263.0682809,   7.637922334,   374.2,   244.4099939,   323.6602113,   268,   54.9890026,   28.49992345,   293.2796487,   7.8858,   163.74,   146.8520424,   98.62843681,   0.47,   0.44,   170.12,   161.98,   8.18,   2.52,   0.36,   323.58,   234.6699939,   255.1899939,   753.4,   55.4,   32.04,   -174.4,   15.38,   0.396,   0.226,   0.58,   0.44,   38.732,    -999999,  0.06328888889,   0.3927888889,   0.2379555556,   56.43333333,   42.52666667,   235.3788828,   7.8858,   0.44124,   7.44456,   0.6092862,   1.0493,   54.9,   404.77,   1.88485,   0.07863684211,    -999999,   -999999,   -999999,   -999999,   -999999,   -999999,   -999999,   -999999,   -999999,   -999999,   -999999,   -999999,   -999999,   -999999,   -999999,   -999999,   -999999,   -999999,   -999999,   -999999,   -999999,   -999999,   -999999,   -999999,   -999999,   -999999,   -999999,   -999999,   -999999,   -999999,   -999999,   -999999,   -999999,   -999999,   -999999,   -999999,   -999999,   -999999,   -999999,   -999999,   -999999,   -999999,   -999999,   -999999,   -999999,   -999999,   -999999,   -999999,   -999999,   -999999,   -999999,     -999999  
66722,   313,          2101632.0,         21.000000,  12.07266015,   38.12630204,   263.0711523,   7.642250494,   374,   244.4299939,   323.7361424,   268,   54.9824314,   28.2991137,   293.2784469,   7.8878,   162.7,   145.998072,   97.99053121,   0.466,   -0.14,   170.3,   162.08,   8.2,   2.52,   0.96,   323.68,   234.3499939,   255.0899939,   752.4,   55.4,   32.22,   -174.4,   14.78,   0.384,   0.22,   0.58,   0.44,   37.422,    -999999,  0.07278,   0.45168,   0.27361,   64.888,   48.894,   236.7599939,   7.8878,   0.44586,   7.44194,   0.6114468,   1.0493,   53.82,   404.75,   1.8847,   0.08184210526,    -999999,   -999999,   -999999,   -999999,   -999999,   -999999,   -999999,   -999999,   -999999,   -999999,   -999999,   -999999,   -999999,   -999999,   -999999,   -999999,   -999999,   -999999,   -999999,   -999999,   -999999,   -999999,   -999999,   -999999,   -999999,   -999999,   -999999,   -999999,   -999999,   -999999,   -999999,   -999999,   -999999,   -999999,   -999999,   -999999,   -999999,   -999999,   -999999,   -999999,   -999999,   -999999,   -999999,   -999999,   -999999,   -999999,   -999999,   -999999,   -999999,   -999999,   -999999,     -999999  
66727,   313,          2101633.0,         21.000000,  12.07423768,   38.11935862,   263.0739819,   7.636581214,   374.6,   244.4699939,   323.6408598,   268,   54.97590804,   28.67990301,   293.6380753,   7.887,   161.54,   144.5164848,   97.00280641,   0.46,   0.36,   170.56,   162.18,   8.38,   2.96,   0.06,   323.64,   234.2899939,   254.9099939,   752.6,   55.4,   31.58,   -174.34,   14.96,   0.384,   0.22,   0.584,   0.44,   37.166,    -999999,  0.06777777778,   0.4207222222,   0.2548222222,   60.44,   45.54444444,   236.0422161,   7.887,   0.4499,   7.4371,   0.6136924,   1.0493,   55.86,   404.7785714,   1.88455,   0.08206315789,    -999999,   -999999,   -999999,   -999999,   -999999,   -999999,   -999999,   -999999,   -999999,   -999999,   -999999,   -999999,   -999999,   -999999,   -999999,   -999999,   -999999,   -999999,   -999999,   -999999,   -999999,   -999999,   -999999,   -999999,   -999999,   -999999,   -999999,   -999999,   -999999,   -999999,   -999999,   -999999,   -999999,   -999999,   -999999,   -999999,   -999999,   -999999,   -999999,   -999999,   -999999,   -999999,   -999999,   -999999,   -999999,   -999999,   -999999,   -999999,   -999999,   -999999,   -999999,     -999999  
66732,   313,          2101634.0,         21.000000,  12.07581444,   38.11246944,   263.0767999,   7.638531934,   374.2,   244.4299939,   323.6866963,   268,   54.96944782,   27.93949009,   293.500788,   7.89,   160.14,   143.5081824,   96.31345681,   0.46,   1.18,   170.2,   162,   8.2,   3.18,   1.110223025E-017,   323.62,   234.5899939,   254.7299939,   751.6,   55.4,   31.3,   -174.3,   15.44,   0.394,   0.222,   0.582,   0.44,   38.282,    -999999,  0.07193333333,   0.4463777778,   0.2703333333,   64.12222222,   48.31777778,   236.6444383,   7.89,   0.4497,   7.4403,   0.618679,   1.0493,   54.5,   404.785,   1.8843,   0.0826,    -999999,   -999999,   -999999,   -999999,   -999999,   -999999,   -999999,   -999999,   -999999,   -999999,   -999999,   -999999,   -999999,   -999999,   -999999,   -999999,   -999999,   -999999,   -999999,   -999999,   -999999,   -999999,   -999999,   -999999,   -999999,   -999999,   -999999,   -999999,   -999999,   -999999,   -999999,   -999999,   -999999,   -999999,   -999999,   -999999,   -999999,   -999999,   -999999,   -999999,   -999999,   -999999,   -999999,   -999999,   -999999,   -999999,   -999999,   -999999,   -999999,   -999999,   -999999,     -999999  
66737,   313,          2101635.0,         21.000000,  12.07739084,   38.10564742,   263.0796126,   7.641701854,   374,   244.4299939,   323.7361424,   268,   54.96306378,   28.33995911,   293.2202539,   7.8936,   158.96,   142.2117936,   95.38746481,   0.452,   -0.14,   170.38,   161.94,   8.42,   2.52,   0.64,   323.68,   234.9499939,   254.5299939,   750.8,   55.4,   32.04,   -174.3,   15.12,   0.41,   0.232,   0.58,   0.44,   39.818,    -999999,  0.07195555556,   0.4466777778,   0.2703111111,   64.11555556,   48.31444444,   236.641105,   7.8936,   0.44942,   7.44418,   0.6167954,   1.0493,   58.56,   404.78,   1.88465,   0.0817,    -999999,   -999999,   -999999,   -999999,   -999999,   -999999,   -999999,   -999999,   -999999,   -999999,   -999999,   -999999,   -999999,   -999999,   -999999,   -999999,   -999999,   -999999,   -999999,   -999999,   -999999,   -999999,   -999999,   -999999,   -999999,   -999999,   -999999,   -999999,   -999999,   -999999,   -999999,   -999999,   -999999,   -999999,   -999999,   -999999,   -999999,   -999999,   -999999,   -999999,   -999999,   -999999,   -999999,   -999999,   -999999,   -999999,   -999999,   -999999,   -999999,   -999999,   -999999,     -999999  
66742,   313,          2101636.0,         21.000000,  12.07896576,   38.09886106,   263.0824031,   7.637312734,   374.2,   244.3699939,   323.6072412,   268,   54.9567241,   28.53990603,   293.4200419,   7.891,   158.12,   141.265224,   94.77013681,   0.45,   -1.04,   170.58,   162.04,   8.52,   2.44,   0.46,   323.52,   235.4499939,   254.3299939,   750.6,   55.4,   32.2,   -174.3,   14.92,   0.43,   0.244,   0.58,   0.44,   42.146,    -999999,  0.07391111111,   0.4588444444,   0.2776888889,   65.86444444,   49.62888889,   236.9099939,   7.891,   0.4522,   7.4388,   0.6113932,   1.0493,   56.28,   404.75,   1.8845,   0.08365,    -999999,   -999999,   -999999,   -999999,   -999999,   -999999,   -999999,   -999999,   -999999,   -999999,   -999999,   -999999,   -999999,   -999999,   -999999,   -999999,   -999999,   -999999,   -999999,   -999999,   -999999,   -999999,   -999999,   -999999,   -999999,   -999999,   -999999,   -999999,   -999999,   -999999,   -999999,   -999999,   -999999,   -999999,   -999999,   -999999,   -999999,   -999999,   -999999,   -999999,   -999999,   -999999,   -999999,   -999999,   -999999,   -999999,   -999999,   -999999,   -999999,   -999999,   -999999,     -999999  
66747,   313,          2101637.0,         21.000000,  12.08053908,   38.09211318,   263.0851695,   7.631582494,   375,   244.4099939,   323.4627822,   268,   54.95043153,   28.6989912,   294.0411804,   7.886,   157.24,   140.0099904,   93.94703281,   0.448,   -0.54,   170.62,   162.04,   8.58,   2.94,   0.24,   323.48,   235.9499939,   254.2099939,   750.4,   55.4,   31.68,   -174.2,   15,   0.452,   0.256,   0.58,   0.44,   44.212,    -999999,  0.07497777778,   0.4654333333,   0.2818333333,   66.84111111,   50.36666667,   237.061105,   7.886,   0.45152,   7.43448,   0.610928,   1.0493,   54.04,   404.775,   1.8843,   0.0823,    -999999,   -999999,   -999999,   -999999,   -999999,   -999999,   -999999,   -999999,   -999999,   -999999,   -999999,   -999999,   -999999,   -999999,   -999999,   -999999,   -999999,   -999999,   -999999,   -999999,   -999999,   -999999,   -999999,   -999999,   -999999,   -999999,   -999999,   -999999,   -999999,   -999999,   -999999,   -999999,   -999999,   -999999,   -999999,   -999999,   -999999,   -999999,   -999999,   -999999,   -999999,   -999999,   -999999,   -999999,   -999999,   -999999,   -999999,   -999999,   -999999,   -999999,   -999999,     -999999  
66752,   313,          2101638.0,         21.000000,  12.08211174,   38.08540616,   263.0879262,   7.626461854,   375,   244.4099939,   323.4627822,   268,   54.94418871,   28.77969926,   294.5004169,   7.8854,   156.04,   138.5592696,   92.96959681,   0.44,   0.26,   170.58,   161.96,   8.62,   3.34,   0.08,   323.46,   236.3299939,   254.0299939,   749.6,   55.36,   31.2,   -174.2,   15.12,   0.472,   0.266,   0.582,   0.44,   45.81,    -999999,  0.073375,   0.455475,   0.2759,   65.4375,   49.31,   236.8424939,   7.8854,   0.44872,   7.43668,   0.613703,   1.0493,   53,   404.76,   1.8846,   0.08412631579,    -999999,   -999999,   -999999,   -999999,   -999999,   -999999,   -999999,   -999999,   -999999,   -999999,   -999999,   -999999,   -999999,   -999999,   -999999,   -999999,   -999999,   -999999,   -999999,   -999999,   -999999,   -999999,   -999999,   -999999,   -999999,   -999999,   -999999,   -999999,   -999999,   -999999,   -999999,   -999999,   -999999,   -999999,   -999999,   -999999,   -999999,   -999999,   -999999,   -999999,   -999999,   -999999,   -999999,   -999999,   -999999,   -999999,   -999999,   -999999,   -999999,   -999999,   -999999,     -999999  
66757,   313,          2101639.0,         21.000000,  12.08368401,   38.07876566,   263.0906768,   7.629083134,   375,   244.4099939,   323.4627822,   268,   54.93802137,   28.61873838,   295.1979035,   7.8866,   154.72,   136.9645056,   91.85840641,   0.44,   0.1,   170.38,   161.82,   8.56,   3.48,   0.34,   323.44,   236.6499939,   253.7899939,   749,   55.3,   31.2,   -174.2,   15.24,   0.486,   0.276,   0.58,   0.44,   47.416,    -999999,  0.07497777778,   0.4654888889,   0.2819888889,   66.88111111,   50.39666667,   237.0644383,   7.8866,   0.44298,   7.44362,   0.6151054,   1.0493,   50.14,   404.76,   1.88445,   0.07975,    -999999,   -999999,   -999999,   -999999,   -999999,   -999999,   -999999,   -999999,   -999999,   -999999,   -999999,   -999999,   -999999,   -999999,   -999999,   -999999,   -999999,   -999999,   -999999,   -999999,   -999999,   -999999,   -999999,   -999999,   -999999,   -999999,   -999999,   -999999,   -999999,   -999999,   -999999,   -999999,   -999999,   -999999,   -999999,   -999999,   -999999,   -999999,   -999999,   -999999,   -999999,   -999999,   -999999,   -999999,   -999999,   -999999,   -999999,   -999999,   -999999,   -999999,   -999999,     -999999  
66762,   313,          2101640.0,         21.000000,  12.0852554,   38.07218,   263.0934144,   7.623413854,   375,   244.3699939,   323.4098444,   268,   54.93191768,   28.85926925,   295.1185749,   7.8882,   153.36,   135.5343624,   90.91183681,   0.43,   0.26,   170.56,   161.84,   8.72,   3.64,   0.84,   323.36,   236.7899939,   253.5499939,   748.2,   55.3,   31.2,   -174.16,   14.68,   0.49,   0.28,   0.578,   0.438,   48.126,    -999999,  0.076875,   0.477275,   0.28915,   68.7725,   51.805,   237.3149939,   7.8882,   0.44552,   7.44268,   0.6192848,   1.0493,   54.18,   404.78,   1.8846,   0.0837,    -999999,   -999999,   -999999,   -999999,   -999999,   -999999,   -999999,   -999999,   -999999,   -999999,   -999999,   -999999,   -999999,   -999999,   -999999,   -999999,   -999999,   -999999,   -999999,   -999999,   -999999,   -999999,   -999999,   -999999,   -999999,   -999999,   -999999,   -999999,   -999999,   -999999,   -999999,   -999999,   -999999,   -999999,   -999999,   -999999,   -999999,   -999999,   -999999,   -999999,   -999999,   -999999,   -999999,   -999999,   -999999,   -999999,   -999999,   -999999,   -999999,   -999999,   -999999,     -999999  
