inputs/ACTAMERICA_Merge/C130/ACTAMERICA-mrg05-c130_merge_20170304_R0.ict
143, 1001
Shook, Michael
NASA Atmospheric Composition Branch, NASA Langley Research Center (SSAI)
Merged data file for ACT-AMERICA 2017, Flight 17 (20170304), on the c130 platform. Data is merged to 05 seconds.
NASA ACT-AMERICA 2017
1, 1
2017, 03, 04, 2018, 02, 23
05
UTC,s
104
1, 1, 1, 1, 1, 1, 1, 1, 1, 1, 1, 1, 1, 1, 1, 1, 1, 1, 1, 1, 1, 1, 1, 1, 1, 1, 1, 1, 1, 1, 1, 1, 1, 1, 1, 1, 1, 1, 1, 1, 1, 1, 1, 1, 1, 1, 1, 1, 1, 1, 1, 1, 1, 1, 1, 1, 1, 1, 1, 1, 1, 1, 1, 1, 1, 1, 1, 1, 1, 1, 1, 1, 1, 1, 1, 1, 1, 1, 1, 1, 1, 1, 1, 1, 1, 1, 1, 1, 1, 1, 1, 1, 1, 1, 1, 1, 1, 1, 1, 1, 1, 1, 1, 1
-999999, -999999, -999999, -999999, -999999, -999999, -999999, -999999, -999999, -999999, -999999, -999999, -999999, -999999, -999999, -999999, -999999, -999999, -999999, -999999, -999999, -999999, -999999, -999999, -999999, -999999, -999999, -999999, -999999, -999999, -999999, -999999, -999999, -999999, -999999, -999999, -999999, -999999, -999999, -999999, -999999, -999999, -999999, -999999, -999999, -999999, -999999, -999999, -999999, -999999, -999999, -999999, -999999, -999999, -999999, -999999, -999999, -999999, -999999, -999999, -999999, -999999, -999999, -999999, -999999, -999999, -999999, -999999, -999999, -999999, -999999, -999999, -999999, -999999, -999999, -999999, -999999, -999999, -999999, -999999, -999999, -999999, -999999, -999999, -999999, -999999, -999999, -999999, -999999, -999999, -999999, -999999, -999999, -999999, -999999, -999999, -999999, -999999, -999999, -999999, -999999, -999999, -999999, -999999
JDAY, days
INDEX, none
FLIGHT, none
LOCAL_SUN_TIME, hour
LATITUDE, degs
LONGITUDE, degs
ALTP, km
PRESSURE, hPa
TEMPERATURE, K
THETA, K
O3COLUMN, DU
SZA, deg
WNS, m s-1
WND, Degs
GPS_ALT, km
GRD_SPD, m s-1
TAS, m/s
IAS, m/s
MachNumber, mach
VerticalSpeed, m s-1
HDG, degs
TRK, degs
DriftAngle, degs
PITCH, degs
ROLL, degs
PotentialTemp, K
Dewpoint, K
TotalAirTemp, K
CabinPressure, hPa
SolarZenithAngle, degs
AircraftSunElevation, degs
SunAzimuth, degs
AircraftSunAzimuth, degs
H2O_MixingRatio, g kg-1
H2O_VaporPressure, hPa
H2O_SatVaporPressureWater, hPa
H2O_SatVaporPressureIce, hPa
H2O_RelativeHumidity, %
H2O_VolMixingRatio_PICARRO, %
H2O_MassMixingRatio_PICARRO, g kg-1
H2O_VaporPressure_PICARRO, hPa
RHi_PICARRO, %
RHw_PICARRO, %
Dewpoint_PICARRO, K
Ground_Elevation, km
Altitude_AGL, km
GroundHeight_CPL, km
MLH_CPL, km
O3_MixingRatio, ppbv
CO2_MixingRatio_PICARRO, ppmv
CH4_MixingRatio_PICARRO, ppmv
CO_MixingRatio_PICARRO, ppmv
CO2_MoleFraction_PFP, ppm
CH4_MoleFraction_PFP, ppb
CO_MoleFraction_PFP, ppb
N2O_MoleFraction_PFP, ppb
SF6_CCGG_MoleFraction_PFP, ppt
H2_MoleFraction_PFP, ppb
CH4C13_PFP, per mil
CO2C14_PFP, per mil
F11B_MoleFraction_PFP, ppt
FC12_MoleFraction_PFP, ppt
F13_MoleFraction_PFP, ppt
F113_MoleFraction_PFP, ppt
F115_MoleFraction_PFP, ppt
HF133a_MoleFraction_PFP, ppt
F23_MoleFraction_PFP, ppt
F32_MoleFraction_PFP, ppt
F134A_MoleFraction_PFP, ppt
F152A_MoleFraction_PFP, ppt
F125_MoleFraction_PFP, ppt
F143a_MoleFraction_PFP, ppt
F227e_MoleFraction_PFP, ppt
F365m_MoleFraction_PFP, ppt
H1211_MoleFraction_PFP, ppt
H1301_MoleFraction_PFP, ppt
H2402_MoleFraction_PFP, ppt
MCFA_MoleFraction_PFP, ppt
CF4_MoleFraction_PFP, ppt
C2F6_MoleFraction_PFP, ppt
SO2F2_MoleFraction_PFP, ppt
MEBR_MoleFraction_PFP, ppt
CH3I_MoleFraction_PFP, ppt
DIBR_MoleFraction_PFP, ppt
[...]
[from data line 1288]
63432,   63,          1701289.0,         17.000000,  12.60545068,   42.0656474,   284.7713435,   3.476731723,   658.8,   243.8099939,   274.6857908,   422,   49.21613587,   19.47993327,   316.8600622,   3.314,   173.2,   147.952944,   131.079312,   0.47,   -6.4,   165.16,   160.7,   4.46,   -1.54,   25.12,   274.66,   217.7099939,   254.8099939,   1049.6,   48.5,   48.34,   -172.18,   0.52,   0.03,   0.03,   0.55,   0.414,   6.272,   0.011325,   0.070425,   0.07545,   18.6175,   13.975,   224.6424939,   0.6344,   2.6796,    -999999,   -999999,  52.12,   412.145,   1.939877778,   0.1526473684,   412.23,   1939.28,   151.04,   329.94,   9.41,   511.31,   -47.37,    -999999,  232.38,   515.98,   3.4,   70.71,   8.56,   0.54,   33.07,   15.47,   102.79,   10.68,   24.43,   22.11,   1.33,   1.16,   3.49,   3.29,   0.41,   2.49,   84.9,   4.79,   2.49,   6.96,   0.26,   1.24,   530.55,   581.04,   82.96,   16.65,   3.83,   484.42,   2140.03,   785.76,   209.5,   122.66,   47.02,   58.29,   131.6,   39.99,   0.22,   0.17,   12.4,   0.6,   18.88,          252.27000  
63437,   63,          1701290.0,         17.000000,  12.60702546,   42.05818726,   284.7741318,   3.435949482,   662.4,   244.1499939,   274.6408907,   422,   49.2124755,   19.89984766,   315.7388944,   3.279,   170.4,   147.232728,   130.564872,   0.47,   -6.2,   174.18,   168.24,   5.96,   -1.48,   25.5,   274.64,   217.7499939,   255.0299939,   1044.6,   48.5,   44.34,   -172.1,   -8.1,   0.03,   0.03,   0.568,   0.426,   6.108,   0.011775,   0.0731,   0.078825,   18.48,   13.94,   225.0774939,   0.61818,   2.66082,    -999999,   -999999,  50.06,   412.21,   1.9401,   0.1544,   412.23,   1939.28,   151.04,   329.94,   9.41,   511.31,   -47.37,    -999999,  232.38,   515.98,   3.4,   70.71,   8.56,   0.54,   33.07,   15.47,   102.79,   10.68,   24.43,   22.11,   1.33,   1.16,   3.49,   3.29,   0.41,   2.49,   84.9,   4.79,   2.49,   6.96,   0.26,   1.24,   530.55,   581.04,   82.96,   16.65,   3.83,   484.42,   2140.03,   785.76,   209.5,   122.66,   47.02,   58.29,   131.6,   39.99,   0.22,   0.17,   12.4,   0.6,   18.88,          252.27000  
63442,   63,          1701291.0,         17.000000,  12.6085084,   42.05067432,   284.7755427,   3.400105002,   665.6,   244.5499939,   274.7123224,   422,   49.20856137,   20.69844156,   313.7304254,   3.244,   166.4,   146.6154,   130.15332,   0.47,   -6.6,   183.48,   175.96,   7.52,   -1.36,   25.82,   274.7,   217.7499939,   255.3299939,   1040.2,   48.5,   40.5,   -172.1,   -15.82,   0.03,   0.03,   0.588,   0.444,   5.892,   0.01265555556,   0.0786,   0.08502222222,   19.20111111,   14.53666667,   225.7544383,   0.61122,   2.63278,    -999999,   -999999,  50.1,   412.37,   1.9417,   0.15205,   412.23,   1939.28,   151.04,   329.94,   9.41,   511.31,   -47.37,    -999999,  232.38,   515.98,   3.4,   70.71,   8.56,   0.54,   33.07,   15.47,   102.79,   10.68,   24.43,   22.11,   1.33,   1.16,   3.49,   3.29,   0.41,   2.49,   84.9,   4.79,   2.49,   6.96,   0.26,   1.24,   530.55,   581.04,   82.96,   16.65,   3.83,   484.42,   2140.03,   785.76,   209.5,   122.66,   47.02,   58.29,   131.6,   39.99,   0.22,   0.17,   12.4,   0.6,   18.88,          252.27000  
63447,   63,          1701292.0,         17.000000,  12.60989782,   42.04327414,   284.7755506,   3.358469322,   669,   244.9699939,   274.783813,   422,   49.2045498,   20.93944645,   313.3774586,   3.2106,   162,   145.689408,   129.535992,   0.466,   -6,   192.82,   184.02,   8.8,   -1.5,   25.76,   274.76,   217.8499939,   255.6299939,   1035.8,   48.5,   36.58,   -172.1,   -23.68,   0.03,   0.04,   0.612,   0.466,   5.732,   0.01258888889,   0.07824444444,   0.08511111111,   18.69222222,   14.18777778,   225.7633272,   0.58158,   2.62902,    -999999,   -999999,  54.18,   412.0433333,   1.93895,   0.1485235294,    -999999,   -999999,   -999999,   -999999,   -999999,   -999999,   -999999,   -999999,   -999999,   -999999,   -999999,   -999999,   -999999,   -999999,   -999999,   -999999,   -999999,   -999999,   -999999,   -999999,   -999999,   -999999,   -999999,   -999999,   -999999,   -999999,   -999999,   -999999,   -999999,   -999999,   -999999,   -999999,   -999999,   -999999,   -999999,   -999999,   -999999,   -999999,   -999999,   -999999,   -999999,   -999999,   -999999,   -999999,   -999999,   -999999,   -999999,   -999999,   -999999,   -999999,   -999999,     -999999  
63452,   63,          1701293.0,         17.000000,  12.61119671,   42.03613998,   284.7742007,   3.324026921,   672,   245.0499939,   274.5223849,   422,   49.20059609,   19.73942464,   315.691899,   3.1778,   157.8,   144.146088,   128.61,   0.46,   -6.2,   201.42,   192.06,   9.38,   -2,   25.34,   274.46,   217.9299939,   255.4499939,   1031.6,   48.5,   33.86,   -172.04,   -30.04,   0.032,   0.04,   0.614,   0.466,   5.762,   0.013025,   0.080775,   0.088275,   19.885,   15.055,   226.0824939,   0.55596,   2.62184,    -999999,   -999999,  50.14,   410.725,   1.9298,   0.14005,    -999999,   -999999,   -999999,   -999999,   -999999,   -999999,   -999999,   -999999,   -999999,   -999999,   -999999,   -999999,   -999999,   -999999,   -999999,   -999999,   -999999,   -999999,   -999999,   -999999,   -999999,   -999999,   -999999,   -999999,   -999999,   -999999,   -999999,   -999999,   -999999,   -999999,   -999999,   -999999,   -999999,   -999999,   -999999,   -999999,   -999999,   -999999,   -999999,   -999999,   -999999,   -999999,   -999999,   -999999,   -999999,   -999999,   -999999,   -999999,   -999999,   -999999,   -999999,     -999999  
63457,   63,          1701294.0,         17.000000,  12.61241219,   42.02939518,   284.7715996,   3.285073481,   675.4,   244.9699939,   274.0373345,   422,   49.19683587,   20.09790942,   314.965185,   3.1416,   153.8,   144.248976,   128.815776,   0.46,   -7,   210.5,   200.22,   10.28,   -2.02,   26,   274,   218.5299939,   255.3499939,   1028.4,   48.5,   30.28,   -172,   -37.48,   0.04,   0.04,   0.61,   0.464,   6.224,   0.013125,   0.08145,   0.0894,   19.6275,   14.8975,   226.1924939,   0.53626,   2.60534,    -999999,   -999999,  51.96,   410.755,   1.929083333,   0.1363,    -999999,   -999999,   -999999,   -999999,   -999999,   -999999,   -999999,   -999999,   -999999,   -999999,   -999999,   -999999,   -999999,   -999999,   -999999,   -999999,   -999999,   -999999,   -999999,   -999999,   -999999,   -999999,   -999999,   -999999,   -999999,   -999999,   -999999,   -999999,   -999999,   -999999,   -999999,   -999999,   -999999,   -999999,   -999999,   -999999,   -999999,   -999999,   -999999,   -999999,   -999999,   -999999,   -999999,   -999999,   -999999,   -999999,   -999999,   -999999,   -999999,   -999999,   -999999,     -999999  
63462,   63,          1701295.0,         17.000000,  12.61354778,   42.02320212,   284.7678,   3.24672964,   679,   245.0699939,   273.7331212,   422,   49.19343482,   20.35985621,   313.7585458,   3.1062,   148.8,   144.248976,   129.227328,   0.46,   -5.8,   219.98,   209.12,   10.86,   -1.42,   25.72,   273.72,   220.0299939,   255.4699939,   1025.2,   48.5,   26.84,   -172,   -44.2,   0.044,   0.046,   0.618,   0.47,   7.386,   0.01327777778,   0.08248888889,   0.09104444444,   19.88777778,   15.10666667,   226.3622161,   0.51888,   2.58732,    -999999,   -999999,  52.28,   409.935,   1.919763636,   0.12925,    -999999,   -999999,   -999999,   -999999,   -999999,   -999999,   -999999,   -999999,   -999999,   -999999,   -999999,   -999999,   -999999,   -999999,   -999999,   -999999,   -999999,   -999999,   -999999,   -999999,   -999999,   -999999,   -999999,   -999999,   -999999,   -999999,   -999999,   -999999,   -999999,   -999999,   -999999,   -999999,   -999999,   -999999,   -999999,   -999999,   -999999,   -999999,   -999999,   -999999,   -999999,   -999999,   -999999,   -999999,   -999999,   -999999,   -999999,   -999999,   -999999,   -999999,   -999999,     -999999  
63467,   63,          1701296.0,         17.000000,  12.6146123,   42.0177141,   284.7629344,   3.21344548,   681.8,   245.1299939,   273.478399,   422,   49.19056224,   20.31968985,   313.5978351,   3.0754,   143,   143.631648,   128.712888,   0.46,   -5.8,   229.08,   217.92,   11.16,   -1.54,   25.76,   273.42,   222.1699939,   255.3499939,   1022,   48.5,   24.08,   -172,   -51.36,   0.058,   0.06,   0.62,   0.47,   9.418,   0.01483333333,   0.09224444444,   0.1021777778,   22.32333333,   16.95333333,   227.4022161,   0.56872,   2.50668,    -999999,   -999999,  55.46,   409.952,   1.9231,   0.133025,    -999999,   -999999,   -999999,   -999999,   -999999,   -999999,   -999999,   -999999,   -999999,   -999999,   -999999,   -999999,   -999999,   -999999,   -999999,   -999999,   -999999,   -999999,   -999999,   -999999,   -999999,   -999999,   -999999,   -999999,   -999999,   -999999,   -999999,   -999999,   -999999,   -999999,   -999999,   -999999,   -999999,   -999999,   -999999,   -999999,   -999999,   -999999,   -999999,   -999999,   -999999,   -999999,   -999999,   -999999,   -999999,   -999999,   -999999,   -999999,   -999999,   -999999,   -999999,     -999999  
63472,   63,          1701297.0,         17.000000,  12.61561907,   42.01302538,   284.7572028,   3.177600999,   684.6,   244.9499939,   272.9577723,   422,   49.18834048,   20.61981699,   312.9419013,   3.0426,   138,   143.322984,   128.712888,   0.46,   -6.2,   238.26,   227,   11.28,   -1.86,   25.76,   272.92,   224.1899939,   255.2499939,   1019.4,   48.5,   21.8,   -171.98,   -58.2,   0.072,   0.072,   0.612,   0.462,   12.024,   0.014325,   0.088825,   0.0989,   21.6025,   16.405,   227.1074939,   0.56312,   2.47948,    -999999,   -999999,  48.78,   411.1085714,   1.938244444,   0.1381,    -999999,   -999999,   -999999,   -999999,   -999999,   -999999,   -999999,   -999999,   -999999,   -999999,   -999999,   -999999,   -999999,   -999999,   -999999,   -999999,   -999999,   -999999,   -999999,   -999999,   -999999,   -999999,   -999999,   -999999,   -999999,   -999999,   -999999,   -999999,   -999999,   -999999,   -999999,   -999999,   -999999,   -999999,   -999999,   -999999,   -999999,   -999999,   -999999,   -999999,   -999999,   -999999,   -999999,   -999999,   -999999,   -999999,   -999999,   -999999,   -999999,   -999999,   -999999,     -999999  
63477,   63,          1701298.0,         17.000000,  12.6165792,   42.0092243,   284.7507713,   3.137672199,   688.2,   245.0099939,   272.6158104,   422,   49.18688108,   20.27971219,   313.3785991,   3.0078,   133,   142.49988,   128.404224,   0.456,   -7,   247.3,   236.32,   10.96,   -2.08,   25.4,   272.56,   225.9499939,   255.1899939,   1016.8,   48.5,   20.16,   -171.9,   -65.32,   0.086,   0.088,   0.614,   0.464,   14.554,   0.01495,   0.0927,   0.103975,   22.2575,   16.935,   227.5674939,   0.4912,   2.5166,    -999999,   -999999,  43.98,   411.365,   1.941877778,   0.140495,    -999999,   -999999,   -999999,   -999999,   -999999,   -999999,   -999999,   -999999,   -999999,   -999999,   -999999,   -999999,   -999999,   -999999,   -999999,   -999999,   -999999,   -999999,   -999999,   -999999,   -999999,   -999999,   -999999,   -999999,   -999999,   -999999,   -999999,   -999999,   -999999,   -999999,   -999999,   -999999,   -999999,   -999999,   -999999,   -999999,   -999999,   -999999,   -999999,   -999999,   -999999,   -999999,   -999999,   -999999,   -999999,   -999999,   -999999,   -999999,   -999999,   -999999,   -999999,     -999999  
63482,   63,          1701299.0,         17.000000,  12.61750642,   42.00637136,   284.7438463,   3.092988518,   692.2,   245.2099939,   272.3869422,   422,   49.18627486,   19.95987191,   314.1378751,   2.97,   128.2,   141.471,   127.786896,   0.45,   -7.6,   256.54,   246.04,   10.48,   -2.36,   25.8,   272.36,   227.2299939,   255.2499939,   1015,   48.5,   18.38,   -171.9,   -72.24,   0.1,   0.104,   0.626,   0.476,   16.416,   0.01605,   0.09965,   0.11215,   23.8225,   18.14,   228.2349939,   0.3813,   2.5887,    -999999,   -999999,  45.02,   411.472,   1.9429,   0.140095,    -999999,   -999999,   -999999,   -999999,   -999999,   -999999,   -999999,   -999999,   -999999,   -999999,   -999999,   -999999,   -999999,   -999999,   -999999,   -999999,   -999999,   -999999,   -999999,   -999999,   -999999,   -999999,   -999999,   -999999,   -999999,   -999999,   -999999,   -999999,   -999999,   -999999,   -999999,   -999999,   -999999,   -999999,   -999999,   -999999,   -999999,   -999999,   -999999,   -999999,   -999999,   -999999,   -999999,   -999999,   -999999,   -999999,   -999999,   -999999,   -999999,   -999999,   -999999,     -999999  
63487,   63,          1701300.0,         17.000000,  12.61841492,   42.00454008,   284.7366404,   3.050804198,   695.8,   245.4899939,   272.29411,   422,   49.18662652,   19.719933,   314.3394519,   2.93,   124,   140.44212,   127.06668,   0.45,   -7.4,   266.12,   256.6,   9.48,   -1.9,   25.98,   272.22,   227.6299939,   255.3499939,   1013,   48.5,   16.74,   -171.9,   -79.76,   0.1,   0.11,   0.644,   0.492,   16.716,   0.0173,   0.10735,   0.1215,   24.705,   18.8875,   228.9824939,   0.38406,   2.54594,    -999999,   -999999,  45.32,   411.245,   1.9398,   0.1384352941,    -999999,   -999999,   -999999,   -999999,   -999999,   -999999,   -999999,   -999999,   -999999,   -999999,   -999999,   -999999,   -999999,   -999999,   -999999,   -999999,   -999999,   -999999,   -999999,   -999999,   -999999,   -999999,   -999999,   -999999,   -999999,   -999999,   -999999,   -999999,   -999999,   -999999,   -999999,   -999999,   -999999,   -999999,   -999999,   -999999,   -999999,   -999999,   -999999,   -999999,   -999999,   -999999,   -999999,   -999999,   -999999,   -999999,   -999999,   -999999,   -999999,   -999999,   -999999,     -999999  
63492,   63,          1701301.0,         17.000000,  12.61932049,   42.00378892,   284.7293906,   3.008741797,   699.6,   245.8499939,   272.2693987,   422,   49.18803016,   19.3193591,   315.3175974,   2.8942,   119,   139.104576,   126.140688,   0.442,   -5.8,   276.08,   267.72,   8.34,   -1.18,   24.24,   272.24,   227.2299939,   255.5699939,   1011,   48.5,   16.94,   -171.9,   -87.04,   0.098,   0.102,   0.664,   0.51,   15.464,   0.017,   0.1054,   0.11965,   23.6,   18.0975,   228.8474939,   0.49892,   2.39528,    -999999,   -999999,  44.56,   411.31,   1.9404,   0.1399,    -999999,   -999999,   -999999,   -999999,   -999999,   -999999,   -999999,   -999999,   -999999,   -999999,   -999999,   -999999,   -999999,   -999999,   -999999,   -999999,   -999999,   -999999,   -999999,   -999999,   -999999,   -999999,   -999999,   -999999,   -999999,   -999999,   -999999,   -999999,   -999999,   -999999,   -999999,   -999999,   -999999,   -999999,   -999999,   -999999,   -999999,   -999999,   -999999,   -999999,   -999999,   -999999,   -999999,   -999999,   -999999,   -999999,   -999999,   -999999,   -999999,   -999999,   -999999,     -999999  
