inputs/ACTAMERICA_Merge/C130/ACTAMERICA-mrg05-c130_merge_20170215_R0.ict
143, 1001
Shook, Michael
NASA Atmospheric Composition Branch, NASA Langley Research Center (SSAI)
Merged data file for ACT-AMERICA 2017, Flight 08 (20170215), on the c130 platform. Data is merged to 05 seconds.
NASA ACT-AMERICA 2017
1, 1
2017, 02, 15, 2018, 02, 23
05
UTC,s
104
1, 1, 1, 1, 1, 1, 1, 1, 1, 1, 1, 1, 1, 1, 1, 1, 1, 1, 1, 1, 1, 1, 1, 1, 1, 1, 1, 1, 1, 1, 1, 1, 1, 1, 1, 1, 1, 1, 1, 1, 1, 1, 1, 1, 1, 1, 1, 1, 1, 1, 1, 1, 1, 1, 1, 1, 1, 1, 1, 1, 1, 1, 1, 1, 1, 1, 1, 1, 1, 1, 1, 1, 1, 1, 1, 1, 1, 1, 1, 1, 1, 1, 1, 1, 1, 1, 1, 1, 1, 1, 1, 1, 1, 1, 1, 1, 1, 1, 1, 1, 1, 1, 1, 1
-999999, -999999, -999999, -999999, -999999, -999999, -999999, -999999, -999999, -999999, -999999, -999999, -999999, -999999, -999999, -999999, -999999, -999999, -999999, -999999, -999999, -999999, -999999, -999999, -999999, -999999, -999999, -999999, -999999, -999999, -999999, -999999, -999999, -999999, -999999, -999999, -999999, -999999, -999999, -999999, -999999, -999999, -999999, -999999, -999999, -999999, -999999, -999999, -999999, -999999, -999999, -999999, -999999, -999999, -999999, -999999, -999999, -999999, -999999, -999999, -999999, -999999, -999999, -999999, -999999, -999999, -999999, -999999, -999999, -999999, -999999, -999999, -999999, -999999, -999999, -999999, -999999, -999999, -999999, -999999, -999999, -999999, -999999, -999999, -999999, -999999, -999999, -999999, -999999, -999999, -999999, -999999, -999999, -999999, -999999, -999999, -999999, -999999, -999999, -999999, -999999, -999999, -999999, -999999
JDAY, days
INDEX, none
FLIGHT, none
LOCAL_SUN_TIME, hour
LATITUDE, degs
LONGITUDE, degs
ALTP, km
PRESSURE, hPa
TEMPERATURE, K
THETA, K
O3COLUMN, DU
SZA, deg
WNS, m s-1
WND, Degs
GPS_ALT, km
GRD_SPD, m s-1
TAS, m/s
IAS, m/s
MachNumber, mach
VerticalSpeed, m s-1
HDG, degs
TRK, degs
DriftAngle, degs
PITCH, degs
ROLL, degs
PotentialTemp, K
Dewpoint, K
TotalAirTemp, K
CabinPressure, hPa
SolarZenithAngle, degs
AircraftSunElevation, degs
SunAzimuth, degs
AircraftSunAzimuth, degs
H2O_MixingRatio, g kg-1
H2O_VaporPressure, hPa
H2O_SatVaporPressureWater, hPa
H2O_SatVaporPressureIce, hPa
H2O_RelativeHumidity, %
H2O_VolMixingRatio_PICARRO, %
H2O_MassMixingRatio_PICARRO, g kg-1
H2O_VaporPressure_PICARRO, hPa
RHi_PICARRO, %
RHw_PICARRO, %
Dewpoint_PICARRO, K
Ground_Elevation, km
Altitude_AGL, km
GroundHeight_CPL, km
MLH_CPL, km
O3_MixingRatio, ppbv
CO2_MixingRatio_PICARRO, ppmv
CH4_MixingRatio_PICARRO, ppmv
CO_MixingRatio_PICARRO, ppmv
CO2_MoleFraction_PFP, ppm
CH4_MoleFraction_PFP, ppb
CO_MoleFraction_PFP, ppb
N2O_MoleFraction_PFP, ppb
SF6_CCGG_MoleFraction_PFP, ppt
H2_MoleFraction_PFP, ppb
CH4C13_PFP, per mil
CO2C14_PFP, per mil
F11B_MoleFraction_PFP, ppt
FC12_MoleFraction_PFP, ppt
F13_MoleFraction_PFP, ppt
F113_MoleFraction_PFP, ppt
F115_MoleFraction_PFP, ppt
HF133a_MoleFraction_PFP, ppt
F23_MoleFraction_PFP, ppt
F32_MoleFraction_PFP, ppt
F134A_MoleFraction_PFP, ppt
F152A_MoleFraction_PFP, ppt
F125_MoleFraction_PFP, ppt
F143a_MoleFraction_PFP, ppt
F227e_MoleFraction_PFP, ppt
F365m_MoleFraction_PFP, ppt
H1211_MoleFraction_PFP, ppt
H1301_MoleFraction_PFP, ppt
H2402_MoleFraction_PFP, ppt
MCFA_MoleFraction_PFP, ppt
CF4_MoleFraction_PFP, ppt
C2F6_MoleFraction_PFP, ppt
SO2F2_MoleFraction_PFP, ppt
MEBR_MoleFraction_PFP, ppt
CH3I_MoleFraction_PFP, ppt
DIBR_MoleFraction_PFP, ppt
[...]
[from data line 1878]
74212,   46,          801879.00,         8.0000000,  13.97101853,   36.25710972,   260.3381946,   5.026700702,   537.6,   261.1099939,   311.7705851,   375.3999939,   56.33025236,   8.219199641,   46.74697567,   5.0988,   158.8,   164.209248,   127.478232,   0.51,   -5,   347.2,   343.7,   3.5,   -1.28,   0.12,   311.74,   224.6499939,   274.6099939,   666,   54.4,   34.84,   -148.5,   -136.1,   0.094,   0.08,   2.46,   2.19,   3.138,   0.016325,   0.101375,   0.088675,   4.08,   3.6325,   226.1249939,   0.72698,   4.37182,   0.8227306,   2.0986,   52.34,   408.0414286,   1.89525,   0.1143,    -999999,   -999999,   -999999,   -999999,   -999999,   -999999,   -999999,   -999999,   -999999,   -999999,   -999999,   -999999,   -999999,   -999999,   -999999,   -999999,   -999999,   -999999,   -999999,   -999999,   -999999,   -999999,   -999999,   -999999,   -999999,   -999999,   -999999,   -999999,   -999999,   -999999,   -999999,   -999999,   -999999,   -999999,   -999999,   -999999,   -999999,   -999999,   -999999,   -999999,   -999999,   -999999,   -999999,   -999999,   -999999,   -999999,   -999999,   -999999,   -999999,   -999999,   -999999,     -999999  
74217,   46,          801880.00,         8.0000000,  13.97224069,   36.2639864,   260.3356937,   5.000609822,   539.4,   261.3099939,   311.7115516,   375.3999939,   56.34441318,   8.139666779,   46.12604723,   5.0712,   159,   164.415024,   127.684008,   0.51,   -5,   347.16,   343.64,   3.5,   -1.34,   -0.02,   311.68,   224.8699939,   274.8499939,   665.4,   54.4,   34.9,   -148.5,   -136.14,   0.1,   0.08,   2.502,   2.232,   3.162,   0.01628,   0.10116,   0.08876,   4.084,   3.636,   226.1379939,   0.72378,   4.34742,   0.8083986,   2.0986,   57.18,   407.96,   1.89423,   0.11185,    -999999,   -999999,   -999999,   -999999,   -999999,   -999999,   -999999,   -999999,   -999999,   -999999,   -999999,   -999999,   -999999,   -999999,   -999999,   -999999,   -999999,   -999999,   -999999,   -999999,   -999999,   -999999,   -999999,   -999999,   -999999,   -999999,   -999999,   -999999,   -999999,   -999999,   -999999,   -999999,   -999999,   -999999,   -999999,   -999999,   -999999,   -999999,   -999999,   -999999,   -999999,   -999999,   -999999,   -999999,   -999999,   -999999,   -999999,   -999999,   -999999,   -999999,   -999999,     -999999  
74222,   46,          801881.00,         8.0000000,  13.97346259,   36.27086948,   260.3331889,   4.971653821,   541.6,   261.5299939,   311.6113872,   375.3999939,   56.35857893,   7.899849728,   46.22177289,   5.0434,   159,   164.10636,   127.992672,   0.51,   -5,   347,   343.6,   3.4,   -1.36,   0.04,   311.56,   225.0699939,   275.0299939,   665.6,   54.4,   34.84,   -148.5,   -136.02,   0.1,   0.08,   2.542,   2.272,   3.182,   0.01668888889,   0.1036777778,   0.09138888889,   4.126666667,   3.681111111,   226.401105,   0.7205,   4.3229,   0.8134498,   2.0986,   53.34,   407.945,   1.893925,   0.11785,    -999999,   -999999,   -999999,   -999999,   -999999,   -999999,   -999999,   -999999,   -999999,   -999999,   -999999,   -999999,   -999999,   -999999,   -999999,   -999999,   -999999,   -999999,   -999999,   -999999,   -999999,   -999999,   -999999,   -999999,   -999999,   -999999,   -999999,   -999999,   -999999,   -999999,   -999999,   -999999,   -999999,   -999999,   -999999,   -999999,   -999999,   -999999,   -999999,   -999999,   -999999,   -999999,   -999999,   -999999,   -999999,   -999999,   -999999,   -999999,   -999999,   -999999,   -999999,     -999999  
74227,   46,          801882.00,         8.0000000,  13.97468497,   36.27775318,   260.3306913,   4.945623901,   543.4,   261.6899939,   311.5065802,   375.3999939,   56.37275004,   7.619479445,   44.88896946,   5.015,   159,   164.517912,   128.301336,   0.51,   -5,   346.92,   343.6,   3.28,   -1.42,   0.04,   311.48,   225.2299939,   275.2299939,   665,   54.4,   34.8,   -148.5,   -135.86,   0.1,   0.08,   2.584,   2.314,   3.188,   0.01724444444,   0.1071111111,   0.09475555556,   4.167777778,   3.726666667,   226.711105,   0.71222,   4.30278,   0.8102698,   2.0986,   56.02,   407.92,   1.894258333,   0.1115777778,    -999999,   -999999,   -999999,   -999999,   -999999,   -999999,   -999999,   -999999,   -999999,   -999999,   -999999,   -999999,   -999999,   -999999,   -999999,   -999999,   -999999,   -999999,   -999999,   -999999,   -999999,   -999999,   -999999,   -999999,   -999999,   -999999,   -999999,   -999999,   -999999,   -999999,   -999999,   -999999,   -999999,   -999999,   -999999,   -999999,   -999999,   -999999,   -999999,   -999999,   -999999,   -999999,   -999999,   -999999,   -999999,   -999999,   -999999,   -999999,   -999999,   -999999,   -999999,     -999999  
74232,   46,          801883.00,         8.0000000,  13.9759071,   36.28463534,   260.3281898,   4.919715901,   545.2,   261.9299939,   311.4978075,   375.3999939,   56.38691964,   7.478768229,   43.53824015,   4.9872,   159,   164.826576,   128.712888,   0.51,   -5,   346.84,   343.6,   3.26,   -1.4,   0.1,   311.46,   225.3499939,   275.5099939,   665.4,   54.4,   34.76,   -148.4,   -135.8,   0.1,   0.08,   2.628,   2.36,   3.172,   0.01659090909,   0.1029454545,   0.0914,   3.930909091,   3.521818182,   226.3990848,   0.70706,   4.28014,   0.8011876,   2.116588,   56.58,   407.965,   1.89455,   0.113145,    -999999,   -999999,   -999999,   -999999,   -999999,   -999999,   -999999,   -999999,   -999999,   -999999,   -999999,   -999999,   -999999,   -999999,   -999999,   -999999,   -999999,   -999999,   -999999,   -999999,   -999999,   -999999,   -999999,   -999999,   -999999,   -999999,   -999999,   -999999,   -999999,   -999999,   -999999,   -999999,   -999999,   -999999,   -999999,   -999999,   -999999,   -999999,   -999999,   -999999,   -999999,   -999999,   -999999,   -999999,   -999999,   -999999,   -999999,   -999999,   -999999,   -999999,   -999999,     -999999  
74237,   46,          801884.00,         8.0000000,  13.97712924,   36.29151812,   260.3256886,   4.89435654,   547.2,   262.0899939,   311.3621714,   375.3999939,   56.4010914,   7.098534129,   39.35179232,   4.9582,   159,   165.64968,   129.433104,   0.51,   -5,   346.82,   343.6,   3.2,   -1.32,   0.22,   311.32,   225.3499939,   275.7899939,   664.8,   54.46,   34.72,   -148.4,   -135.6,   0.1,   0.08,   2.664,   2.394,   3.134,   0.01693636364,   0.1049727273,   0.09348181818,   4.004545455,   3.588181818,   226.5999939,   0.69144,   4.26676,   0.7854312,   2.12858,   56.34,   407.89,   1.8935,   0.113515,    -999999,   -999999,   -999999,   -999999,   -999999,   -999999,   -999999,   -999999,   -999999,   -999999,   -999999,   -999999,   -999999,   -999999,   -999999,   -999999,   -999999,   -999999,   -999999,   -999999,   -999999,   -999999,   -999999,   -999999,   -999999,   -999999,   -999999,   -999999,   -999999,   -999999,   -999999,   -999999,   -999999,   -999999,   -999999,   -999999,   -999999,   -999999,   -999999,   -999999,   -999999,   -999999,   -999999,   -999999,   -999999,   -999999,   -999999,   -999999,   -999999,   -999999,   -999999,     -999999  
74242,   46,          801885.00,         8.0000000,  13.97835171,   36.29839694,   260.3231923,   4.86674166,   549.4,   262.2499939,   311.1952914,   375.3999939,   56.41526376,   6.879523994,   36.45959846,   4.9304,   159,   166.16412,   130.15332,   0.51,   -5,   346.8,   343.6,   3.18,   -1.28,   0.12,   311.18,   225.4099939,   276.0499939,   665.2,   54.5,   34.7,   -148.4,   -135.56,   0.1,   0.08,   2.69,   2.42,   3.122,   0.017225,   0.10695,   0.095625,   4.0375,   3.625,   226.7999939,   0.68272,   4.24768,   0.7846186,   2.12858,   58.32,   407.85,   1.89285,   0.11136,    -999999,   -999999,   -999999,   -999999,   -999999,   -999999,   -999999,   -999999,   -999999,   -999999,   -999999,   -999999,   -999999,   -999999,   -999999,   -999999,   -999999,   -999999,   -999999,   -999999,   -999999,   -999999,   -999999,   -999999,   -999999,   -999999,   -999999,   -999999,   -999999,   -999999,   -999999,   -999999,   -999999,   -999999,   -999999,   -999999,   -999999,   -999999,   -999999,   -999999,   -999999,   -999999,   -999999,   -999999,   -999999,   -999999,   -999999,   -999999,   -999999,   -999999,   -999999,     -999999  
74247,   46,          801886.00,         8.0000000,  13.97957436,   36.30526788,   260.3206987,   4.83918774,   551.6,   262.4099939,   311.0298101,   375.3999939,   56.42943244,   6.699551343,   35.50177646,   4.9042,   158.2,   166.16412,   130.15332,   0.51,   -5,   346.78,   343.64,   3.14,   -1.48,   0.26,   311.04,   225.4899939,   276.1499939,   665.2,   54.5,   34.62,   -148.4,   -135.62,   0.1,   0.084,   2.728,   2.458,   3.108,   0.01788888889,   0.111,   0.0997,   4.128888889,   3.715555556,   227.1788828,   0.68012,   4.22408,   0.7712706,   2.116588,   56.8,   407.805,   1.892,   0.111515,    -999999,   -999999,   -999999,   -999999,   -999999,   -999999,   -999999,   -999999,   -999999,   -999999,   -999999,   -999999,   -999999,   -999999,   -999999,   -999999,   -999999,   -999999,   -999999,   -999999,   -999999,   -999999,   -999999,   -999999,   -999999,   -999999,   -999999,   -999999,   -999999,   -999999,   -999999,   -999999,   -999999,   -999999,   -999999,   -999999,   -999999,   -999999,   -999999,   -999999,   -999999,   -999999,   -999999,   -999999,   -999999,   -999999,   -999999,   -999999,   -999999,   -999999,   -999999,     -999999  
74252,   46,          801887.00,         8.0000000,  13.98079755,   36.31213614,   260.3182132,   4.811329019,   553.2,   262.5499939,   310.9383234,   375.3999939,   56.44360427,   6.559952006,   35.90304874,   4.876,   158.2,   165.64968,   130.15332,   0.51,   -5.4,   346.8,   343.74,   3.06,   -1.68,   0.32,   310.94,   225.5699939,   276.3099939,   665.2,   54.5,   34.38,   -148.4,   -135.58,   0.1,   0.09,   2.768,   2.498,   3.088,   0.017225,   0.106825,   0.0963,   3.895,   3.5125,   226.8699939,   0.67556,   4.20044,   0.7800444,   2.0986,   56.58,   407.795,   1.8915,   0.11525,    -999999,   -999999,   -999999,   -999999,   -999999,   -999999,   -999999,   -999999,   -999999,   -999999,   -999999,   -999999,   -999999,   -999999,   -999999,   -999999,   -999999,   -999999,   -999999,   -999999,   -999999,   -999999,   -999999,   -999999,   -999999,   -999999,   -999999,   -999999,   -999999,   -999999,   -999999,   -999999,   -999999,   -999999,   -999999,   -999999,   -999999,   -999999,   -999999,   -999999,   -999999,   -999999,   -999999,   -999999,   -999999,   -999999,   -999999,   -999999,   -999999,   -999999,   -999999,     -999999  
74257,   46,          801888.00,         8.0000000,  13.98202142,   36.31901002,   260.3157379,   4.780727099,   555.6,   262.7499939,   310.7905414,   375.3999939,   56.457787,   6.439888495,   36.24409923,   4.8456,   158.8,   165.64968,   130.15332,   0.51,   -6,   346.78,   343.8,   2.96,   -1.76,   0.06,   310.76,   225.6699939,   276.4699939,   665.8,   54.5,   34.4,   -148.38,   -135.74,   0.1,   0.09,   2.808,   2.538,   3.08,   0.01753333333,   0.1088111111,   0.09843333333,   3.957777778,   3.575555556,   227.0655495,   0.66572,   4.17988,   0.7625416,   2.074616,   55.82,   407.812,   1.8917,   0.11285,    -999999,   -999999,   -999999,   -999999,   -999999,   -999999,   -999999,   -999999,   -999999,   -999999,   -999999,   -999999,   -999999,   -999999,   -999999,   -999999,   -999999,   -999999,   -999999,   -999999,   -999999,   -999999,   -999999,   -999999,   -999999,   -999999,   -999999,   -999999,   -999999,   -999999,   -999999,   -999999,   -999999,   -999999,   -999999,   -999999,   -999999,   -999999,   -999999,   -999999,   -999999,   -999999,   -999999,   -999999,   -999999,   -999999,   -999999,   -999999,   -999999,   -999999,   -999999,     -999999  
74262,   46,          801889.00,         8.0000000,  13.98324542,   36.3258924,   260.3132646,   4.752075899,   557.8,   262.9499939,   310.6761251,   375.3999939,   56.47197904,   6.139632311,   36.74267794,   4.815,   159,   165.341016,   130.15332,   0.51,   -5.2,   346.6,   343.78,   2.82,   -1.62,   -0.14,   310.68,   225.8699939,   276.6499939,   665.8,   54.5,   34.6,   -148.3,   -135.62,   0.104,   0.09,   2.85,   2.586,   3.104,   0.019225,   0.1193,   0.108275,   4.305,   3.8925,   227.9174939,   0.66152,   4.15348,   0.7647398,   2.092604,   56.54,   407.8671429,   1.892266667,   0.1113647059,    -999999,   -999999,   -999999,   -999999,   -999999,   -999999,   -999999,   -999999,   -999999,   -999999,   -999999,   -999999,   -999999,   -999999,   -999999,   -999999,   -999999,   -999999,   -999999,   -999999,   -999999,   -999999,   -999999,   -999999,   -999999,   -999999,   -999999,   -999999,   -999999,   -999999,   -999999,   -999999,   -999999,   -999999,   -999999,   -999999,   -999999,   -999999,   -999999,   -999999,   -999999,   -999999,   -999999,   -999999,   -999999,   -999999,   -999999,   -999999,   -999999,   -999999,   -999999,     -999999  
74267,   46,          801890.00,         8.0000000,  13.98446891,   36.33277838,   260.3107837,   4.723485658,   559.8,   263.1299939,   310.571043,   375.3999939,   56.48617202,   6.059831276,   37.82079451,   4.7856,   159,   165.032352,   130.15332,   0.51,   -5,   346.48,   343.7,   2.78,   -1.54,   -0.18,   310.54,   226.4299939,   276.6899939,   666.8,   54.5,   34.7,   -148.3,   -135.52,   0.11,   0.094,   2.89,   2.626,   3.254,   0.0236,   0.146575,   0.13355,   5.19,   4.705,   229.8524939,   0.6568,   4.1288,   0.7606222,   2.06862,   57.46,   407.86125,   1.8925,   0.11105,    -999999,   -999999,   -999999,   -999999,   -999999,   -999999,   -999999,   -999999,   -999999,   -999999,   -999999,   -999999,   -999999,   -999999,   -999999,   -999999,   -999999,   -999999,   -999999,   -999999,   -999999,   -999999,   -999999,   -999999,   -999999,   -999999,   -999999,   -999999,   -999999,   -999999,   -999999,   -999999,   -999999,   -999999,   -999999,   -999999,   -999999,   -999999,   -999999,   -999999,   -999999,   -999999,   -999999,   -999999,   -999999,   -999999,   -999999,   -999999,   -999999,   -999999,   -999999,     -999999  
74272,   46,          801891.00,         8.0000000,  13.98569161,   36.3396644,   260.3082908,   4.694590618,   562.2,   263.2699939,   310.3567006,   375.3999939,   56.50036093,   5.719967523,   37.18041978,   4.7564,   159,   164.826576,   130.256208,   0.51,   -5,   346.26,   343.62,   2.64,   -1.42,   -0.22,   310.36,   227.4299939,   276.8899939,   669.6,   54.52,   34.82,   -148.3,   -135.24,   0.124,   0.106,   2.922,   2.656,   3.592,   0.02594545455,   0.1610545455,   0.1473,   5.668181818,   5.139090909,   230.770903,   0.65208,   4.10432,   0.7501906,   2.06862,   59.5,   407.815,   1.892308333,   0.11405,    -999999,   -999999,   -999999,   -999999,   -999999,   -999999,   -999999,   -999999,   -999999,   -999999,   -999999,   -999999,   -999999,   -999999,   -999999,   -999999,   -999999,   -999999,   -999999,   -999999,   -999999,   -999999,   -999999,   -999999,   -999999,   -999999,   -999999,   -999999,   -999999,   -999999,   -999999,   -999999,   -999999,   -999999,   -999999,   -999999,   -999999,   -999999,   -999999,   -999999,   -999999,   -999999,   -999999,   -999999,   -999999,   -999999,   -999999,   -999999,   -999999,   -999999,   -999999,     -999999  
