inputs/ACTAMERICA_Merge/C130/ACTAMERICA-mrg05-c130_merge_20171026_R0.ict
145, 1001
Shook, Michael
NASA Atmospheric Composition Branch, NASA Langley Research Center (SSAI)
Merged data file for ACT-AMERICA Fall 2017, Flight 14 (20171026), on the c130 platform. Data is merged to 05 seconds.
NASA ACT-AMERICA Fall 2017
1, 1
2017, 10, 26, 2018, 07, 05
05
UTC,s
106
1, 1, 1, 1, 1, 1, 1, 1, 1, 1, 1, 1, 1, 1, 1, 1, 1, 1, 1, 1, 1, 1, 1, 1, 1, 1, 1, 1, 1, 1, 1, 1, 1, 1, 1, 1, 1, 1, 1, 1, 1, 1, 1, 1, 1, 1, 1, 1, 1, 1, 1, 1, 1, 1, 1, 1, 1, 1, 1, 1, 1, 1, 1, 1, 1, 1, 1, 1, 1, 1, 1, 1, 1, 1, 1, 1, 1, 1, 1, 1, 1, 1, 1, 1, 1, 1, 1, 1, 1, 1, 1, 1, 1, 1, 1, 1, 1, 1, 1, 1, 1, 1, 1, 1, 1, 1
-999999, -999999, -999999, -999999, -999999, -999999, -999999, -999999, -999999, -999999, -999999, -999999, -999999, -999999, -999999, -999999, -999999, -999999, -999999, -999999, -999999, -999999, -999999, -999999, -999999, -999999, -999999, -999999, -999999, -999999, -999999, -999999, -999999, -999999, -999999, -999999, -999999, -999999, -999999, -999999, -999999, -999999, -999999, -999999, -999999, -999999, -999999, -999999, -999999, -999999, -999999, -999999, -999999, -999999, -999999, -999999, -999999, -999999, -999999, -999999, -999999, -999999, -999999, -999999, -999999, -999999, -999999, -999999, -999999, -999999, -999999, -999999, -999999, -999999, -999999, -999999, -999999, -999999, -999999, -999999, -999999, -999999, -999999, -999999, -999999, -999999, -999999, -999999, -999999, -999999, -999999, -999999, -999999, -999999, -999999, -999999, -999999, -999999, -999999, -999999, -999999, -999999, -999999, -999999, -999999, -999999
JDAY, days
INDEX, none
FLIGHT, none
LOCAL_SUN_TIME, hour
LATITUDE, degs
LONGITUDE, degs
ALTP, km
PRESSURE, hPa
TEMPERATURE, K
THETA, K, calculated from ambient temperature and pressure
O3COLUMN, DU, OMI ozone column data extracted along flight track
SZA, deg
WNS, m s-1
WND, Degs
GPS_ALT, km
GRD_SPD, m s-1
TAS, m/s
IAS, m/s
MachNumber, mach
VerticalSpeed, m s-1
HDG, degs
TRK, degs
DriftAngle, degs
PITCH, degs
ROLL, degs
PotentialTemp_Nav, K
Dewpoint, K
TotalAirTemp, K
CabinPressure, hPa
SolarZenithAngle, degs
AircraftSunElevation, degs
SunAzimuth, degs
AircraftSunAzimuth, degs
H2O_MixingRatio_Nav, g kg-1
H2O_VaporPressure_Nav, hPa
H2O_SatVaporPressureWater_Nav, hPa
H2O_SatVaporPressureIce_Nav, hPa
H2O_RelativeHumidity_Nav, %
ManeuverFlag, none
H2O_VolMixingRatio_PICARRO, %
H2O_MassMixingRatio_PICARRO, g kg-1
H2O_VaporPressure_PICARRO, hPa
RHi_PICARRO, %
RHw_PICARRO, %
Dewpoint_PICARRO, K
GPS_ALT, km
GroundElevation-AMSL_GoogleMaps, km
Altitude-AGL_GoogleMaps, km
GroundHeight-AMSL_CPL, km
MLH-AMSL_CPL, km
O3_MixingRatio, ppbv
CO2_DryMoleFrac_PICARRO, ppm
CH4_DryMoleFrac_PICARRO, ppm
CO_DryMoleFrac_PICARRO, ppm
CO2_MoleFraction_PFP, ppm
CH4_MoleFraction_PFP, ppb
CO_MoleFraction_PFP, ppb
N2O_MoleFraction_PFP, ppb
SF6_CCGG_MoleFraction_PFP, ppt
H2_MoleFraction_PFP, ppb
CH4C13_PFP, permil
CO2C14_PFP, permil
F11B_MoleFraction_PFP, ppt
FC12_MoleFraction_PFP, ppt
F13_MoleFraction_PFP, ppt
F113_MoleFraction_PFP, ppt
F115_MoleFraction_PFP, ppt
HF133a_MoleFraction_PFP, ppt
F23_MoleFraction_PFP, ppt
F32_MoleFraction_PFP, ppt
F134A_MoleFraction_PFP, ppt
F152A_MoleFraction_PFP, ppt
F125_MoleFraction_PFP, ppt
F143a_MoleFraction_PFP, ppt
F227e_MoleFraction_PFP, ppt
F365m_MoleFraction_PFP, ppt
H1211_MoleFraction_PFP, ppt
H1301_MoleFraction_PFP, ppt
[...]
[from data line 374]
64107,   299,          1400375.0,         14.000000,  11.53783434,   40.12736014,   265.9445985,   2.234732668,   771.2,   285.8899939,   307.9193284,   274,   52.94970752,   7.055000077,   310.2804855,   2.177,   149.4,   142.3352592,   125.369028,   0.42,   0.84,   121.5,   121.94,   -0.42,   1.34,   0.34,   307.86,   257.9099939,   296.0299939,   869.8,   52.9,   36.32,   176.1,   54.34,   1.63,   1.902,   14.876,   16.842,   12.774,    -999999,  0.245875,   1.5261,   1.901925,    -999999,  13.495,   258.0749939,   2.177,   0.27716,   1.89984,   0.3793078,   1.16922,   58.44,   404.68,   1.8973,   0.08877777778,    -999999,   -999999,   -999999,   -999999,   -999999,   -999999,   -999999,   -999999,   -999999,   -999999,   -999999,   -999999,   -999999,   -999999,   -999999,   -999999,   -999999,   -999999,   -999999,   -999999,   -999999,   -999999,   -999999,   -999999,   -999999,   -999999,   -999999,   -999999,   -999999,   -999999,   -999999,   -999999,   -999999,   -999999,   -999999,   -999999,   -999999,   -999999,   -999999,   -999999,   -999999,   -999999,   -999999,   -999999,   -999999,   -999999,   -999999,   -999999,   -999999,   -999999,   -999999,     -999999  
64112,   299,          1400376.0,         14.000000,  11.53971766,   40.12380654,   265.9520149,   2.237841628,   771.2,   285.9499939,   307.9839517,   274,   52.94300889,   6.83593022,   308.9058392,   2.182,   148.96,   142.0986168,   125.1220968,   0.42,   0.78,   121.64,   122,   -0.32,   1.12,   0.02,   307.96,   255.9699939,   296.0499939,   870.4,   52.9,   36.2,   176.1,   54.38,   1.39,   1.616,   14.928,   16.91,   10.824,    -999999,  0.251025,   1.557975,   1.9413,    -999999,  13.66,   258.3274939,   2.182,   0.2699,   1.9121,   0.384594,   1.16922,   58.12,   404.67,   1.89772,   0.09205,    -999999,   -999999,   -999999,   -999999,   -999999,   -999999,   -999999,   -999999,   -999999,   -999999,   -999999,   -999999,   -999999,   -999999,   -999999,   -999999,   -999999,   -999999,   -999999,   -999999,   -999999,   -999999,   -999999,   -999999,   -999999,   -999999,   -999999,   -999999,   -999999,   -999999,   -999999,   -999999,   -999999,   -999999,   -999999,   -999999,   -999999,   -999999,   -999999,   -999999,   -999999,   -999999,   -999999,   -999999,   -999999,   -999999,   -999999,   -999999,   -999999,   -999999,   -999999,     -999999  
64117,   299,          1400377.0,         14.000000,  11.54160054,   40.12025376,   265.9594248,   2.237475868,   771,   285.9699939,   308.0283186,   274,   52.93632399,   6.930206954,   307.9399444,   2.1834,   148.9,   141.9545736,   124.9883424,   0.42,   -0.5,   121.66,   121.96,   -0.3,   0.68,   -0.24,   308,   256.3299939,   296.0699939,   870.4,   52.9,   36.3,   176.16,   54.84,   1.426,   1.662,   14.97,   16.962,   11.094,    -999999,  0.254175,   1.57755,   1.964675,    -999999,  13.825,   258.4724939,   2.1834,   0.25768,   1.92572,   0.380288,   1.16922,   59.56,   404.735,   1.89905,   0.08841666667,    -999999,   -999999,   -999999,   -999999,   -999999,   -999999,   -999999,   -999999,   -999999,   -999999,   -999999,   -999999,   -999999,   -999999,   -999999,   -999999,   -999999,   -999999,   -999999,   -999999,   -999999,   -999999,   -999999,   -999999,   -999999,   -999999,   -999999,   -999999,   -999999,   -999999,   -999999,   -999999,   -999999,   -999999,   -999999,   -999999,   -999999,   -999999,   -999999,   -999999,   -999999,   -999999,   -999999,   -999999,   -999999,   -999999,   -999999,   -999999,   -999999,   -999999,   -999999,     -999999  
64122,   299,          1400378.0,         14.000000,  11.54348333,   40.11671368,   265.9668333,   2.235342268,   771.2,   286.0499939,   308.0916573,   274,   52.929664,   6.81381547,   306.647713,   2.1784,   149.02,   142.2117936,   125.2044072,   0.42,   -0.82,   121.64,   121.9,   -0.24,   0.66,   0.14,   308.04,   256.4299939,   296.1699939,   870,   52.9,   36.54,   176.2,   54.84,   1.442,   1.676,   15.034,   17.044,   11.154,    -999999,  0.2593666667,   1.609666667,   2.0052,    -999999,  14.10333333,   258.7199939,   2.1784,   0.27494,   1.90346,   0.3792146,   1.16922,   58.06,   404.76,   1.899338462,   0.09124,   404.79,   1907.3,   91.69,   330.76,   9.53,   504.67,   -47.59,    -999999,  233.3,   513.91,   3.25,   70.96,   8.75,   0.54,   31.45,   16.38,   104.61,   8.21,   25.29,   22.11,   1.4,   1.08,   3.38,   3.3,   0.41,   2.06,   84.27,   5.11,   2.3,   7.18,   0.24,   0.76,   503.7,   546.36,   77.08,   13.79,   6.58,   95.73,   1067.08,   310.33,   87.78,   46.63,   24.23,   28.07,   20.43,    -999999,  0.16,   0.17,   3.03,   0.66,   12.38,          253.04000  
64127,   299,          1400379.0,         14.000000,  11.54536718,   40.1131714,   265.9742577,   2.233269628,   771.8,   286.0699939,   308.0447427,   274,   52.92301226,   6.503064419,   302.1073318,   2.1774,   148.98,   142.5204576,   125.4924936,   0.42,   0.44,   121.84,   121.86,   0,   1.12,   0.2,   308.06,   256.7499939,   296.2499939,   869.4,   52.9,   36.38,   176.2,   54.3,   1.48,   1.724,   15.066,   17.088,   11.452,    -999999,  0.2640444444,   1.639011111,   2.042344444,    -999999,  14.36666667,   258.9422161,   2.1774,   0.26984,   1.90756,   0.378499,   1.16922,   57.18,   404.84,   1.9001125,   0.08835,   404.79,   1907.3,   91.69,   330.76,   9.53,   504.67,   -47.59,    -999999,  233.3,   513.91,   3.25,   70.96,   8.75,   0.54,   31.45,   16.38,   104.61,   8.21,   25.29,   22.11,   1.4,   1.08,   3.38,   3.3,   0.41,   2.06,   84.27,   5.11,   2.3,   7.18,   0.24,   0.76,   503.7,   546.36,   77.08,   13.79,   6.58,   95.73,   1067.08,   310.33,   87.78,   46.63,   24.23,   28.07,   20.43,    -999999,  0.16,   0.17,   3.03,   0.66,   12.38,          253.04000  
64132,   299,          1400380.0,         14.000000,  11.54724975,   40.10963454,   265.9816629,   2.234732668,   771.2,   286.0099939,   308.048575,   274,   52.9163802,   6.708613832,   306.2940663,   2.181,   148.66,   141.9751512,   125.00892,   0.42,   0.8,   121.7,   121.92,   -0.2,   1,   0.2,   307.98,   257.5099939,   296.0899939,   869.2,   52.9,   36.54,   176.28,   54.5,   1.574,   1.836,   14.986,   16.986,   12.248,    -999999,  0.2920333333,   1.812477778,   2.2581,    -999999,  15.74666667,   260.1622161,   2.181,   0.26426,   1.91674,   0.383636,   1.16922,   57.12,   404.88,   1.901630769,   0.09291904762,   404.79,   1907.3,   91.69,   330.76,   9.53,   504.67,   -47.59,    -999999,  233.3,   513.91,   3.25,   70.96,   8.75,   0.54,   31.45,   16.38,   104.61,   8.21,   25.29,   22.11,   1.4,   1.08,   3.38,   3.3,   0.41,   2.06,   84.27,   5.11,   2.3,   7.18,   0.24,   0.76,   503.7,   546.36,   77.08,   13.79,   6.58,   95.73,   1067.08,   310.33,   87.78,   46.63,   24.23,   28.07,   20.43,    -999999,  0.16,   0.17,   3.03,   0.66,   12.38,          253.04000  
64137,   299,          1400381.0,         14.000000,  11.54913197,   40.10609776,   265.9890629,   2.237475868,   771.2,   285.6099939,   307.6177529,   274,   52.909761,   7.521728713,   311.6130688,   2.1824,   148.76,   141.3063792,   124.4636136,   0.42,   -0.62,   121.34,   121.86,   -0.52,   0.38,   0.16,   307.6,   259.1699939,   295.5899939,   868.8,   52.9,   36.66,   176.3,   55.2,   1.82,   2.12,   14.614,   16.5,   14.528,    -999999,  0.377125,   2.34085,   2.91525,    -999999,  20.53,   263.3449939,   2.1824,   0.2812,   1.9012,   0.384248,   1.16922,   54.68,   405.155,   1.90635,   0.09363076923,   404.79,   1907.3,   91.69,   330.76,   9.53,   504.67,   -47.59,    -999999,  233.3,   513.91,   3.25,   70.96,   8.75,   0.54,   31.45,   16.38,   104.61,   8.21,   25.29,   22.11,   1.4,   1.08,   3.38,   3.3,   0.41,   2.06,   84.27,   5.11,   2.3,   7.18,   0.24,   0.76,   503.7,   546.36,   77.08,   13.79,   6.58,   95.73,   1067.08,   310.33,   87.78,   46.63,   24.23,   28.07,   20.43,    -999999,  0.16,   0.17,   3.03,   0.66,   12.38,          253.04000  
64142,   299,          1400382.0,         14.000000,  11.55101561,   40.10255816,   265.9964842,   2.233940188,   771.6,   285.2499939,   307.1844991,   274,   52.90314888,   7.394519663,   310.0733945,   2.1766,   149.2,   141.779664,   124.9986312,   0.42,   -0.82,   121.38,   121.82,   -0.44,   0.76,   0.36,   307.18,   264.3499939,   295.3299939,   868.8,   52.9,   36.74,   176.3,   55.12,   2.738,   3.188,   14.28,   16.072,   22.33,    -999999,  0.4039666667,   2.507333333,   3.1233,    -999999,  22.63333333,   264.2466606,   2.1766,   0.28278,   1.89382,    -999999,   -999999,  56.32,   405.14,   1.90915,   0.09354,    -999999,   -999999,   -999999,   -999999,   -999999,   -999999,   -999999,   -999999,   -999999,   -999999,   -999999,   -999999,   -999999,   -999999,   -999999,   -999999,   -999999,   -999999,   -999999,   -999999,   -999999,   -999999,   -999999,   -999999,   -999999,   -999999,   -999999,   -999999,   -999999,   -999999,   -999999,   -999999,   -999999,   -999999,   -999999,   -999999,   -999999,   -999999,   -999999,   -999999,   -999999,   -999999,   -999999,   -999999,   -999999,   -999999,   -999999,   -999999,   -999999,   -999999,   -999999,     -999999  
64147,   299,          1400383.0,         14.000000,  11.55289906,   40.09901942,   266.0039025,   2.234244988,   771.4,   285.4699939,   307.4441869,   275,   52.89655015,   7.259745499,   310.5190119,   2.1768,   148.94,   141.7179312,   124.8957432,   0.42,   1.02,   121.4,   121.84,   -0.44,   1.38,   0.38,   307.42,   263.1699939,   295.5099939,   868.4,   52.9,   36.38,   176.38,   54.64,   2.5,   2.912,   14.478,   16.33,   20.108,    -999999,  0.3706888889,   2.300855556,   2.8674,    -999999,  20.88111111,   263.161105,   2.1768,   0.27036,   1.90644,   0.380833,   1.16922,   56.16,   405.17,   1.906915385,   0.08895714286,    -999999,   -999999,   -999999,   -999999,   -999999,   -999999,   -999999,   -999999,   -999999,   -999999,   -999999,   -999999,   -999999,   -999999,   -999999,   -999999,   -999999,   -999999,   -999999,   -999999,   -999999,   -999999,   -999999,   -999999,   -999999,   -999999,   -999999,   -999999,   -999999,   -999999,   -999999,   -999999,   -999999,   -999999,   -999999,   -999999,   -999999,   -999999,   -999999,   -999999,   -999999,   -999999,   -999999,   -999999,   -999999,   -999999,   -999999,   -999999,   -999999,   -999999,   -999999,     -999999  
64152,   299,          1400384.0,         14.000000,  11.55478196,   40.09548254,   266.0113128,   2.237171068,   771,   285.4699939,   307.4897511,   275,   52.88996637,   7.419723341,   310.1121281,   2.182,   148.7,   141.265224,   124.49448,   0.42,   0.34,   121.4,   121.84,   -0.44,   0.88,   0.2,   307.44,   261.3099939,   295.3899939,   868.2,   52.86,   36.46,   176.4,   54.92,   2.15,   2.504,   14.484,   16.33,   17.284,    -999999,  0.366,   2.271625,   2.830925,    -999999,  20.445,   262.9999939,   2.182,   0.26054,   1.92146,    -999999,   -999999,  58.66,   405.185,   1.9066,   0.09248823529,    -999999,   -999999,   -999999,   -999999,   -999999,   -999999,   -999999,   -999999,   -999999,   -999999,   -999999,   -999999,   -999999,   -999999,   -999999,   -999999,   -999999,   -999999,   -999999,   -999999,   -999999,   -999999,   -999999,   -999999,   -999999,   -999999,   -999999,   -999999,   -999999,   -999999,   -999999,   -999999,   -999999,   -999999,   -999999,   -999999,   -999999,   -999999,   -999999,   -999999,   -999999,   -999999,   -999999,   -999999,   -999999,   -999999,   -999999,   -999999,   -999999,   -999999,   -999999,     -999999  
64157,   299,          1400385.0,         14.000000,  11.55666435,   40.0919533,   266.0187152,   2.236073788,   771,   285.3299939,   307.3389522,   275,   52.88340324,   7.238989805,   308.4243346,   2.1792,   148.92,   141.676776,   124.8751656,   0.42,   -1.26,   121.44,   121.8,   -0.36,   0.42,   0.3,   307.26,   262.0499939,   295.3499939,   868.6,   52.8,   36.84,   176.4,   55.26,   2.282,   2.658,   14.336,   16.14,   18.552,    -999999,  0.393675,   2.44335,   3.04295,    -999999,  21.9775,   263.9149939,   2.1792,   0.27282,   1.90638,   0.375434,   1.16922,   53.34,   405.165,   1.9074,   0.0951,    -999999,   -999999,   -999999,   -999999,   -999999,   -999999,   -999999,   -999999,   -999999,   -999999,   -999999,   -999999,   -999999,   -999999,   -999999,   -999999,   -999999,   -999999,   -999999,   -999999,   -999999,   -999999,   -999999,   -999999,   -999999,   -999999,   -999999,   -999999,   -999999,   -999999,   -999999,   -999999,   -999999,   -999999,   -999999,   -999999,   -999999,   -999999,   -999999,   -999999,   -999999,   -999999,   -999999,   -999999,   -999999,   -999999,   -999999,   -999999,   -999999,   -999999,   -999999,     -999999  
64162,   299,          1400386.0,         14.000000,  11.55854842,   40.08841062,   266.026143,   2.231867548,   771.8,   285.3899939,   307.3125078,   275,   52.87683627,   6.979765297,   307.2759306,   2.1744,   149.08,   142.1191944,   125.2867176,   0.42,   -0.18,   121.58,   121.88,   -0.28,   1.04,   0.6,   307.26,   262.4499939,   295.4299939,   867.6,   52.8,   36.8,   176.48,   54.74,   2.354,   2.742,   14.388,   16.212,   19.056,    -999999,  0.4035,   2.5044,   3.120925,    -999999,  22.5425,   264.2399939,   2.1744,   0.27434,   1.90006,   0.3768758,   1.16922,   50.9,   405.01,   1.907866667,   0.09386666667,    -999999,   -999999,   -999999,   -999999,   -999999,   -999999,   -999999,   -999999,   -999999,   -999999,   -999999,   -999999,   -999999,   -999999,   -999999,   -999999,   -999999,   -999999,   -999999,   -999999,   -999999,   -999999,   -999999,   -999999,   -999999,   -999999,   -999999,   -999999,   -999999,   -999999,   -999999,   -999999,   -999999,   -999999,   -999999,   -999999,   -999999,   -999999,   -999999,   -999999,   -999999,   -999999,   -999999,   -999999,   -999999,   -999999,   -999999,   -999999,   -999999,   -999999,   -999999,     -999999  
64167,   299,          1400387.0,         14.000000,  11.56043106,   40.08486516,   266.0335492,   2.234976508,   771.2,   285.3699939,   307.3592597,   275,   52.87028114,   6.999968498,   309.3217147,   2.1784,   148.74,   141.7487976,   124.9266096,   0.42,   1.44,   121.6,   121.96,   -0.4,   1.5,   0.16,   307.32,   263.1499939,   295.3499939,   867.2,   52.8,   36.24,   176.5,   54.58,   2.482,   2.89,   14.362,   16.18,   20.124,    -999999,  0.423175,   2.62655,   3.274175,    -999999,  23.65,   264.8524939,   2.1784,   0.27286,   1.90554,   0.3817122,   1.16922,   52.38,   404.975,   1.908515385,   0.09312857143,    -999999,   -999999,   -999999,   -999999,   -999999,   -999999,   -999999,   -999999,   -999999,   -999999,   -999999,   -999999,   -999999,   -999999,   -999999,   -999999,   -999999,   -999999,   -999999,   -999999,   -999999,   -999999,   -999999,   -999999,   -999999,   -999999,   -999999,   -999999,   -999999,   -999999,   -999999,   -999999,   -999999,   -999999,   -999999,   -999999,   -999999,   -999999,   -999999,   -999999,   -999999,   -999999,   -999999,   -999999,   -999999,   -999999,   -999999,   -999999,   -999999,   -999999,   -999999,     -999999  
