inputs/ACTAMERICA_Merge/C130/ACTAMERICA-mrg05-c130_merge_20170213_R0_L2.ict
143, 1001
Shook, Michael
NASA Atmospheric Composition Branch, NASA Langley Research Center (SSAI)
Merged data file for ACT-AMERICA 2017, Flight 07 (20170213), on the c130 platform. Data is merged to 05 seconds.
NASA ACT-AMERICA 2017
1, 1
2017, 02, 13, 2018, 02, 23
05
UTC,s
104
1, 1, 1, 1, 1, 1, 1, 1, 1, 1, 1, 1, 1, 1, 1, 1, 1, 1, 1, 1, 1, 1, 1, 1, 1, 1, 1, 1, 1, 1, 1, 1, 1, 1, 1, 1, 1, 1, 1, 1, 1, 1, 1, 1, 1, 1, 1, 1, 1, 1, 1, 1, 1, 1, 1, 1, 1, 1, 1, 1, 1, 1, 1, 1, 1, 1, 1, 1, 1, 1, 1, 1, 1, 1, 1, 1, 1, 1, 1, 1, 1, 1, 1, 1, 1, 1, 1, 1, 1, 1, 1, 1, 1, 1, 1, 1, 1, 1, 1, 1, 1, 1, 1, 1
-999999, -999999, -999999, -999999, -999999, -999999, -999999, -999999, -999999, -999999, -999999, -999999, -999999, -999999, -999999, -999999, -999999, -999999, -999999, -999999, -999999, -999999, -999999, -999999, -999999, -999999, -999999, -999999, -999999, -999999, -999999, -999999, -999999, -999999, -999999, -999999, -999999, -999999, -999999, -999999, -999999, -999999, -999999, -999999, -999999, -999999, -999999, -999999, -999999, -999999, -999999, -999999, -999999, -999999, -999999, -999999, -999999, -999999, -999999, -999999, -999999, -999999, -999999, -999999, -999999, -999999, -999999, -999999, -999999, -999999, -999999, -999999, -999999, -999999, -999999, -999999, -999999, -999999, -999999, -999999, -999999, -999999, -999999, -999999, -999999, -999999, -999999, -999999, -999999, -999999, -999999, -999999, -999999, -999999, -999999, -999999, -999999, -999999, -999999, -999999, -999999, -999999, -999999, -999999
JDAY, days
INDEX, none
FLIGHT, none
LOCAL_SUN_TIME, hour
LATITUDE, degs
LONGITUDE, degs
ALTP, km
PRESSURE, hPa
TEMPERATURE, K
THETA, K
O3COLUMN, DU
SZA, deg
WNS, m s-1
WND, Degs
GPS_ALT, km
GRD_SPD, m s-1
TAS, m/s
IAS, m/s
MachNumber, mach
VerticalSpeed, m s-1
HDG, degs
TRK, degs
DriftAngle, degs
PITCH, degs
ROLL, degs
PotentialTemp, K
Dewpoint, K
TotalAirTemp, K
CabinPressure, hPa
SolarZenithAngle, degs
AircraftSunElevation, degs
SunAzimuth, degs
AircraftSunAzimuth, degs
H2O_MixingRatio, g kg-1
H2O_VaporPressure, hPa
H2O_SatVaporPressureWater, hPa
H2O_SatVaporPressureIce, hPa
H2O_RelativeHumidity, %
H2O_VolMixingRatio_PICARRO, %
H2O_MassMixingRatio_PICARRO, g kg-1
H2O_VaporPressure_PICARRO, hPa
RHi_PICARRO, %
RHw_PICARRO, %
Dewpoint_PICARRO, K
Ground_Elevation, km
Altitude_AGL, km
GroundHeight_CPL, km
MLH_CPL, km
O3_MixingRatio, ppbv
CO2_MixingRatio_PICARRO, ppmv
CH4_MixingRatio_PICARRO, ppmv
CO_MixingRatio_PICARRO, ppmv
CO2_MoleFraction_PFP, ppm
CH4_MoleFraction_PFP, ppb
CO_MoleFraction_PFP, ppb
N2O_MoleFraction_PFP, ppb
SF6_CCGG_MoleFraction_PFP, ppt
H2_MoleFraction_PFP, ppb
CH4C13_PFP, per mil
CO2C14_PFP, per mil
F11B_MoleFraction_PFP, ppt
FC12_MoleFraction_PFP, ppt
F13_MoleFraction_PFP, ppt
F113_MoleFraction_PFP, ppt
F115_MoleFraction_PFP, ppt
HF133a_MoleFraction_PFP, ppt
F23_MoleFraction_PFP, ppt
F32_MoleFraction_PFP, ppt
F134A_MoleFraction_PFP, ppt
F152A_MoleFraction_PFP, ppt
F125_MoleFraction_PFP, ppt
F143a_MoleFraction_PFP, ppt
F227e_MoleFraction_PFP, ppt
F365m_MoleFraction_PFP, ppt
H1211_MoleFraction_PFP, ppt
H1301_MoleFraction_PFP, ppt
H2402_MoleFraction_PFP, ppt
MCFA_MoleFraction_PFP, ppt
CF4_MoleFraction_PFP, ppt
C2F6_MoleFraction_PFP, ppt
SO2F2_MoleFraction_PFP, ppt
MEBR_MoleFraction_PFP, ppt
CH3I_MoleFraction_PFP, ppt
DIBR_MoleFraction_PFP, ppt
[...]
[from data line 288]
67127,   44,          702614.00,         7.0000000,  12.06776327,   40.75988008,   261.310199,   6.318991758,   450.8,   252.2499939,   316.7327048,   314.25,   54.13169813,   17.83931449,   256.7025768,   6.4294,   128,   146.306736,   105.871752,   0.46,   3,   268.2,   269.8,   -1.64,   3.34,   0.74,   316.66,   236.8499939,   262.9499939,   932.2,   53.9,   35.36,   176.6,   -88.84,   0.41,   0.28,   1.174,   0.958,   23.89,   0.05815,   0.360725,   0.262475,   27.9925,   22.8025,   236.3499939,   0.6076,   5.8218,   0.7770082,   1.28914,   50.44,   406.395,   1.868088889,   0.0963,    -999999,   -999999,   -999999,   -999999,   -999999,   -999999,   -999999,   -999999,   -999999,   -999999,   -999999,   -999999,   -999999,   -999999,   -999999,   -999999,   -999999,   -999999,   -999999,   -999999,   -999999,   -999999,   -999999,   -999999,   -999999,   -999999,   -999999,   -999999,   -999999,   -999999,   -999999,   -999999,   -999999,   -999999,   -999999,   -999999,   -999999,   -999999,   -999999,   -999999,   -999999,   -999999,   -999999,   -999999,   -999999,   -999999,   -999999,   -999999,   -999999,   -999999,   -999999,     -999999  
67132,   44,          702615.00,         7.0000000,  12.06864485,   40.759861,   261.3025894,   6.335268078,   449.8,   252.1099939,   316.757835,   314.25,   54.13189377,   17.73992446,   256.2001122,   6.4454,   128,   146.10096,   105.4602,   0.46,   3,   268.12,   269.8,   -1.68,   3.3,   0.5,   316.7,   236.8299939,   262.7699939,   931.2,   53.9,   35.6,   176.6,   -88.8,   0.41,   0.28,   1.158,   0.946,   24.116,   0.05435,   0.3374,   0.245,   26.5425,   21.59,   235.6674939,   0.6086,   5.8368,   0.765134,   1.28914,   50.6,   406.40625,   1.868022222,   0.09877894737,    -999999,   -999999,   -999999,   -999999,   -999999,   -999999,   -999999,   -999999,   -999999,   -999999,   -999999,   -999999,   -999999,   -999999,   -999999,   -999999,   -999999,   -999999,   -999999,   -999999,   -999999,   -999999,   -999999,   -999999,   -999999,   -999999,   -999999,   -999999,   -999999,   -999999,   -999999,   -999999,   -999999,   -999999,   -999999,   -999999,   -999999,   -999999,   -999999,   -999999,   -999999,   -999999,   -999999,   -999999,   -999999,   -999999,   -999999,   -999999,   -999999,   -999999,   -999999,     -999999  
67137,   44,          702616.00,         7.0000000,  12.06952735,   40.75984342,   261.2949936,   6.350995758,   449,   251.9099939,   316.6675705,   314.25,   54.13209391,   17.75988831,   255.81982,   6.4616,   128,   145.998072,   105.4602,   0.46,   3,   268.12,   269.8,   -1.74,   3.3,   0.54,   316.68,   236.6099939,   262.5099939,   930.6,   53.9,   35.56,   176.66,   -88.8,   0.404,   0.272,   1.144,   0.928,   23.96,   0.05544,   0.34402,   0.24926,   27.746,   22.506,   235.8359939,   0.61046,   5.85114,   0.7800784,   1.28914,   52.16,   406.4185714,   1.8679,   0.0964,    -999999,   -999999,   -999999,   -999999,   -999999,   -999999,   -999999,   -999999,   -999999,   -999999,   -999999,   -999999,   -999999,   -999999,   -999999,   -999999,   -999999,   -999999,   -999999,   -999999,   -999999,   -999999,   -999999,   -999999,   -999999,   -999999,   -999999,   -999999,   -999999,   -999999,   -999999,   -999999,   -999999,   -999999,   -999999,   -999999,   -999999,   -999999,   -999999,   -999999,   -999999,   -999999,   -999999,   -999999,   -999999,   -999999,   -999999,   -999999,   -999999,   -999999,   -999999,     -999999  
67142,   44,          702617.00,         7.0000000,  12.07041046,   40.75982972,   261.2874069,   6.369893359,   447.6,   251.8299939,   316.8495914,   314.25,   54.13230087,   17.53967289,   255.6217759,   6.477,   128,   145.58652,   104.94576,   0.46,   3,   268.12,   269.88,   -1.78,   3.3,   0.46,   316.78,   236.2899939,   262.3699939,   930.4,   53.9,   35.64,   176.7,   -88.72,   0.392,   0.264,   1.13,   0.92,   23.442,   0.054,   0.33525,   0.242375,   27.1325,   21.9975,   235.5574939,   0.61314,   5.86386,   0.7774804,   1.28914,   53.72,   406.425,   1.868354545,   0.09683157895,    -999999,   -999999,   -999999,   -999999,   -999999,   -999999,   -999999,   -999999,   -999999,   -999999,   -999999,   -999999,   -999999,   -999999,   -999999,   -999999,   -999999,   -999999,   -999999,   -999999,   -999999,   -999999,   -999999,   -999999,   -999999,   -999999,   -999999,   -999999,   -999999,   -999999,   -999999,   -999999,   -999999,   -999999,   -999999,   -999999,   -999999,   -999999,   -999999,   -999999,   -999999,   -999999,   -999999,   -999999,   -999999,   -999999,   -999999,   -999999,   -999999,   -999999,   -999999,     -999999  
67147,   44,          702618.00,         7.0000000,  12.07129357,   40.75981292,   261.2798203,   6.382329199,   447,   251.6899939,   316.794834,   314.25,   54.1325075,   17.4795798,   255.1798638,   6.493,   128,   145.483632,   104.94576,   0.46,   3,   268.06,   269.84,   -1.84,   3.36,   0.42,   316.74,   235.8499939,   262.2299939,   929.6,   53.9,   35.64,   176.7,   -88.6,   0.376,   0.254,   1.116,   0.904,   22.706,   0.051425,   0.31905,   0.230125,   26.335,   21.3,   235.0524939,   0.61418,   5.87882,   0.7808472,   1.28914,   50.96,   406.42,   1.868536364,   0.10185,    -999999,   -999999,   -999999,   -999999,   -999999,   -999999,   -999999,   -999999,   -999999,   -999999,   -999999,   -999999,   -999999,   -999999,   -999999,   -999999,   -999999,   -999999,   -999999,   -999999,   -999999,   -999999,   -999999,   -999999,   -999999,   -999999,   -999999,   -999999,   -999999,   -999999,   -999999,   -999999,   -999999,   -999999,   -999999,   -999999,   -999999,   -999999,   -999999,   -999999,   -999999,   -999999,   -999999,   -999999,   -999999,   -999999,   -999999,   -999999,   -999999,   -999999,   -999999,     -999999  
67152,   44,          702619.00,         7.0000000,  12.07217729,   40.7597992,   261.2722427,   6.397569199,   445.8,   251.4499939,   316.7359286,   314.25,   54.13272016,   17.67993514,   255.3006783,   6.5088,   128,   145.58652,   104.94576,   0.46,   3,   268.02,   269.8,   -1.8,   3.48,   0.42,   316.7,   235.3499939,   261.9899939,   929,   53.9,   35.64,   176.7,   -88.48,   0.356,   0.242,   1.094,   0.89,   21.992,   0.051775,   0.32145,   0.2314,   27.0475,   21.83,   235.1074939,   0.61426,   5.89454,   0.7692112,   1.28914,   50.84,   406.465,   1.869063636,   0.09821052632,    -999999,   -999999,   -999999,   -999999,   -999999,   -999999,   -999999,   -999999,   -999999,   -999999,   -999999,   -999999,   -999999,   -999999,   -999999,   -999999,   -999999,   -999999,   -999999,   -999999,   -999999,   -999999,   -999999,   -999999,   -999999,   -999999,   -999999,   -999999,   -999999,   -999999,   -999999,   -999999,   -999999,   -999999,   -999999,   -999999,   -999999,   -999999,   -999999,   -999999,   -999999,   -999999,   -999999,   -999999,   -999999,   -999999,   -999999,   -999999,   -999999,   -999999,   -999999,     -999999  
67157,   44,          702620.00,         7.0000000,  12.07306142,   40.75977326,   261.2646713,   6.414455119,   445.2,   251.3499939,   316.7318199,   314.25,   54.1329235,   17.47847267,   255.3226528,   6.5248,   127,   145.174968,   104.43132,   0.46,   3,   267.94,   269.72,   -1.78,   3.48,   0.12,   316.78,   234.8299939,   261.9299939,   929,   53.9,   35.96,   176.7,   -88.36,   0.34,   0.228,   1.09,   0.88,   21.028,   0.04704,   0.29206,   0.20978,   24.656,   19.89,   234.1479939,   0.6154,   5.9094,   0.784076,   1.28914,   47.56,   406.47,   1.869154545,   0.09629473684,    -999999,   -999999,   -999999,   -999999,   -999999,   -999999,   -999999,   -999999,   -999999,   -999999,   -999999,   -999999,   -999999,   -999999,   -999999,   -999999,   -999999,   -999999,   -999999,   -999999,   -999999,   -999999,   -999999,   -999999,   -999999,   -999999,   -999999,   -999999,   -999999,   -999999,   -999999,   -999999,   -999999,   -999999,   -999999,   -999999,   -999999,   -999999,   -999999,   -999999,   -999999,   -999999,   -999999,   -999999,   -999999,   -999999,   -999999,   -999999,   -999999,   -999999,   -999999,     -999999  
67162,   44,          702621.00,         7.0000000,  12.07394606,   40.7597374,   261.2571075,   6.426890959,   444,   251.2299939,   316.8248334,   314.25,   54.13311985,   17.49971601,   254.940231,   6.5408,   127,   145.174968,   104.43132,   0.46,   2.6,   267.78,   269.56,   -1.82,   3.4,   0.56,   316.78,   234.2499939,   261.8099939,   927.8,   53.9,   35.52,   176.7,   -88.24,   0.32,   0.216,   1.078,   0.868,   20.03,   0.045225,   0.2807,   0.201125,   24.04,   19.365,   233.7424939,   0.6164,   5.9244,   0.7818704,   1.28914,   50.84,   406.435,   1.86924,   0.09571578947,    -999999,   -999999,   -999999,   -999999,   -999999,   -999999,   -999999,   -999999,   -999999,   -999999,   -999999,   -999999,   -999999,   -999999,   -999999,   -999999,   -999999,   -999999,   -999999,   -999999,   -999999,   -999999,   -999999,   -999999,   -999999,   -999999,   -999999,   -999999,   -999999,   -999999,   -999999,   -999999,   -999999,   -999999,   -999999,   -999999,   -999999,   -999999,   -999999,   -999999,   -999999,   -999999,   -999999,   -999999,   -999999,   -999999,   -999999,   -999999,   -999999,   -999999,   -999999,     -999999  
67167,   44,          702622.00,         7.0000000,  12.07483049,   40.75969618,   261.2495407,   6.44335016,   443.4,   251.0699939,   316.7454128,   314.25,   54.13331357,   17.45885603,   255.8416942,   6.556,   127,   145.07208,   104.43132,   0.46,   3,   267.98,   269.66,   -1.72,   3.5,   0.92,   316.8,   233.7499939,   261.5699939,   927.6,   53.9,   35.14,   176.72,   -88.4,   0.306,   0.204,   1.062,   0.86,   19.282,   0.045775,   0.284125,   0.203275,   24.3575,   19.615,   233.8449939,   0.61764,   5.93836,   0.785012,   1.28914,   52.22,   406.4457143,   1.868533333,   0.100505,    -999999,   -999999,   -999999,   -999999,   -999999,   -999999,   -999999,   -999999,   -999999,   -999999,   -999999,   -999999,   -999999,   -999999,   -999999,   -999999,   -999999,   -999999,   -999999,   -999999,   -999999,   -999999,   -999999,   -999999,   -999999,   -999999,   -999999,   -999999,   -999999,   -999999,   -999999,   -999999,   -999999,   -999999,   -999999,   -999999,   -999999,   -999999,   -999999,   -999999,   -999999,   -999999,   -999999,   -999999,   -999999,   -999999,   -999999,   -999999,   -999999,   -999999,   -999999,     -999999  
67172,   44,          702623.00,         7.0000000,  12.07571543,   40.75966416,   261.2419815,   6.45980936,   442.2,   250.9299939,   316.8140035,   314.25,   54.13351943,   17.49938679,   255.8794249,   6.5716,   127,   145.07208,   104.328432,   0.46,   3,   268.02,   269.74,   -1.72,   3.5,   0.64,   316.84,   233.3699939,   261.4299939,   926.8,   53.9,   35.42,   176.8,   -88.38,   0.294,   0.198,   1.048,   0.848,   18.764,   0.053,   0.328875,   0.234775,   28.58,   22.975,   235.2274939,   0.6186,   5.953,   0.7729078,   1.28914,   54.74,   406.405,   1.86815,   0.09849,    -999999,   -999999,   -999999,   -999999,   -999999,   -999999,   -999999,   -999999,   -999999,   -999999,   -999999,   -999999,   -999999,   -999999,   -999999,   -999999,   -999999,   -999999,   -999999,   -999999,   -999999,   -999999,   -999999,   -999999,   -999999,   -999999,   -999999,   -999999,   -999999,   -999999,   -999999,   -999999,   -999999,   -999999,   -999999,   -999999,   -999999,   -999999,   -999999,   -999999,   -999999,   -999999,   -999999,   -999999,   -999999,   -999999,   -999999,   -999999,   -999999,   -999999,   -999999,     -999999  
67177,   44,          702624.00,         7.0000000,  12.07660078,   40.7596405,   261.2344284,   6.47517128,   441.2,   250.8499939,   316.9179314,   314.25,   54.13373654,   17.45993661,   256.1996561,   6.587,   127,   145.07208,   103.91688,   0.46,   3,   268.12,   269.8,   -1.68,   3.6,   0.58,   316.9,   233.3499939,   261.3499939,   926.6,   53.9,   35.48,   176.8,   -88.42,   0.292,   0.198,   1.04,   0.834,   18.91,   0.05715,   0.354725,   0.252675,   31.1825,   25.0325,   235.9724939,   0.6191,   5.9679,   0.7875698,   1.28914,   57.46,   406.42,   1.86865,   0.095215,    -999999,   -999999,   -999999,   -999999,   -999999,   -999999,   -999999,   -999999,   -999999,   -999999,   -999999,   -999999,   -999999,   -999999,   -999999,   -999999,   -999999,   -999999,   -999999,   -999999,   -999999,   -999999,   -999999,   -999999,   -999999,   -999999,   -999999,   -999999,   -999999,   -999999,   -999999,   -999999,   -999999,   -999999,   -999999,   -999999,   -999999,   -999999,   -999999,   -999999,   -999999,   -999999,   -999999,   -999999,   -999999,   -999999,   -999999,   -999999,   -999999,   -999999,   -999999,     -999999  
67182,   44,          702625.00,         7.0000000,  12.07748633,   40.75962068,   261.2268783,   6.49108184,   440.4,   250.7699939,   316.9811855,   314.25,   54.13396036,   17.51876189,   257.8421454,   6.602,   127,   144.866304,   103.91688,   0.46,   3,   268.36,   269.8,   -1.44,   3.64,   0.46,   316.98,   233.5099939,   261.2299939,   925.8,   53.9,   35.6,   176.8,   -88.62,   0.3,   0.2,   1.034,   0.832,   19.378,   0.0474,   0.294375,   0.2092,   26.18,   20.9875,   234.1024939,   0.6197,   5.9823,   0.7839218,   1.28914,   52.46,   406.41,   1.8681,   0.09590526316,    -999999,   -999999,   -999999,   -999999,   -999999,   -999999,   -999999,   -999999,   -999999,   -999999,   -999999,   -999999,   -999999,   -999999,   -999999,   -999999,   -999999,   -999999,   -999999,   -999999,   -999999,   -999999,   -999999,   -999999,   -999999,   -999999,   -999999,   -999999,   -999999,   -999999,   -999999,   -999999,   -999999,   -999999,   -999999,   -999999,   -999999,   -999999,   -999999,   -999999,   -999999,   -999999,   -999999,   -999999,   -999999,   -999999,   -999999,   -999999,   -999999,   -999999,   -999999,     -999999  
67187,   44,          702626.00,         7.0000000,  12.07837301,   40.75960082,   261.2193451,   6.50644376,   439.4,   250.6699939,   317.0606459,   314.25,   54.13418724,   17.71867446,   260.1003324,   6.618,   127,   144.866304,   103.813992,   0.46,   3,   268.58,   269.74,   -1.22,   3.64,   0.22,   317.06,   233.5499939,   261.0899939,   925.4,   53.9,   35.88,   176.8,   -88.78,   0.3,   0.2,   1.024,   0.824,   19.63,   0.038975,   0.2418,   0.171575,   21.805,   17.4525,   232.2124939,   0.62026,   5.99774,   0.787495,   1.28914,   51.38,   406.425,   1.8681,   0.098475,    -999999,   -999999,   -999999,   -999999,   -999999,   -999999,   -999999,   -999999,   -999999,   -999999,   -999999,   -999999,   -999999,   -999999,   -999999,   -999999,   -999999,   -999999,   -999999,   -999999,   -999999,   -999999,   -999999,   -999999,   -999999,   -999999,   -999999,   -999999,   -999999,   -999999,   -999999,   -999999,   -999999,   -999999,   -999999,   -999999,   -999999,   -999999,   -999999,   -999999,   -999999,   -999999,   -999999,   -999999,   -999999,   -999999,   -999999,   -999999,   -999999,   -999999,   -999999,     -999999  
