inputs/ACTAMERICA_Merge/C130/ACTAMERICA-mrg05-c130_merge_20171110_R0.ict
145, 1001
Shook, Michael
NASA Atmospheric Composition Branch, NASA Langley Research Center (SSAI)
Merged data file for ACT-AMERICA Fall 2017, Flight 22 (20171110), on the c130 platform. Data is merged to 05 seconds.
NASA ACT-AMERICA Fall 2017
1, 1
2017, 11, 10, 2018, 07, 05
05
UTC,s
106
1, 1, 1, 1, 1, 1, 1, 1, 1, 1, 1, 1, 1, 1, 1, 1, 1, 1, 1, 1, 1, 1, 1, 1, 1, 1, 1, 1, 1, 1, 1, 1, 1, 1, 1, 1, 1, 1, 1, 1, 1, 1, 1, 1, 1, 1, 1, 1, 1, 1, 1, 1, 1, 1, 1, 1, 1, 1, 1, 1, 1, 1, 1, 1, 1, 1, 1, 1, 1, 1, 1, 1, 1, 1, 1, 1, 1, 1, 1, 1, 1, 1, 1, 1, 1, 1, 1, 1, 1, 1, 1, 1, 1, 1, 1, 1, 1, 1, 1, 1, 1, 1, 1, 1, 1, 1
-999999, -999999, -999999, -999999, -999999, -999999, -999999, -999999, -999999, -999999, -999999, -999999, -999999, -999999, -999999, -999999, -999999, -999999, -999999, -999999, -999999, -999999, -999999, -999999, -999999, -999999, -999999, -999999, -999999, -999999, -999999, -999999, -999999, -999999, -999999, -999999, -999999, -999999, -999999, -999999, -999999, -999999, -999999, -999999, -999999, -999999, -999999, -999999, -999999, -999999, -999999, -999999, -999999, -999999, -999999, -999999, -999999, -999999, -999999, -999999, -999999, -999999, -999999, -999999, -999999, -999999, -999999, -999999, -999999, -999999, -999999, -999999, -999999, -999999, -999999, -999999, -999999, -999999, -999999, -999999, -999999, -999999, -999999, -999999, -999999, -999999, -999999, -999999, -999999, -999999, -999999, -999999, -999999, -999999, -999999, -999999, -999999, -999999, -999999, -999999, -999999, -999999, -999999, -999999, -999999, -999999
JDAY, days
INDEX, none
FLIGHT, none
LOCAL_SUN_TIME, hour
LATITUDE, degs
LONGITUDE, degs
ALTP, km
PRESSURE, hPa
TEMPERATURE, K
THETA, K, calculated from ambient temperature and pressure
O3COLUMN, DU, OMI ozone column data extracted along flight track
SZA, deg
WNS, m s-1
WND, Degs
GPS_ALT, km
GRD_SPD, m s-1
TAS, m/s
IAS, m/s
MachNumber, mach
VerticalSpeed, m s-1
HDG, degs
TRK, degs
DriftAngle, degs
PITCH, degs
ROLL, degs
PotentialTemp_Nav, K
Dewpoint, K
TotalAirTemp, K
CabinPressure, hPa
SolarZenithAngle, degs
AircraftSunElevation, degs
SunAzimuth, degs
AircraftSunAzimuth, degs
H2O_MixingRatio_Nav, g kg-1
H2O_VaporPressure_Nav, hPa
H2O_SatVaporPressureWater_Nav, hPa
H2O_SatVaporPressureIce_Nav, hPa
H2O_RelativeHumidity_Nav, %
ManeuverFlag, none
H2O_VolMixingRatio_PICARRO, %
H2O_MassMixingRatio_PICARRO, g kg-1
H2O_VaporPressure_PICARRO, hPa
RHi_PICARRO, %
RHw_PICARRO, %
Dewpoint_PICARRO, K
GPS_ALT, km
GroundElevation-AMSL_GoogleMaps, km
Altitude-AGL_GoogleMaps, km
GroundHeight-AMSL_CPL, km
MLH-AMSL_CPL, km
O3_MixingRatio, ppbv
CO2_DryMoleFrac_PICARRO, ppm
CH4_DryMoleFrac_PICARRO, ppm
CO_DryMoleFrac_PICARRO, ppm
CO2_MoleFraction_PFP, ppm
CH4_MoleFraction_PFP, ppb
CO_MoleFraction_PFP, ppb
N2O_MoleFraction_PFP, ppb
SF6_CCGG_MoleFraction_PFP, ppt
H2_MoleFraction_PFP, ppb
CH4C13_PFP, permil
CO2C14_PFP, permil
F11B_MoleFraction_PFP, ppt
FC12_MoleFraction_PFP, ppt
F13_MoleFraction_PFP, ppt
F113_MoleFraction_PFP, ppt
F115_MoleFraction_PFP, ppt
HF133a_MoleFraction_PFP, ppt
F23_MoleFraction_PFP, ppt
F32_MoleFraction_PFP, ppt
F134A_MoleFraction_PFP, ppt
F152A_MoleFraction_PFP, ppt
F125_MoleFraction_PFP, ppt
F143a_MoleFraction_PFP, ppt
F227e_MoleFraction_PFP, ppt
F365m_MoleFraction_PFP, ppt
H1211_MoleFraction_PFP, ppt
H1301_MoleFraction_PFP, ppt
[...]
[from data line 2508]
76507,   314,          2202509.0,         22.000000,  15.13710432,   33.85117334,   268.2669814,   4.806757019,   553.8,   269.0699939,   318.5612893,   291,   67.87546067,   12.8196687,   274.2191887,   5.0112,   147.04,   156.3588936,   121.1609088,   0.48,   -0.16,   234.9,   231.86,   3.04,   0.52,   0.54,   318.52,   249.3899939,   281.2699939,   866,   70.4,   18.78,   -128.3,   -3.1,   1.092,   0.914,   4.564,   4.39,   20.028,    -999999,  0.146,   0.906175,   0.811725,   19.36,   18.53,   248.1999939,   5.0112,   0.06648,   4.94472,   0.2147394,   1.07928,   42.52,   404.6214286,   1.875872727,   0.07665,    -999999,   -999999,   -999999,   -999999,   -999999,   -999999,   -999999,   -999999,   -999999,   -999999,   -999999,   -999999,   -999999,   -999999,   -999999,   -999999,   -999999,   -999999,   -999999,   -999999,   -999999,   -999999,   -999999,   -999999,   -999999,   -999999,   -999999,   -999999,   -999999,   -999999,   -999999,   -999999,   -999999,   -999999,   -999999,   -999999,   -999999,   -999999,   -999999,   -999999,   -999999,   -999999,   -999999,   -999999,   -999999,   -999999,   -999999,   -999999,   -999999,   -999999,   -999999,     -999999  
76512,   314,          2202510.0,         22.000000,  15.13807677,   33.84708048,   268.2607349,   4.807671419,   553.6,   269.0499939,   318.5704859,   291,   67.88192716,   12.85992534,   276.0614312,   5.0104,   147.18,   156.2457168,   121.0683096,   0.48,   0.06,   235.02,   231.88,   3.14,   0.56,   1.34,   318.54,   248.6699939,   281.2499939,   866.2,   70.44,   18.68,   -128.3,   -3.4,   1.024,   0.858,   4.56,   4.388,   18.792,    -999999,  0.1583222222,   0.9827666667,   0.8803222222,   20.46555556,   19.64888889,   249.1033272,   5.0104,   0.07434,   4.93606,   0.2145056,   1.07928,   43.5,   404.6128571,   1.874,   0.07576315789,    -999999,   -999999,   -999999,   -999999,   -999999,   -999999,   -999999,   -999999,   -999999,   -999999,   -999999,   -999999,   -999999,   -999999,   -999999,   -999999,   -999999,   -999999,   -999999,   -999999,   -999999,   -999999,   -999999,   -999999,   -999999,   -999999,   -999999,   -999999,   -999999,   -999999,   -999999,   -999999,   -999999,   -999999,   -999999,   -999999,   -999999,   -999999,   -999999,   -999999,   -999999,   -999999,   -999999,   -999999,   -999999,   -999999,   -999999,   -999999,   -999999,   -999999,   -999999,     -999999  
76517,   314,          2202511.0,         22.000000,  15.13904843,   33.8429971,   268.2544765,   4.807244699,   553.6,   269.0499939,   318.5704859,   291,   67.88839521,   13.11956477,   276.6798762,   5.0108,   147.18,   156.3486048,   121.1403312,   0.48,   0.1,   235.26,   232.04,   3.24,   0.6,   0.94,   318.54,   247.8699939,   281.2499939,   867.8,   70.5,   18.64,   -128.3,   -3.64,   0.952,   0.8,   4.554,   4.382,   17.502,    -999999,  0.165375,   1.026525,   0.91955,   21.3775,   20.5225,   249.5924939,   5.0108,   0.073,   4.9378,   0.2149324,   1.07928,   41.14,   404.6,   1.873618182,   0.0816,    -999999,   -999999,   -999999,   -999999,   -999999,   -999999,   -999999,   -999999,   -999999,   -999999,   -999999,   -999999,   -999999,   -999999,   -999999,   -999999,   -999999,   -999999,   -999999,   -999999,   -999999,   -999999,   -999999,   -999999,   -999999,   -999999,   -999999,   -999999,   -999999,   -999999,   -999999,   -999999,   -999999,   -999999,   -999999,   -999999,   -999999,   -999999,   -999999,   -999999,   -999999,   -999999,   -999999,   -999999,   -999999,   -999999,   -999999,   -999999,   -999999,   -999999,   -999999,     -999999  
76522,   314,          2202512.0,         22.000000,  15.14001983,   33.83891578,   268.2482141,   4.807671419,   553.6,   269.0499939,   318.5704859,   291,   67.89486503,   13.11902059,   276.3814106,   5.011,   147.22,   156.441204,   121.202064,   0.48,   0,   235.16,   231.94,   3.22,   0.52,   0.32,   318.52,   247.5099939,   281.2699939,   869.2,   70.5,   18.7,   -128.3,   -3.32,   0.92,   0.77,   4.56,   4.386,   16.906,    -999999,  0.148025,   0.9188,   0.823025,   19.135,   18.37,   248.3174939,   5.011,   0.0689,   4.9421,   0.2145226,   1.07928,   42.04,   404.635,   1.874909091,   0.07905789474,    -999999,   -999999,   -999999,   -999999,   -999999,   -999999,   -999999,   -999999,   -999999,   -999999,   -999999,   -999999,   -999999,   -999999,   -999999,   -999999,   -999999,   -999999,   -999999,   -999999,   -999999,   -999999,   -999999,   -999999,   -999999,   -999999,   -999999,   -999999,   -999999,   -999999,   -999999,   -999999,   -999999,   -999999,   -999999,   -999999,   -999999,   -999999,   -999999,   -999999,   -999999,   -999999,   -999999,   -999999,   -999999,   -999999,   -999999,   -999999,   -999999,   -999999,   -999999,     -999999  
76527,   314,          2202513.0,         22.000000,  15.14099172,   33.83482246,   268.2419591,   4.807305659,   553.4,   269.1299939,   318.6981109,   291,   67.90133451,   12.71935622,   274.6141564,   5.0116,   147.34,   156.4720704,   121.2329304,   0.48,   0.06,   234.9,   231.9,   3,   0.58,   0.92,   318.6,   247.4299939,   281.3499939,   870.6,   70.5,   18.64,   -128.3,   -3.2,   0.918,   0.768,   4.584,   4.412,   16.732,    -999999,  0.13705,   0.850675,   0.76205,   17.7175,   17.01,   247.4749939,   5.0116,   0.06922,   4.94238,   0.215533,   1.07928,   42.28,   404.62,   1.876109091,   0.08314736842,    -999999,   -999999,   -999999,   -999999,   -999999,   -999999,   -999999,   -999999,   -999999,   -999999,   -999999,   -999999,   -999999,   -999999,   -999999,   -999999,   -999999,   -999999,   -999999,   -999999,   -999999,   -999999,   -999999,   -999999,   -999999,   -999999,   -999999,   -999999,   -999999,   -999999,   -999999,   -999999,   -999999,   -999999,   -999999,   -999999,   -999999,   -999999,   -999999,   -999999,   -999999,   -999999,   -999999,   -999999,   -999999,   -999999,   -999999,   -999999,   -999999,   -999999,   -999999,     -999999  
76532,   314,          2202514.0,         22.000000,  15.14196355,   33.83072868,   268.2357033,   4.809073499,   553.2,   269.1299939,   318.7310266,   291,   67.907806,   12.69978104,   273.9211012,   5.012,   147.26,   156.5132256,   121.2432192,   0.48,   0.04,   234.92,   231.94,   2.96,   0.56,   1.02,   318.62,   247.3299939,   281.3499939,   872.2,   70.5,   18.64,   -128.26,   -3.26,   0.908,   0.758,   4.584,   4.412,   16.568,    -999999,  0.091225,   0.56615,   0.50715,   11.79,   11.32,   242.8749939,   5.012,   0.0671,   4.9449,   0.2158894,   1.10926,   45,   404.615,   1.8791,   0.078285,    -999999,   -999999,   -999999,   -999999,   -999999,   -999999,   -999999,   -999999,   -999999,   -999999,   -999999,   -999999,   -999999,   -999999,   -999999,   -999999,   -999999,   -999999,   -999999,   -999999,   -999999,   -999999,   -999999,   -999999,   -999999,   -999999,   -999999,   -999999,   -999999,   -999999,   -999999,   -999999,   -999999,   -999999,   -999999,   -999999,   -999999,   -999999,   -999999,   -999999,   -999999,   -999999,   -999999,   -999999,   -999999,   -999999,   -999999,   -999999,   -999999,   -999999,   -999999,     -999999  
76537,   314,          2202515.0,         22.000000,  15.14293499,   33.826641,   268.2294415,   4.806817979,   553.4,   269.1899939,   318.7691616,   291,   67.91428056,   12.49592357,   272.8608765,   5.012,   147.32,   156.5852472,   121.2843744,   0.48,   0.1,   234.86,   232,   2.86,   0.54,   0.88,   318.7,   246.6899939,   281.3499939,   873.8,   70.5,   18.64,   -128.2,   -3.22,   0.856,   0.716,   4.612,   4.444,   15.516,    -999999,  0.064975,   0.40335,   0.3613,   8.4025,   8.065,   239.5724939,   5.012,   0.0684,   4.9436,   0.2161086,   1.10926,   44.64,   404.65,   1.8818,   0.081315,    -999999,   -999999,   -999999,   -999999,   -999999,   -999999,   -999999,   -999999,   -999999,   -999999,   -999999,   -999999,   -999999,   -999999,   -999999,   -999999,   -999999,   -999999,   -999999,   -999999,   -999999,   -999999,   -999999,   -999999,   -999999,   -999999,   -999999,   -999999,   -999999,   -999999,   -999999,   -999999,   -999999,   -999999,   -999999,   -999999,   -999999,   -999999,   -999999,   -999999,   -999999,   -999999,   -999999,   -999999,   -999999,   -999999,   -999999,   -999999,   -999999,   -999999,   -999999,     -999999  
76542,   314,          2202516.0,         22.000000,  15.14390633,   33.82255488,   268.2231783,   4.807732379,   553.4,   269.1499939,   318.7217945,   291,   67.92075815,   12.59989715,   272.2199998,   5.0128,   147.32,   156.7292904,   121.40784,   0.48,   0.08,   234.8,   231.98,   2.88,   0.6,   0.58,   318.7,   244.9299939,   281.3499939,   875.2,   70.5,   18.62,   -128.2,   -3,   0.73,   0.61,   4.606,   4.436,   13.25,    -999999,  0.0646,   0.4008666667,   0.3591333333,   8.35,   8.016666667,   239.5066606,   5.0128,   0.07822,   4.93458,   0.2171904,   1.10926,   40.88,   404.6342857,   1.8816,   0.08207368421,    -999999,   -999999,   -999999,   -999999,   -999999,   -999999,   -999999,   -999999,   -999999,   -999999,   -999999,   -999999,   -999999,   -999999,   -999999,   -999999,   -999999,   -999999,   -999999,   -999999,   -999999,   -999999,   -999999,   -999999,   -999999,   -999999,   -999999,   -999999,   -999999,   -999999,   -999999,   -999999,   -999999,   -999999,   -999999,   -999999,   -999999,   -999999,   -999999,   -999999,   -999999,   -999999,   -999999,   -999999,   -999999,   -999999,   -999999,   -999999,   -999999,   -999999,   -999999,     -999999  
76547,   314,          2202517.0,         22.000000,  15.14487807,   33.81846214,   268.216921,   4.807732379,   553.4,   269.1499939,   318.7217945,   291,   67.92723796,   12.77879106,   272.9856036,   5.0134,   147.32,   156.7292904,   121.40784,   0.48,   0.04,   234.8,   231.9,   2.96,   0.52,   0.56,   318.68,   242.6299939,   281.3499939,   876.6,   70.5,   18.7,   -128.2,   -2.96,   0.588,   0.492,   4.606,   4.436,   10.712,    -999999,  0.0712,   0.442025,   0.39595,   9.2075,   8.8375,   240.4499939,   5.0134,   0.08168,   4.93172,   0.2167652,   1.10926,   43.08,   404.6271429,   1.881177778,   0.0771,    -999999,   -999999,   -999999,   -999999,   -999999,   -999999,   -999999,   -999999,   -999999,   -999999,   -999999,   -999999,   -999999,   -999999,   -999999,   -999999,   -999999,   -999999,   -999999,   -999999,   -999999,   -999999,   -999999,   -999999,   -999999,   -999999,   -999999,   -999999,   -999999,   -999999,   -999999,   -999999,   -999999,   -999999,   -999999,   -999999,   -999999,   -999999,   -999999,   -999999,   -999999,   -999999,   -999999,   -999999,   -999999,   -999999,   -999999,   -999999,   -999999,   -999999,   -999999,     -999999  
76552,   314,          2202518.0,         22.000000,  15.1458501,   33.8143621,   268.2106682,   4.807732379,   553.4,   269.2099939,   318.7928452,   291,   67.9337187,   12.63863481,   274.8216776,   5.012,   147.4,   156.492648,   121.1917752,   0.48,   -0.04,   234.88,   231.86,   3,   0.54,   1.18,   318.7,   240.2699939,   281.3499939,   878,   70.5,   18.66,   -128.2,   -3.1,   0.47,   0.394,   4.618,   4.452,   8.524,    -999999,  0.083925,   0.521025,   0.466675,   10.8475,   10.4175,   242.1974939,   5.012,   0.07934,   4.93266,   0.215883,   1.10926,   42.9,   404.625,   1.88025,   0.08231,    -999999,   -999999,   -999999,   -999999,   -999999,   -999999,   -999999,   -999999,   -999999,   -999999,   -999999,   -999999,   -999999,   -999999,   -999999,   -999999,   -999999,   -999999,   -999999,   -999999,   -999999,   -999999,   -999999,   -999999,   -999999,   -999999,   -999999,   -999999,   -999999,   -999999,   -999999,   -999999,   -999999,   -999999,   -999999,   -999999,   -999999,   -999999,   -999999,   -999999,   -999999,   -999999,   -999999,   -999999,   -999999,   -999999,   -999999,   -999999,   -999999,   -999999,   -999999,     -999999  
76557,   314,          2202519.0,         22.000000,  15.14682164,   33.81026614,   268.2044079,   4.807244699,   553.4,   269.1899939,   318.7691616,   291,   67.94020025,   12.67915307,   275.538186,   5.012,   147.42,   156.4103376,   121.1609088,   0.48,   -0.08,   235.02,   231.94,   3.06,   0.5,   1,   318.7,   238.5499939,   281.3499939,   879,   70.5,   18.66,   -128.2,   -3.24,   0.398,   0.332,   4.616,   4.446,   7.202,    -999999,  0.089175,   0.55345,   0.495725,   11.525,   11.065,   242.8074939,   5.012,   0.08086,   4.93114,   0.2154362,   1.10926,   42.9,   404.645,   1.87955,   0.078795,    -999999,   -999999,   -999999,   -999999,   -999999,   -999999,   -999999,   -999999,   -999999,   -999999,   -999999,   -999999,   -999999,   -999999,   -999999,   -999999,   -999999,   -999999,   -999999,   -999999,   -999999,   -999999,   -999999,   -999999,   -999999,   -999999,   -999999,   -999999,   -999999,   -999999,   -999999,   -999999,   -999999,   -999999,   -999999,   -999999,   -999999,   -999999,   -999999,   -999999,   -999999,   -999999,   -999999,   -999999,   -999999,   -999999,   -999999,   -999999,   -999999,   -999999,   -999999,     -999999  
76562,   314,          2202520.0,         22.000000,  15.14779261,   33.8061755,   268.1981392,   4.808098139,   553.6,   269.2299939,   318.7836162,   291,   67.94668279,   12.65875115,   275.3823427,   5.0116,   147.54,   156.5338032,   121.2329304,   0.48,   -0.02,   235.02,   231.98,   3.04,   0.5,   0.54,   318.72,   238.0099939,   281.3499939,   880.4,   70.5,   18.66,   -128.2,   -3.24,   0.376,   0.314,   4.618,   4.448,   6.82,    -999999,  0.0865,   0.5369,   0.4809666667,   11.18333333,   10.73666667,   242.4466606,   5.0116,   0.08908,   4.92252,   0.2333018,   1.10926,   44.12,   404.68,   1.88065,   0.07725263158,    -999999,   -999999,   -999999,   -999999,   -999999,   -999999,   -999999,   -999999,   -999999,   -999999,   -999999,   -999999,   -999999,   -999999,   -999999,   -999999,   -999999,   -999999,   -999999,   -999999,   -999999,   -999999,   -999999,   -999999,   -999999,   -999999,   -999999,   -999999,   -999999,   -999999,   -999999,   -999999,   -999999,   -999999,   -999999,   -999999,   -999999,   -999999,   -999999,   -999999,   -999999,   -999999,   -999999,   -999999,   -999999,   -999999,   -999999,   -999999,   -999999,   -999999,   -999999,     -999999  
