inputs/ACTAMERICA_Merge/C130/ACTAMERICA-mrg05-c130_merge_20171113_R0.ict
145, 1001
Shook, Michael
NASA Atmospheric Composition Branch, NASA Langley Research Center (SSAI)
Merged data file for ACT-AMERICA Fall 2017, Flight 23 (20171113), on the c130 platform. Data is merged to 05 seconds.
NASA ACT-AMERICA Fall 2017
1, 1
2017, 11, 13, 2018, 07, 05
05
UTC,s
106
1, 1, 1, 1, 1, 1, 1, 1, 1, 1, 1, 1, 1, 1, 1, 1, 1, 1, 1, 1, 1, 1, 1, 1, 1, 1, 1, 1, 1, 1, 1, 1, 1, 1, 1, 1, 1, 1, 1, 1, 1, 1, 1, 1, 1, 1, 1, 1, 1, 1, 1, 1, 1, 1, 1, 1, 1, 1, 1, 1, 1, 1, 1, 1, 1, 1, 1, 1, 1, 1, 1, 1, 1, 1, 1, 1, 1, 1, 1, 1, 1, 1, 1, 1, 1, 1, 1, 1, 1, 1, 1, 1, 1, 1, 1, 1, 1, 1, 1, 1, 1, 1, 1, 1, 1, 1
-999999, -999999, -999999, -999999, -999999, -999999, -999999, -999999, -999999, -999999, -999999, -999999, -999999, -999999, -999999, -999999, -999999, -999999, -999999, -999999, -999999, -999999, -999999, -999999, -999999, -999999, -999999, -999999, -999999, -999999, -999999, -999999, -999999, -999999, -999999, -999999, -999999, -999999, -999999, -999999, -999999, -999999, -999999, -999999, -999999, -999999, -999999, -999999, -999999, -999999, -999999, -999999, -999999, -999999, -999999, -999999, -999999, -999999, -999999, -999999, -999999, -999999, -999999, -999999, -999999, -999999, -999999, -999999, -999999, -999999, -999999, -999999, -999999, -999999, -999999, -999999, -999999, -999999, -999999, -999999, -999999, -999999, -999999, -999999, -999999, -999999, -999999, -999999, -999999, -999999, -999999, -999999, -999999, -999999, -999999, -999999, -999999, -999999, -999999, -999999, -999999, -999999, -999999, -999999, -999999, -999999
JDAY, days
INDEX, none
FLIGHT, none
LOCAL_SUN_TIME, hour
LATITUDE, degs
LONGITUDE, degs
ALTP, km
PRESSURE, hPa
TEMPERATURE, K
THETA, K, calculated from ambient temperature and pressure
O3COLUMN, DU, OMI ozone column data extracted along flight track
SZA, deg
WNS, m s-1
WND, Degs
GPS_ALT, km
GRD_SPD, m s-1
TAS, m/s
IAS, m/s
MachNumber, mach
VerticalSpeed, m s-1
HDG, degs
TRK, degs
DriftAngle, degs
PITCH, degs
ROLL, degs
PotentialTemp_Nav, K
Dewpoint, K
TotalAirTemp, K
CabinPressure, hPa
SolarZenithAngle, degs
AircraftSunElevation, degs
SunAzimuth, degs
AircraftSunAzimuth, degs
H2O_MixingRatio_Nav, g kg-1
H2O_VaporPressure_Nav, hPa
H2O_SatVaporPressureWater_Nav, hPa
H2O_SatVaporPressureIce_Nav, hPa
H2O_RelativeHumidity_Nav, %
ManeuverFlag, none
H2O_VolMixingRatio_PICARRO, %
H2O_MassMixingRatio_PICARRO, g kg-1
H2O_VaporPressure_PICARRO, hPa
RHi_PICARRO, %
RHw_PICARRO, %
Dewpoint_PICARRO, K
GPS_ALT, km
GroundElevation-AMSL_GoogleMaps, km
Altitude-AGL_GoogleMaps, km
GroundHeight-AMSL_CPL, km
MLH-AMSL_CPL, km
O3_MixingRatio, ppbv
CO2_DryMoleFrac_PICARRO, ppm
CH4_DryMoleFrac_PICARRO, ppm
CO_DryMoleFrac_PICARRO, ppm
CO2_MoleFraction_PFP, ppm
CH4_MoleFraction_PFP, ppb
CO_MoleFraction_PFP, ppb
N2O_MoleFraction_PFP, ppb
SF6_CCGG_MoleFraction_PFP, ppt
H2_MoleFraction_PFP, ppb
CH4C13_PFP, permil
CO2C14_PFP, permil
F11B_MoleFraction_PFP, ppt
FC12_MoleFraction_PFP, ppt
F13_MoleFraction_PFP, ppt
F113_MoleFraction_PFP, ppt
F115_MoleFraction_PFP, ppt
HF133a_MoleFraction_PFP, ppt
F23_MoleFraction_PFP, ppt
F32_MoleFraction_PFP, ppt
F134A_MoleFraction_PFP, ppt
F152A_MoleFraction_PFP, ppt
F125_MoleFraction_PFP, ppt
F143a_MoleFraction_PFP, ppt
F227e_MoleFraction_PFP, ppt
F365m_MoleFraction_PFP, ppt
H1211_MoleFraction_PFP, ppt
H1301_MoleFraction_PFP, ppt
[...]
[from data line 256]
60942,   317,          2300257.0,         23.000000,  10.77268316,   32.377052,   267.6548308,   3.26026276,   677.6,   274.1499939,   306.3949181,   271,   53.32489177,   2.478956075,   253.2958417,   3.432,   156.48,   154.4657544,   130.6574712,   0.47,   0.38,   91.5,   91.28,   0.24,   0.9,   0.72,   306.36,   257.1299939,   285.9499939,   846.8,   52.5,   37.98,   162.2,   70.2,   1.738,   1.778,   6.63,   6.7,   26.852,    -999999,  0.273825,   1.699475,   1.86295,    -999999,  29.395,   257.8299939,   3.432,   0.05662,   3.37538,   0.196703,   0.659559,   45.78,   404.8,   1.89015,   0.081025,   404.27,   1891.78,   87.85,   329.57,   9.45,   516.09,   -47.49,    -999999,  232.25,   511.99,   3.32,   70,   8.58,   0.47,   31.24,   16.32,   104.67,   8.84,   25.48,   22.11,   1.43,   1.1,   3.5,   3.29,   0.39,   2.12,   84.23,   5.07,   2.27,   7,   0.26,   0.8,    -999999,  545.13,   57.76,   12.74,   5.09,   88.06,   840.87,   186.24,   39.2,   19.98,   7.89,   9.35,   17.8,    -999999,  0.19,   0.17,   8.88,   0.64,   5.11,          250.17000  
60947,   317,          2300258.0,         23.000000,  10.77462367,   32.376881,   267.663105,   3.26373748,   677.2,   274.1299939,   306.4242589,   271,   53.31553119,   2.39741445,   253.2962439,   3.4338,   156.22,   154.3011336,   130.4928504,   0.464,   0.22,   91.64,   91.42,   0.22,   0.74,   0.72,   306.4,   257.1499939,   285.9499939,   846,   52.46,   38.06,   162.2,   70.22,   1.74,   1.78,   6.63,   6.702,   26.848,    -999999,  0.27415,   1.701575,   1.865,    -999999,  29.4275,   257.8399939,   3.4338,   0.04878,   3.38502,   0.1959224,   0.659559,   48.7,   404.8071429,   1.889833333,   0.08078,   404.27,   1891.78,   87.85,   329.57,   9.45,   516.09,   -47.49,    -999999,  232.25,   511.99,   3.32,   70,   8.58,   0.47,   31.24,   16.32,   104.67,   8.84,   25.48,   22.11,   1.43,   1.1,   3.5,   3.29,   0.39,   2.12,   84.23,   5.07,   2.27,   7,   0.26,   0.8,    -999999,  545.13,   57.76,   12.74,   5.09,   88.06,   840.87,   186.24,   39.2,   19.98,   7.89,   9.35,   17.8,    -999999,  0.19,   0.17,   8.88,   0.64,   5.11,          250.17000  
60952,   317,          2300259.0,         23.000000,  10.77656645,   32.3766746,   267.6714134,   3.26105524,   677.8,   274.1099939,   306.3243834,   271,   53.30613987,   2.419188456,   254.9941566,   3.4318,   155.92,   154.0027584,   130.256208,   0.46,   -0.68,   91.7,   91.5,   0.2,   0.44,   0.38,   306.32,   257.1299939,   285.9499939,   845.2,   52.4,   37.84,   162.3,   70.52,   1.736,   1.776,   6.616,   6.686,   26.866,    -999999,  0.2742888889,   1.702655556,   1.866155556,    -999999,  29.44555556,   257.851105,   3.4318,   0.05756,   3.37424,   0.1929004,   0.659559,   46.18,   404.835,   1.8903,   0.08316315789,   404.27,   1891.78,   87.85,   329.57,   9.45,   516.09,   -47.49,    -999999,  232.25,   511.99,   3.32,   70,   8.58,   0.47,   31.24,   16.32,   104.67,   8.84,   25.48,   22.11,   1.43,   1.1,   3.5,   3.29,   0.39,   2.12,   84.23,   5.07,   2.27,   7,   0.26,   0.8,    -999999,  545.13,   57.76,   12.74,   5.09,   88.06,   840.87,   186.24,   39.2,   19.98,   7.89,   9.35,   17.8,    -999999,  0.19,   0.17,   8.88,   0.64,   5.11,          250.17000  
60957,   317,          2300260.0,         23.000000,  10.77850923,   32.3765028,   267.6797218,   3.2571538,   678,   274.1499939,   306.3432604,   271,   53.29679356,   2.419304014,   254.6330763,   3.4284,   155.82,   153.8587152,   130.1636088,   0.46,   -0.4,   91.7,   91.5,   0.2,   0.64,   0.22,   306.3,   257.1499939,   285.9499939,   843,   52.4,   37.6,   162.3,   70.4,   1.738,   1.78,   6.626,   6.696,   26.846,    -999999,  0.2738888889,   1.700011111,   1.863733333,    -999999,  29.40888889,   257.8333272,   3.4284,   0.0638,   3.3646,   0.1849434,   0.659559,   44.96,   404.795,   1.8899,   0.082485,   404.27,   1891.78,   87.85,   329.57,   9.45,   516.09,   -47.49,    -999999,  232.25,   511.99,   3.32,   70,   8.58,   0.47,   31.24,   16.32,   104.67,   8.84,   25.48,   22.11,   1.43,   1.1,   3.5,   3.29,   0.39,   2.12,   84.23,   5.07,   2.27,   7,   0.26,   0.8,    -999999,  545.13,   57.76,   12.74,   5.09,   88.06,   840.87,   186.24,   39.2,   19.98,   7.89,   9.35,   17.8,    -999999,  0.19,   0.17,   8.88,   0.64,   5.11,          250.17000  
60962,   317,          2300261.0,         23.000000,  10.78044743,   32.3763316,   267.6879614,   3.25672708,   678,   274.1499939,   306.3432604,   271,   53.28748238,   2.399595816,   254.7191693,   3.4296,   155.42,   153.508896,   129.8652336,   0.46,   0.36,   91.7,   91.5,   0.2,   0.88,   0.22,   306.36,   257.1499939,   285.9499939,   842.4,   52.4,   37.56,   162.3,   70.28,   1.738,   1.78,   6.65,   6.724,   26.762,    -999999,  0.27395,   1.70035,   1.86435,    -999999,  29.4175,   257.8374939,   3.4296,   0.04498,   3.38462,   0.162605,   0.659559,   45.44,   404.8085714,   1.89005,   0.08167368421,    -999999,   -999999,   -999999,   -999999,   -999999,   -999999,   -999999,   -999999,   -999999,   -999999,   -999999,   -999999,   -999999,   -999999,   -999999,   -999999,   -999999,   -999999,   -999999,   -999999,   -999999,   -999999,   -999999,   -999999,   -999999,   -999999,   -999999,   -999999,   -999999,   -999999,   -999999,   -999999,   -999999,   -999999,   -999999,   -999999,   -999999,   -999999,   -999999,   -999999,   -999999,   -999999,   -999999,   -999999,   -999999,   -999999,   -999999,   -999999,   -999999,   -999999,   -999999,     -999999  
60967,   317,          2300262.0,         23.000000,  10.78238565,   32.3761596,   267.6962014,   3.2571538,   678,   274.1499939,   306.3432604,   271,   53.27818321,   2.299405103,   256.9616971,   3.431,   155.06,   153.1590768,   129.5771472,   0.46,   0.04,   91.68,   91.5,   0.2,   0.76,   0.26,   306.28,   257.1499939,   285.8499939,   841.4,   52.4,   37.64,   162.4,   70.44,   1.734,   1.778,   6.624,   6.696,   26.83,    -999999,  0.27396,   1.70048,   1.86445,    -999999,  29.417,   257.8409939,   3.431,   0.05694,   3.37406,   0.193435,   0.659559,   46.3,   404.81,   1.88995,   0.08301578947,    -999999,   -999999,   -999999,   -999999,   -999999,   -999999,   -999999,   -999999,   -999999,   -999999,   -999999,   -999999,   -999999,   -999999,   -999999,   -999999,   -999999,   -999999,   -999999,   -999999,   -999999,   -999999,   -999999,   -999999,   -999999,   -999999,   -999999,   -999999,   -999999,   -999999,   -999999,   -999999,   -999999,   -999999,   -999999,   -999999,   -999999,   -999999,   -999999,   -999999,   -999999,   -999999,   -999999,   -999999,   -999999,   -999999,   -999999,   -999999,   -999999,   -999999,   -999999,     -999999  
60972,   317,          2300263.0,         23.000000,  10.78432155,   32.3759536,   267.7044066,   3.2574586,   678,   274.1499939,   306.3432604,   271,   53.26887628,   2.199458541,   259.3999581,   3.431,   154.8,   152.9738784,   129.4125264,   0.46,   -0.1,   91.62,   91.5,   0.16,   0.76,   0.26,   306.34,   257.1499939,   285.8499939,   840.6,   52.4,   37.64,   162.4,   70.5,   1.744,   1.786,   6.642,   6.714,   26.862,    -999999,  0.2747,   1.70508,   1.8694,    -999999,  29.496,   257.8719939,   3.431,   0.06172,   3.36928,   0.1935134,   0.587607,   46.54,   404.84,   1.89015,   0.08385,    -999999,   -999999,   -999999,   -999999,   -999999,   -999999,   -999999,   -999999,   -999999,   -999999,   -999999,   -999999,   -999999,   -999999,   -999999,   -999999,   -999999,   -999999,   -999999,   -999999,   -999999,   -999999,   -999999,   -999999,   -999999,   -999999,   -999999,   -999999,   -999999,   -999999,   -999999,   -999999,   -999999,   -999999,   -999999,   -999999,   -999999,   -999999,   -999999,   -999999,   -999999,   -999999,   -999999,   -999999,   -999999,   -999999,   -999999,   -999999,   -999999,   -999999,   -999999,     -999999  
60977,   317,          2300264.0,         23.000000,  10.78625977,   32.3757822,   267.7126466,   3.25831204,   678,   274.1099939,   306.2985632,   271,   53.25960342,   2.239334409,   262.0133512,   3.431,   154.54,   152.6137704,   129.0832848,   0.46,   0.18,   91.6,   91.5,   0.1,   0.88,   0.22,   306.3,   257.1499939,   285.6499939,   839.8,   52.4,   37.6,   162.4,   70.5,   1.744,   1.786,   6.62,   6.69,   26.968,    -999999,  0.275075,   1.707275,   1.8718,    -999999,  29.535,   257.8874939,   3.431,   0.05916,   3.37184,   0.1697392,   0.5336432,   48.62,   404.84,   1.88995,   0.07999473684,    -999999,   -999999,   -999999,   -999999,   -999999,   -999999,   -999999,   -999999,   -999999,   -999999,   -999999,   -999999,   -999999,   -999999,   -999999,   -999999,   -999999,   -999999,   -999999,   -999999,   -999999,   -999999,   -999999,   -999999,   -999999,   -999999,   -999999,   -999999,   -999999,   -999999,   -999999,   -999999,   -999999,   -999999,   -999999,   -999999,   -999999,   -999999,   -999999,   -999999,   -999999,   -999999,   -999999,   -999999,   -999999,   -999999,   -999999,   -999999,   -999999,   -999999,   -999999,     -999999  
60982,   317,          2300265.0,         23.000000,  10.78819338,   32.3756102,   267.7208174,   3.25910452,   677.8,   274.1499939,   306.3690843,   271,   53.25036454,   2.197957411,   264.1021895,   3.432,   154.26,   152.3153952,   128.815776,   0.46,   0.04,   91.54,   91.5,   0.1,   0.8,   0.2,   306.36,   257.1499939,   285.6499939,   838.6,   52.4,   37.6,   162.5,   70.66,   1.746,   1.786,   6.64,   6.712,   26.868,    -999999,  0.276,   1.712975,   1.877925,    -999999,  29.63,   257.9274939,   3.432,   0.05544,   3.37656,   0.1944712,   0.50966,   45.98,   404.83,   1.8903,   0.0827,    -999999,   -999999,   -999999,   -999999,   -999999,   -999999,   -999999,   -999999,   -999999,   -999999,   -999999,   -999999,   -999999,   -999999,   -999999,   -999999,   -999999,   -999999,   -999999,   -999999,   -999999,   -999999,   -999999,   -999999,   -999999,   -999999,   -999999,   -999999,   -999999,   -999999,   -999999,   -999999,   -999999,   -999999,   -999999,   -999999,   -999999,   -999999,   -999999,   -999999,   -999999,   -999999,   -999999,   -999999,   -999999,   -999999,   -999999,   -999999,   -999999,   -999999,   -999999,     -999999  
60987,   317,          2300266.0,         23.000000,  10.79012931,   32.3754386,   267.729023,   3.2574586,   678,   274.0699939,   306.253866,   271,   53.24112802,   2.239524406,   266.3911348,   3.432,   154.06,   152.0581752,   128.6305776,   0.46,   -0.08,   91.5,   91.48,   0.08,   0.8,   0.2,   306.3,   257.2099939,   285.5699939,   837,   52.4,   37.64,   162.5,   70.7,   1.75,   1.792,   6.618,   6.688,   27.048,    -999999,  0.27625,   1.714725,   1.87965,    -999999,  29.66,   257.9374939,   3.432,   0.06024,   3.37176,   0.1945048,   0.50966,   48.22,   404.8257143,   1.889988889,   0.0839,    -999999,   -999999,   -999999,   -999999,   -999999,   -999999,   -999999,   -999999,   -999999,   -999999,   -999999,   -999999,   -999999,   -999999,   -999999,   -999999,   -999999,   -999999,   -999999,   -999999,   -999999,   -999999,   -999999,   -999999,   -999999,   -999999,   -999999,   -999999,   -999999,   -999999,   -999999,   -999999,   -999999,   -999999,   -999999,   -999999,   -999999,   -999999,   -999999,   -999999,   -999999,   -999999,   -999999,   -999999,   -999999,   -999999,   -999999,   -999999,   -999999,   -999999,   -999999,     -999999  
60992,   317,          2300267.0,         23.000000,  10.79206293,   32.3752672,   267.737194,   3.25794628,   678,   274.1499939,   306.3432604,   271,   53.23191535,   2.099724939,   268.7999931,   3.4316,   153.86,   151.9347096,   128.5276896,   0.46,   0.06,   91.5,   91.5,   0,   0.82,   0.3,   306.28,   257.1899939,   285.5499939,   837,   52.4,   37.7,   162.5,   70.7,   1.748,   1.792,   6.62,   6.692,   27.032,    -999999,  0.27646,   1.7158,   1.88088,    -999999,  29.676,   257.9419939,   3.4316,   0.06556,   3.36604,   0.2425424,   0.50966,   46.86,   404.8014286,   1.889766667,   0.08258947368,    -999999,   -999999,   -999999,   -999999,   -999999,   -999999,   -999999,   -999999,   -999999,   -999999,   -999999,   -999999,   -999999,   -999999,   -999999,   -999999,   -999999,   -999999,   -999999,   -999999,   -999999,   -999999,   -999999,   -999999,   -999999,   -999999,   -999999,   -999999,   -999999,   -999999,   -999999,   -999999,   -999999,   -999999,   -999999,   -999999,   -999999,   -999999,   -999999,   -999999,   -999999,   -999999,   -999999,   -999999,   -999999,   -999999,   -999999,   -999999,   -999999,   -999999,   -999999,     -999999  
60997,   317,          2300268.0,         23.000000,  10.79399656,   32.3750952,   267.745365,   3.2586778,   678,   274.1499939,   306.3432604,   271,   53.22271498,   2.079587619,   268.6952869,   3.4326,   153.68,   151.7803776,   128.3733576,   0.46,   0.18,   91.5,   91.5,   0.02,   0.9,   0.34,   306.32,   257.2499939,   285.5499939,   836,   52.4,   37.74,   162.6,   70.7,   1.756,   1.798,   6.632,   6.704,   27.128,    -999999,  0.276575,   1.716725,   1.88175,    -999999,  29.6925,   257.9474939,   3.4326,   0.05172,   3.38088,   0.16563,   0.50966,   46.78,   404.8071429,   1.889672727,   0.089,    -999999,   -999999,   -999999,   -999999,   -999999,   -999999,   -999999,   -999999,   -999999,   -999999,   -999999,   -999999,   -999999,   -999999,   -999999,   -999999,   -999999,   -999999,   -999999,   -999999,   -999999,   -999999,   -999999,   -999999,   -999999,   -999999,   -999999,   -999999,   -999999,   -999999,   -999999,   -999999,   -999999,   -999999,   -999999,   -999999,   -999999,   -999999,   -999999,   -999999,   -999999,   -999999,   -999999,   -999999,   -999999,   -999999,   -999999,   -999999,   -999999,   -999999,   -999999,     -999999  
