inputs/ACTAMERICA_Merge/C130/ACTAMERICA-mrg05-c130_merge_20171106_R0.ict
145, 1001
Shook, Michael
NASA Atmospheric Composition Branch, NASA Langley Research Center (SSAI)
Merged data file for ACT-AMERICA Fall 2017, Flight 20 (20171106), on the c130 platform. Data is merged to 05 seconds.
NASA ACT-AMERICA Fall 2017
1, 1
2017, 11, 06, 2018, 07, 05
05
UTC,s
106
1, 1, 1, 1, 1, 1, 1, 1, 1, 1, 1, 1, 1, 1, 1, 1, 1, 1, 1, 1, 1, 1, 1, 1, 1, 1, 1, 1, 1, 1, 1, 1, 1, 1, 1, 1, 1, 1, 1, 1, 1, 1, 1, 1, 1, 1, 1, 1, 1, 1, 1, 1, 1, 1, 1, 1, 1, 1, 1, 1, 1, 1, 1, 1, 1, 1, 1, 1, 1, 1, 1, 1, 1, 1, 1, 1, 1, 1, 1, 1, 1, 1, 1, 1, 1, 1, 1, 1, 1, 1, 1, 1, 1, 1, 1, 1, 1, 1, 1, 1, 1, 1, 1, 1, 1, 1
-999999, -999999, -999999, -999999, -999999, -999999, -999999, -999999, -999999, -999999, -999999, -999999, -999999, -999999, -999999, -999999, -999999, -999999, -999999, -999999, -999999, -999999, -999999, -999999, -999999, -999999, -999999, -999999, -999999, -999999, -999999, -999999, -999999, -999999, -999999, -999999, -999999, -999999, -999999, -999999, -999999, -999999, -999999, -999999, -999999, -999999, -999999, -999999, -999999, -999999, -999999, -999999, -999999, -999999, -999999, -999999, -999999, -999999, -999999, -999999, -999999, -999999, -999999, -999999, -999999, -999999, -999999, -999999, -999999, -999999, -999999, -999999, -999999, -999999, -999999, -999999, -999999, -999999, -999999, -999999, -999999, -999999, -999999, -999999, -999999, -999999, -999999, -999999, -999999, -999999, -999999, -999999, -999999, -999999, -999999, -999999, -999999, -999999, -999999, -999999, -999999, -999999, -999999, -999999, -999999, -999999
JDAY, days
INDEX, none
FLIGHT, none
LOCAL_SUN_TIME, hour
LATITUDE, degs
LONGITUDE, degs
ALTP, km
PRESSURE, hPa
TEMPERATURE, K
THETA, K, calculated from ambient temperature and pressure
O3COLUMN, DU, OMI ozone column data extracted along flight track
SZA, deg
WNS, m s-1
WND, Degs
GPS_ALT, km
GRD_SPD, m s-1
TAS, m/s
IAS, m/s
MachNumber, mach
VerticalSpeed, m s-1
HDG, degs
TRK, degs
DriftAngle, degs
PITCH, degs
ROLL, degs
PotentialTemp_Nav, K
Dewpoint, K
TotalAirTemp, K
CabinPressure, hPa
SolarZenithAngle, degs
AircraftSunElevation, degs
SunAzimuth, degs
AircraftSunAzimuth, degs
H2O_MixingRatio_Nav, g kg-1
H2O_VaporPressure_Nav, hPa
H2O_SatVaporPressureWater_Nav, hPa
H2O_SatVaporPressureIce_Nav, hPa
H2O_RelativeHumidity_Nav, %
ManeuverFlag, none
H2O_VolMixingRatio_PICARRO, %
H2O_MassMixingRatio_PICARRO, g kg-1
H2O_VaporPressure_PICARRO, hPa
RHi_PICARRO, %
RHw_PICARRO, %
Dewpoint_PICARRO, K
GPS_ALT, km
GroundElevation-AMSL_GoogleMaps, km
Altitude-AGL_GoogleMaps, km
GroundHeight-AMSL_CPL, km
MLH-AMSL_CPL, km
O3_MixingRatio, ppbv
CO2_DryMoleFrac_PICARRO, ppm
CH4_DryMoleFrac_PICARRO, ppm
CO_DryMoleFrac_PICARRO, ppm
CO2_MoleFraction_PFP, ppm
CH4_MoleFraction_PFP, ppb
CO_MoleFraction_PFP, ppb
N2O_MoleFraction_PFP, ppb
SF6_CCGG_MoleFraction_PFP, ppt
H2_MoleFraction_PFP, ppb
CH4C13_PFP, permil
CO2C14_PFP, permil
F11B_MoleFraction_PFP, ppt
FC12_MoleFraction_PFP, ppt
F13_MoleFraction_PFP, ppt
F113_MoleFraction_PFP, ppt
F115_MoleFraction_PFP, ppt
HF133a_MoleFraction_PFP, ppt
F23_MoleFraction_PFP, ppt
F32_MoleFraction_PFP, ppt
F134A_MoleFraction_PFP, ppt
F152A_MoleFraction_PFP, ppt
F125_MoleFraction_PFP, ppt
F143a_MoleFraction_PFP, ppt
F227e_MoleFraction_PFP, ppt
F365m_MoleFraction_PFP, ppt
H1211_MoleFraction_PFP, ppt
H1301_MoleFraction_PFP, ppt
[...]
[from data line 2593]
78087,   310,          2002594.0,         20.000000,  15.54012907,   31.50043942,   267.7290194,   3.050804198,   696,   282.7699939,   313.6188176,   258,   69.60916179,   14.49955553,   253.9368241,   3.2128,   130.76,   144.8457264,   122.0663232,   0.43,   -0.06,   269.46,   271.18,   -1.74,   0.7,   1.14,   313.62,   269.3499939,   293.2699939,   862.4,   72.5,   16.36,   -122.5,   -31.78,   4.442,   4.658,   12.096,   13.292,   38.504,    -999999,  0.71375,   4.430175,   4.980525,    -999999,  43.3725,   270.3674939,   3.2128,   0.01498,   3.19782,   0.1257206,   1.40906,   35.04,   403.61,   1.87435,   0.08176315789,    -999999,   -999999,   -999999,   -999999,   -999999,   -999999,   -999999,   -999999,   -999999,   -999999,   -999999,   -999999,   -999999,   -999999,   -999999,   -999999,   -999999,   -999999,   -999999,   -999999,   -999999,   -999999,   -999999,   -999999,   -999999,   -999999,   -999999,   -999999,   -999999,   -999999,   -999999,   -999999,   -999999,   -999999,   -999999,   -999999,   -999999,   -999999,   -999999,   -999999,   -999999,   -999999,   -999999,   -999999,   -999999,   -999999,   -999999,   -999999,   -999999,   -999999,   -999999,     -999999  
78092,   310,          2002595.0,         20.000000,  15.5410598,   31.50056864,   267.722147,   3.053852198,   696,   282.7899939,   313.6409995,   258,   69.61900017,   14.51979309,   254.5804415,   3.2142,   130.58,   144.711972,   121.9325688,   0.43,   0.62,   269.64,   271.3,   -1.66,   0.9,   1.02,   313.68,   269.4499939,   293.2699939,   862.6,   72.5,   16.06,   -122.5,   -31.9,   4.484,   4.704,   12.114,   13.31,   38.828,    -999999,  0.699225,   4.3399,   4.87975,    -999999,  42.495,   270.0899939,   3.2142,   0.01328,   3.20092,   0.1280914,   1.40906,   33.76,   403.6185714,   1.8743,   0.08366470588,    -999999,   -999999,   -999999,   -999999,   -999999,   -999999,   -999999,   -999999,   -999999,   -999999,   -999999,   -999999,   -999999,   -999999,   -999999,   -999999,   -999999,   -999999,   -999999,   -999999,   -999999,   -999999,   -999999,   -999999,   -999999,   -999999,   -999999,   -999999,   -999999,   -999999,   -999999,   -999999,   -999999,   -999999,   -999999,   -999999,   -999999,   -999999,   -999999,   -999999,   -999999,   -999999,   -999999,   -999999,   -999999,   -999999,   -999999,   -999999,   -999999,   -999999,   -999999,     -999999  
78097,   310,          2002596.0,         20.000000,  15.54199146,   31.50070644,   267.7152886,   3.054217958,   696,   282.8499939,   313.7075452,   258,   69.62885437,   14.55986367,   254.9192307,   3.2176,   130.3,   144.4959072,   121.7267928,   0.43,   0.48,   269.7,   271.36,   -1.66,   0.84,   0.66,   313.7,   268.9099939,   293.2499939,   862.4,   72.5,   16.24,   -122.5,   -31.9,   4.312,   4.522,   12.122,   13.322,   37.304,    -999999,  0.6728571429,   4.176385714,   4.694542857,    -999999,  40.34714286,   269.5699939,   3.2176,   0.01316,   3.20444,   0.1302522,   1.40906,   31.44,   403.5714286,   1.8741,   0.08,   402.68,   1875.53,   81.06,   329.32,   9.58,   519.97,   -47.47,    -999999,  231.35,   512.25,   3.37,   70.83,   8.55,   0.52,   31.97,   15.37,   102.48,   7.43,   25.04,   21.61,   1.33,   1.07,   3.54,   3.29,   0.44,   2.11,   84.77,   5.46,   2.13,   7.21,   0.25,   0.88,    -999999,  552.75,   47.16,   10.04,   4.43,   60.46,   564.9,   87.62,   9.12,   5.25,   1.91,   3.11,   11.5,    -999999,  0.11,   0.17,   10.4,   0.83,   2.93,          245.73000  
78102,   310,          2002597.0,         20.000000,  15.5429238,   31.50084152,   267.7084403,   3.055376198,   695.6,   282.8499939,   313.7590762,   258,   69.63871516,   14.61995016,   255.5404927,   3.2186,   130.16,   144.4650408,   121.6753488,   0.43,   -0.16,   269.7,   271.3,   -1.6,   0.52,   0.54,   313.7,   268.6499939,   293.2499939,   862.4,   72.5,   16.58,   -122.5,   -31.9,   4.214,   4.424,   12.128,   13.328,   36.46,    -999999,  0.6565428571,   4.075042857,   4.579514286,    -999999,  39.34428571,   269.2385653,   3.2186,   0.01522,   3.20338,   0.1306536,   1.391072,   36.56,   403.495,   1.87415,   0.08185,   402.68,   1875.53,   81.06,   329.32,   9.58,   519.97,   -47.47,    -999999,  231.35,   512.25,   3.37,   70.83,   8.55,   0.52,   31.97,   15.37,   102.48,   7.43,   25.04,   21.61,   1.33,   1.07,   3.54,   3.29,   0.44,   2.11,   84.77,   5.46,   2.13,   7.21,   0.25,   0.88,    -999999,  552.75,   47.16,   10.04,   4.43,   60.46,   564.9,   87.62,   9.12,   5.25,   1.91,   3.11,   11.5,    -999999,  0.11,   0.17,   10.4,   0.83,   2.93,          245.73000  
78107,   310,          2002598.0,         20.000000,  15.54385611,   31.50096672,   267.7015916,   3.054949478,   695.8,   282.7899939,   313.6667548,   258,   69.64857124,   14.69935187,   256.3199996,   3.2172,   130.28,   144.6811056,   121.8914136,   0.43,   -0.46,   269.64,   271.14,   -1.52,   0.44,   0.48,   313.7,   268.0299939,   293.2899939,   863,   72.5,   16.74,   -122.5,   -31.86,   4.032,   4.23,   12.134,   13.336,   34.844,    -999999,  0.6443,   3.999225,   4.494125,    -999999,  38.6125,   268.9924939,   3.2172,   0.03584,   3.18136,   0.1525796,   1.37908,   36.32,   403.43,   1.87395,   0.07775,   402.68,   1875.53,   81.06,   329.32,   9.58,   519.97,   -47.47,    -999999,  231.35,   512.25,   3.37,   70.83,   8.55,   0.52,   31.97,   15.37,   102.48,   7.43,   25.04,   21.61,   1.33,   1.07,   3.54,   3.29,   0.44,   2.11,   84.77,   5.46,   2.13,   7.21,   0.25,   0.88,    -999999,  552.75,   47.16,   10.04,   4.43,   60.46,   564.9,   87.62,   9.12,   5.25,   1.91,   3.11,   11.5,    -999999,  0.11,   0.17,   10.4,   0.83,   2.93,          245.73000  
78112,   310,          2002599.0,         20.000000,  15.54478807,   31.50107944,   267.6947377,   3.053120678,   696,   282.8499939,   313.7075452,   258,   69.65841762,   14.69989775,   256.8795921,   3.2152,   130.34,   144.7737048,   121.973724,   0.43,   -0.04,   269.62,   271.1,   -1.44,   0.54,   0.78,   313.7,   268.0699939,   293.3499939,   861.8,   72.5,   16.56,   -122.42,   -31.9,   4.03,   4.228,   12.17,   13.384,   34.744,    -999999,  0.652025,   4.047075,   4.548875,    -999999,  39.48,   269.1499939,   3.2152,   0.0485,   3.1667,   0.1575806,   1.37908,   35.72,   403.4233333,   1.874,   0.0813,   402.68,   1875.53,   81.06,   329.32,   9.58,   519.97,   -47.47,    -999999,  231.35,   512.25,   3.37,   70.83,   8.55,   0.52,   31.97,   15.37,   102.48,   7.43,   25.04,   21.61,   1.33,   1.07,   3.54,   3.29,   0.44,   2.11,   84.77,   5.46,   2.13,   7.21,   0.25,   0.88,    -999999,  552.75,   47.16,   10.04,   4.43,   60.46,   564.9,   87.62,   9.12,   5.25,   1.91,   3.11,   11.5,    -999999,  0.11,   0.17,   10.4,   0.83,   2.93,          245.73000  
78117,   310,          2002600.0,         20.000000,  15.54571991,   31.50119014,   267.687882,   3.052328198,   696,   282.8499939,   313.7075452,   258,   69.66826275,   14.61987185,   257.1203832,   3.2162,   130.34,   144.6708168,   121.8811248,   0.43,   0.46,   269.66,   271.12,   -1.4,   0.62,   1.1,   313.74,   268.1899939,   293.3499939,   862.6,   72.56,   16.28,   -122.4,   -31.94,   4.078,   4.278,   12.184,   13.398,   35.122,    -999999,  0.6656,   4.131371429,   4.643957143,    -999999,  40.09571429,   269.4271368,   3.2162,   0.03186,   3.18434,   0.1593378,   1.367088,   35.22,   403.4322222,   1.873988889,   0.08225,    -999999,   -999999,   -999999,   -999999,   -999999,   -999999,   -999999,   -999999,   -999999,   -999999,   -999999,   -999999,   -999999,   -999999,   -999999,   -999999,   -999999,   -999999,   -999999,   -999999,   -999999,   -999999,   -999999,   -999999,   -999999,   -999999,   -999999,   -999999,   -999999,   -999999,   -999999,   -999999,   -999999,   -999999,   -999999,   -999999,   -999999,   -999999,   -999999,   -999999,   -999999,   -999999,   -999999,   -999999,   -999999,   -999999,   -999999,   -999999,   -999999,   -999999,   -999999,     -999999  
78122,   310,          2002601.0,         20.000000,  15.54665191,   31.50130856,   267.6810287,   3.056046758,   695.4,   282.8699939,   313.8070433,   258,   69.67811515,   14.4599417,   256.759889,   3.2178,   130.3,   144.5164848,   121.7473704,   0.43,   0.16,   269.74,   271.2,   -1.44,   0.6,   0.98,   313.72,   268.5299939,   293.2699939,   862.6,   72.6,   16.28,   -122.4,   -32,   4.18,   4.382,   12.136,   13.34,   36.12,    -999999,  0.6698,   4.157428571,   4.672528571,    -999999,  40.14428571,   269.5099939,   3.2178,   0.03164,   3.18616,   0.1604088,   1.3491,   34.82,   403.4714286,   1.874018182,   0.07895,    -999999,   -999999,   -999999,   -999999,   -999999,   -999999,   -999999,   -999999,   -999999,   -999999,   -999999,   -999999,   -999999,   -999999,   -999999,   -999999,   -999999,   -999999,   -999999,   -999999,   -999999,   -999999,   -999999,   -999999,   -999999,   -999999,   -999999,   -999999,   -999999,   -999999,   -999999,   -999999,   -999999,   -999999,   -999999,   -999999,   -999999,   -999999,   -999999,   -999999,   -999999,   -999999,   -999999,   -999999,   -999999,   -999999,   -999999,   -999999,   -999999,   -999999,   -999999,     -999999  
78127,   310,          2002602.0,         20.000000,  15.54758398,   31.50143174,   267.6741763,   3.056473478,   695.4,   282.8099939,   313.7404812,   258,   69.68797201,   14.49879358,   257.4599864,   3.2168,   130.28,   144.5679288,   121.7782368,   0.43,   -0.66,   269.82,   271.2,   -1.38,   0.4,   0.78,   313.68,   268.5699939,   293.2499939,   862.8,   72.6,   16.52,   -122.4,   -32,   4.192,   4.396,   12.114,   13.312,   36.304,    -999999,  0.66785,   4.145275,   4.65825,    -999999,  40.02,   269.4699939,   3.2168,   0.03412,   3.18268,   0.13466,   1.3491,   32.34,   403.46,   1.874041667,   0.08005294118,    -999999,   -999999,   -999999,   -999999,   -999999,   -999999,   -999999,   -999999,   -999999,   -999999,   -999999,   -999999,   -999999,   -999999,   -999999,   -999999,   -999999,   -999999,   -999999,   -999999,   -999999,   -999999,   -999999,   -999999,   -999999,   -999999,   -999999,   -999999,   -999999,   -999999,   -999999,   -999999,   -999999,   -999999,   -999999,   -999999,   -999999,   -999999,   -999999,   -999999,   -999999,   -999999,   -999999,   -999999,   -999999,   -999999,   -999999,   -999999,   -999999,   -999999,   -999999,     -999999  
78132,   310,          2002603.0,         20.000000,  15.54851574,   31.50155334,   267.6673194,   3.051901478,   696,   282.7899939,   313.6409995,   258,   69.69782587,   14.7798245,   259.561029,   3.2134,   130.44,   145.020636,   122.2103664,   0.43,   -0.58,   270,   271.16,   -1.18,   0.52,   0.86,   313.62,   268.3699939,   293.2899939,   863.2,   72.6,   16.5,   -122.4,   -32.2,   4.132,   4.334,   12.092,   13.284,   35.842,    -999999,  0.617,   3.8297,   4.304475,    -999999,  36.9825,   268.3874939,   3.2134,   0.02144,   3.19196,   0.1554122,   1.343104,   36.18,   403.44,   1.8741,   0.08204736842,    -999999,   -999999,   -999999,   -999999,   -999999,   -999999,   -999999,   -999999,   -999999,   -999999,   -999999,   -999999,   -999999,   -999999,   -999999,   -999999,   -999999,   -999999,   -999999,   -999999,   -999999,   -999999,   -999999,   -999999,   -999999,   -999999,   -999999,   -999999,   -999999,   -999999,   -999999,   -999999,   -999999,   -999999,   -999999,   -999999,   -999999,   -999999,   -999999,   -999999,   -999999,   -999999,   -999999,   -999999,   -999999,   -999999,   -999999,   -999999,   -999999,   -999999,   -999999,     -999999  
78137,   310,          2002604.0,         20.000000,  15.5494475,   31.5016757,   267.6604625,   3.050377478,   696,   282.6899939,   313.53009,   258,   69.7076814,   14.39976485,   259.8561126,   3.2128,   130.3,   144.5885064,   121.8502584,   0.43,   0.54,   270.08,   271.2,   -1.14,   0.88,   0.96,   313.5,   265.4499939,   293.1499939,   863,   72.6,   16.14,   -122.4,   -32.24,   3.318,   3.484,   12.032,   13.208,   28.934,    -999999,  0.50635,   3.142875,   3.533525,    -999999,  30.3575,   265.7349939,   3.2128,   0.02712,   3.18568,   0.1568258,   1.295136,   36.18,   403.1742857,   1.8735,   0.08001,    -999999,   -999999,   -999999,   -999999,   -999999,   -999999,   -999999,   -999999,   -999999,   -999999,   -999999,   -999999,   -999999,   -999999,   -999999,   -999999,   -999999,   -999999,   -999999,   -999999,   -999999,   -999999,   -999999,   -999999,   -999999,   -999999,   -999999,   -999999,   -999999,   -999999,   -999999,   -999999,   -999999,   -999999,   -999999,   -999999,   -999999,   -999999,   -999999,   -999999,   -999999,   -999999,   -999999,   -999999,   -999999,   -999999,   -999999,   -999999,   -999999,   -999999,   -999999,     -999999  
78142,   310,          2002605.0,         20.000000,  15.55038001,   31.50180198,   267.6536168,   3.053486438,   695.8,   282.7299939,   313.6002036,   258,   69.71754809,   15.03928053,   259.5565187,   3.217,   129.98,   144.8251488,   122.0354568,   0.43,   1.08,   270.02,   271.24,   -1.2,   0.94,   0.78,   313.56,   264.2899939,   293.2099939,   862.2,   72.6,   16.08,   -122.4,   -32.22,   3.028,   3.18,   12.05,   13.234,   26.368,    -999999,  0.6712,   4.166,   4.68335,    -999999,  40.4725,   269.5399939,   3.217,   0.04248,   3.17452,   0.160922,   1.25916,   32.98,   403.475,   1.8741,   0.08254210526,    -999999,   -999999,   -999999,   -999999,   -999999,   -999999,   -999999,   -999999,   -999999,   -999999,   -999999,   -999999,   -999999,   -999999,   -999999,   -999999,   -999999,   -999999,   -999999,   -999999,   -999999,   -999999,   -999999,   -999999,   -999999,   -999999,   -999999,   -999999,   -999999,   -999999,   -999999,   -999999,   -999999,   -999999,   -999999,   -999999,   -999999,   -999999,   -999999,   -999999,   -999999,   -999999,   -999999,   -999999,   -999999,   -999999,   -999999,   -999999,   -999999,   -999999,   -999999,     -999999  
78147,   310,          2002606.0,         20.000000,  15.55131337,   31.50192746,   267.6467839,   3.058789958,   695.2,   282.7899939,   313.7440777,   258,   69.72742444,   14.61977708,   260.1994528,   3.2212,   129.96,   144.403308,   121.6239048,   0.43,   0.22,   270.1,   271.18,   -1.14,   0.36,   0.7,   313.68,   269.1699939,   293.1899939,   863.2,   72.6,   16.48,   -122.4,   -32.26,   4.416,   4.628,   12.084,   13.276,   38.316,    -999999,  0.67545,   4.1925,   4.7107,    -999999,  41.02,   269.6199939,   3.2212,   0.0494,   3.1718,   0.1629728,   1.25916,   34.86,   403.49,   1.8743,   0.07948,    -999999,   -999999,   -999999,   -999999,   -999999,   -999999,   -999999,   -999999,   -999999,   -999999,   -999999,   -999999,   -999999,   -999999,   -999999,   -999999,   -999999,   -999999,   -999999,   -999999,   -999999,   -999999,   -999999,   -999999,   -999999,   -999999,   -999999,   -999999,   -999999,   -999999,   -999999,   -999999,   -999999,   -999999,   -999999,   -999999,   -999999,   -999999,   -999999,   -999999,   -999999,   -999999,   -999999,   -999999,   -999999,   -999999,   -999999,   -999999,   -999999,   -999999,   -999999,     -999999  
