inputs/ACTAMERICA_Merge/C130/ACTAMERICA-mrg05-c130_merge_20171021_R0.ict
145, 1001
Shook, Michael
NASA Atmospheric Composition Branch, NASA Langley Research Center (SSAI)
Merged data file for ACT-AMERICA Fall 2017, Flight 11 (20171021), on the c130 platform. Data is merged to 05 seconds.
NASA ACT-AMERICA Fall 2017
1, 1
2017, 10, 21, 2018, 07, 05
05
UTC,s
106
1, 1, 1, 1, 1, 1, 1, 1, 1, 1, 1, 1, 1, 1, 1, 1, 1, 1, 1, 1, 1, 1, 1, 1, 1, 1, 1, 1, 1, 1, 1, 1, 1, 1, 1, 1, 1, 1, 1, 1, 1, 1, 1, 1, 1, 1, 1, 1, 1, 1, 1, 1, 1, 1, 1, 1, 1, 1, 1, 1, 1, 1, 1, 1, 1, 1, 1, 1, 1, 1, 1, 1, 1, 1, 1, 1, 1, 1, 1, 1, 1, 1, 1, 1, 1, 1, 1, 1, 1, 1, 1, 1, 1, 1, 1, 1, 1, 1, 1, 1, 1, 1, 1, 1, 1, 1
-999999, -999999, -999999, -999999, -999999, -999999, -999999, -999999, -999999, -999999, -999999, -999999, -999999, -999999, -999999, -999999, -999999, -999999, -999999, -999999, -999999, -999999, -999999, -999999, -999999, -999999, -999999, -999999, -999999, -999999, -999999, -999999, -999999, -999999, -999999, -999999, -999999, -999999, -999999, -999999, -999999, -999999, -999999, -999999, -999999, -999999, -999999, -999999, -999999, -999999, -999999, -999999, -999999, -999999, -999999, -999999, -999999, -999999, -999999, -999999, -999999, -999999, -999999, -999999, -999999, -999999, -999999, -999999, -999999, -999999, -999999, -999999, -999999, -999999, -999999, -999999, -999999, -999999, -999999, -999999, -999999, -999999, -999999, -999999, -999999, -999999, -999999, -999999, -999999, -999999, -999999, -999999, -999999, -999999, -999999, -999999, -999999, -999999, -999999, -999999, -999999, -999999, -999999, -999999, -999999, -999999
JDAY, days
INDEX, none
FLIGHT, none
LOCAL_SUN_TIME, hour
LATITUDE, degs
LONGITUDE, degs
ALTP, km
PRESSURE, hPa
TEMPERATURE, K
THETA, K, calculated from ambient temperature and pressure
O3COLUMN, DU, OMI ozone column data extracted along flight track
SZA, deg
WNS, m s-1
WND, Degs
GPS_ALT, km
GRD_SPD, m s-1
TAS, m/s
IAS, m/s
MachNumber, mach
VerticalSpeed, m s-1
HDG, degs
TRK, degs
DriftAngle, degs
PITCH, degs
ROLL, degs
PotentialTemp_Nav, K
Dewpoint, K
TotalAirTemp, K
CabinPressure, hPa
SolarZenithAngle, degs
AircraftSunElevation, degs
SunAzimuth, degs
AircraftSunAzimuth, degs
H2O_MixingRatio_Nav, g kg-1
H2O_VaporPressure_Nav, hPa
H2O_SatVaporPressureWater_Nav, hPa
H2O_SatVaporPressureIce_Nav, hPa
H2O_RelativeHumidity_Nav, %
ManeuverFlag, none
H2O_VolMixingRatio_PICARRO, %
H2O_MassMixingRatio_PICARRO, g kg-1
H2O_VaporPressure_PICARRO, hPa
RHi_PICARRO, %
RHw_PICARRO, %
Dewpoint_PICARRO, K
GPS_ALT, km
GroundElevation-AMSL_GoogleMaps, km
Altitude-AGL_GoogleMaps, km
GroundHeight-AMSL_CPL, km
MLH-AMSL_CPL, km
O3_MixingRatio, ppbv
CO2_DryMoleFrac_PICARRO, ppm
CH4_DryMoleFrac_PICARRO, ppm
CO_DryMoleFrac_PICARRO, ppm
CO2_MoleFraction_PFP, ppm
CH4_MoleFraction_PFP, ppb
CO_MoleFraction_PFP, ppb
N2O_MoleFraction_PFP, ppb
SF6_CCGG_MoleFraction_PFP, ppt
H2_MoleFraction_PFP, ppb
CH4C13_PFP, permil
CO2C14_PFP, permil
F11B_MoleFraction_PFP, ppt
FC12_MoleFraction_PFP, ppt
F13_MoleFraction_PFP, ppt
F113_MoleFraction_PFP, ppt
F115_MoleFraction_PFP, ppt
HF133a_MoleFraction_PFP, ppt
F23_MoleFraction_PFP, ppt
F32_MoleFraction_PFP, ppt
F134A_MoleFraction_PFP, ppt
F152A_MoleFraction_PFP, ppt
F125_MoleFraction_PFP, ppt
F143a_MoleFraction_PFP, ppt
F227e_MoleFraction_PFP, ppt
F365m_MoleFraction_PFP, ppt
H1211_MoleFraction_PFP, ppt
H1301_MoleFraction_PFP, ppt
[...]
[from data line 1360]
64472,   294,          1101361.0,         11.000000,  11.42333388,   40.67177958,   262.7062581,   6.088623915,   465.2,   255.7899939,   318.3051313,   172.2740021,   51.97536939,   26.73976257,   212.8590131,   6.2124,   131.12,   145.2161232,   105.9129072,   0.45,   -9.34,   267.18,   276.9,   -9.76,   -1.32,   -0.3,   318.26,   243.0899939,   266.2699939,   846.8,   51.8,   38.96,   173.7,   -94.06,   0.732,   0.512,   1.59,   1.348,   32.246,    -999999,  0.109125,   0.677325,   0.505975,   40.5075,   33.9875,   243.0824939,   6.2124,   0.47366,   5.73874,   0.6506812,   1.61892,   54.22,   404.204,   1.897707692,   0.092,    -999999,   -999999,   -999999,   -999999,   -999999,   -999999,   -999999,   -999999,   -999999,   -999999,   -999999,   -999999,   -999999,   -999999,   -999999,   -999999,   -999999,   -999999,   -999999,   -999999,   -999999,   -999999,   -999999,   -999999,   -999999,   -999999,   -999999,   -999999,   -999999,   -999999,   -999999,   -999999,   -999999,   -999999,   -999999,   -999999,   -999999,   -999999,   -999999,   -999999,   -999999,   -999999,   -999999,   -999999,   -999999,   -999999,   -999999,   -999999,   -999999,   -999999,   -999999,     -999999  
64477,   294,          1101362.0,         11.000000,  11.42421028,   40.67249148,   262.6985708,   6.043940235,   468.2,   256.1499939,   318.1682275,   172.2740021,   51.97419946,   27.01935735,   213.2998536,   6.1664,   131.04,   145.4116104,   106.3141704,   0.45,   -9.28,   267.18,   277,   -9.82,   -1.42,   0,   318.12,   243.2299939,   266.6699939,   848.2,   51.8,   38.4,   173.7,   -94.08,   0.736,   0.52,   1.64,   1.39,   31.754,    -999999,  0.1047666667,   0.6501555556,   0.4882555556,   38.51777778,   32.36555556,   242.6999939,   6.1664,   0.4745,   5.6919,   0.6408732,   1.612924,   55.34,   404.21,   1.8977,   0.08859230769,    -999999,   -999999,   -999999,   -999999,   -999999,   -999999,   -999999,   -999999,   -999999,   -999999,   -999999,   -999999,   -999999,   -999999,   -999999,   -999999,   -999999,   -999999,   -999999,   -999999,   -999999,   -999999,   -999999,   -999999,   -999999,   -999999,   -999999,   -999999,   -999999,   -999999,   -999999,   -999999,   -999999,   -999999,   -999999,   -999999,   -999999,   -999999,   -999999,   -999999,   -999999,   -999999,   -999999,   -999999,   -999999,   -999999,   -999999,   -999999,   -999999,   -999999,   -999999,     -999999  
64482,   294,          1101363.0,         11.000000,  11.42508727,   40.67321388,   262.6908924,   6.002304554,   471,   256.5299939,   318.0978641,   172.2740021,   51.97304144,   27.61994896,   212.8004346,   6.1196,   130.98,   145.4630544,   106.5611016,   0.45,   -9.4,   267,   277.1,   -10.08,   -1.58,   -0.44,   318.08,   242.7699939,   267.0699939,   849,   51.8,   38.72,   173.7,   -94.12,   0.7,   0.498,   1.696,   1.442,   29.442,    -999999,  0.09536666667,   0.5920555556,   0.4478222222,   34.30666667,   28.91222222,   241.791105,   6.1196,   0.47014,   5.64946,   0.632596,   1.58894,   55.04,   404.184,   1.8975125,   0.09434444444,    -999999,   -999999,   -999999,   -999999,   -999999,   -999999,   -999999,   -999999,   -999999,   -999999,   -999999,   -999999,   -999999,   -999999,   -999999,   -999999,   -999999,   -999999,   -999999,   -999999,   -999999,   -999999,   -999999,   -999999,   -999999,   -999999,   -999999,   -999999,   -999999,   -999999,   -999999,   -999999,   -999999,   -999999,   -999999,   -999999,   -999999,   -999999,   -999999,   -999999,   -999999,   -999999,   -999999,   -999999,   -999999,   -999999,   -999999,   -999999,   -999999,   -999999,   -999999,     -999999  
64487,   294,          1101364.0,         11.000000,  11.42596401,   40.6739358,   262.6832101,   5.952500234,   474.2,   256.9699939,   318.0276153,   172.2740021,   51.97188633,   28.29982048,   212.4197881,   6.0726,   130.94,   145.7202744,   107.0343864,   0.45,   -9.46,   266.66,   277,   -10.32,   -1.72,   -0.56,   317.98,   241.8099939,   267.5099939,   849.6,   51.8,   38.96,   173.7,   -93.88,   0.636,   0.456,   1.752,   1.5,   25.992,    -999999,  0.0905,   0.5618333333,   0.4277333333,   31.30666667,   26.51,   241.3133272,   6.0726,   0.4725,   5.6001,   0.6236158,   1.570952,   56.12,   404.19,   1.8976,   0.09125,    -999999,   -999999,   -999999,   -999999,   -999999,   -999999,   -999999,   -999999,   -999999,   -999999,   -999999,   -999999,   -999999,   -999999,   -999999,   -999999,   -999999,   -999999,   -999999,   -999999,   -999999,   -999999,   -999999,   -999999,   -999999,   -999999,   -999999,   -999999,   -999999,   -999999,   -999999,   -999999,   -999999,   -999999,   -999999,   -999999,   -999999,   -999999,   -999999,   -999999,   -999999,   -999999,   -999999,   -999999,   -999999,   -999999,   -999999,   -999999,   -999999,   -999999,   -999999,     -999999  
64492,   294,          1101365.0,         11.000000,  11.42684103,   40.67465044,   262.6755322,   5.909157673,   476.8,   257.3099939,   317.9512876,   172.2740021,   51.97072631,   28.97953766,   211.7776379,   6.0252,   131,   145.946628,   107.4253608,   0.45,   -9.52,   266.34,   276.96,   -10.6,   -1.82,   -0.28,   317.86,   240.5299939,   267.9099939,   851.2,   51.8,   38.72,   173.7,   -93.6,   0.56,   0.4,   1.804,   1.546,   22.346,    -999999,  0.0808,   0.50135,   0.383825,   26.9875,   22.9525,   240.1924939,   6.0252,   0.46822,   5.55698,   0.6139142,   1.55896,   56.9,   404.14,   1.8969,   0.0888,    -999999,   -999999,   -999999,   -999999,   -999999,   -999999,   -999999,   -999999,   -999999,   -999999,   -999999,   -999999,   -999999,   -999999,   -999999,   -999999,   -999999,   -999999,   -999999,   -999999,   -999999,   -999999,   -999999,   -999999,   -999999,   -999999,   -999999,   -999999,   -999999,   -999999,   -999999,   -999999,   -999999,   -999999,   -999999,   -999999,   -999999,   -999999,   -999999,   -999999,   -999999,   -999999,   -999999,   -999999,   -999999,   -999999,   -999999,   -999999,   -999999,   -999999,   -999999,     -999999  
64497,   294,          1101366.0,         11.000000,  11.42771752,   40.67535928,   262.6678462,   5.862767112,   480.2,   257.6899939,   317.7750535,   172.2740021,   51.96956459,   28.51993703,   211.7397618,   5.9774,   131.04,   145.7099856,   107.5282488,   0.45,   -9.62,   266.4,   276.86,   -10.42,   -1.84,   -0.38,   317.74,   239.2499939,   268.2499939,   852,   51.8,   38.78,   173.7,   -93.64,   0.49,   0.354,   1.858,   1.602,   19.096,    -999999,  0.08163333333,   0.5067,   0.3897222222,   26.74,   22.79666667,   240.3499939,   5.9774,   0.47042,   5.50698,   0.608642,   1.55896,   54.3,   404.165,   1.897627273,   0.08535333333,    -999999,   -999999,   -999999,   -999999,   -999999,   -999999,   -999999,   -999999,   -999999,   -999999,   -999999,   -999999,   -999999,   -999999,   -999999,   -999999,   -999999,   -999999,   -999999,   -999999,   -999999,   -999999,   -999999,   -999999,   -999999,   -999999,   -999999,   -999999,   -999999,   -999999,   -999999,   -999999,   -999999,   -999999,   -999999,   -999999,   -999999,   -999999,   -999999,   -999999,   -999999,   -999999,   -999999,   -999999,   -999999,   -999999,   -999999,   -999999,   -999999,   -999999,   -999999,     -999999  
64502,   294,          1101367.0,         11.000000,  11.42859379,   40.67606204,   262.6601569,   5.817900552,   483,   258.0499939,   317.6908283,   172.2740021,   51.96840022,   28.11992102,   212.1398295,   5.9288,   131.12,   145.6996968,   107.7546024,   0.45,   -9.7,   266.6,   276.86,   -10.28,   -1.9,   0.14,   317.62,   238.2699939,   268.5899939,   853.6,   51.8,   38.42,   173.8,   -93.72,   0.444,   0.324,   1.918,   1.656,   16.874,    -999999,  0.08298888889,   0.515,   0.3991333333,   26.36555556,   22.56777778,   240.5944383,   5.9288,   0.47242,   5.45638,   0.6215884,   1.55896,   56.46,   404.17,   1.898071429,   0.0894,    -999999,   -999999,   -999999,   -999999,   -999999,   -999999,   -999999,   -999999,   -999999,   -999999,   -999999,   -999999,   -999999,   -999999,   -999999,   -999999,   -999999,   -999999,   -999999,   -999999,   -999999,   -999999,   -999999,   -999999,   -999999,   -999999,   -999999,   -999999,   -999999,   -999999,   -999999,   -999999,   -999999,   -999999,   -999999,   -999999,   -999999,   -999999,   -999999,   -999999,   -999999,   -999999,   -999999,   -999999,   -999999,   -999999,   -999999,   -999999,   -999999,   -999999,   -999999,     -999999  
64507,   294,          1101368.0,         11.000000,  11.42946965,   40.67677612,   262.6524614,   5.773094951,   485.8,   258.3899939,   317.5844751,   172.2740021,   51.96725067,   28.09991464,   212.3002847,   5.8806,   131.2,   145.7820072,   108.0735552,   0.45,   -9.46,   266.78,   277.04,   -10.26,   -1.9,   -0.02,   317.5,   238.1099939,   268.9499939,   854.4,   51.8,   38.28,   173.8,   -93.92,   0.432,   0.32,   1.97,   1.708,   16.112,    -999999,  0.08347,   0.51808,   0.40448,   25.836,   22.193,   240.7339939,   5.8806,   0.47236,   5.40824,   0.6114244,   1.55896,   53.7,   404.215,   1.898507692,   0.0922,    -999999,   -999999,   -999999,   -999999,   -999999,   -999999,   -999999,   -999999,   -999999,   -999999,   -999999,   -999999,   -999999,   -999999,   -999999,   -999999,   -999999,   -999999,   -999999,   -999999,   -999999,   -999999,   -999999,   -999999,   -999999,   -999999,   -999999,   -999999,   -999999,   -999999,   -999999,   -999999,   -999999,   -999999,   -999999,   -999999,   -999999,   -999999,   -999999,   -999999,   -999999,   -999999,   -999999,   -999999,   -999999,   -999999,   -999999,   -999999,   -999999,   -999999,   -999999,     -999999  
64512,   294,          1101369.0,         11.000000,  11.4303456,   40.6774985,   262.6447673,   5.726582471,   489,   258.7699939,   317.4554716,   172.2740021,   51.96611196,   28.11989022,   212.2194883,   5.8332,   131.2,   145.7717184,   108.3101976,   0.45,   -9.58,   266.74,   277,   -10.26,   -2.08,   -0.4,   317.38,   238.6699939,   269.3499939,   855.6,   51.8,   38.72,   173.8,   -94.08,   0.454,   0.338,   2.032,   1.77,   16.554,    -999999,  0.0836,   0.518825,   0.407625,   25.0325,   21.595,   240.8149939,   5.8332,   0.4751,   5.3581,   0.6263172,   1.55896,   52.94,   404.2,   1.89825,   0.0895,    -999999,   -999999,   -999999,   -999999,   -999999,   -999999,   -999999,   -999999,   -999999,   -999999,   -999999,   -999999,   -999999,   -999999,   -999999,   -999999,   -999999,   -999999,   -999999,   -999999,   -999999,   -999999,   -999999,   -999999,   -999999,   -999999,   -999999,   -999999,   -999999,   -999999,   -999999,   -999999,   -999999,   -999999,   -999999,   -999999,   -999999,   -999999,   -999999,   -999999,   -999999,   -999999,   -999999,   -999999,   -999999,   -999999,   -999999,   -999999,   -999999,   -999999,   -999999,     -999999  
64517,   294,          1101370.0,         11.000000,  11.43122151,   40.6782142,   262.6370726,   5.67622951,   492.6,   259.1099939,   317.2071067,   172.2740021,   51.96496959,   28.23979301,   212.600566,   5.7828,   131.3,   146.1626928,   108.8966592,   0.45,   -10.72,   266.66,   276.9,   -10.26,   -2.54,   -0.54,   317.2,   239.8499939,   269.7099939,   856.4,   51.8,   38.92,   173.8,   -94.36,   0.506,   0.38,   2.092,   1.828,   18.002,    -999999,  0.085825,   0.53275,   0.42085,   25.225,   21.8125,   241.1474939,   5.7828,   0.47576,   5.30704,   0.6178984,   1.58894,   53.94,   404.22,   1.8984,   0.08966,    -999999,   -999999,   -999999,   -999999,   -999999,   -999999,   -999999,   -999999,   -999999,   -999999,   -999999,   -999999,   -999999,   -999999,   -999999,   -999999,   -999999,   -999999,   -999999,   -999999,   -999999,   -999999,   -999999,   -999999,   -999999,   -999999,   -999999,   -999999,   -999999,   -999999,   -999999,   -999999,   -999999,   -999999,   -999999,   -999999,   -999999,   -999999,   -999999,   -999999,   -999999,   -999999,   -999999,   -999999,   -999999,   -999999,   -999999,   -999999,   -999999,   -999999,   -999999,     -999999  
64522,   294,          1101371.0,         11.000000,  11.43209609,   40.67891878,   262.629358,   5.62520599,   495.8,   259.5299939,   317.1340251,   172.2740021,   51.96382194,   28.07995954,   212.9807693,   5.728,   131.68,   146.6359776,   109.524276,   0.45,   -11.08,   266.68,   276.8,   -10.12,   -2.56,   -0.1,   317.1,   241.0699939,   270.2899939,   858.6,   51.8,   38.56,   173.8,   -94.4,   0.568,   0.424,   2.172,   1.904,   19.534,    -999999,  0.08858888889,   0.5497777778,   0.4371666667,   25.29111111,   21.95777778,   241.5433272,   5.728,   0.47544,   5.25256,   0.6127812,   1.58894,   55.74,   404.23,   1.898607692,   0.09210952381,    -999999,   -999999,   -999999,   -999999,   -999999,   -999999,   -999999,   -999999,   -999999,   -999999,   -999999,   -999999,   -999999,   -999999,   -999999,   -999999,   -999999,   -999999,   -999999,   -999999,   -999999,   -999999,   -999999,   -999999,   -999999,   -999999,   -999999,   -999999,   -999999,   -999999,   -999999,   -999999,   -999999,   -999999,   -999999,   -999999,   -999999,   -999999,   -999999,   -999999,   -999999,   -999999,   -999999,   -999999,   -999999,   -999999,   -999999,   -999999,   -999999,   -999999,   -999999,     -999999  
64527,   294,          1101372.0,         11.000000,  11.4329689,   40.67962428,   262.6216169,   5.572902309,   499.4,   259.9499939,   316.9913241,   172.2740021,   51.96268174,   27.07993368,   212.7002216,   5.673,   132.08,   146.2861584,   109.5551424,   0.45,   -10.88,   267.08,   276.88,   -9.78,   -2.46,   0.16,   316.96,   241.9299939,   270.6299939,   859.6,   51.8,   38.2,   173.8,   -94.52,   0.612,   0.462,   2.24,   1.972,   20.574,    -999999,  0.08982,   0.5576,   0.44673,   24.651,   21.507,   241.7689939,   5.673,   0.47654,   5.19646,   0.6133062,   1.58894,   52.9,   404.26,   1.899123077,   0.0958,    -999999,   -999999,   -999999,   -999999,   -999999,   -999999,   -999999,   -999999,   -999999,   -999999,   -999999,   -999999,   -999999,   -999999,   -999999,   -999999,   -999999,   -999999,   -999999,   -999999,   -999999,   -999999,   -999999,   -999999,   -999999,   -999999,   -999999,   -999999,   -999999,   -999999,   -999999,   -999999,   -999999,   -999999,   -999999,   -999999,   -999999,   -999999,   -999999,   -999999,   -999999,   -999999,   -999999,   -999999,   -999999,   -999999,   -999999,   -999999,   -999999,   -999999,   -999999,     -999999  
