inputs/ACTAMERICA_Merge/C130/ACTAMERICA-mrg05-c130_merge_20170201_R0.ict
143, 1001
Shook, Michael
NASA Atmospheric Composition Branch, NASA Langley Research Center (SSAI)
Merged data file for ACT-AMERICA 2017, Flight 03 (20170201), on the c130 platform. Data is merged to 05 seconds.
NASA ACT-AMERICA 2017
1, 1
2017, 02, 01, 2018, 02, 23
05
UTC,s
104
1, 1, 1, 1, 1, 1, 1, 1, 1, 1, 1, 1, 1, 1, 1, 1, 1, 1, 1, 1, 1, 1, 1, 1, 1, 1, 1, 1, 1, 1, 1, 1, 1, 1, 1, 1, 1, 1, 1, 1, 1, 1, 1, 1, 1, 1, 1, 1, 1, 1, 1, 1, 1, 1, 1, 1, 1, 1, 1, 1, 1, 1, 1, 1, 1, 1, 1, 1, 1, 1, 1, 1, 1, 1, 1, 1, 1, 1, 1, 1, 1, 1, 1, 1, 1, 1, 1, 1, 1, 1, 1, 1, 1, 1, 1, 1, 1, 1, 1, 1, 1, 1, 1, 1
-999999, -999999, -999999, -999999, -999999, -999999, -999999, -999999, -999999, -999999, -999999, -999999, -999999, -999999, -999999, -999999, -999999, -999999, -999999, -999999, -999999, -999999, -999999, -999999, -999999, -999999, -999999, -999999, -999999, -999999, -999999, -999999, -999999, -999999, -999999, -999999, -999999, -999999, -999999, -999999, -999999, -999999, -999999, -999999, -999999, -999999, -999999, -999999, -999999, -999999, -999999, -999999, -999999, -999999, -999999, -999999, -999999, -999999, -999999, -999999, -999999, -999999, -999999, -999999, -999999, -999999, -999999, -999999, -999999, -999999, -999999, -999999, -999999, -999999, -999999, -999999, -999999, -999999, -999999, -999999, -999999, -999999, -999999, -999999, -999999, -999999, -999999, -999999, -999999, -999999, -999999, -999999, -999999, -999999, -999999, -999999, -999999, -999999, -999999, -999999, -999999, -999999, -999999, -999999
JDAY, days
INDEX, none
FLIGHT, none
LOCAL_SUN_TIME, hour
LATITUDE, degs
LONGITUDE, degs
ALTP, km
PRESSURE, hPa
TEMPERATURE, K
THETA, K
O3COLUMN, DU
SZA, deg
WNS, m s-1
WND, Degs
GPS_ALT, km
GRD_SPD, m s-1
TAS, m/s
IAS, m/s
MachNumber, mach
VerticalSpeed, m s-1
HDG, degs
TRK, degs
DriftAngle, degs
PITCH, degs
ROLL, degs
PotentialTemp, K
Dewpoint, K
TotalAirTemp, K
CabinPressure, hPa
SolarZenithAngle, degs
AircraftSunElevation, degs
SunAzimuth, degs
AircraftSunAzimuth, degs
H2O_MixingRatio, g kg-1
H2O_VaporPressure, hPa
H2O_SatVaporPressureWater, hPa
H2O_SatVaporPressureIce, hPa
H2O_RelativeHumidity, %
H2O_VolMixingRatio_PICARRO, %
H2O_MassMixingRatio_PICARRO, g kg-1
H2O_VaporPressure_PICARRO, hPa
RHi_PICARRO, %
RHw_PICARRO, %
Dewpoint_PICARRO, K
Ground_Elevation, km
Altitude_AGL, km
GroundHeight_CPL, km
MLH_CPL, km
O3_MixingRatio, ppbv
CO2_MixingRatio_PICARRO, ppmv
CH4_MixingRatio_PICARRO, ppmv
CO_MixingRatio_PICARRO, ppmv
CO2_MoleFraction_PFP, ppm
CH4_MoleFraction_PFP, ppb
CO_MoleFraction_PFP, ppb
N2O_MoleFraction_PFP, ppb
SF6_CCGG_MoleFraction_PFP, ppt
H2_MoleFraction_PFP, ppb
CH4C13_PFP, per mil
CO2C14_PFP, per mil
F11B_MoleFraction_PFP, ppt
FC12_MoleFraction_PFP, ppt
F13_MoleFraction_PFP, ppt
F113_MoleFraction_PFP, ppt
F115_MoleFraction_PFP, ppt
HF133a_MoleFraction_PFP, ppt
F23_MoleFraction_PFP, ppt
F32_MoleFraction_PFP, ppt
F134A_MoleFraction_PFP, ppt
F152A_MoleFraction_PFP, ppt
F125_MoleFraction_PFP, ppt
F143a_MoleFraction_PFP, ppt
F227e_MoleFraction_PFP, ppt
F365m_MoleFraction_PFP, ppt
H1211_MoleFraction_PFP, ppt
H1301_MoleFraction_PFP, ppt
H2402_MoleFraction_PFP, ppt
MCFA_MoleFraction_PFP, ppt
CF4_MoleFraction_PFP, ppt
C2F6_MoleFraction_PFP, ppt
SO2F2_MoleFraction_PFP, ppt
MEBR_MoleFraction_PFP, ppt
CH3I_MoleFraction_PFP, ppt
DIBR_MoleFraction_PFP, ppt
[...]
[from data line 315]
62417,   32,          300316.00,         3.0000000,  11.07048564,   30.73558274,   265.9760346,   4.160946771,   602.8,   270.6299939,   312.7401033,   277.2219849,   49.6843132,   9.939065605,   247.5422551,   4.316,   128.8,   133.445736,   107.00352,   0.406,   2.2,   183.8,   179.5,   4.26,   3.1,   -0.02,   312.72,   235.4699939,   279.4899939,   907.4,   50.6,   36.76,   158,   -24.44,   0.268,   0.244,   5.138,   5.024,   4.752,   0.03092222222,   0.1919111111,   0.1866333333,   3.855555556,   3.753333333,   233.021105,   0.04434,   4.27166,   0.188359,   1.157228,   47.28,   406.4242857,   1.8718,   0.09459473684,    -999999,   -999999,   -999999,   -999999,   -999999,   -999999,   -999999,   -999999,   -999999,   -999999,   -999999,   -999999,   -999999,   -999999,   -999999,   -999999,   -999999,   -999999,   -999999,   -999999,   -999999,   -999999,   -999999,   -999999,   -999999,   -999999,   -999999,   -999999,   -999999,   -999999,   -999999,   -999999,   -999999,   -999999,   -999999,   -999999,   -999999,   -999999,   -999999,   -999999,   -999999,   -999999,   -999999,   -999999,   -999999,   -999999,   -999999,   -999999,   -999999,   -999999,   -999999,     -999999  
62422,   32,          300317.00,         3.0000000,  11.07187819,   30.72973328,   265.9760895,   4.172041492,   602.2,   270.5299939,   312.7135066,   277.2219849,   49.67331725,   10.01956987,   247.1600831,   4.3286,   129.6,   134.371728,   107.723736,   0.41,   2,   183.8,   179.5,   4.3,   3.18,   -0.06,   312.68,   234.1899939,   279.4899939,   907.2,   50.56,   36.68,   158,   -24.4,   0.236,   0.212,   5.094,   4.972,   4.208,   0.02873,   0.17829,   0.17317,   3.579,   3.479,   232.2989939,   0.04108,   4.28752,   0.1772194,   1.10926,   44.44,   406.43,   1.8718,   0.09765,    -999999,   -999999,   -999999,   -999999,   -999999,   -999999,   -999999,   -999999,   -999999,   -999999,   -999999,   -999999,   -999999,   -999999,   -999999,   -999999,   -999999,   -999999,   -999999,   -999999,   -999999,   -999999,   -999999,   -999999,   -999999,   -999999,   -999999,   -999999,   -999999,   -999999,   -999999,   -999999,   -999999,   -999999,   -999999,   -999999,   -999999,   -999999,   -999999,   -999999,   -999999,   -999999,   -999999,   -999999,   -999999,   -999999,   -999999,   -999999,   -999999,   -999999,   -999999,     -999999  
62427,   32,          300318.00,         3.0000000,  11.07327064,   30.72385444,   265.9761429,   4.183989652,   601,   270.4499939,   312.7992486,   277.2219849,   49.66229969,   10.47980696,   245.9757613,   4.342,   130,   135.400608,   108.54684,   0.41,   2,   183.98,   179.56,   4.46,   3.2,   0.24,   312.76,   233.0499939,   279.5899939,   907.6,   50.5,   36.56,   158,   -24.74,   0.21,   0.19,   5.068,   4.94,   3.764,   0.02843333333,   0.1763777778,   0.1709444444,   3.588888889,   3.488888889,   232.1855495,   0.04228,   4.29972,   0.1505696,   1.10926,   47.2,   406.435,   1.87225,   0.09987894737,    -999999,   -999999,   -999999,   -999999,   -999999,   -999999,   -999999,   -999999,   -999999,   -999999,   -999999,   -999999,   -999999,   -999999,   -999999,   -999999,   -999999,   -999999,   -999999,   -999999,   -999999,   -999999,   -999999,   -999999,   -999999,   -999999,   -999999,   -999999,   -999999,   -999999,   -999999,   -999999,   -999999,   -999999,   -999999,   -999999,   -999999,   -999999,   -999999,   -999999,   -999999,   -999999,   -999999,   -999999,   -999999,   -999999,   -999999,   -999999,   -999999,   -999999,   -999999,     -999999  
62432,   32,          300319.00,         3.0000000,  11.07466258,   30.71794778,   265.9761887,   4.198924852,   600,   270.3499939,   312.8323982,   277.2219849,   49.6512636,   10.39926787,   245.6705713,   4.356,   131,   136.120824,   108.958392,   0.41,   2,   184.02,   179.6,   4.38,   3.12,   0.08,   312.82,   232.1699939,   279.5499939,   907.6,   50.5,   36.72,   158,   -24.68,   0.194,   0.174,   5.03,   4.902,   3.458,   0.027425,   0.1703,   0.1648,   3.46,   3.3625,   231.8349939,   0.0425,   4.3135,   0.151236,   1.10926,   46.48,   406.44,   1.872044444,   0.09315,    -999999,   -999999,   -999999,   -999999,   -999999,   -999999,   -999999,   -999999,   -999999,   -999999,   -999999,   -999999,   -999999,   -999999,   -999999,   -999999,   -999999,   -999999,   -999999,   -999999,   -999999,   -999999,   -999999,   -999999,   -999999,   -999999,   -999999,   -999999,   -999999,   -999999,   -999999,   -999999,   -999999,   -999999,   -999999,   -999999,   -999999,   -999999,   -999999,   -999999,   -999999,   -999999,   -999999,   -999999,   -999999,   -999999,   -999999,   -999999,   -999999,   -999999,   -999999,     -999999  
62437,   32,          300320.00,         3.0000000,  11.07605462,   30.7120144,   265.976236,   4.212397012,   598.8,   270.3499939,   313.0113897,   277.2219849,   49.64020765,   10.57913224,   247.809665,   4.37,   131.4,   136.429488,   109.164168,   0.412,   2,   184.06,   179.6,   4.46,   2.96,   -0.24,   312.98,   231.4699939,   279.6299939,   907.4,   50.5,   37.02,   158.04,   -24.52,   0.178,   0.162,   5.03,   4.902,   3.214,   0.02679090909,   0.1663818182,   0.1607090909,   3.376363636,   3.280909091,   231.590903,   0.04022,   4.32978,   0.175278,   1.10926,   47.06,   406.48,   1.872,   0.09265789474,    -999999,   -999999,   -999999,   -999999,   -999999,   -999999,   -999999,   -999999,   -999999,   -999999,   -999999,   -999999,   -999999,   -999999,   -999999,   -999999,   -999999,   -999999,   -999999,   -999999,   -999999,   -999999,   -999999,   -999999,   -999999,   -999999,   -999999,   -999999,   -999999,   -999999,   -999999,   -999999,   -999999,   -999999,   -999999,   -999999,   -999999,   -999999,   -999999,   -999999,   -999999,   -999999,   -999999,   -999999,   -999999,   -999999,   -999999,   -999999,   -999999,   -999999,   -999999,     -999999  
62442,   32,          300321.00,         3.0000000,  11.07744727,   30.70604708,   265.9762924,   4.225686292,   597.8,   270.3499939,   313.160902,   277.2219849,   49.62912296,   10.45960193,   248.2424462,   4.3836,   132,   136.84104,   109.57572,   0.42,   2,   183.86,   179.48,   4.38,   2.88,   -0.28,   313.1,   231.2099939,   279.7499939,   907,   50.5,   37.1,   158.1,   -24.32,   0.17,   0.16,   5.024,   4.896,   3.134,   0.03152222222,   0.1956,   0.1885777778,   3.962222222,   3.847777778,   233.0999939,   0.03708,   4.34652,    -999999,   -999999,  47.94,   406.455,   1.8719,   0.09425,    -999999,   -999999,   -999999,   -999999,   -999999,   -999999,   -999999,   -999999,   -999999,   -999999,   -999999,   -999999,   -999999,   -999999,   -999999,   -999999,   -999999,   -999999,   -999999,   -999999,   -999999,   -999999,   -999999,   -999999,   -999999,   -999999,   -999999,   -999999,   -999999,   -999999,   -999999,   -999999,   -999999,   -999999,   -999999,   -999999,   -999999,   -999999,   -999999,   -999999,   -999999,   -999999,   -999999,   -999999,   -999999,   -999999,   -999999,   -999999,   -999999,   -999999,   -999999,     -999999  
62447,   32,          300322.00,         3.0000000,  11.07884043,   30.7000534,   265.9763565,   4.239768052,   596.6,   270.2299939,   313.2016595,   277.2219849,   49.61801719,   10.33952659,   249.6098671,   4.3974,   133,   137.149704,   109.57572,   0.42,   2,   183.8,   179.42,   4.34,   3.18,   0.22,   313.18,   231.6299939,   279.6299939,   907.2,   50.5,   36.62,   158.1,   -24.5,   0.182,   0.164,   4.988,   4.852,   3.298,   0.03634545455,   0.2255,   0.2168272727,   4.555454545,   4.422727273,   234.4572666,   0.03906,   4.35834,   0.171244,   1.13924,   48.14,   406.435,   1.8715,   0.09286842105,    -999999,   -999999,   -999999,   -999999,   -999999,   -999999,   -999999,   -999999,   -999999,   -999999,   -999999,   -999999,   -999999,   -999999,   -999999,   -999999,   -999999,   -999999,   -999999,   -999999,   -999999,   -999999,   -999999,   -999999,   -999999,   -999999,   -999999,   -999999,   -999999,   -999999,   -999999,   -999999,   -999999,   -999999,   -999999,   -999999,   -999999,   -999999,   -999999,   -999999,   -999999,   -999999,   -999999,   -999999,   -999999,   -999999,   -999999,   -999999,   -999999,   -999999,   -999999,     -999999  
62452,   32,          300323.00,         3.0000000,  11.08023329,   30.69404182,   265.976416,   4.258787573,   595,   270.1099939,   313.3028749,   277.2219849,   49.60690152,   10.65955086,   250.8998137,   4.419,   133,   137.149704,   109.472832,   0.42,   2.8,   184.04,   179.58,   4.46,   3.82,   0.26,   313.2,   232.3299939,   279.4299939,   906.6,   50.5,   36.06,   158.1,   -24.5,   0.196,   0.176,   4.932,   4.794,   3.588,   0.039125,   0.242875,   0.232775,   4.9575,   4.81,   235.1649939,   0.03834,   4.38066,   0.1682312,   1.091272,   49.98,   406.4314286,   1.87145,   0.09755,    -999999,   -999999,   -999999,   -999999,   -999999,   -999999,   -999999,   -999999,   -999999,   -999999,   -999999,   -999999,   -999999,   -999999,   -999999,   -999999,   -999999,   -999999,   -999999,   -999999,   -999999,   -999999,   -999999,   -999999,   -999999,   -999999,   -999999,   -999999,   -999999,   -999999,   -999999,   -999999,   -999999,   -999999,   -999999,   -999999,   -999999,   -999999,   -999999,   -999999,   -999999,   -999999,   -999999,   -999999,   -999999,   -999999,   -999999,   -999999,   -999999,   -999999,   -999999,     -999999  
62457,   32,          300324.00,         3.0000000,  11.08162594,   30.68803902,   265.9764725,   4.284573653,   593.2,   269.8899939,   313.3188039,   277.2219849,   49.59580104,   10.53774234,   250.7072636,   4.4456,   132.8,   136.738152,   109.06128,   0.42,   4.2,   183.88,   179.52,   4.44,   4.06,   -0.38,   313.28,   233.1499939,   279.2499939,   906.8,   50.5,   36.08,   158.1,   -23.84,   0.214,   0.192,   4.856,   4.71,   3.968,   0.03941,   0.24471,   0.23376,   5.098,   4.927,   235.2049939,   0.03644,   4.40916,   0.163712,   1.01932,   48.36,   406.44,   1.871344444,   0.09573157895,    -999999,   -999999,   -999999,   -999999,   -999999,   -999999,   -999999,   -999999,   -999999,   -999999,   -999999,   -999999,   -999999,   -999999,   -999999,   -999999,   -999999,   -999999,   -999999,   -999999,   -999999,   -999999,   -999999,   -999999,   -999999,   -999999,   -999999,   -999999,   -999999,   -999999,   -999999,   -999999,   -999999,   -999999,   -999999,   -999999,   -999999,   -999999,   -999999,   -999999,   -999999,   -999999,   -999999,   -999999,   -999999,   -999999,   -999999,   -999999,   -999999,   -999999,   -999999,     -999999  
62462,   32,          300325.00,         3.0000000,  11.08301971,   30.68204728,   265.9765457,   4.309689173,   591.4,   269.6499939,   313.3121114,   277.2219849,   49.58471284,   10.45745775,   251.7162971,   4.4718,   132,   136.223712,   108.54684,   0.414,   5,   183.84,   179.4,   4.4,   4.1,   0.38,   313.3,   234.0499939,   278.9499939,   906.8,   50.48,   35.76,   158.2,   -24.28,   0.238,   0.212,   4.776,   4.622,   4.426,   0.04155833333,   0.2579916667,   0.2457,   5.479166667,   5.285,   235.6958272,   0.03592,   4.43588,   0.146464,   0.86942,   47.8,   406.45,   1.87125,   0.0957,    -999999,   -999999,   -999999,   -999999,   -999999,   -999999,   -999999,   -999999,   -999999,   -999999,   -999999,   -999999,   -999999,   -999999,   -999999,   -999999,   -999999,   -999999,   -999999,   -999999,   -999999,   -999999,   -999999,   -999999,   -999999,   -999999,   -999999,   -999999,   -999999,   -999999,   -999999,   -999999,   -999999,   -999999,   -999999,   -999999,   -999999,   -999999,   -999999,   -999999,   -999999,   -999999,   -999999,   -999999,   -999999,   -999999,   -999999,   -999999,   -999999,   -999999,   -999999,     -999999  
62467,   32,          300326.00,         3.0000000,  11.08441247,   30.67607158,   265.9766037,   4.333524534,   589.8,   269.4699939,   313.345411,   277.2219849,   49.57364989,   10.71720944,   252.7108827,   4.498,   132,   135.915048,   108.135288,   0.412,   5,   184.08,   179.56,   4.52,   4.24,   0.18,   313.36,   235.0299939,   278.7299939,   906.4,   50.4,   35.74,   158.2,   -24.36,   0.262,   0.232,   4.702,   4.542,   4.964,   0.04435,   0.2753,   0.2611,   5.955,   5.73,   236.2949939,   0.03836,   4.45964,   0.1373076,   0.86942,   48.22,   406.4385714,   1.87115,   0.09781052632,    -999999,   -999999,   -999999,   -999999,   -999999,   -999999,   -999999,   -999999,   -999999,   -999999,   -999999,   -999999,   -999999,   -999999,   -999999,   -999999,   -999999,   -999999,   -999999,   -999999,   -999999,   -999999,   -999999,   -999999,   -999999,   -999999,   -999999,   -999999,   -999999,   -999999,   -999999,   -999999,   -999999,   -999999,   -999999,   -999999,   -999999,   -999999,   -999999,   -999999,   -999999,   -999999,   -999999,   -999999,   -999999,   -999999,   -999999,   -999999,   -999999,   -999999,   -999999,     -999999  
62472,   32,          300327.00,         3.0000000,  11.08580461,   30.67010842,   265.9766525,   4.359615414,   587.6,   269.2499939,   313.4240638,   277.2219849,   49.56260729,   10.55834634,   254.3128786,   4.525,   132,   135.091944,   107.312184,   0.41,   5,   184,   179.52,   4.48,   4.24,   -0.14,   313.42,   235.8699939,   278.3499939,   907,   50.4,   35.86,   158.2,   -24,   0.286,   0.254,   4.626,   4.456,   5.498,   0.045175,   0.280225,   0.26515,   6.1125,   5.875,   236.4524939,   0.03706,   4.48794,   0.1268864,   0.86942,   48.06,   406.4428571,   1.8714,   0.0944,    -999999,   -999999,   -999999,   -999999,   -999999,   -999999,   -999999,   -999999,   -999999,   -999999,   -999999,   -999999,   -999999,   -999999,   -999999,   -999999,   -999999,   -999999,   -999999,   -999999,   -999999,   -999999,   -999999,   -999999,   -999999,   -999999,   -999999,   -999999,   -999999,   -999999,   -999999,   -999999,   -999999,   -999999,   -999999,   -999999,   -999999,   -999999,   -999999,   -999999,   -999999,   -999999,   -999999,   -999999,   -999999,   -999999,   -999999,   -999999,   -999999,   -999999,   -999999,     -999999  
