inputs/ACTAMERICA_Merge/C130/ACTAMERICA-mrg05-c130_merge_20170213_R0_L2.ict
143, 1001
Shook, Michael
NASA Atmospheric Composition Branch, NASA Langley Research Center (SSAI)
Merged data file for ACT-AMERICA 2017, Flight 07 (20170213), on the c130 platform. Data is merged to 05 seconds.
NASA ACT-AMERICA 2017
1, 1
2017, 02, 13, 2018, 02, 23
05
UTC,s
104
1, 1, 1, 1, 1, 1, 1, 1, 1, 1, 1, 1, 1, 1, 1, 1, 1, 1, 1, 1, 1, 1, 1, 1, 1, 1, 1, 1, 1, 1, 1, 1, 1, 1, 1, 1, 1, 1, 1, 1, 1, 1, 1, 1, 1, 1, 1, 1, 1, 1, 1, 1, 1, 1, 1, 1, 1, 1, 1, 1, 1, 1, 1, 1, 1, 1, 1, 1, 1, 1, 1, 1, 1, 1, 1, 1, 1, 1, 1, 1, 1, 1, 1, 1, 1, 1, 1, 1, 1, 1, 1, 1, 1, 1, 1, 1, 1, 1, 1, 1, 1, 1, 1, 1
-999999, -999999, -999999, -999999, -999999, -999999, -999999, -999999, -999999, -999999, -999999, -999999, -999999, -999999, -999999, -999999, -999999, -999999, -999999, -999999, -999999, -999999, -999999, -999999, -999999, -999999, -999999, -999999, -999999, -999999, -999999, -999999, -999999, -999999, -999999, -999999, -999999, -999999, -999999, -999999, -999999, -999999, -999999, -999999, -999999, -999999, -999999, -999999, -999999, -999999, -999999, -999999, -999999, -999999, -999999, -999999, -999999, -999999, -999999, -999999, -999999, -999999, -999999, -999999, -999999, -999999, -999999, -999999, -999999, -999999, -999999, -999999, -999999, -999999, -999999, -999999, -999999, -999999, -999999, -999999, -999999, -999999, -999999, -999999, -999999, -999999, -999999, -999999, -999999, -999999, -999999, -999999, -999999, -999999, -999999, -999999, -999999, -999999, -999999, -999999, -999999, -999999, -999999, -999999
JDAY, days
INDEX, none
FLIGHT, none
LOCAL_SUN_TIME, hour
LATITUDE, degs
LONGITUDE, degs
ALTP, km
PRESSURE, hPa
TEMPERATURE, K
THETA, K
O3COLUMN, DU
SZA, deg
WNS, m s-1
WND, Degs
GPS_ALT, km
GRD_SPD, m s-1
TAS, m/s
IAS, m/s
MachNumber, mach
VerticalSpeed, m s-1
HDG, degs
TRK, degs
DriftAngle, degs
PITCH, degs
ROLL, degs
PotentialTemp, K
Dewpoint, K
TotalAirTemp, K
CabinPressure, hPa
SolarZenithAngle, degs
AircraftSunElevation, degs
SunAzimuth, degs
AircraftSunAzimuth, degs
H2O_MixingRatio, g kg-1
H2O_VaporPressure, hPa
H2O_SatVaporPressureWater, hPa
H2O_SatVaporPressureIce, hPa
H2O_RelativeHumidity, %
H2O_VolMixingRatio_PICARRO, %
H2O_MassMixingRatio_PICARRO, g kg-1
H2O_VaporPressure_PICARRO, hPa
RHi_PICARRO, %
RHw_PICARRO, %
Dewpoint_PICARRO, K
Ground_Elevation, km
Altitude_AGL, km
GroundHeight_CPL, km
MLH_CPL, km
O3_MixingRatio, ppbv
CO2_MixingRatio_PICARRO, ppmv
CH4_MixingRatio_PICARRO, ppmv
CO_MixingRatio_PICARRO, ppmv
CO2_MoleFraction_PFP, ppm
CH4_MoleFraction_PFP, ppb
CO_MoleFraction_PFP, ppb
N2O_MoleFraction_PFP, ppb
SF6_CCGG_MoleFraction_PFP, ppt
H2_MoleFraction_PFP, ppb
CH4C13_PFP, per mil
CO2C14_PFP, per mil
F11B_MoleFraction_PFP, ppt
FC12_MoleFraction_PFP, ppt
F13_MoleFraction_PFP, ppt
F113_MoleFraction_PFP, ppt
F115_MoleFraction_PFP, ppt
HF133a_MoleFraction_PFP, ppt
F23_MoleFraction_PFP, ppt
F32_MoleFraction_PFP, ppt
F134A_MoleFraction_PFP, ppt
F152A_MoleFraction_PFP, ppt
F125_MoleFraction_PFP, ppt
F143a_MoleFraction_PFP, ppt
F227e_MoleFraction_PFP, ppt
F365m_MoleFraction_PFP, ppt
H1211_MoleFraction_PFP, ppt
H1301_MoleFraction_PFP, ppt
H2402_MoleFraction_PFP, ppt
MCFA_MoleFraction_PFP, ppt
CF4_MoleFraction_PFP, ppt
C2F6_MoleFraction_PFP, ppt
SO2F2_MoleFraction_PFP, ppt
MEBR_MoleFraction_PFP, ppt
CH3I_MoleFraction_PFP, ppt
DIBR_MoleFraction_PFP, ppt
[...]
[from data line 1828]
74827,   44,          704154.00,         7.0000000,  13.90055383,   46.45615996,   256.7187241,   3.388644522,   666.4,   261.7099939,   293.8879243,   360.8569946,   65.07372848,   9.959958061,   333.1983939,   3.3772,   191.4,   169.7652,   146.10096,   0.52,   0.4,   164.46,   163.16,   1.26,   0.06,   1.32,   293.86,   256.9499939,   276.1499939,   972.6,   63.5,   27.24,   -153,   42.36,   1.74,   1.75,   2.592,   2.322,   67.674,   0.262825,   1.6313,   1.7646,   77.63,   69.405,   257.1749939,   0.88806,   2.48914,   0.9963864,   1.1992,   52.74,   409.255,   1.91555,   0.1293,    -999999,   -999999,   -999999,   -999999,   -999999,   -999999,   -999999,   -999999,   -999999,   -999999,   -999999,   -999999,   -999999,   -999999,   -999999,   -999999,   -999999,   -999999,   -999999,   -999999,   -999999,   -999999,   -999999,   -999999,   -999999,   -999999,   -999999,   -999999,   -999999,   -999999,   -999999,   -999999,   -999999,   -999999,   -999999,   -999999,   -999999,   -999999,   -999999,   -999999,   -999999,   -999999,   -999999,   -999999,   -999999,   -999999,   -999999,   -999999,   -999999,   -999999,   -999999,     -999999  
74832,   44,          704155.00,         7.0000000,  13.90218289,   46.44792482,   256.7223266,   3.385535562,   667,   261.6499939,   293.7450067,   360.8569946,   65.07527996,   9.679911531,   333.1983461,   3.3728,   191,   169.7652,   146.10096,   0.52,   -0.8,   164.46,   163.2,   1.26,   -0.58,   1.48,   293.8,   256.9499939,   276.1499939,   972.6,   63.5,   27.8,   -152.92,   42.56,   1.74,   1.75,   2.58,   2.31,   67.956,   0.265425,   1.647425,   1.7836,   78.4675,   70.155,   257.3024939,   0.90114,   2.47166,   1.003942,   1.223184,   52.98,   409.285,   1.9164,   0.129485,    -999999,   -999999,   -999999,   -999999,   -999999,   -999999,   -999999,   -999999,   -999999,   -999999,   -999999,   -999999,   -999999,   -999999,   -999999,   -999999,   -999999,   -999999,   -999999,   -999999,   -999999,   -999999,   -999999,   -999999,   -999999,   -999999,   -999999,   -999999,   -999999,   -999999,   -999999,   -999999,   -999999,   -999999,   -999999,   -999999,   -999999,   -999999,   -999999,   -999999,   -999999,   -999999,   -999999,   -999999,   -999999,   -999999,   -999999,   -999999,   -999999,   -999999,   -999999,     -999999  
74837,   44,          704156.00,         7.0000000,  13.90380992,   46.43970718,   256.7258987,   3.380049162,   667.2,   261.7099939,   293.7872001,   360.8569946,   65.0768456,   9.599439438,   332.7841703,   3.365,   190,   169.7652,   146.10096,   0.52,   -1.6,   164.58,   163.3,   1.28,   -0.7,   1.26,   293.76,   256.9699939,   276.1499939,   972.4,   63.5,   27.78,   -152.9,   42.56,   1.742,   1.754,   2.586,   2.316,   67.844,   0.2662,   1.652225,   1.791075,   78.6525,   70.335,   257.3549939,   0.90602,   2.45898,   0.993893,   1.253164,   53.32,   409.285,   1.91635,   0.13228,    -999999,   -999999,   -999999,   -999999,   -999999,   -999999,   -999999,   -999999,   -999999,   -999999,   -999999,   -999999,   -999999,   -999999,   -999999,   -999999,   -999999,   -999999,   -999999,   -999999,   -999999,   -999999,   -999999,   -999999,   -999999,   -999999,   -999999,   -999999,   -999999,   -999999,   -999999,   -999999,   -999999,   -999999,   -999999,   -999999,   -999999,   -999999,   -999999,   -999999,   -999999,   -999999,   -999999,   -999999,   -999999,   -999999,   -999999,   -999999,   -999999,   -999999,   -999999,     -999999  
74842,   44,          704157.00,         7.0000000,  13.90543501,   46.43150712,   256.7294418,   3.368222922,   668.2,   261.9099939,   293.8859305,   360.8569946,   65.07842594,   9.479480621,   332.7086527,   3.3552,   190,   169.7652,   146.10096,   0.52,   -2,   164.66,   163.38,   1.28,   -0.78,   1.26,   293.8,   257.0099939,   276.3099939,   972.6,   63.5,   27.82,   -152.9,   42.56,   1.746,   1.762,   2.618,   2.35,   67.218,   0.2597076923,   1.611815385,   1.748415385,   74.64461538,   66.95846154,   257.0630708,   0.90298,   2.45222,   0.9975766,   1.22918,   51.16,   409.205,   1.9154,   0.13091,    -999999,   -999999,   -999999,   -999999,   -999999,   -999999,   -999999,   -999999,   -999999,   -999999,   -999999,   -999999,   -999999,   -999999,   -999999,   -999999,   -999999,   -999999,   -999999,   -999999,   -999999,   -999999,   -999999,   -999999,   -999999,   -999999,   -999999,   -999999,   -999999,   -999999,   -999999,   -999999,   -999999,   -999999,   -999999,   -999999,   -999999,   -999999,   -999999,   -999999,   -999999,   -999999,   -999999,   -999999,   -999999,   -999999,   -999999,   -999999,   -999999,   -999999,   -999999,     -999999  
74847,   44,          704158.00,         7.0000000,  13.90705868,   46.4233162,   256.7329636,   3.363224202,   668.8,   262.0499939,   293.9676287,   360.8569946,   65.08001644,   9.319685328,   333.6740301,   3.3528,   189.4,   168.73632,   145.483632,   0.52,   0.2,   164.72,   163.5,   1.22,   0.26,   1.06,   293.96,   256.7699939,   276.3099939,   972.4,   63.5,   26.88,   -152.88,   42.26,   1.71,   1.726,   2.656,   2.386,   64.988,   0.260275,   1.615633333,   1.751283333,   73.66583333,   66.1825,   257.0824939,   0.90198,   2.45082,   1.0165,   1.22918,   52.26,   409.255,   1.9154,   0.1319947368,    -999999,   -999999,   -999999,   -999999,   -999999,   -999999,   -999999,   -999999,   -999999,   -999999,   -999999,   -999999,   -999999,   -999999,   -999999,   -999999,   -999999,   -999999,   -999999,   -999999,   -999999,   -999999,   -999999,   -999999,   -999999,   -999999,   -999999,   -999999,   -999999,   -999999,   -999999,   -999999,   -999999,   -999999,   -999999,   -999999,   -999999,   -999999,   -999999,   -999999,   -999999,   -999999,   -999999,   -999999,   -999999,   -999999,   -999999,   -999999,   -999999,   -999999,   -999999,     -999999  
74852,   44,          704159.00,         7.0000000,  13.90868042,   46.41517714,   256.7364563,   3.370539402,   668,   262.0499939,   294.0681735,   360.8569946,   65.08165094,   9.059920849,   334.6181012,   3.3598,   188.2,   167.398776,   144.146088,   0.52,   1,   164.56,   163.5,   1.1,   0.46,   1.1,   294.02,   256.5699939,   276.0899939,   972.2,   63.5,   26.76,   -152.8,   42.3,   1.682,   1.694,   2.654,   2.384,   63.96,   0.25865,   1.605525,   1.738875,   73.1425,   65.7175,   256.9974939,   0.91126,   2.44854,   1.023204,   1.22918,   51.62,   409.265,   1.9152,   0.13365,    -999999,   -999999,   -999999,   -999999,   -999999,   -999999,   -999999,   -999999,   -999999,   -999999,   -999999,   -999999,   -999999,   -999999,   -999999,   -999999,   -999999,   -999999,   -999999,   -999999,   -999999,   -999999,   -999999,   -999999,   -999999,   -999999,   -999999,   -999999,   -999999,   -999999,   -999999,   -999999,   -999999,   -999999,   -999999,   -999999,   -999999,   -999999,   -999999,   -999999,   -999999,   -999999,   -999999,   -999999,   -999999,   -999999,   -999999,   -999999,   -999999,   -999999,   -999999,     -999999  
74857,   44,          704160.00,         7.0000000,  13.91030083,   46.40708314,   256.7399292,   3.376879242,   667.6,   262.1099939,   294.1858464,   360.8569946,   65.08332686,   8.999679893,   335.3117773,   3.3662,   187,   166.061232,   142.808544,   0.51,   0.8,   164.48,   163.48,   1.04,   0.26,   0.44,   294.18,   256.5499939,   275.9099939,   972.2,   63.5,   26.46,   -152.8,   42.76,   1.68,   1.69,   2.668,   2.398,   63.56,   0.25675,   1.593425,   1.725225,   73.7125,   66.115,   256.9049939,   0.92174,   2.44446,   0.9999792,   1.235176,   52.12,   409.23,   1.914822222,   0.1309526316,    -999999,   -999999,   -999999,   -999999,   -999999,   -999999,   -999999,   -999999,   -999999,   -999999,   -999999,   -999999,   -999999,   -999999,   -999999,   -999999,   -999999,   -999999,   -999999,   -999999,   -999999,   -999999,   -999999,   -999999,   -999999,   -999999,   -999999,   -999999,   -999999,   -999999,   -999999,   -999999,   -999999,   -999999,   -999999,   -999999,   -999999,   -999999,   -999999,   -999999,   -999999,   -999999,   -999999,   -999999,   -999999,   -999999,   -999999,   -999999,   -999999,   -999999,   -999999,     -999999  
74862,   44,          704161.00,         7.0000000,  13.9119238,   46.39903108,   256.7434403,   3.376879242,   667.4,   261.9699939,   294.0538859,   360.8569946,   65.08506206,   8.779212068,   335.5491955,   3.3678,   186.2,   165.752568,   142.602768,   0.51,   0,   164.08,   163.12,   0.96,   -0.22,   -1.76,   294.06,   256.6099939,   275.6499939,   972.8,   63.5,   25.3,   -152.8,   44.08,   1.688,   1.702,   2.64,   2.37,   64.486,   0.255575,   1.586475,   1.71785,   73.565,   65.9675,   256.8524939,   0.91394,   2.45386,   1.01276,   1.25916,   53.52,   409.225,   1.9145,   0.13305,    -999999,   -999999,   -999999,   -999999,   -999999,   -999999,   -999999,   -999999,   -999999,   -999999,   -999999,   -999999,   -999999,   -999999,   -999999,   -999999,   -999999,   -999999,   -999999,   -999999,   -999999,   -999999,   -999999,   -999999,   -999999,   -999999,   -999999,   -999999,   -999999,   -999999,   -999999,   -999999,   -999999,   -999999,   -999999,   -999999,   -999999,   -999999,   -999999,   -999999,   -999999,   -999999,   -999999,   -999999,   -999999,   -999999,   -999999,   -999999,   -999999,   -999999,   -999999,     -999999  
74867,   44,          704162.00,         7.0000000,  13.9135556,   46.39101638,   256.747084,   3.375355242,   667.8,   262.0299939,   294.0708882,   360.8569946,   65.08688618,   8.859910975,   334.5361172,   3.3662,   186,   166.267008,   143.01432,   0.51,   0,   163.26,   162.3,   0.94,   -0.48,   -2.06,   294.02,   256.5899939,   275.8499939,   972,   63.5,   25.3,   -152.76,   45.18,   1.684,   1.698,   2.648,   2.378,   64.27,   0.25182,   1.563,   1.69332,   72.514,   65.026,   256.6819939,   0.91238,   2.45382,   1.027922,   1.241172,   51.14,   409.1475,   1.91445,   0.1308,    -999999,   -999999,   -999999,   -999999,   -999999,   -999999,   -999999,   -999999,   -999999,   -999999,   -999999,   -999999,   -999999,   -999999,   -999999,   -999999,   -999999,   -999999,   -999999,   -999999,   -999999,   -999999,   -999999,   -999999,   -999999,   -999999,   -999999,   -999999,   -999999,   -999999,   -999999,   -999999,   -999999,   -999999,   -999999,   -999999,   -999999,   -999999,   -999999,   -999999,   -999999,   -999999,   -999999,   -999999,   -999999,   -999999,   -999999,   -999999,   -999999,   -999999,   -999999,     -999999  
74872,   44,          704163.00,         7.0000000,  13.91519596,   46.3830353,   256.750856,   3.371819562,   668,   262.1299939,   294.1579481,   360.8569946,   65.08879455,   8.659912288,   334.8757509,   3.3626,   186,   166.369896,   143.117208,   0.51,   0,   162.62,   161.78,   0.86,   -0.52,   -0.06,   294.12,   256.4299939,   275.9699939,   972,   63.5,   26.66,   -152.7,   45.14,   1.664,   1.678,   2.668,   2.4,   62.888,   0.251025,   1.55805,   1.688375,   71.1725,   63.93,   256.6449939,   0.9123,   2.4503,   1.02435,   1.205196,   52.18,   409.14,   1.914090909,   0.12905,    -999999,   -999999,   -999999,   -999999,   -999999,   -999999,   -999999,   -999999,   -999999,   -999999,   -999999,   -999999,   -999999,   -999999,   -999999,   -999999,   -999999,   -999999,   -999999,   -999999,   -999999,   -999999,   -999999,   -999999,   -999999,   -999999,   -999999,   -999999,   -999999,   -999999,   -999999,   -999999,   -999999,   -999999,   -999999,   -999999,   -999999,   -999999,   -999999,   -999999,   -999999,   -999999,   -999999,   -999999,   -999999,   -999999,   -999999,   -999999,   -999999,   -999999,   -999999,     -999999  
74877,   44,          704164.00,         7.0000000,  13.91683672,   46.37506866,   256.7546341,   3.368588682,   668,   262.1899939,   294.2252791,   360.8569946,   65.09072738,   8.579851126,   334.9358965,   3.3624,   186,   165.958344,   142.808544,   0.51,   0,   162.7,   161.88,   0.86,   -0.14,   1.5,   294.16,   256.2299939,   276.0099939,   972.2,   63.5,   27.52,   -152.7,   44.42,   1.634,   1.65,   2.684,   2.414,   61.456,   0.247375,   1.535475,   1.6639,   69.99,   62.8825,   256.4674939,   0.91376,   2.44864,   1.025324,   1.223184,   53.18,   409.115,   1.913327273,   0.1319210526,    -999999,   -999999,   -999999,   -999999,   -999999,   -999999,   -999999,   -999999,   -999999,   -999999,   -999999,   -999999,   -999999,   -999999,   -999999,   -999999,   -999999,   -999999,   -999999,   -999999,   -999999,   -999999,   -999999,   -999999,   -999999,   -999999,   -999999,   -999999,   -999999,   -999999,   -999999,   -999999,   -999999,   -999999,   -999999,   -999999,   -999999,   -999999,   -999999,   -999999,   -999999,   -999999,   -999999,   -999999,   -999999,   -999999,   -999999,   -999999,   -999999,   -999999,   -999999,     -999999  
74882,   44,          704165.00,         7.0000000,  13.91847453,   46.36711654,   256.7583679,   3.367796202,   668.2,   262.1699939,   294.1776733,   360.8569946,   65.09266675,   8.599950302,   334.9790702,   3.3626,   185.2,   165.443904,   142.294104,   0.51,   0,   162.94,   162.08,   0.9,   -0.1,   0.94,   294.18,   256.0499939,   275.9099939,   972.6,   63.5,   27.16,   -152.7,   44.38,   1.61,   1.63,   2.686,   2.418,   60.496,   0.247675,   1.5372,   1.6661,   70.085,   62.9675,   256.4849939,   0.91416,   2.44844,   1.024032,   1.1992,   52.26,   409.145,   1.913291667,   0.12845,    -999999,   -999999,   -999999,   -999999,   -999999,   -999999,   -999999,   -999999,   -999999,   -999999,   -999999,   -999999,   -999999,   -999999,   -999999,   -999999,   -999999,   -999999,   -999999,   -999999,   -999999,   -999999,   -999999,   -999999,   -999999,   -999999,   -999999,   -999999,   -999999,   -999999,   -999999,   -999999,   -999999,   -999999,   -999999,   -999999,   -999999,   -999999,   -999999,   -999999,   -999999,   -999999,   -999999,   -999999,   -999999,   -999999,   -999999,   -999999,   -999999,   -999999,   -999999,     -999999  
