inputs/ACTAMERICA_Merge/C130/ACTAMERICA-mrg05-c130_merge_20180515_R0.ict
145, 1001
Shook, Michael
NASA Chemistry and Dynamics Branch, NASA Langley Research Center
Merged data file for ACT-AMERICA 2018, Flight 14 (20180515), on the c130 platform. Data is merged to 05 seconds.
NASA ACT-AMERICA 2018
1, 1
2018, 05, 15, 2018, 10, 16
05
UTC,s
106
1, 1, 1, 1, 1, 1, 1, 1, 1, 1, 1, 1, 1, 1, 1, 1, 1, 1, 1, 1, 1, 1, 1, 1, 1, 1, 1, 1, 1, 1, 1, 1, 1, 1, 1, 1, 1, 1, 1, 1, 1, 1, 1, 1, 1, 1, 1, 1, 1, 1, 1, 1, 1, 1, 1, 1, 1, 1, 1, 1, 1, 1, 1, 1, 1, 1, 1, 1, 1, 1, 1, 1, 1, 1, 1, 1, 1, 1, 1, 1, 1, 1, 1, 1, 1, 1, 1, 1, 1, 1, 1, 1, 1, 1, 1, 1, 1, 1, 1, 1, 1, 1, 1, 1, 1, 1
-999999, -999999, -999999, -999999, -999999, -999999, -999999, -999999, -999999, -999999, -999999, -999999, -999999, -999999, -999999, -999999, -999999, -999999, -999999, -999999, -999999, -999999, -999999, -999999, -999999, -999999, -999999, -999999, -999999, -999999, -999999, -999999, -999999, -999999, -999999, -999999, -999999, -999999, -999999, -999999, -999999, -999999, -999999, -999999, -999999, -999999, -999999, -999999, -999999, -999999, -999999, -999999, -999999, -999999, -999999, -999999, -999999, -999999, -999999, -999999, -999999, -999999, -999999, -999999, -999999, -999999, -999999, -999999, -999999, -999999, -999999, -999999, -999999, -999999, -999999, -999999, -999999, -999999, -999999, -999999, -999999, -999999, -999999, -999999, -999999, -999999, -999999, -999999, -999999, -999999, -999999, -999999, -999999, -999999, -999999, -999999, -999999, -999999, -999999, -999999, -999999, -999999, -999999, -999999, -999999, -999999
JDAY, days
INDEX, none
FLIGHT, none
LOCAL_SUN_TIME, hour
LATITUDE, degs
LONGITUDE, degs
ALTP, km
PRESSURE, hPa
TEMPERATURE, K
THETA, K, calculated from ambient temperature and pressure
O3COLUMN, DU, OMI ozone column data extracted along flight track
SZA, deg
WNS, m s-1
WND, Degs
GPS_ALT, km
Radar_ALT, km
GRD_SPD, m s-1
TAS, m/s
IAS, m/s
MachNumber, mach
VerticalSpeed, m s-1
HDG, degs
TRK, degs
DriftAngle, degs
PITCH, degs
ROLL, degs
PotentialTemp_Nav, K
Dewpoint_Nav, K
TotalAirTemp, K
CabinPressure, hPa
SolarZenithAngle, degs
AircraftSunElevation, degs
SunAzimuth, degs
AircraftSunAzimuth, degs
H2O_MixingRatio_Nav, g kg-1
H2O_VaporPressure_Nav, hPa
H2O_SatVaporPressureWater_Nav, hPa
H2O_SatVaporPressureIce_Nav, hPa
H2O_RelativeHumidity_Nav, %
ManeuverFlag, none
H2O_VolMixingRatio_PICARRO, %
H2O_MassMixingRatio_PICARRO, g kg-1
H2O_VaporPressure_PICARRO, hPa
RHi_PICARRO, %
RHw_PICARRO, %
Dewpoint_PICARRO, K
GroundElevation-AMSL_GoogleMaps, km
Altitude-AGL_GoogleMaps, km
GroundHeight-AMSL_CPL, km
MLH-AMSL_CPL, km
O3_MixingRatio, ppbv
CO2_DryMoleFrac_PICARRO, ppm
CH4_DryMoleFrac_PICARRO, ppm
CO_DryMoleFrac_PICARRO, ppm
CO2_MoleFraction_PFP, ppm
CH4_MoleFraction_PFP, ppb
CO_MoleFraction_PFP, ppb
N2O_MoleFraction_PFP, ppb
SF6_CCGG_MoleFraction_PFP, ppt
H2_MoleFraction_PFP, ppb
CH4C13_MoleFraction_PFP, permil
CO2C14_MoleFraction_PFP, permil
F11B_MoleFraction_PFP, ppt
FC12_MoleFraction_PFP, ppt
F13_MoleFraction_PFP, ppt
F113_MoleFraction_PFP, ppt
F115_MoleFraction_PFP, ppt
HF133a_MoleFraction_PFP, ppt
F23_MoleFraction_PFP, ppt
F32_MoleFraction_PFP, ppt
F134A_MoleFraction_PFP, ppt
F152A_MoleFraction_PFP, ppt
F125_MoleFraction_PFP, ppt
F143a_MoleFraction_PFP, ppt
F227e_MoleFraction_PFP, ppt
F365m_MoleFraction_PFP, ppt
H1211_MoleFraction_PFP, ppt
H1301_MoleFraction_PFP, ppt
[...]
[from data line 1933]
60012,   135,          1401934.0,         14.000000,  11.48840064,   37.52238692,   282.265593,   7.035820407,   408.36,   254.3299939,   328.4944992,   321,   19.88467358,   18.51941611,   241.6155538,   7.3654,   7.26771225,   167.58,   152.891568,   105.0280704,   0.48,   -0.04,   98.92,   95.2,   3.74,   1.98,   0.02,   328.58,   250.1099939,   265.9299939,   860.2,   19.58,   69.54,   159.72,   56.94,   1.584,   0.976,   1.404,   1.17,   69.49,    -999999,  0.2264454545,   1.405636364,   0.9275909091,   83.21636364,   69.00363636,   249.6945394,   0.08128,   7.28412,   0.2650878,   0.7375078,   45.46,   411.53,   1.873488889,   0.0816047619,    -999999,   -999999,   -999999,   -999999,   -999999,   -999999,   -999999,   -999999,   -999999,   -999999,   -999999,   -999999,   -999999,   -999999,   -999999,   -999999,   -999999,   -999999,   -999999,   -999999,   -999999,   -999999,   -999999,   -999999,   -999999,   -999999,   -999999,   -999999,   -999999,   -999999,   -999999,   -999999,   -999999,   -999999,   -999999,   -999999,   -999999,   -999999,   -999999,   -999999,   -999999,   -999999,   -999999,   -999999,   -999999,   -999999,   -999999,   -999999,   -999999,   -999999,   -999999,     -999999  
60017,   135,          1401935.0,         14.000000,  11.4904183,   37.52170868,   282.2750244,   7.036917687,   408.32,   254.5099939,   328.736189,   321,   19.87513818,   18.55963357,   242.581143,   7.3652,   7.26503001,   167.76,   152.8298352,   104.9560488,   0.48,   -0.18,   98.82,   95.2,   3.66,   2.06,   -0.24,   328.82,   249.6699939,   266.1099939,   860.2,   19.5,   69.3,   159.8,   57.2,   1.524,   0.938,   1.426,   1.188,   65.824,    -999999,  0.2258142857,   1.4016,   0.9251285714,   81.65428571,   67.81714286,   249.6657082,   0.07492,   7.29028,   0.2944758,   0.623584,   45.66,   411.54,   1.873646154,   0.0824047619,    -999999,   -999999,   -999999,   -999999,   -999999,   -999999,   -999999,   -999999,   -999999,   -999999,   -999999,   -999999,   -999999,   -999999,   -999999,   -999999,   -999999,   -999999,   -999999,   -999999,   -999999,   -999999,   -999999,   -999999,   -999999,   -999999,   -999999,   -999999,   -999999,   -999999,   -999999,   -999999,   -999999,   -999999,   -999999,   -999999,   -999999,   -999999,   -999999,   -999999,   -999999,   -999999,   -999999,   -999999,   -999999,   -999999,   -999999,   -999999,   -999999,   -999999,   -999999,     -999999  
60022,   135,          1401936.0,         14.000000,  11.49243717,   37.52102966,   282.2844742,   7.033503927,   408.48,   254.5099939,   328.699394,   321,   19.86562718,   18.71968644,   242.639102,   7.3646,   7.234367129,   167.94,   152.8504128,   104.997204,   0.48,   0.32,   98.76,   95.1,   3.66,   2.06,   -0.3,   328.78,   249.0499939,   266.1299939,   860,   19.5,   69.2,   159.9,   57.46,   1.436,   0.886,   1.428,   1.192,   62.078,    -999999,  0.23176,   1.4386,   0.94958,   83.584,   69.44,   249.9579939,   0.10338,   7.26122,   0.2825682,   0.5876076,   45.28,   411.5,   1.8734,   0.08256666667,    -999999,   -999999,   -999999,   -999999,   -999999,   -999999,   -999999,   -999999,   -999999,   -999999,   -999999,   -999999,   -999999,   -999999,   -999999,   -999999,   -999999,   -999999,   -999999,   -999999,   -999999,   -999999,   -999999,   -999999,   -999999,   -999999,   -999999,   -999999,   -999999,   -999999,   -999999,   -999999,   -999999,   -999999,   -999999,   -999999,   -999999,   -999999,   -999999,   -999999,   -999999,   -999999,   -999999,   -999999,   -999999,   -999999,   -999999,   -999999,   -999999,   -999999,   -999999,     -999999  
60027,   135,          1401937.0,         14.000000,  11.49445635,   37.52036134,   282.2939285,   7.035210807,   408.4,   254.3899939,   328.5628006,   321,   19.85615534,   18.59989356,   242.6196768,   7.3652,   7.233513689,   168.12,   153.148788,   105.20298,   0.48,   0.12,   98.72,   95.1,   3.66,   1.94,   -0.16,   328.64,   248.6299939,   266.0499939,   859.4,   19.5,   69.46,   159.98,   57.66,   1.386,   0.854,   1.414,   1.176,   60.414,    -999999,  0.23798,   1.477,   0.9747,   85.791,   71.279,   250.2569939,   0.11092,   7.25428,   0.265293,   0.5156556,   47.48,   411.5225,   1.8737,   0.08466190476,    -999999,   -999999,   -999999,   -999999,   -999999,   -999999,   -999999,   -999999,   -999999,   -999999,   -999999,   -999999,   -999999,   -999999,   -999999,   -999999,   -999999,   -999999,   -999999,   -999999,   -999999,   -999999,   -999999,   -999999,   -999999,   -999999,   -999999,   -999999,   -999999,   -999999,   -999999,   -999999,   -999999,   -999999,   -999999,   -999999,   -999999,   -999999,   -999999,   -999999,   -999999,   -999999,   -999999,   -999999,   -999999,   -999999,   -999999,   -999999,   -999999,   -999999,   -999999,     -999999  
60032,   135,          1401938.0,         14.000000,  11.49647654,   37.51968536,   282.3033981,   7.035698487,   408.38,   254.2699939,   328.4124073,   321,   19.84670257,   18.49995023,   242.9202167,   7.367,   7.24991193,   168.38,   153.4162968,   105.4190448,   0.48,   -0.14,   98.64,   95.1,   3.6,   1.9,   -0.16,   328.54,   248.7699939,   265.9699939,   859,   19.5,   69.5,   160.06,   57.96,   1.4,   0.866,   1.402,   1.166,   61.61,    -999999,  0.243975,   1.514075,   0.99915,   88.3775,   73.385,   250.5349939,   0.09308,   7.27392,   0.2655398,   0.4317112,   44.06,   411.59,   1.873638462,   0.08574285714,    -999999,   -999999,   -999999,   -999999,   -999999,   -999999,   -999999,   -999999,   -999999,   -999999,   -999999,   -999999,   -999999,   -999999,   -999999,   -999999,   -999999,   -999999,   -999999,   -999999,   -999999,   -999999,   -999999,   -999999,   -999999,   -999999,   -999999,   -999999,   -999999,   -999999,   -999999,   -999999,   -999999,   -999999,   -999999,   -999999,   -999999,   -999999,   -999999,   -999999,   -999999,   -999999,   -999999,   -999999,   -999999,   -999999,   -999999,   -999999,   -999999,   -999999,   -999999,     -999999  
60037,   135,          1401939.0,         14.000000,  11.49849745,   37.51901398,   282.3128784,   7.036978647,   408.28,   254.2499939,   328.409554,   321,   19.83728166,   18.49970024,   243.0583774,   7.3664,   7.25844633,   168.62,   153.6220728,   105.5733768,   0.48,   -0.2,   98.62,   95.1,   3.56,   1.9,   -0.06,   328.48,   249.3099939,   265.9499939,   858.6,   19.5,   69.56,   160.14,   57.84,   1.47,   0.906,   1.396,   1.16,   65.006,    -999999,  0.2474666667,   1.536,   1.0136,   90.93333333,   75.40333333,   250.6966606,   0.0766,   7.2898,    -999999,   -999999,  48.54,   411.518,   1.8736,   0.08436,    -999999,   -999999,   -999999,   -999999,   -999999,   -999999,   -999999,   -999999,   -999999,   -999999,   -999999,   -999999,   -999999,   -999999,   -999999,   -999999,   -999999,   -999999,   -999999,   -999999,   -999999,   -999999,   -999999,   -999999,   -999999,   -999999,   -999999,   -999999,   -999999,   -999999,   -999999,   -999999,   -999999,   -999999,   -999999,   -999999,   -999999,   -999999,   -999999,   -999999,   -999999,   -999999,   -999999,   -999999,   -999999,   -999999,   -999999,   -999999,   -999999,   -999999,   -999999,     -999999  
60042,   135,          1401940.0,         14.000000,  11.50051907,   37.51835098,   282.3223694,   7.036308087,   408.34,   254.2099939,   328.344101,   321,   19.82789626,   18.41943205,   242.8581965,   7.364,   7.239122009,   168.8,   153.9307368,   105.8100192,   0.48,   -0.38,   98.56,   95.02,   3.54,   1.68,   -0.26,   328.42,   250.1099939,   265.9499939,   858.8,   19.5,   69.5,   160.22,   58.72,   1.584,   0.976,   1.39,   1.16,   70.08,    -999999,  0.2419636364,   1.501809091,   0.9913181818,   88.93454545,   73.74272727,   250.4472666,   0.09832,   7.26568,    -999999,   -999999,  45.02,   411.53,   1.87371,   0.08495,    -999999,   -999999,   -999999,   -999999,   -999999,   -999999,   -999999,   -999999,   -999999,   -999999,   -999999,   -999999,   -999999,   -999999,   -999999,   -999999,   -999999,   -999999,   -999999,   -999999,   -999999,   -999999,   -999999,   -999999,   -999999,   -999999,   -999999,   -999999,   -999999,   -999999,   -999999,   -999999,   -999999,   -999999,   -999999,   -999999,   -999999,   -999999,   -999999,   -999999,   -999999,   -999999,   -999999,   -999999,   -999999,   -999999,   -999999,   -999999,   -999999,   -999999,   -999999,     -999999  
60047,   135,          1401941.0,         14.000000,  11.50254171,   37.5176796,   282.3318756,   7.029907287,   408.7,   254.1699939,   328.2097889,   321,   19.81852949,   18.13861663,   242.8962545,   7.3566,   7.223089529,   169.48,   154.8052848,   106.4685024,   0.484,   -3.26,   98.48,   95,   3.48,   0.4,   -0.14,   328.28,   250.6499939,   266.0299939,   858.4,   19.5,   70.26,   160.3,   61.82,   1.66,   1.026,   1.382,   1.152,   74.016,    -999999,  0.2405714286,   1.493042857,   0.9860714286,   89.32571429,   73.99285714,   250.3857082,   0.11172,   7.24488,   0.329724,   0.47968,   47.22,   411.55,   1.873563636,   0.08205,    -999999,   -999999,   -999999,   -999999,   -999999,   -999999,   -999999,   -999999,   -999999,   -999999,   -999999,   -999999,   -999999,   -999999,   -999999,   -999999,   -999999,   -999999,   -999999,   -999999,   -999999,   -999999,   -999999,   -999999,   -999999,   -999999,   -999999,   -999999,   -999999,   -999999,   -999999,   -999999,   -999999,   -999999,   -999999,   -999999,   -999999,   -999999,   -999999,   -999999,   -999999,   -999999,   -999999,   -999999,   -999999,   -999999,   -999999,   -999999,   -999999,   -999999,   -999999,     -999999  
60052,   135,          1401942.0,         14.000000,  11.50456872,   37.5170082,   282.3414474,   7.012960407,   409.66,   254.2299939,   328.0672797,   321,   19.80917482,   18.17908149,   243.1381822,   7.334,   7.195352729,   170.7,   155.9987856,   107.4253608,   0.49,   -5.56,   98.52,   95.08,   3.46,   -0.26,   -0.02,   328.16,   250.7099939,   266.3699939,   858.6,   19.5,   70.68,   160.38,   63.26,   1.658,   1.028,   1.396,   1.16,   73.656,    -999999,  0.24015,   1.4905,   0.98685,   88.535,   73.41,   250.3949939,   0.11242,   7.22158,   0.3122312,   0.5276472,   47.84,   411.505,   1.873761538,   0.0845,    -999999,   -999999,   -999999,   -999999,   -999999,   -999999,   -999999,   -999999,   -999999,   -999999,   -999999,   -999999,   -999999,   -999999,   -999999,   -999999,   -999999,   -999999,   -999999,   -999999,   -999999,   -999999,   -999999,   -999999,   -999999,   -999999,   -999999,   -999999,   -999999,   -999999,   -999999,   -999999,   -999999,   -999999,   -999999,   -999999,   -999999,   -999999,   -999999,   -999999,   -999999,   -999999,   -999999,   -999999,   -999999,   -999999,   -999999,   -999999,   -999999,   -999999,   -999999,     -999999  
60057,   135,          1401943.0,         14.000000,  11.50660102,   37.51631392,   282.3510986,   6.986198966,   411.24,   254.4499939,   327.9902403,   321,   19.79980721,   18.17984441,   243.2013187,   7.3062,   7.176638009,   172.16,   157.4289288,   108.5879952,   0.49,   -5.48,   98.52,   95.1,   3.4,   -0.26,   -0.36,   328.06,   250.2099939,   266.7899939,   858.4,   19.5,   70.4,   160.46,   63.8,   1.578,   0.98,   1.418,   1.184,   69.162,    -999999,  0.240575,   1.49315,   0.99195,   88.6525,   73.54,   250.4524939,   0.11008,   7.19612,   0.31168,   0.50966,   43,   411.52,   1.873490909,   0.08428,    -999999,   -999999,   -999999,   -999999,   -999999,   -999999,   -999999,   -999999,   -999999,   -999999,   -999999,   -999999,   -999999,   -999999,   -999999,   -999999,   -999999,   -999999,   -999999,   -999999,   -999999,   -999999,   -999999,   -999999,   -999999,   -999999,   -999999,   -999999,   -999999,   -999999,   -999999,   -999999,   -999999,   -999999,   -999999,   -999999,   -999999,   -999999,   -999999,   -999999,   -999999,   -999999,   -999999,   -999999,   -999999,   -999999,   -999999,   -999999,   -999999,   -999999,   -999999,     -999999  
60062,   135,          1401944.0,         14.000000,  11.508638,   37.51561736,   282.36082,   6.961205366,   412.66,   254.7099939,   328.0021879,   321,   19.79044879,   18.09988348,   242.4600002,   7.2802,   7.164324089,   173.42,   158.8796496,   109.781496,   0.5,   -5.08,   98.56,   95.1,   3.42,   -0.26,   -0.38,   328.08,   249.5499939,   267.2899939,   858,   19.5,   70.38,   160.54,   63.98,   1.488,   0.928,   1.448,   1.214,   63.95,    -999999,  0.236125,   1.46545,   0.977275,   85.2175,   70.8675,   250.2849939,   0.09018,   7.19002,   0.2869528,   0.50966,   43.74,   411.56,   1.8736,   0.08475,    -999999,   -999999,   -999999,   -999999,   -999999,   -999999,   -999999,   -999999,   -999999,   -999999,   -999999,   -999999,   -999999,   -999999,   -999999,   -999999,   -999999,   -999999,   -999999,   -999999,   -999999,   -999999,   -999999,   -999999,   -999999,   -999999,   -999999,   -999999,   -999999,   -999999,   -999999,   -999999,   -999999,   -999999,   -999999,   -999999,   -999999,   -999999,   -999999,   -999999,   -999999,   -999999,   -999999,   -999999,   -999999,   -999999,   -999999,   -999999,   -999999,   -999999,   -999999,     -999999  
60067,   135,          1401945.0,         14.000000,  11.51067905,   37.51492004,   282.3706024,   6.939137846,   413.94,   254.9099939,   327.9694005,   321,   19.78110383,   18.17983905,   242.1389431,   7.2548,   7.124334328,   174.6,   160.0834392,   110.7383544,   0.5,   -5.18,   98.56,   95.1,   3.46,   -0.46,   -0.4,   328.04,   249.1699939,   267.6899939,   857.6,   19.5,   70.4,   160.62,   64.52,   1.436,   0.898,   1.476,   1.238,   60.718,    -999999,  0.2299333333,   1.427233333,   0.9552222222,   81.43777778,   67.88111111,   250.0266606,   0.10248,   7.15232,   0.298471,   0.50966,   46.66,   411.54,   1.87365,   0.0867,    -999999,   -999999,   -999999,   -999999,   -999999,   -999999,   -999999,   -999999,   -999999,   -999999,   -999999,   -999999,   -999999,   -999999,   -999999,   -999999,   -999999,   -999999,   -999999,   -999999,   -999999,   -999999,   -999999,   -999999,   -999999,   -999999,   -999999,   -999999,   -999999,   -999999,   -999999,   -999999,   -999999,   -999999,   -999999,   -999999,   -999999,   -999999,   -999999,   -999999,   -999999,   -999999,   -999999,   -999999,   -999999,   -999999,   -999999,   -999999,   -999999,   -999999,   -999999,     -999999  
60072,   135,          1401946.0,         14.000000,  11.51272498,   37.51422118,   282.3804581,   6.917862805,   415.22,   255.0899939,   327.9116008,   321,   19.77176838,   18.47993929,   241.420129,   7.2288,   7.092818008,   175.78,   161.1637632,   111.6437688,   0.5,   -5.3,   98.64,   95.1,   3.54,   -0.54,   -0.34,   327.96,   248.9299939,   268.0299939,   857.6,   19.4,   70.56,   160.7,   64.64,   1.402,   0.878,   1.498,   1.254,   58.626,    -999999,  0.2336875,   1.4503875,   0.9740875,   81.75875,   68.2575,   250.2462439,   0.10648,   7.12232,   0.314089,   0.50966,   49.48,   411.505,   1.873853846,   0.08543076923,    -999999,   -999999,   -999999,   -999999,   -999999,   -999999,   -999999,   -999999,   -999999,   -999999,   -999999,   -999999,   -999999,   -999999,   -999999,   -999999,   -999999,   -999999,   -999999,   -999999,   -999999,   -999999,   -999999,   -999999,   -999999,   -999999,   -999999,   -999999,   -999999,   -999999,   -999999,   -999999,   -999999,   -999999,   -999999,   -999999,   -999999,   -999999,   -999999,   -999999,   -999999,   -999999,   -999999,   -999999,   -999999,   -999999,   -999999,   -999999,   -999999,   -999999,   -999999,     -999999  
