inputs/ACTAMERICA_Merge/C130/ACTAMERICA-mrg05-c130_merge_20170301_R0.ict
143, 1001
Shook, Michael
NASA Atmospheric Composition Branch, NASA Langley Research Center (SSAI)
Merged data file for ACT-AMERICA 2017, Flight 14 (20170301), on the c130 platform. Data is merged to 05 seconds.
NASA ACT-AMERICA 2017
1, 1
2017, 03, 01, 2018, 02, 23
05
UTC,s
104
1, 1, 1, 1, 1, 1, 1, 1, 1, 1, 1, 1, 1, 1, 1, 1, 1, 1, 1, 1, 1, 1, 1, 1, 1, 1, 1, 1, 1, 1, 1, 1, 1, 1, 1, 1, 1, 1, 1, 1, 1, 1, 1, 1, 1, 1, 1, 1, 1, 1, 1, 1, 1, 1, 1, 1, 1, 1, 1, 1, 1, 1, 1, 1, 1, 1, 1, 1, 1, 1, 1, 1, 1, 1, 1, 1, 1, 1, 1, 1, 1, 1, 1, 1, 1, 1, 1, 1, 1, 1, 1, 1, 1, 1, 1, 1, 1, 1, 1, 1, 1, 1, 1, 1
-999999, -999999, -999999, -999999, -999999, -999999, -999999, -999999, -999999, -999999, -999999, -999999, -999999, -999999, -999999, -999999, -999999, -999999, -999999, -999999, -999999, -999999, -999999, -999999, -999999, -999999, -999999, -999999, -999999, -999999, -999999, -999999, -999999, -999999, -999999, -999999, -999999, -999999, -999999, -999999, -999999, -999999, -999999, -999999, -999999, -999999, -999999, -999999, -999999, -999999, -999999, -999999, -999999, -999999, -999999, -999999, -999999, -999999, -999999, -999999, -999999, -999999, -999999, -999999, -999999, -999999, -999999, -999999, -999999, -999999, -999999, -999999, -999999, -999999, -999999, -999999, -999999, -999999, -999999, -999999, -999999, -999999, -999999, -999999, -999999, -999999, -999999, -999999, -999999, -999999, -999999, -999999, -999999, -999999, -999999, -999999, -999999, -999999, -999999, -999999, -999999, -999999, -999999, -999999
JDAY, days
INDEX, none
FLIGHT, none
LOCAL_SUN_TIME, hour
LATITUDE, degs
LONGITUDE, degs
ALTP, km
PRESSURE, hPa
TEMPERATURE, K
THETA, K
O3COLUMN, DU
SZA, deg
WNS, m s-1
WND, Degs
GPS_ALT, km
GRD_SPD, m s-1
TAS, m/s
IAS, m/s
MachNumber, mach
VerticalSpeed, m s-1
HDG, degs
TRK, degs
DriftAngle, degs
PITCH, degs
ROLL, degs
PotentialTemp, K
Dewpoint, K
TotalAirTemp, K
CabinPressure, hPa
SolarZenithAngle, degs
AircraftSunElevation, degs
SunAzimuth, degs
AircraftSunAzimuth, degs
H2O_MixingRatio, g kg-1
H2O_VaporPressure, hPa
H2O_SatVaporPressureWater, hPa
H2O_SatVaporPressureIce, hPa
H2O_RelativeHumidity, %
H2O_VolMixingRatio_PICARRO, %
H2O_MassMixingRatio_PICARRO, g kg-1
H2O_VaporPressure_PICARRO, hPa
RHi_PICARRO, %
RHw_PICARRO, %
Dewpoint_PICARRO, K
Ground_Elevation, km
Altitude_AGL, km
GroundHeight_CPL, km
MLH_CPL, km
O3_MixingRatio, ppbv
CO2_MixingRatio_PICARRO, ppmv
CH4_MixingRatio_PICARRO, ppmv
CO_MixingRatio_PICARRO, ppmv
CO2_MoleFraction_PFP, ppm
CH4_MoleFraction_PFP, ppb
CO_MoleFraction_PFP, ppb
N2O_MoleFraction_PFP, ppb
SF6_CCGG_MoleFraction_PFP, ppt
H2_MoleFraction_PFP, ppb
CH4C13_PFP, per mil
CO2C14_PFP, per mil
F11B_MoleFraction_PFP, ppt
FC12_MoleFraction_PFP, ppt
F13_MoleFraction_PFP, ppt
F113_MoleFraction_PFP, ppt
F115_MoleFraction_PFP, ppt
HF133a_MoleFraction_PFP, ppt
F23_MoleFraction_PFP, ppt
F32_MoleFraction_PFP, ppt
F134A_MoleFraction_PFP, ppt
F152A_MoleFraction_PFP, ppt
F125_MoleFraction_PFP, ppt
F143a_MoleFraction_PFP, ppt
F227e_MoleFraction_PFP, ppt
F365m_MoleFraction_PFP, ppt
H1211_MoleFraction_PFP, ppt
H1301_MoleFraction_PFP, ppt
H2402_MoleFraction_PFP, ppt
MCFA_MoleFraction_PFP, ppt
CF4_MoleFraction_PFP, ppt
C2F6_MoleFraction_PFP, ppt
SO2F2_MoleFraction_PFP, ppt
MEBR_MoleFraction_PFP, ppt
CH3I_MoleFraction_PFP, ppt
DIBR_MoleFraction_PFP, ppt
[...]
[from data line 502]
60477,   60,          1400503.0,         14.000000,  11.64361321,   38.03966576,   282.6562815,   6.120201196,   463.4,   253.5499939,   315.8673546,   82.85700226,   45.90569058,   43.07990571,   251.1402041,   6.2486,   115,   147.64428,   108.0324,   0.46,   0,   288.7,   302.62,   -13.9,   1.94,   0.42,   315.82,   248.4499939,   264.3899939,   879.6,   46.1,   44.8,   168,   -118.56,   1.2,   0.842,   1.314,   1.084,   63.992,   0.20805,   1.2913,   0.968,   91.9675,   75.8125,   250.1749939,   0.06382,   6.18478,   0.2260632,   1.40906,   46.56,   406.15,   1.8507,   0.0834,    -999999,   -999999,   -999999,   -999999,   -999999,   -999999,   -999999,   -999999,   -999999,   -999999,   -999999,   -999999,   -999999,   -999999,   -999999,   -999999,   -999999,   -999999,   -999999,   -999999,   -999999,   -999999,   -999999,   -999999,   -999999,   -999999,   -999999,   -999999,   -999999,   -999999,   -999999,   -999999,   -999999,   -999999,   -999999,   -999999,   -999999,   -999999,   -999999,   -999999,   -999999,   -999999,   -999999,   -999999,   -999999,   -999999,   -999999,   -999999,   -999999,   -999999,   -999999,     -999999  
60482,   60,          1400504.0,         14.000000,  11.6446334,   38.04246238,   282.6507509,   6.116482636,   463.8,   253.5299939,   315.7645877,   82.85700226,   45.90691658,   42.83988518,   250.7798788,   6.2472,   115,   147.64428,   108.0324,   0.46,   0,   288.56,   302.54,   -13.94,   1.96,   0.42,   315.74,   249.1699939,   264.3499939,   878.6,   46.1,   44.8,   168,   -118.46,   1.28,   0.896,   1.31,   1.08,   68.378,   0.2035615385,   1.2634,   0.9470923077,   89.98769231,   74.17846154,   249.9207631,   0.06524,   6.18196,   0.2249394,   1.391072,   47.48,   406.08,   1.849622222,   0.08466315789,    -999999,   -999999,   -999999,   -999999,   -999999,   -999999,   -999999,   -999999,   -999999,   -999999,   -999999,   -999999,   -999999,   -999999,   -999999,   -999999,   -999999,   -999999,   -999999,   -999999,   -999999,   -999999,   -999999,   -999999,   -999999,   -999999,   -999999,   -999999,   -999999,   -999999,   -999999,   -999999,   -999999,   -999999,   -999999,   -999999,   -999999,   -999999,   -999999,   -999999,   -999999,   -999999,   -999999,   -999999,   -999999,   -999999,   -999999,   -999999,   -999999,   -999999,   -999999,     -999999  
60487,   60,          1400505.0,         14.000000,  11.645653,   38.04525314,   282.6452117,   6.118067596,   463.6,   253.4499939,   315.7038525,   82.85700226,   45.90814228,   43.09993172,   250.9403251,   6.247,   115,   147.952944,   108.0324,   0.46,   0,   288.52,   302.48,   -13.94,   2.06,   0.58,   315.7,   249.8499939,   264.3499939,   878.8,   46.1,   44.76,   168,   -118.22,   1.358,   0.952,   1.306,   1.08,   72.908,   0.2044428571,   1.268942857,   0.9513,   90.38,   74.50285714,   249.9785653,   0.06278,   6.18422,   0.2254134,   1.37908,   46.1,   406.09,   1.84995,   0.08233157895,    -999999,   -999999,   -999999,   -999999,   -999999,   -999999,   -999999,   -999999,   -999999,   -999999,   -999999,   -999999,   -999999,   -999999,   -999999,   -999999,   -999999,   -999999,   -999999,   -999999,   -999999,   -999999,   -999999,   -999999,   -999999,   -999999,   -999999,   -999999,   -999999,   -999999,   -999999,   -999999,   -999999,   -999999,   -999999,   -999999,   -999999,   -999999,   -999999,   -999999,   -999999,   -999999,   -999999,   -999999,   -999999,   -999999,   -999999,   -999999,   -999999,   -999999,   -999999,     -999999  
60492,   60,          1400506.0,         14.000000,  11.64667244,   38.04804186,   282.63967,   6.118067596,   463.6,   253.4899939,   315.7536775,   82.85700226,   45.90937084,   42.83957139,   251.020121,   6.2476,   115,   147.64428,   108.0324,   0.46,   0,   288.64,   302.52,   -13.88,   1.96,   0.82,   315.74,   250.2699939,   264.3499939,   878.6,   46.1,   44.52,   168.1,   -118.22,   1.412,   0.992,   1.31,   1.08,   75.494,   0.2035285714,   1.263342857,   0.9470714286,   90.15428571,   74.3,   249.9214225,   0.05894,   6.18866,   0.1950016,   1.37908,   46.42,   406.1057143,   1.8495,   0.08587368421,   405.74,   1851.98,   82.68,   329.57,   9.17,   527.37,   -47.35,    -999999,  231.55,   516.56,   3.31,   70.92,   8.61,   0.48,   20.83,   12.84,   94.96,   6.51,   22,   20.37,   1.29,   0.94,   3.57,   3.32,   0.4,   3.16,   82.98,   4.73,   2.06,   6.87,   0.15,   0.95,    -999999,  579.14,   43,   8.38,   2.03,   88.39,   537.51,   110.87,   17.61,   12.92,   5.37,   8.87,   17.92,   47.41,   0.15,   0.14,    -999999,  0.64,   8.01,          241.06000  
60497,   60,          1400507.0,         14.000000,  11.64769173,   38.0508379,   282.6341259,   6.116482636,   463.8,   253.4099939,   315.6151311,   82.85700226,   45.91061154,   42.87985876,   250.8801771,   6.2458,   115,   147.850056,   108.0324,   0.46,   0,   288.64,   302.54,   -13.88,   1.84,   0.74,   315.64,   250.2899939,   264.3499939,   879.4,   46.1,   44.44,   168.1,   -118.32,   1.414,   0.994,   1.302,   1.076,   76.006,   0.20958,   1.30088,   0.97546,   94.474,   77.722,   250.2519939,   0.05342,   6.19238,   0.1930732,   1.391072,   44.84,   406.14,   1.8508,   0.08215263158,   405.74,   1851.98,   82.68,   329.57,   9.17,   527.37,   -47.35,    -999999,  231.55,   516.56,   3.31,   70.92,   8.61,   0.48,   20.83,   12.84,   94.96,   6.51,   22,   20.37,   1.29,   0.94,   3.57,   3.32,   0.4,   3.16,   82.98,   4.73,   2.06,   6.87,   0.15,   0.95,    -999999,  579.14,   43,   8.38,   2.03,   88.39,   537.51,   110.87,   17.61,   12.92,   5.37,   8.87,   17.92,   47.41,   0.15,   0.14,    -999999,  0.64,   8.01,          241.06000  
60502,   60,          1400508.0,         14.000000,  11.64871062,   38.05364192,   282.628576,   6.118616236,   463.6,   253.3699939,   315.6042024,   82.85700226,   45.91186538,   42.6998287,   250.6400936,   6.2442,   115,   147.747168,   108.0324,   0.46,   0,   288.64,   302.58,   -13.92,   1.94,   0.76,   315.62,   250.1499939,   264.3499939,   878.4,   46.1,   44.48,   168.1,   -118.34,   1.398,   0.98,   1.298,   1.07,   75.424,   0.2093,   1.299157143,   0.9743285714,   94.36285714,   77.63285714,   250.252851,   0.0533,   6.1909,   0.1920274,   1.391072,   45.88,   406.0285714,   1.8483,   0.0822,   405.74,   1851.98,   82.68,   329.57,   9.17,   527.37,   -47.35,    -999999,  231.55,   516.56,   3.31,   70.92,   8.61,   0.48,   20.83,   12.84,   94.96,   6.51,   22,   20.37,   1.29,   0.94,   3.57,   3.32,   0.4,   3.16,   82.98,   4.73,   2.06,   6.87,   0.15,   0.95,    -999999,  579.14,   43,   8.38,   2.03,   88.39,   537.51,   110.87,   17.61,   12.92,   5.37,   8.87,   17.92,   47.41,   0.15,   0.14,    -999999,  0.64,   8.01,          241.06000  
60507,   60,          1400509.0,         14.000000,  11.64972925,   38.05645206,   282.6230221,   6.115933996,   463.8,   253.3899939,   315.5902216,   82.85700226,   45.91313033,   42.53964747,   250.6394921,   6.2438,   115,   147.64428,   108.0324,   0.46,   0,   288.72,   302.6,   -13.9,   2.12,   0.66,   315.6,   249.8699939,   264.3499939,   879,   46.1,   44.64,   168.1,   -118.22,   1.362,   0.952,   1.3,   1.07,   73.51,   0.20005,   1.241825,   0.93115,   90.1825,   74.195,   249.7374939,   0.0447,   6.1991,   0.1925738,   1.37908,   46.66,   405.97,   1.84805,   0.08055,   405.74,   1851.98,   82.68,   329.57,   9.17,   527.37,   -47.35,    -999999,  231.55,   516.56,   3.31,   70.92,   8.61,   0.48,   20.83,   12.84,   94.96,   6.51,   22,   20.37,   1.29,   0.94,   3.57,   3.32,   0.4,   3.16,   82.98,   4.73,   2.06,   6.87,   0.15,   0.95,    -999999,  579.14,   43,   8.38,   2.03,   88.39,   537.51,   110.87,   17.61,   12.92,   5.37,   8.87,   17.92,   47.41,   0.15,   0.14,    -999999,  0.64,   8.01,          241.06000  
60512,   60,          1400510.0,         14.000000,  11.65074801,   38.05926716,   282.6174701,   6.116970316,   463.6,   253.3699939,   315.6042024,   82.85700226,   45.91440463,   42.3199736,   250.8000944,   6.2454,   115,   147.64428,   108.0324,   0.46,   0,   288.9,   302.72,   -13.8,   2.24,   0.6,   315.56,   249.5699939,   264.1899939,   879.2,   46.1,   44.78,   168.12,   -118.28,   1.324,   0.932,   1.292,   1.064,   71.87,   0.20535,   1.274625,   0.955525,   92.5375,   76.135,   250.0274939,   0.04016,   6.20524,   0.1955924,   1.391072,   45.74,   405.95,   1.84715,   0.07513157895,    -999999,   -999999,   -999999,   -999999,   -999999,   -999999,   -999999,   -999999,   -999999,   -999999,   -999999,   -999999,   -999999,   -999999,   -999999,   -999999,   -999999,   -999999,   -999999,   -999999,   -999999,   -999999,   -999999,   -999999,   -999999,   -999999,   -999999,   -999999,   -999999,   -999999,   -999999,   -999999,   -999999,   -999999,   -999999,   -999999,   -999999,   -999999,   -999999,   -999999,   -999999,   -999999,   -999999,   -999999,   -999999,   -999999,   -999999,   -999999,   -999999,   -999999,   -999999,     -999999  
60517,   60,          1400511.0,         14.000000,  11.65176723,   38.06208492,   282.6119252,   6.120079276,   463,   253.4499939,   315.8206897,   82.85700226,   45.91568551,   42.5599636,   250.9200189,   6.2476,   115,   147.64428,   108.0324,   0.46,   0,   288.88,   302.72,   -13.84,   2.24,   0.42,   315.7,   249.2499939,   264.3499939,   878.8,   46.1,   44.94,   168.2,   -118.3,   1.29,   0.902,   1.3,   1.07,   69.476,   0.18842,   1.16954,   0.87636,   83.264,   68.634,   249.0579939,   0.0404,   6.2072,   0.197344,   1.43904,   43.96,   405.895,   1.84625,   0.0751,    -999999,   -999999,   -999999,   -999999,   -999999,   -999999,   -999999,   -999999,   -999999,   -999999,   -999999,   -999999,   -999999,   -999999,   -999999,   -999999,   -999999,   -999999,   -999999,   -999999,   -999999,   -999999,   -999999,   -999999,   -999999,   -999999,   -999999,   -999999,   -999999,   -999999,   -999999,   -999999,   -999999,   -999999,   -999999,   -999999,   -999999,   -999999,   -999999,   -999999,   -999999,   -999999,   -999999,   -999999,   -999999,   -999999,   -999999,   -999999,   -999999,   -999999,   -999999,     -999999  
60522,   60,          1400512.0,         14.000000,  11.65278667,   38.06489854,   282.6063834,   6.120688876,   463.2,   253.4499939,   315.7817224,   82.85700226,   45.91696661,   42.57991218,   250.7201502,   6.2484,   115,   147.64428,   108.0324,   0.46,   0,   288.74,   302.66,   -13.92,   1.94,   0.26,   315.7,   248.8099939,   264.3499939,   878.4,   46.1,   45,   168.2,   -118.46,   1.236,   0.868,   1.3,   1.07,   66.74,   0.1916,   1.1892375,   0.89115,   86.30625,   71.00375,   249.2462439,   0.03892,   6.20948,   0.196495,   1.43904,   43.24,   405.925,   1.84675,   0.07997368421,    -999999,   -999999,   -999999,   -999999,   -999999,   -999999,   -999999,   -999999,   -999999,   -999999,   -999999,   -999999,   -999999,   -999999,   -999999,   -999999,   -999999,   -999999,   -999999,   -999999,   -999999,   -999999,   -999999,   -999999,   -999999,   -999999,   -999999,   -999999,   -999999,   -999999,   -999999,   -999999,   -999999,   -999999,   -999999,   -999999,   -999999,   -999999,   -999999,   -999999,   -999999,   -999999,   -999999,   -999999,   -999999,   -999999,   -999999,   -999999,   -999999,   -999999,   -999999,     -999999  
60527,   60,          1400513.0,         14.000000,  11.6538056,   38.06770418,   282.600834,   6.120688876,   463.2,   253.4499939,   315.7817224,   82.85700226,   45.91824518,   42.43993754,   250.48016,   6.2474,   115,   147.64428,   108.0324,   0.46,   0,   288.64,   302.52,   -13.9,   1.86,   0.34,   315.7,   248.5299939,   264.3499939,   879,   46.1,   44.88,   168.2,   -118.46,   1.208,   0.848,   1.3,   1.07,   65.074,   0.18815,   1.167833333,   0.8754166667,   84.785,   69.7525,   249.0458272,   0.0433,   6.2041,   0.2188262,   1.463024,   43.44,   405.8814286,   1.8469,   0.08046315789,    -999999,   -999999,   -999999,   -999999,   -999999,   -999999,   -999999,   -999999,   -999999,   -999999,   -999999,   -999999,   -999999,   -999999,   -999999,   -999999,   -999999,   -999999,   -999999,   -999999,   -999999,   -999999,   -999999,   -999999,   -999999,   -999999,   -999999,   -999999,   -999999,   -999999,   -999999,   -999999,   -999999,   -999999,   -999999,   -999999,   -999999,   -999999,   -999999,   -999999,   -999999,   -999999,   -999999,   -999999,   -999999,   -999999,   -999999,   -999999,   -999999,   -999999,   -999999,     -999999  
60532,   60,          1400514.0,         14.000000,  11.65482373,   38.07050736,   282.5952727,   6.119713516,   463.6,   253.5099939,   315.77859,   82.85700226,   45.9195271,   42.45991286,   250.1201133,   6.2456,   115.4,   147.64428,   108.0324,   0.46,   0,   288.52,   302.52,   -14,   1.86,   0.7,   315.74,   248.3499939,   264.3499939,   878.6,   46.1,   44.58,   168.2,   -118.18,   1.19,   0.832,   1.306,   1.076,   63.78,   0.1841222222,   1.142655556,   0.8568888889,   81.64888889,   67.28333333,   248.8088828,   0.07748,   6.16812,   0.2222808,   1.43904,   44.28,   405.905,   1.84635,   0.07905,    -999999,   -999999,   -999999,   -999999,   -999999,   -999999,   -999999,   -999999,   -999999,   -999999,   -999999,   -999999,   -999999,   -999999,   -999999,   -999999,   -999999,   -999999,   -999999,   -999999,   -999999,   -999999,   -999999,   -999999,   -999999,   -999999,   -999999,   -999999,   -999999,   -999999,   -999999,   -999999,   -999999,   -999999,   -999999,   -999999,   -999999,   -999999,   -999999,   -999999,   -999999,   -999999,   -999999,   -999999,   -999999,   -999999,   -999999,   -999999,   -999999,   -999999,   -999999,     -999999  
60537,   60,          1400515.0,         14.000000,  11.65584113,   38.07331688,   282.5897003,   6.113800396,   463.8,   253.5499939,   315.7894972,   82.85700226,   45.92082102,   42.47995778,   250.060169,   6.243,   116,   147.747168,   108.135288,   0.46,   0,   288.54,   302.56,   -14.02,   1.96,   0.62,   315.76,   248.2499939,   264.4299939,   879,   46.1,   44.58,   168.26,   -118.1,   1.18,   0.83,   1.316,   1.088,   62.722,   0.1818,   1.128366667,   0.8462333333,   80.40444444,   66.27888889,   248.6644383,   0.06576,   6.17724,   0.2203216,   1.43904,   41.96,   405.905,   1.8469,   0.07635,    -999999,   -999999,   -999999,   -999999,   -999999,   -999999,   -999999,   -999999,   -999999,   -999999,   -999999,   -999999,   -999999,   -999999,   -999999,   -999999,   -999999,   -999999,   -999999,   -999999,   -999999,   -999999,   -999999,   -999999,   -999999,   -999999,   -999999,   -999999,   -999999,   -999999,   -999999,   -999999,   -999999,   -999999,   -999999,   -999999,   -999999,   -999999,   -999999,   -999999,   -999999,   -999999,   -999999,   -999999,   -999999,   -999999,   -999999,   -999999,   -999999,   -999999,   -999999,     -999999  
