inputs/ACTAMERICA_Merge/C130/ACTAMERICA-mrg05-c130_merge_20171030_R0.ict
145, 1001
Shook, Michael
NASA Atmospheric Composition Branch, NASA Langley Research Center (SSAI)
Merged data file for ACT-AMERICA Fall 2017, Flight 16 (20171030), on the c130 platform. Data is merged to 05 seconds.
NASA ACT-AMERICA Fall 2017
1, 1
2017, 10, 30, 2018, 07, 05
05
UTC,s
106
1, 1, 1, 1, 1, 1, 1, 1, 1, 1, 1, 1, 1, 1, 1, 1, 1, 1, 1, 1, 1, 1, 1, 1, 1, 1, 1, 1, 1, 1, 1, 1, 1, 1, 1, 1, 1, 1, 1, 1, 1, 1, 1, 1, 1, 1, 1, 1, 1, 1, 1, 1, 1, 1, 1, 1, 1, 1, 1, 1, 1, 1, 1, 1, 1, 1, 1, 1, 1, 1, 1, 1, 1, 1, 1, 1, 1, 1, 1, 1, 1, 1, 1, 1, 1, 1, 1, 1, 1, 1, 1, 1, 1, 1, 1, 1, 1, 1, 1, 1, 1, 1, 1, 1, 1, 1
-999999, -999999, -999999, -999999, -999999, -999999, -999999, -999999, -999999, -999999, -999999, -999999, -999999, -999999, -999999, -999999, -999999, -999999, -999999, -999999, -999999, -999999, -999999, -999999, -999999, -999999, -999999, -999999, -999999, -999999, -999999, -999999, -999999, -999999, -999999, -999999, -999999, -999999, -999999, -999999, -999999, -999999, -999999, -999999, -999999, -999999, -999999, -999999, -999999, -999999, -999999, -999999, -999999, -999999, -999999, -999999, -999999, -999999, -999999, -999999, -999999, -999999, -999999, -999999, -999999, -999999, -999999, -999999, -999999, -999999, -999999, -999999, -999999, -999999, -999999, -999999, -999999, -999999, -999999, -999999, -999999, -999999, -999999, -999999, -999999, -999999, -999999, -999999, -999999, -999999, -999999, -999999, -999999, -999999, -999999, -999999, -999999, -999999, -999999, -999999, -999999, -999999, -999999, -999999, -999999, -999999
JDAY, days
INDEX, none
FLIGHT, none
LOCAL_SUN_TIME, hour
LATITUDE, degs
LONGITUDE, degs
ALTP, km
PRESSURE, hPa
TEMPERATURE, K
THETA, K, calculated from ambient temperature and pressure
O3COLUMN, DU, OMI ozone column data extracted along flight track
SZA, deg
WNS, m s-1
WND, Degs
GPS_ALT, km
GRD_SPD, m s-1
TAS, m/s
IAS, m/s
MachNumber, mach
VerticalSpeed, m s-1
HDG, degs
TRK, degs
DriftAngle, degs
PITCH, degs
ROLL, degs
PotentialTemp_Nav, K
Dewpoint, K
TotalAirTemp, K
CabinPressure, hPa
SolarZenithAngle, degs
AircraftSunElevation, degs
SunAzimuth, degs
AircraftSunAzimuth, degs
H2O_MixingRatio_Nav, g kg-1
H2O_VaporPressure_Nav, hPa
H2O_SatVaporPressureWater_Nav, hPa
H2O_SatVaporPressureIce_Nav, hPa
H2O_RelativeHumidity_Nav, %
ManeuverFlag, none
H2O_VolMixingRatio_PICARRO, %
H2O_MassMixingRatio_PICARRO, g kg-1
H2O_VaporPressure_PICARRO, hPa
RHi_PICARRO, %
RHw_PICARRO, %
Dewpoint_PICARRO, K
GPS_ALT, km
GroundElevation-AMSL_GoogleMaps, km
Altitude-AGL_GoogleMaps, km
GroundHeight-AMSL_CPL, km
MLH-AMSL_CPL, km
O3_MixingRatio, ppbv
CO2_DryMoleFrac_PICARRO, ppm
CH4_DryMoleFrac_PICARRO, ppm
CO_DryMoleFrac_PICARRO, ppm
CO2_MoleFraction_PFP, ppm
CH4_MoleFraction_PFP, ppb
CO_MoleFraction_PFP, ppb
N2O_MoleFraction_PFP, ppb
SF6_CCGG_MoleFraction_PFP, ppt
H2_MoleFraction_PFP, ppb
CH4C13_PFP, permil
CO2C14_PFP, permil
F11B_MoleFraction_PFP, ppt
FC12_MoleFraction_PFP, ppt
F13_MoleFraction_PFP, ppt
F113_MoleFraction_PFP, ppt
F115_MoleFraction_PFP, ppt
HF133a_MoleFraction_PFP, ppt
F23_MoleFraction_PFP, ppt
F32_MoleFraction_PFP, ppt
F134A_MoleFraction_PFP, ppt
F152A_MoleFraction_PFP, ppt
F125_MoleFraction_PFP, ppt
F143a_MoleFraction_PFP, ppt
F227e_MoleFraction_PFP, ppt
F365m_MoleFraction_PFP, ppt
H1211_MoleFraction_PFP, ppt
H1301_MoleFraction_PFP, ppt
[...]
[from data line 2512]
69917,   303,          1602513.0,         16.000000,  13.12629018,   34.47856522,   265.5631027,   3.971483089,   618,   270.0499939,   309.8573148,   270,   50.84926257,   15.03990819,   268.299734,   4.047,   154.76,   152.428572,   124.2578376,   0.46,   -0.04,   171.5,   166.2,   5.24,   0.9,   0.22,   309.8,   255.8299939,   281.5499939,   1055.8,   52.4,   36.92,   -154.2,   34.1,   1.71,   1.6,   4.914,   4.774,   32.524,    -999999,  0.2566666667,   1.593211111,   1.592044444,   34.36111111,   33.27,   255.9444383,   4.047,   0.273,   3.772,   0.3868474,   1.373084,   42.94,   403.9185714,   1.87238,   0.07014736842,    -999999,   -999999,   -999999,   -999999,   -999999,   -999999,   -999999,   -999999,   -999999,   -999999,   -999999,   -999999,   -999999,   -999999,   -999999,   -999999,   -999999,   -999999,   -999999,   -999999,   -999999,   -999999,   -999999,   -999999,   -999999,   -999999,   -999999,   -999999,   -999999,   -999999,   -999999,   -999999,   -999999,   -999999,   -999999,   -999999,   -999999,   -999999,   -999999,   -999999,   -999999,   -999999,   -999999,   -999999,   -999999,   -999999,   -999999,   -999999,   -999999,   -999999,   -999999,     -999999  
69922,   303,          1602514.0,         16.000000,  13.12781411,   34.47176742,   265.5651283,   3.970385809,   618,   270.0499939,   309.8573148,   270,   50.84979495,   15.31990315,   267.6791122,   4.047,   154.66,   152.4079944,   124.2578376,   0.46,   0.12,   171.56,   166.2,   5.36,   0.9,   0.1,   309.8,   256.1499939,   281.5499939,   1056.4,   52.4,   36.8,   -154.2,   34.1,   1.76,   1.642,   4.91,   4.77,   33.414,    -999999,  0.26283,   1.63131,   1.63077,   35.733,   34.537,   256.2319939,   4.047,   0.27708,   3.76632,   0.3868074,   1.481012,   43.54,   403.945,   1.872283333,   0.07135,    -999999,   -999999,   -999999,   -999999,   -999999,   -999999,   -999999,   -999999,   -999999,   -999999,   -999999,   -999999,   -999999,   -999999,   -999999,   -999999,   -999999,   -999999,   -999999,   -999999,   -999999,   -999999,   -999999,   -999999,   -999999,   -999999,   -999999,   -999999,   -999999,   -999999,   -999999,   -999999,   -999999,   -999999,   -999999,   -999999,   -999999,   -999999,   -999999,   -999999,   -999999,   -999999,   -999999,   -999999,   -999999,   -999999,   -999999,   -999999,   -999999,   -999999,   -999999,     -999999  
69927,   303,          1602515.0,         16.000000,  13.12933575,   34.46496962,   265.5671196,   3.973189969,   618,   270.0099939,   309.8114185,   270,   50.8503278,   15.39868096,   266.5600049,   4.047,   154.52,   152.5726152,   124.3813032,   0.46,   0.1,   171.6,   166.2,   5.4,   0.88,   0.2,   309.8,   256.3099939,   281.5499939,   1056,   52.4,   36.86,   -154.1,   34.1,   1.78,   1.66,   4.904,   4.764,   33.874,    -999999,  0.2662,   1.6523,   1.652255556,   36.20333333,   34.98888889,   256.3888828,   4.047,   0.27082,   3.77458,   0.388949,   1.522984,   44.48,   403.985,   1.8749,   0.07002105263,    -999999,   -999999,   -999999,   -999999,   -999999,   -999999,   -999999,   -999999,   -999999,   -999999,   -999999,   -999999,   -999999,   -999999,   -999999,   -999999,   -999999,   -999999,   -999999,   -999999,   -999999,   -999999,   -999999,   -999999,   -999999,   -999999,   -999999,   -999999,   -999999,   -999999,   -999999,   -999999,   -999999,   -999999,   -999999,   -999999,   -999999,   -999999,   -999999,   -999999,   -999999,   -999999,   -999999,   -999999,   -999999,   -999999,   -999999,   -999999,   -999999,   -999999,   -999999,     -999999  
69932,   303,          1602516.0,         16.000000,  13.13085968,   34.45827484,   265.5691452,   3.973189969,   618,   269.9499939,   309.7425741,   270,   50.85097762,   15.53993952,   265.3799229,   4.048,   154.44,   152.7681024,   124.5562128,   0.46,   0.1,   171.7,   166.2,   5.46,   0.8,   0.24,   309.78,   256.2499939,   281.5499939,   1056,   52.4,   36.94,   -154.1,   34.02,   1.772,   1.652,   4.89,   4.75,   33.784,    -999999,  0.2661111111,   1.6517,   1.651433333,   36.04,   34.85222222,   256.3799939,   4.048,   0.2664,   3.7796,   0.3893066,   1.499,   46.72,   403.97,   1.87455,   0.074975,    -999999,   -999999,   -999999,   -999999,   -999999,   -999999,   -999999,   -999999,   -999999,   -999999,   -999999,   -999999,   -999999,   -999999,   -999999,   -999999,   -999999,   -999999,   -999999,   -999999,   -999999,   -999999,   -999999,   -999999,   -999999,   -999999,   -999999,   -999999,   -999999,   -999999,   -999999,   -999999,   -999999,   -999999,   -999999,   -999999,   -999999,   -999999,   -999999,   -999999,   -999999,   -999999,   -999999,   -999999,   -999999,   -999999,   -999999,   -999999,   -999999,   -999999,   -999999,     -999999  
69937,   303,          1602517.0,         16.000000,  13.13238132,   34.45147708,   265.5711365,   3.974043409,   618,   269.9499939,   309.7425741,   270,   50.85153202,   15.51976754,   264.8595363,   4.048,   154.32,   152.840124,   124.597368,   0.46,   0.08,   171.76,   166.3,   5.48,   0.78,   0.18,   309.76,   256.0899939,   281.5499939,   1055.2,   52.4,   36.96,   -154.1,   34.06,   1.746,   1.63,   4.886,   4.746,   33.322,    -999999,  0.2705888889,   1.679455556,   1.678955556,   35.86666667,   34.77,   256.5777717,   4.048,   0.26074,   3.78606,   0.389933,   1.499,   46.84,   404.02,   1.8766,   0.071855,    -999999,   -999999,   -999999,   -999999,   -999999,   -999999,   -999999,   -999999,   -999999,   -999999,   -999999,   -999999,   -999999,   -999999,   -999999,   -999999,   -999999,   -999999,   -999999,   -999999,   -999999,   -999999,   -999999,   -999999,   -999999,   -999999,   -999999,   -999999,   -999999,   -999999,   -999999,   -999999,   -999999,   -999999,   -999999,   -999999,   -999999,   -999999,   -999999,   -999999,   -999999,   -999999,   -999999,   -999999,   -999999,   -999999,   -999999,   -999999,   -999999,   -999999,   -999999,     -999999  
69942,   303,          1602518.0,         16.000000,  13.13390296,   34.44478226,   265.5731277,   3.974104369,   618,   269.9899939,   309.7884704,   270,   50.85219293,   15.59996569,   263.6599999,   4.048,   154.3,   153.1384992,   124.8442992,   0.462,   -0.12,   171.8,   166.3,   5.5,   0.7,   0.1,   309.74,   255.8699939,   281.6299939,   1055.6,   52.4,   37,   -154.06,   34.12,   1.716,   1.6,   4.886,   4.746,   32.752,    -999999,  0.27373,   1.69911,   1.69857,   36.284,   35.174,   256.7189939,   4.048,   0.29426,   3.75334,   0.419835,   1.499,   44.2,   404.01,   1.87615,   0.074485,    -999999,   -999999,   -999999,   -999999,   -999999,   -999999,   -999999,   -999999,   -999999,   -999999,   -999999,   -999999,   -999999,   -999999,   -999999,   -999999,   -999999,   -999999,   -999999,   -999999,   -999999,   -999999,   -999999,   -999999,   -999999,   -999999,   -999999,   -999999,   -999999,   -999999,   -999999,   -999999,   -999999,   -999999,   -999999,   -999999,   -999999,   -999999,   -999999,   -999999,   -999999,   -999999,   -999999,   -999999,   -999999,   -999999,   -999999,   -999999,   -999999,   -999999,   -999999,     -999999  
69947,   303,          1602519.0,         16.000000,  13.13542689,   34.4380188,   265.5751534,   3.973189969,   618,   270.0499939,   309.8573148,   270,   50.8528111,   15.59998468,   263.84,   4.0472,   154.34,   153.1179216,   124.8237216,   0.46,   -0.34,   171.76,   166.26,   5.5,   0.56,   0.04,   309.8,   255.6499939,   281.7499939,   1055.8,   52.4,   37.04,   -154,   34.22,   1.686,   1.576,   4.91,   4.77,   32.054,    -999999,  0.2694,   1.6723,   1.67155,   35.7075,   34.6175,   256.5249939,   4.0472,   0.30708,   3.73992,   0.4138984,   1.52898,   45.2,   404.015,   1.87665,   0.07482,    -999999,   -999999,   -999999,   -999999,   -999999,   -999999,   -999999,   -999999,   -999999,   -999999,   -999999,   -999999,   -999999,   -999999,   -999999,   -999999,   -999999,   -999999,   -999999,   -999999,   -999999,   -999999,   -999999,   -999999,   -999999,   -999999,   -999999,   -999999,   -999999,   -999999,   -999999,   -999999,   -999999,   -999999,   -999999,   -999999,   -999999,   -999999,   -999999,   -999999,   -999999,   -999999,   -999999,   -999999,   -999999,   -999999,   -999999,   -999999,   -999999,   -999999,   -999999,     -999999  
69952,   303,          1602520.0,         16.000000,  13.13694624,   34.43122098,   265.5771103,   3.971056369,   618,   270.0499939,   309.8573148,   270,   50.85338727,   15.5398863,   264.0993567,   4.046,   154.48,   153.1179216,   124.854588,   0.462,   -0.14,   171.7,   166.2,   5.5,   0.64,   0,   309.8,   255.4699939,   281.7499939,   1056,   52.4,   36.96,   -154,   34.3,   1.662,   1.552,   4.91,   4.768,   31.592,    -999999,  0.2650444444,   1.645111111,   1.644611111,   35.13444444,   34.05888889,   256.3333272,   4.046,   0.27722,   3.76978,   0.389926,   1.52898,   45.16,   403.99,   1.87465,   0.0751,    -999999,   -999999,   -999999,   -999999,   -999999,   -999999,   -999999,   -999999,   -999999,   -999999,   -999999,   -999999,   -999999,   -999999,   -999999,   -999999,   -999999,   -999999,   -999999,   -999999,   -999999,   -999999,   -999999,   -999999,   -999999,   -999999,   -999999,   -999999,   -999999,   -999999,   -999999,   -999999,   -999999,   -999999,   -999999,   -999999,   -999999,   -999999,   -999999,   -999999,   -999999,   -999999,   -999999,   -999999,   -999999,   -999999,   -999999,   -999999,   -999999,   -999999,   -999999,     -999999  
69957,   303,          1602521.0,         16.000000,  13.13846788,   34.42445756,   265.5791016,   3.969898129,   618,   270.0299939,   309.8343667,   270,   50.85401658,   15.53882838,   264.2007979,   4.046,   154.44,   153.0767664,   124.803144,   0.462,   0.22,   171.7,   166.2,   5.5,   0.76,   0.04,   309.78,   255.4499939,   281.7499939,   1055.6,   52.4,   36.88,   -154,   34.26,   1.66,   1.55,   4.912,   4.772,   31.506,    -999999,  0.2629,   1.631755556,   1.631255556,   34.85111111,   33.78333333,   256.2322161,   4.046,   0.26478,   3.78222,   0.390478,   1.546968,   43.7,   403.98,   1.8744,   0.0669,    -999999,   -999999,   -999999,   -999999,   -999999,   -999999,   -999999,   -999999,   -999999,   -999999,   -999999,   -999999,   -999999,   -999999,   -999999,   -999999,   -999999,   -999999,   -999999,   -999999,   -999999,   -999999,   -999999,   -999999,   -999999,   -999999,   -999999,   -999999,   -999999,   -999999,   -999999,   -999999,   -999999,   -999999,   -999999,   -999999,   -999999,   -999999,   -999999,   -999999,   -999999,   -999999,   -999999,   -999999,   -999999,   -999999,   -999999,   -999999,   -999999,   -999999,   -999999,     -999999  
69962,   303,          1602522.0,         16.000000,  13.13998952,   34.41772844,   265.5810928,   3.971544049,   618,   270.1299939,   309.9491074,   270,   50.85468851,   15.57973009,   263.4803576,   4.047,   154.3,   153.1384992,   124.8340104,   0.462,   0.38,   171.7,   166.2,   5.5,   0.8,   0,   309.9,   255.5099939,   281.8299939,   1056.2,   52.4,   36.84,   -153.9,   34.3,   1.666,   1.552,   4.94,   4.802,   31.456,    -999999,  0.2650636364,   1.645163636,   1.644627273,   35.13454545,   34.05909091,   256.3318121,   4.047,   0.30662,   3.74138,   0.4148256,   1.55896,   44.1,   403.98,   1.874,   0.0731,    -999999,   -999999,   -999999,   -999999,   -999999,   -999999,   -999999,   -999999,   -999999,   -999999,   -999999,   -999999,   -999999,   -999999,   -999999,   -999999,   -999999,   -999999,   -999999,   -999999,   -999999,   -999999,   -999999,   -999999,   -999999,   -999999,   -999999,   -999999,   -999999,   -999999,   -999999,   -999999,   -999999,   -999999,   -999999,   -999999,   -999999,   -999999,   -999999,   -999999,   -999999,   -999999,   -999999,   -999999,   -999999,   -999999,   -999999,   -999999,   -999999,   -999999,   -999999,     -999999  
69967,   303,          1602523.0,         16.000000,  13.14151116,   34.41096498,   265.5830841,   3.974043409,   618,   270.1299939,   309.9491074,   270,   50.85533927,   15.55990002,   262.7607973,   4.0484,   154.3,   153.2825424,   124.9471872,   0.47,   0.08,   171.7,   166.2,   5.48,   0.64,   0.14,   309.92,   255.5699939,   281.8499939,   1055,   52.4,   37.02,   -153.9,   34.32,   1.676,   1.562,   4.938,   4.798,   31.672,    -999999,  0.265,   1.644825,   1.644025,   35.1225,   34.045,   256.3274939,   4.0484,   0.30014,   3.74786,   0.420749,   1.552964,   45.9,   403.9628571,   1.8743,   0.0732,    -999999,   -999999,   -999999,   -999999,   -999999,   -999999,   -999999,   -999999,   -999999,   -999999,   -999999,   -999999,   -999999,   -999999,   -999999,   -999999,   -999999,   -999999,   -999999,   -999999,   -999999,   -999999,   -999999,   -999999,   -999999,   -999999,   -999999,   -999999,   -999999,   -999999,   -999999,   -999999,   -999999,   -999999,   -999999,   -999999,   -999999,   -999999,   -999999,   -999999,   -999999,   -999999,   -999999,   -999999,   -999999,   -999999,   -999999,   -999999,   -999999,   -999999,   -999999,     -999999  
69972,   303,          1602524.0,         16.000000,  13.14303509,   34.4042015,   265.5851097,   3.974043409,   618,   270.0699939,   309.880263,   270,   50.8560112,   15.739613,   262.0384969,   4.0492,   154.22,   153.4368744,   125.0500752,   0.47,   0.04,   171.78,   166.24,   5.54,   0.64,   0.34,   309.9,   255.6499939,   281.8499939,   1055.4,   52.4,   37.14,   -153.9,   34.18,   1.686,   1.572,   4.93,   4.792,   31.886,    -999999,  0.26325,   1.634,   1.63325,   34.8925,   33.8225,   256.2474939,   4.0492,   0.30568,   3.74232,   0.4326498,   1.493004,   44.7,   403.98375,   1.87375,   0.07105,    -999999,   -999999,   -999999,   -999999,   -999999,   -999999,   -999999,   -999999,   -999999,   -999999,   -999999,   -999999,   -999999,   -999999,   -999999,   -999999,   -999999,   -999999,   -999999,   -999999,   -999999,   -999999,   -999999,   -999999,   -999999,   -999999,   -999999,   -999999,   -999999,   -999999,   -999999,   -999999,   -999999,   -999999,   -999999,   -999999,   -999999,   -999999,   -999999,   -999999,   -999999,   -999999,   -999999,   -999999,   -999999,   -999999,   -999999,   -999999,   -999999,   -999999,   -999999,     -999999  
