inputs/ACTAMERICA_Merge/C130/ACTAMERICA-mrg05-c130_merge_20171109_R0.ict
145, 1001
Shook, Michael
NASA Atmospheric Composition Branch, NASA Langley Research Center (SSAI)
Merged data file for ACT-AMERICA Fall 2017, Flight 21 (20171109), on the c130 platform. Data is merged to 05 seconds.
NASA ACT-AMERICA Fall 2017
1, 1
2017, 11, 09, 2018, 07, 05
05
UTC,s
106
1, 1, 1, 1, 1, 1, 1, 1, 1, 1, 1, 1, 1, 1, 1, 1, 1, 1, 1, 1, 1, 1, 1, 1, 1, 1, 1, 1, 1, 1, 1, 1, 1, 1, 1, 1, 1, 1, 1, 1, 1, 1, 1, 1, 1, 1, 1, 1, 1, 1, 1, 1, 1, 1, 1, 1, 1, 1, 1, 1, 1, 1, 1, 1, 1, 1, 1, 1, 1, 1, 1, 1, 1, 1, 1, 1, 1, 1, 1, 1, 1, 1, 1, 1, 1, 1, 1, 1, 1, 1, 1, 1, 1, 1, 1, 1, 1, 1, 1, 1, 1, 1, 1, 1, 1, 1
-999999, -999999, -999999, -999999, -999999, -999999, -999999, -999999, -999999, -999999, -999999, -999999, -999999, -999999, -999999, -999999, -999999, -999999, -999999, -999999, -999999, -999999, -999999, -999999, -999999, -999999, -999999, -999999, -999999, -999999, -999999, -999999, -999999, -999999, -999999, -999999, -999999, -999999, -999999, -999999, -999999, -999999, -999999, -999999, -999999, -999999, -999999, -999999, -999999, -999999, -999999, -999999, -999999, -999999, -999999, -999999, -999999, -999999, -999999, -999999, -999999, -999999, -999999, -999999, -999999, -999999, -999999, -999999, -999999, -999999, -999999, -999999, -999999, -999999, -999999, -999999, -999999, -999999, -999999, -999999, -999999, -999999, -999999, -999999, -999999, -999999, -999999, -999999, -999999, -999999, -999999, -999999, -999999, -999999, -999999, -999999, -999999, -999999, -999999, -999999, -999999, -999999, -999999, -999999, -999999, -999999
JDAY, days
INDEX, none
FLIGHT, none
LOCAL_SUN_TIME, hour
LATITUDE, degs
LONGITUDE, degs
ALTP, km
PRESSURE, hPa
TEMPERATURE, K
THETA, K, calculated from ambient temperature and pressure
O3COLUMN, DU, OMI ozone column data extracted along flight track
SZA, deg
WNS, m s-1
WND, Degs
GPS_ALT, km
GRD_SPD, m s-1
TAS, m/s
IAS, m/s
MachNumber, mach
VerticalSpeed, m s-1
HDG, degs
TRK, degs
DriftAngle, degs
PITCH, degs
ROLL, degs
PotentialTemp_Nav, K
Dewpoint, K
TotalAirTemp, K
CabinPressure, hPa
SolarZenithAngle, degs
AircraftSunElevation, degs
SunAzimuth, degs
AircraftSunAzimuth, degs
H2O_MixingRatio_Nav, g kg-1
H2O_VaporPressure_Nav, hPa
H2O_SatVaporPressureWater_Nav, hPa
H2O_SatVaporPressureIce_Nav, hPa
H2O_RelativeHumidity_Nav, %
ManeuverFlag, none
H2O_VolMixingRatio_PICARRO, %
H2O_MassMixingRatio_PICARRO, g kg-1
H2O_VaporPressure_PICARRO, hPa
RHi_PICARRO, %
RHw_PICARRO, %
Dewpoint_PICARRO, K
GPS_ALT, km
GroundElevation-AMSL_GoogleMaps, km
Altitude-AGL_GoogleMaps, km
GroundHeight-AMSL_CPL, km
MLH-AMSL_CPL, km
O3_MixingRatio, ppbv
CO2_DryMoleFrac_PICARRO, ppm
CH4_DryMoleFrac_PICARRO, ppm
CO_DryMoleFrac_PICARRO, ppm
CO2_MoleFraction_PFP, ppm
CH4_MoleFraction_PFP, ppb
CO_MoleFraction_PFP, ppb
N2O_MoleFraction_PFP, ppb
SF6_CCGG_MoleFraction_PFP, ppt
H2_MoleFraction_PFP, ppb
CH4C13_PFP, permil
CO2C14_PFP, permil
F11B_MoleFraction_PFP, ppt
FC12_MoleFraction_PFP, ppt
F13_MoleFraction_PFP, ppt
F113_MoleFraction_PFP, ppt
F115_MoleFraction_PFP, ppt
HF133a_MoleFraction_PFP, ppt
F23_MoleFraction_PFP, ppt
F32_MoleFraction_PFP, ppt
F134A_MoleFraction_PFP, ppt
F152A_MoleFraction_PFP, ppt
F125_MoleFraction_PFP, ppt
F143a_MoleFraction_PFP, ppt
F227e_MoleFraction_PFP, ppt
F365m_MoleFraction_PFP, ppt
H1211_MoleFraction_PFP, ppt
H1301_MoleFraction_PFP, ppt
[...]
[from data line 1854]
67837,   313,          2101855.0,         21.000000,  12.37377606,   38.37046006,   262.9420576,   7.622133694,   375,   244.4499939,   323.5157199,   264,   55.46710064,   28.85994683,   288.9000004,   7.884,   141.9,   123.362712,   82.53675361,   0.39,   0.02,   162.84,   153.56,   9.26,   4.56,   0.52,   323.4,   234.8899939,   252.0499939,   806.2,   56.1,   29.76,   -169.2,   26.8,   0.408,   0.23,   0.58,   0.44,   39.646,    -999999,  0.06595,   0.4092,   0.24775,   59.9925,   45.12,   235.7824939,   7.884,   0.41524,   7.46876,   0.5633844,   1.25916,   51.6,   404.71,   1.88535,   0.08127368421,    -999999,   -999999,   -999999,   -999999,   -999999,   -999999,   -999999,   -999999,   -999999,   -999999,   -999999,   -999999,   -999999,   -999999,   -999999,   -999999,   -999999,   -999999,   -999999,   -999999,   -999999,   -999999,   -999999,   -999999,   -999999,   -999999,   -999999,   -999999,   -999999,   -999999,   -999999,   -999999,   -999999,   -999999,   -999999,   -999999,   -999999,   -999999,   -999999,   -999999,   -999999,   -999999,   -999999,   -999999,   -999999,   -999999,   -999999,   -999999,   -999999,   -999999,   -999999,     -999999  
67842,   313,          2101856.0,         21.000000,  12.37540571,   38.36474258,   262.945669,   7.625303614,   375,   244.4299939,   323.4892511,   264,   55.46360045,   29.03972773,   288.4797519,   7.884,   141.94,   123.4758888,   82.60877521,   0.39,   0,   162.96,   153.56,   9.42,   4.5,   0.42,   323.42,   234.7499939,   252.0499939,   806,   56.1,   29.76,   -169.2,   26.74,   0.4,   0.23,   0.58,   0.44,   39.146,    -999999,  0.06785,   0.42105,   0.254925,   61.7225,   46.4225,   236.0624939,   7.884,   0.40794,   7.47606,   0.5634538,   1.253164,   56.68,   404.735,   1.885477778,   0.08225789474,    -999999,   -999999,   -999999,   -999999,   -999999,   -999999,   -999999,   -999999,   -999999,   -999999,   -999999,   -999999,   -999999,   -999999,   -999999,   -999999,   -999999,   -999999,   -999999,   -999999,   -999999,   -999999,   -999999,   -999999,   -999999,   -999999,   -999999,   -999999,   -999999,   -999999,   -999999,   -999999,   -999999,   -999999,   -999999,   -999999,   -999999,   -999999,   -999999,   -999999,   -999999,   -999999,   -999999,   -999999,   -999999,   -999999,   -999999,   -999999,   -999999,   -999999,   -999999,     -999999  
67847,   313,          2101857.0,         21.000000,  12.37703557,   38.35902174,   262.9492836,   7.620975454,   375.2,   244.4099939,   323.4135095,   264,   55.46010726,   28.75984248,   289.0001394,   7.8846,   142.1,   123.568488,   82.68079681,   0.39,   0.06,   162.76,   153.52,   9.22,   4.48,   0.24,   323.34,   234.7499939,   252.0499939,   806.2,   56.1,   29.64,   -169.16,   27.18,   0.4,   0.23,   0.58,   0.44,   39.126,    -999999,  0.06128,   0.38034,   0.23026,   55.756,   41.932,   235.0599939,   7.8846,   0.40108,   7.48352,   0.5641066,   1.22918,   52.66,   404.74,   1.8857,   0.08324,    -999999,   -999999,   -999999,   -999999,   -999999,   -999999,   -999999,   -999999,   -999999,   -999999,   -999999,   -999999,   -999999,   -999999,   -999999,   -999999,   -999999,   -999999,   -999999,   -999999,   -999999,   -999999,   -999999,   -999999,   -999999,   -999999,   -999999,   -999999,   -999999,   -999999,   -999999,   -999999,   -999999,   -999999,   -999999,   -999999,   -999999,   -999999,   -999999,   -999999,   -999999,   -999999,   -999999,   -999999,   -999999,   -999999,   -999999,   -999999,   -999999,   -999999,   -999999,     -999999  
67852,   313,          2101858.0,         21.000000,  12.37866615,   38.35329846,   262.9529089,   7.622194654,   375.2,   244.3899939,   323.3870447,   264,   55.45662266,   28.85990198,   289.0398475,   7.885,   142.22,   123.6096432,   82.70137441,   0.39,   0,   162.78,   153.5,   9.24,   4.48,   0.68,   323.36,   234.7499939,   252.0499939,   805.6,   56.1,   29.96,   -169.1,   26.9,   0.4,   0.23,   0.58,   0.44,   39.124,    -999999,  0.05984285714,   0.3714571429,   0.2249,   54.45571429,   40.95428571,   234.832851,   7.885,   0.40114,   7.48386,   0.5636698,   1.22918,   55.38,   404.705,   1.8853,   0.08392222222,    -999999,   -999999,   -999999,   -999999,   -999999,   -999999,   -999999,   -999999,   -999999,   -999999,   -999999,   -999999,   -999999,   -999999,   -999999,   -999999,   -999999,   -999999,   -999999,   -999999,   -999999,   -999999,   -999999,   -999999,   -999999,   -999999,   -999999,   -999999,   -999999,   -999999,   -999999,   -999999,   -999999,   -999999,   -999999,   -999999,   -999999,   -999999,   -999999,   -999999,   -999999,   -999999,   -999999,   -999999,   -999999,   -999999,   -999999,   -999999,   -999999,   -999999,   -999999,     -999999  
67857,   313,          2101859.0,         21.000000,  12.38029653,   38.34756912,   262.9565312,   7.620304894,   375.2,   244.4299939,   323.4399743,   264,   55.45314184,   28.87974391,   288.5591404,   7.8846,   142.28,   123.8668632,   82.88657281,   0.4,   -0.02,   162.82,   153.54,   9.32,   4.46,   0.34,   323.38,   234.8099939,   252.1299939,   805.6,   56.1,   29.8,   -169.1,   27.04,   0.4,   0.23,   0.58,   0.44,   39.142,    -999999,  0.05898571429,   0.3660571429,   0.2216428571,   53.66428571,   40.36285714,   234.6842796,   7.8846,   0.39896,   7.48564,   0.5624762,   1.22918,   54.06,   404.725,   1.8857,   0.0836,    -999999,   -999999,   -999999,   -999999,   -999999,   -999999,   -999999,   -999999,   -999999,   -999999,   -999999,   -999999,   -999999,   -999999,   -999999,   -999999,   -999999,   -999999,   -999999,   -999999,   -999999,   -999999,   -999999,   -999999,   -999999,   -999999,   -999999,   -999999,   -999999,   -999999,   -999999,   -999999,   -999999,   -999999,   -999999,   -999999,   -999999,   -999999,   -999999,   -999999,   -999999,   -999999,   -999999,   -999999,   -999999,   -999999,   -999999,   -999999,   -999999,   -999999,   -999999,     -999999  
67862,   313,          2101860.0,         21.000000,  12.38192731,   38.34183602,   262.9601597,   7.620914494,   375,   244.4499939,   323.5157199,   264,   55.4496679,   28.79907855,   288.6381242,   7.884,   142.48,   124.0417728,   83.01003841,   0.4,   -0.12,   162.7,   153.44,   9.24,   4.36,   0.32,   323.4,   234.7699939,   252.1499939,   805.4,   56.1,   29.84,   -169.1,   27.28,   0.4,   0.23,   0.58,   0.44,   39.078,    -999999,  0.05675,   0.35205,   0.21315,   51.6125,   38.8175,   234.3049939,   7.884,   0.3987,   7.4853,   0.5620284,   1.22918,   54.46,   404.725,   1.8854,   0.07915,    -999999,   -999999,   -999999,   -999999,   -999999,   -999999,   -999999,   -999999,   -999999,   -999999,   -999999,   -999999,   -999999,   -999999,   -999999,   -999999,   -999999,   -999999,   -999999,   -999999,   -999999,   -999999,   -999999,   -999999,   -999999,   -999999,   -999999,   -999999,   -999999,   -999999,   -999999,   -999999,   -999999,   -999999,   -999999,   -999999,   -999999,   -999999,   -999999,   -999999,   -999999,   -999999,   -999999,   -999999,   -999999,   -999999,   -999999,   -999999,   -999999,   -999999,   -999999,     -999999  
67867,   313,          2101861.0,         21.000000,  12.38355865,   38.33609936,   262.9637965,   7.620975454,   375.2,   244.4499939,   323.4664392,   264,   55.44620127,   28.93972832,   288.3789906,   7.884,   142.58,   124.1652384,   83.10263761,   0.4,   -0.06,   162.84,   153.5,   9.32,   4.5,   0.68,   323.4,   234.7099939,   252.1499939,   805.8,   56.1,   29.96,   -169.02,   26.9,   0.4,   0.23,   0.58,   0.44,   38.93,    -999999,  0.0597,   0.370625,   0.2244,   54.3325,   40.865,   234.7974939,   7.884,   0.39876,   7.48524,   0.563148,   1.22918,   54.36,   404.71,   1.8856,   0.086,    -999999,   -999999,   -999999,   -999999,   -999999,   -999999,   -999999,   -999999,   -999999,   -999999,   -999999,   -999999,   -999999,   -999999,   -999999,   -999999,   -999999,   -999999,   -999999,   -999999,   -999999,   -999999,   -999999,   -999999,   -999999,   -999999,   -999999,   -999999,   -999999,   -999999,   -999999,   -999999,   -999999,   -999999,   -999999,   -999999,   -999999,   -999999,   -999999,   -999999,   -999999,   -999999,   -999999,   -999999,   -999999,   -999999,   -999999,   -999999,   -999999,   -999999,   -999999,     -999999  
67872,   313,          2101862.0,         21.000000,  12.38518971,   38.3303586,   262.9674289,   7.623413854,   375,   244.4499939,   323.5157199,   264,   55.44274024,   29.17983311,   288.1800548,   7.884,   142.54,   124.1137944,   83.06148241,   0.4,   0.16,   163,   153.5,   9.44,   4.56,   0.46,   323.42,   234.6499939,   252.1499939,   805,   56.1,   29.8,   -169,   26.9,   0.4,   0.224,   0.58,   0.44,   38.614,    -999999,  0.073225,   0.454575,   0.275225,   66.64,   50.1175,   236.8199939,   7.884,   0.39702,   7.48698,   0.563292,   1.22918,   55.24,   404.71,   1.8848,   0.0798,    -999999,   -999999,   -999999,   -999999,   -999999,   -999999,   -999999,   -999999,   -999999,   -999999,   -999999,   -999999,   -999999,   -999999,   -999999,   -999999,   -999999,   -999999,   -999999,   -999999,   -999999,   -999999,   -999999,   -999999,   -999999,   -999999,   -999999,   -999999,   -999999,   -999999,   -999999,   -999999,   -999999,   -999999,   -999999,   -999999,   -999999,   -999999,   -999999,   -999999,   -999999,   -999999,   -999999,   -999999,   -999999,   -999999,   -999999,   -999999,   -999999,   -999999,   -999999,     -999999  
67877,   313,          2101863.0,         21.000000,  12.38682077,   38.32461682,   262.9710616,   7.620914494,   375.2,   244.4499939,   323.4664392,   264,   55.43928831,   29.27996451,   288.300068,   7.884,   142.62,   124.0417728,   83.02032721,   0.4,   0.08,   162.94,   153.5,   9.46,   4.44,   0.36,   323.4,   234.6899939,   252.1499939,   804.6,   56.1,   29.8,   -169,   27.06,   0.4,   0.224,   0.58,   0.44,   38.708,    -999999,  0.07986666667,   0.4957888889,   0.3001666667,   72.68333333,   54.66111111,   237.6933272,   7.884,   0.396,   7.488,   0.5624788,   1.22918,   52.86,   404.69125,   1.8849,   0.08275,    -999999,   -999999,   -999999,   -999999,   -999999,   -999999,   -999999,   -999999,   -999999,   -999999,   -999999,   -999999,   -999999,   -999999,   -999999,   -999999,   -999999,   -999999,   -999999,   -999999,   -999999,   -999999,   -999999,   -999999,   -999999,   -999999,   -999999,   -999999,   -999999,   -999999,   -999999,   -999999,   -999999,   -999999,   -999999,   -999999,   -999999,   -999999,   -999999,   -999999,   -999999,   -999999,   -999999,   -999999,   -999999,   -999999,   -999999,   -999999,   -999999,   -999999,   -999999,     -999999  
67882,   313,          2101864.0,         21.000000,  12.38845234,   38.318874,   262.9747018,   7.619695294,   375.4,   244.4499939,   323.4171922,   264,   55.43584614,   29.29991807,   288.660409,   7.884,   142.76,   123.9903288,   82.97917201,   0.4,   -0.04,   162.86,   153.44,   9.4,   4.46,   0.26,   323.4,   235.0099939,   252.1499939,   804.4,   56.1,   29.8,   -168.96,   27.22,   0.41,   0.232,   0.58,   0.44,   39.96,    -999999,  0.0789,   0.489575,   0.2964,   71.77,   53.9775,   237.5624939,   7.884,   0.39486,   7.48914,   0.5627068,   1.22918,   52.82,   404.6714286,   1.884672727,   0.08475,    -999999,   -999999,   -999999,   -999999,   -999999,   -999999,   -999999,   -999999,   -999999,   -999999,   -999999,   -999999,   -999999,   -999999,   -999999,   -999999,   -999999,   -999999,   -999999,   -999999,   -999999,   -999999,   -999999,   -999999,   -999999,   -999999,   -999999,   -999999,   -999999,   -999999,   -999999,   -999999,   -999999,   -999999,   -999999,   -999999,   -999999,   -999999,   -999999,   -999999,   -999999,   -999999,   -999999,   -999999,   -999999,   -999999,   -999999,   -999999,   -999999,   -999999,   -999999,     -999999  
67887,   313,          2101865.0,         21.000000,  12.39008463,   38.31312992,   262.9783528,   7.620914494,   375.2,   244.4499939,   323.4664392,   264,   55.4324138,   29.2399111,   288.799931,   7.884,   142.82,   124.0109064,   82.97917201,   0.4,   -0.04,   162.72,   153.4,   9.36,   4.52,   0.36,   323.38,   235.5099939,   252.1499939,   803.8,   56.1,   29.76,   -168.9,   27.3,   0.432,   0.246,   0.58,   0.44,   42.124,    -999999,  0.07444,   0.462,   0.27972,   67.73,   50.938,   236.9839939,   7.884,   0.39366,   7.49034,   0.563268,   1.217188,   55.58,   404.68,   1.884916667,   0.08141764706,    -999999,   -999999,   -999999,   -999999,   -999999,   -999999,   -999999,   -999999,   -999999,   -999999,   -999999,   -999999,   -999999,   -999999,   -999999,   -999999,   -999999,   -999999,   -999999,   -999999,   -999999,   -999999,   -999999,   -999999,   -999999,   -999999,   -999999,   -999999,   -999999,   -999999,   -999999,   -999999,   -999999,   -999999,   -999999,   -999999,   -999999,   -999999,   -999999,   -999999,   -999999,   -999999,   -999999,   -999999,   -999999,   -999999,   -999999,   -999999,   -999999,   -999999,   -999999,     -999999  
67892,   313,          2101866.0,         21.000000,  12.39171733,   38.30738476,   262.98201,   7.621524094,   375.2,   244.4499939,   323.4664392,   264,   55.42899109,   29.39995357,   288.6599319,   7.8846,   142.86,   124.031484,   82.98946081,   0.4,   0.1,   162.8,   153.36,   9.44,   4.5,   0.74,   323.4,   236.1499939,   252.1499939,   804.4,   56.1,   29.88,   -168.9,   27.1,   0.462,   0.262,   0.58,   0.44,   44.878,    -999999,  0.072475,   0.4498,   0.272375,   65.9425,   49.595,   236.7124939,   7.8846,   0.39576,   7.48884,   0.563787,   1.1992,   58.46,   404.73,   1.88505,   0.0835,    -999999,   -999999,   -999999,   -999999,   -999999,   -999999,   -999999,   -999999,   -999999,   -999999,   -999999,   -999999,   -999999,   -999999,   -999999,   -999999,   -999999,   -999999,   -999999,   -999999,   -999999,   -999999,   -999999,   -999999,   -999999,   -999999,   -999999,   -999999,   -999999,   -999999,   -999999,   -999999,   -999999,   -999999,   -999999,   -999999,   -999999,   -999999,   -999999,   -999999,   -999999,   -999999,   -999999,   -999999,   -999999,   -999999,   -999999,   -999999,   -999999,   -999999,   -999999,     -999999  
