inputs/ACTAMERICA_Merge/C130/ACTAMERICA-mrg05-c130_merge_20171026_R0.ict
145, 1001
Shook, Michael
NASA Atmospheric Composition Branch, NASA Langley Research Center (SSAI)
Merged data file for ACT-AMERICA Fall 2017, Flight 14 (20171026), on the c130 platform. Data is merged to 05 seconds.
NASA ACT-AMERICA Fall 2017
1, 1
2017, 10, 26, 2018, 07, 05
05
UTC,s
106
1, 1, 1, 1, 1, 1, 1, 1, 1, 1, 1, 1, 1, 1, 1, 1, 1, 1, 1, 1, 1, 1, 1, 1, 1, 1, 1, 1, 1, 1, 1, 1, 1, 1, 1, 1, 1, 1, 1, 1, 1, 1, 1, 1, 1, 1, 1, 1, 1, 1, 1, 1, 1, 1, 1, 1, 1, 1, 1, 1, 1, 1, 1, 1, 1, 1, 1, 1, 1, 1, 1, 1, 1, 1, 1, 1, 1, 1, 1, 1, 1, 1, 1, 1, 1, 1, 1, 1, 1, 1, 1, 1, 1, 1, 1, 1, 1, 1, 1, 1, 1, 1, 1, 1, 1, 1
-999999, -999999, -999999, -999999, -999999, -999999, -999999, -999999, -999999, -999999, -999999, -999999, -999999, -999999, -999999, -999999, -999999, -999999, -999999, -999999, -999999, -999999, -999999, -999999, -999999, -999999, -999999, -999999, -999999, -999999, -999999, -999999, -999999, -999999, -999999, -999999, -999999, -999999, -999999, -999999, -999999, -999999, -999999, -999999, -999999, -999999, -999999, -999999, -999999, -999999, -999999, -999999, -999999, -999999, -999999, -999999, -999999, -999999, -999999, -999999, -999999, -999999, -999999, -999999, -999999, -999999, -999999, -999999, -999999, -999999, -999999, -999999, -999999, -999999, -999999, -999999, -999999, -999999, -999999, -999999, -999999, -999999, -999999, -999999, -999999, -999999, -999999, -999999, -999999, -999999, -999999, -999999, -999999, -999999, -999999, -999999, -999999, -999999, -999999, -999999, -999999, -999999, -999999, -999999, -999999, -999999
JDAY, days
INDEX, none
FLIGHT, none
LOCAL_SUN_TIME, hour
LATITUDE, degs
LONGITUDE, degs
ALTP, km
PRESSURE, hPa
TEMPERATURE, K
THETA, K, calculated from ambient temperature and pressure
O3COLUMN, DU, OMI ozone column data extracted along flight track
SZA, deg
WNS, m s-1
WND, Degs
GPS_ALT, km
GRD_SPD, m s-1
TAS, m/s
IAS, m/s
MachNumber, mach
VerticalSpeed, m s-1
HDG, degs
TRK, degs
DriftAngle, degs
PITCH, degs
ROLL, degs
PotentialTemp_Nav, K
Dewpoint, K
TotalAirTemp, K
CabinPressure, hPa
SolarZenithAngle, degs
AircraftSunElevation, degs
SunAzimuth, degs
AircraftSunAzimuth, degs
H2O_MixingRatio_Nav, g kg-1
H2O_VaporPressure_Nav, hPa
H2O_SatVaporPressureWater_Nav, hPa
H2O_SatVaporPressureIce_Nav, hPa
H2O_RelativeHumidity_Nav, %
ManeuverFlag, none
H2O_VolMixingRatio_PICARRO, %
H2O_MassMixingRatio_PICARRO, g kg-1
H2O_VaporPressure_PICARRO, hPa
RHi_PICARRO, %
RHw_PICARRO, %
Dewpoint_PICARRO, K
GPS_ALT, km
GroundElevation-AMSL_GoogleMaps, km
Altitude-AGL_GoogleMaps, km
GroundHeight-AMSL_CPL, km
MLH-AMSL_CPL, km
O3_MixingRatio, ppbv
CO2_DryMoleFrac_PICARRO, ppm
CH4_DryMoleFrac_PICARRO, ppm
CO_DryMoleFrac_PICARRO, ppm
CO2_MoleFraction_PFP, ppm
CH4_MoleFraction_PFP, ppb
CO_MoleFraction_PFP, ppb
N2O_MoleFraction_PFP, ppb
SF6_CCGG_MoleFraction_PFP, ppt
H2_MoleFraction_PFP, ppb
CH4C13_PFP, permil
CO2C14_PFP, permil
F11B_MoleFraction_PFP, ppt
FC12_MoleFraction_PFP, ppt
F13_MoleFraction_PFP, ppt
F113_MoleFraction_PFP, ppt
F115_MoleFraction_PFP, ppt
HF133a_MoleFraction_PFP, ppt
F23_MoleFraction_PFP, ppt
F32_MoleFraction_PFP, ppt
F134A_MoleFraction_PFP, ppt
F152A_MoleFraction_PFP, ppt
F125_MoleFraction_PFP, ppt
F143a_MoleFraction_PFP, ppt
F227e_MoleFraction_PFP, ppt
F365m_MoleFraction_PFP, ppt
H1211_MoleFraction_PFP, ppt
H1301_MoleFraction_PFP, ppt
[...]
[from data line 785]
66162,   299,          1400786.0,         14.000000,  12.2188376,   39.31901596,   267.5971473,   5.875690633,   479.2,   256.8499939,   316.9279018,   286.3330078,   51.83882453,   20.11990669,   248.3400597,   6.011,   98.48,   111.6643464,   82.00173601,   0.35,   4.72,   294.24,   302.86,   -8.6,   7.68,   0.74,   316.92,   243.3899939,   263.0299939,   869.4,   52.4,   38.66,   -171.36,   -99.24,   0.73,   0.526,   1.74,   1.488,   30.31,    -999999,  0.1457666667,   0.9047583333,   0.699275,   48.58833333,   41.37,   246.5599939,   6.011,   0.26908,   5.74192,   0.3752688,   1.3491,   53.46,   404.315,   1.8971,   0.0818952381,    -999999,   -999999,   -999999,   -999999,   -999999,   -999999,   -999999,   -999999,   -999999,   -999999,   -999999,   -999999,   -999999,   -999999,   -999999,   -999999,   -999999,   -999999,   -999999,   -999999,   -999999,   -999999,   -999999,   -999999,   -999999,   -999999,   -999999,   -999999,   -999999,   -999999,   -999999,   -999999,   -999999,   -999999,   -999999,   -999999,   -999999,   -999999,   -999999,   -999999,   -999999,   -999999,   -999999,   -999999,   -999999,   -999999,   -999999,   -999999,   -999999,   -999999,   -999999,     -999999  
66167,   299,          1400787.0,         14.000000,  12.21990703,   39.32142106,   267.5923555,   5.899343113,   477.6,   256.6299939,   316.9591743,   286.3330078,   51.84210821,   19.89991486,   249.0001005,   6.0348,   98.44,   111.6129024,   81.88855921,   0.35,   4.7,   294.4,   302.84,   -8.46,   7.64,   0.76,   316.92,   243.3699939,   262.8499939,   869.2,   52.4,   38.74,   -171.3,   -99.36,   0.728,   0.528,   1.708,   1.456,   30.85,    -999999,  0.1463555556,   0.9083666667,   0.7000111111,   49.54222222,   42.10333333,   246.5722161,   6.0348,   0.26346,   5.77134,   0.3805542,   1.3491,   51.1,   404.318,   1.89695,   0.0838,    -999999,   -999999,   -999999,   -999999,   -999999,   -999999,   -999999,   -999999,   -999999,   -999999,   -999999,   -999999,   -999999,   -999999,   -999999,   -999999,   -999999,   -999999,   -999999,   -999999,   -999999,   -999999,   -999999,   -999999,   -999999,   -999999,   -999999,   -999999,   -999999,   -999999,   -999999,   -999999,   -999999,   -999999,   -999999,   -999999,   -999999,   -999999,   -999999,   -999999,   -999999,   -999999,   -999999,   -999999,   -999999,   -999999,   -999999,   -999999,   -999999,   -999999,   -999999,     -999999  
66172,   299,          1400788.0,         14.000000,  12.22097681,   39.32382942,   267.5875688,   5.919398953,   476.6,   256.4699939,   316.9513126,   286.3330078,   51.84539962,   19.7997233,   248.898081,   6.0586,   98.48,   111.5511696,   81.75480481,   0.35,   4.7,   294.54,   302.98,   -8.44,   7.78,   0.62,   316.92,   243.3899939,   262.5699939,   866.2,   52.4,   38.82,   -171.3,   -99.44,   0.732,   0.53,   1.676,   1.426,   31.482,    -999999,  0.14738,   0.91482,   0.70306,   50.894,   43.15,   246.6199939,   6.0586,   0.24944,   5.80916,   0.3916042,   1.3491,   54.44,   404.32,   1.89675,   0.08216875,    -999999,   -999999,   -999999,   -999999,   -999999,   -999999,   -999999,   -999999,   -999999,   -999999,   -999999,   -999999,   -999999,   -999999,   -999999,   -999999,   -999999,   -999999,   -999999,   -999999,   -999999,   -999999,   -999999,   -999999,   -999999,   -999999,   -999999,   -999999,   -999999,   -999999,   -999999,   -999999,   -999999,   -999999,   -999999,   -999999,   -999999,   -999999,   -999999,   -999999,   -999999,   -999999,   -999999,   -999999,   -999999,   -999999,   -999999,   -999999,   -999999,   -999999,   -999999,     -999999  
66177,   299,          1400789.0,         14.000000,  12.22204673,   39.3262372,   267.5827843,   5.944636393,   474.8,   256.2099939,   316.9724974,   286.3330078,   51.84869474,   19.83997597,   249.3993957,   6.082,   98.32,   111.5614584,   81.66220561,   0.35,   4.74,   294.5,   302.9,   -8.38,   7.72,   0.38,   316.96,   243.3899939,   262.3699939,   865.4,   52.4,   39.02,   -171.3,   -99.38,   0.736,   0.528,   1.644,   1.394,   32.1,    -999999,  0.14688,   0.9115,   0.69906,   51.252,   43.394,   246.5579939,   6.082,   0.25202,   5.82998,   0.388831,   1.253164,   54.64,   404.34,   1.896822222,   0.07905882353,    -999999,   -999999,   -999999,   -999999,   -999999,   -999999,   -999999,   -999999,   -999999,   -999999,   -999999,   -999999,   -999999,   -999999,   -999999,   -999999,   -999999,   -999999,   -999999,   -999999,   -999999,   -999999,   -999999,   -999999,   -999999,   -999999,   -999999,   -999999,   -999999,   -999999,   -999999,   -999999,   -999999,   -999999,   -999999,   -999999,   -999999,   -999999,   -999999,   -999999,   -999999,   -999999,   -999999,   -999999,   -999999,   -999999,   -999999,   -999999,   -999999,   -999999,   -999999,     -999999  
66182,   299,          1400790.0,         14.000000,  12.22311663,   39.32863646,   267.5779995,   5.966460074,   473.4,   255.9499939,   316.9181085,   286.3330078,   51.85198553,   19.93971339,   249.4394178,   6.1054,   98.28,   111.63348,   81.63133921,   0.35,   4.78,   294.4,   302.78,   -8.42,   7.78,   0.34,   316.9,   243.2299939,   262.1099939,   864.6,   52.4,   39.1,   -171.3,   -99.22,   0.726,   0.52,   1.612,   1.366,   32.252,    -999999,  0.14502,   0.90012,   0.6878,   51.822,   43.754,   246.3819939,   6.1054,   0.26076,   5.84464,   0.3993538,   1.22918,   55.8,   404.31,   1.8972,   0.0812,    -999999,   -999999,   -999999,   -999999,   -999999,   -999999,   -999999,   -999999,   -999999,   -999999,   -999999,   -999999,   -999999,   -999999,   -999999,   -999999,   -999999,   -999999,   -999999,   -999999,   -999999,   -999999,   -999999,   -999999,   -999999,   -999999,   -999999,   -999999,   -999999,   -999999,   -999999,   -999999,   -999999,   -999999,   -999999,   -999999,   -999999,   -999999,   -999999,   -999999,   -999999,   -999999,   -999999,   -999999,   -999999,   -999999,   -999999,   -999999,   -999999,   -999999,   -999999,     -999999  
66187,   299,          1400791.0,         14.000000,  12.22418654,   39.33102732,   267.5732148,   5.989746794,   471.8,   255.7299939,   316.9521416,   286.3330078,   51.85527212,   19.95998296,   249.9201403,   6.1298,   98.14,   111.63348,   81.53874001,   0.35,   4.7,   294.34,   302.74,   -8.36,   7.72,   0.68,   316.92,   243.0499939,   261.9499939,   864.2,   52.4,   38.76,   -171.28,   -99.18,   0.718,   0.51,   1.584,   1.336,   32.324,    -999999,  0.14334,   0.8896,   0.6774,   51.734,   43.618,   246.2139939,   6.1298,   0.25858,   5.87122,   0.4047004,   1.22918,   55.08,   404.316,   1.89735,   0.08386315789,    -999999,   -999999,   -999999,   -999999,   -999999,   -999999,   -999999,   -999999,   -999999,   -999999,   -999999,   -999999,   -999999,   -999999,   -999999,   -999999,   -999999,   -999999,   -999999,   -999999,   -999999,   -999999,   -999999,   -999999,   -999999,   -999999,   -999999,   -999999,   -999999,   -999999,   -999999,   -999999,   -999999,   -999999,   -999999,   -999999,   -999999,   -999999,   -999999,   -999999,   -999999,   -999999,   -999999,   -999999,   -999999,   -999999,   -999999,   -999999,   -999999,   -999999,   -999999,     -999999  
66192,   299,          1400792.0,         14.000000,  12.22525686,   39.3334178,   267.5684362,   6.012728714,   470.2,   255.5699939,   317.0614216,   286.3330078,   51.85856286,   19.71977614,   250.2595334,   6.1528,   98.16,   111.5614584,   81.39469681,   0.35,   4.68,   294.56,   302.78,   -8.22,   7.74,   0.86,   316.98,   242.8899939,   261.7299939,   863.8,   52.4,   38.6,   -171.2,   -99.3,   0.71,   0.502,   1.556,   1.314,   32.366,    -999999,  0.14341,   0.89006,   0.6755,   52.955,   44.527,   246.1869939,   6.1528,   0.26316,   5.88964,   0.4275676,   1.22918,   55.22,   404.325,   1.897153846,   0.08237857143,    -999999,   -999999,   -999999,   -999999,   -999999,   -999999,   -999999,   -999999,   -999999,   -999999,   -999999,   -999999,   -999999,   -999999,   -999999,   -999999,   -999999,   -999999,   -999999,   -999999,   -999999,   -999999,   -999999,   -999999,   -999999,   -999999,   -999999,   -999999,   -999999,   -999999,   -999999,   -999999,   -999999,   -999999,   -999999,   -999999,   -999999,   -999999,   -999999,   -999999,   -999999,   -999999,   -999999,   -999999,   -999999,   -999999,   -999999,   -999999,   -999999,   -999999,   -999999,     -999999  
66197,   299,          1400793.0,         14.000000,  12.22632729,   39.33581662,   267.5636594,   6.034613355,   468.8,   255.3699939,   317.0833313,   286.3330078,   51.8618662,   19.75995911,   250.520243,   6.176,   98.16,   111.6129024,   81.33296401,   0.35,   4.42,   294.7,   302.96,   -8.24,   7.52,   0.68,   317.02,   242.9299939,   261.5099939,   862.6,   52.46,   38.7,   -171.2,   -99.6,   0.712,   0.508,   1.536,   1.292,   32.988,    -999999,  0.14215,   0.882275,   0.668225,   53.0375,   44.535,   246.0649939,   6.176,   0.26732,   5.90868,   0.419133,   1.121252,   47.9,   404.3025,   1.8971875,   0.08135,    -999999,   -999999,   -999999,   -999999,   -999999,   -999999,   -999999,   -999999,   -999999,   -999999,   -999999,   -999999,   -999999,   -999999,   -999999,   -999999,   -999999,   -999999,   -999999,   -999999,   -999999,   -999999,   -999999,   -999999,   -999999,   -999999,   -999999,   -999999,   -999999,   -999999,   -999999,   -999999,   -999999,   -999999,   -999999,   -999999,   -999999,   -999999,   -999999,   -999999,   -999999,   -999999,   -999999,   -999999,   -999999,   -999999,   -999999,   -999999,   -999999,   -999999,   -999999,     -999999  
66202,   299,          1400794.0,         14.000000,  12.22739775,   39.33822092,   267.558883,   6.057107595,   467.4,   255.1099939,   317.0312926,   286.3330078,   51.86517921,   19.59975987,   250.9002027,   6.1974,   98.4,   111.839256,   81.42556321,   0.35,   4.2,   294.82,   302.96,   -8.12,   7.32,   0.68,   317.04,   242.7499939,   261.3499939,   861.6,   52.5,   38.7,   -171.2,   -99.88,   0.706,   0.498,   1.504,   1.264,   33.144,    -999999,  0.13974,   0.86724,   0.65462,   52.996,   44.414,   245.8419939,   6.1974,   0.26874,   5.92866,   0.425513,   1.0493,   55.32,   404.292,   1.897376923,   0.0797,    -999999,   -999999,   -999999,   -999999,   -999999,   -999999,   -999999,   -999999,   -999999,   -999999,   -999999,   -999999,   -999999,   -999999,   -999999,   -999999,   -999999,   -999999,   -999999,   -999999,   -999999,   -999999,   -999999,   -999999,   -999999,   -999999,   -999999,   -999999,   -999999,   -999999,   -999999,   -999999,   -999999,   -999999,   -999999,   -999999,   -999999,   -999999,   -999999,   -999999,   -999999,   -999999,   -999999,   -999999,   -999999,   -999999,   -999999,   -999999,   -999999,   -999999,   -999999,     -999999  
66207,   299,          1400795.0,         14.000000,  12.22846719,   39.34063596,   267.5540912,   6.077041515,   466,   255.0099939,   317.1787521,   286.3330078,   51.86850622,   19.59996908,   251.7397958,   6.218,   98.7,   112.3331184,   81.70336081,   0.35,   4.18,   295.02,   303,   -8,   7.28,   0.56,   317.08,   242.4699939,   261.2699939,   861.4,   52.5,   38.84,   -171.2,   -100.12,   0.688,   0.486,   1.484,   1.246,   32.662,    -999999,  0.13758,   0.8538,   0.64248,   53.268,   44.532,   245.6399939,   6.218,   0.26782,   5.95018,   0.4264028,   1.0493,   56.32,   404.285,   1.89755,   0.08504,    -999999,   -999999,   -999999,   -999999,   -999999,   -999999,   -999999,   -999999,   -999999,   -999999,   -999999,   -999999,   -999999,   -999999,   -999999,   -999999,   -999999,   -999999,   -999999,   -999999,   -999999,   -999999,   -999999,   -999999,   -999999,   -999999,   -999999,   -999999,   -999999,   -999999,   -999999,   -999999,   -999999,   -999999,   -999999,   -999999,   -999999,   -999999,   -999999,   -999999,   -999999,   -999999,   -999999,   -999999,   -999999,   -999999,   -999999,   -999999,   -999999,   -999999,   -999999,     -999999  
66212,   299,          1400796.0,         14.000000,  12.22953582,   39.3430572,   267.5492874,   6.095939115,   464.8,   254.7699939,   317.1137723,   286.3330078,   51.87184289,   19.5797778,   252.0597554,   6.2388,   98.96,   112.6006272,   81.82682641,   0.35,   4.3,   295,   302.9,   -7.92,   7.18,   0.22,   317.1,   242.3499939,   261.0699939,   860,   52.5,   39.08,   -171.18,   -100.16,   0.68,   0.48,   1.462,   1.222,   32.678,    -999999,  0.1379,   0.8559,   0.64174,   54.18,   45.208,   245.6259939,   6.2388,   0.26934,   5.96946,   0.4223256,   1.0493,   57.12,   404.29,   1.89765,   0.08160555556,    -999999,   -999999,   -999999,   -999999,   -999999,   -999999,   -999999,   -999999,   -999999,   -999999,   -999999,   -999999,   -999999,   -999999,   -999999,   -999999,   -999999,   -999999,   -999999,   -999999,   -999999,   -999999,   -999999,   -999999,   -999999,   -999999,   -999999,   -999999,   -999999,   -999999,   -999999,   -999999,   -999999,   -999999,   -999999,   -999999,   -999999,   -999999,   -999999,   -999999,   -999999,   -999999,   -999999,   -999999,   -999999,   -999999,   -999999,   -999999,   -999999,   -999999,   -999999,     -999999  
66217,   299,          1400797.0,         14.000000,  12.2306031,   39.34547652,   267.5444632,   6.119652556,   463.4,   254.5899939,   317.1629651,   286.3330078,   51.87518064,   19.35986362,   251.5589872,   6.26,   99.32,   112.7343816,   81.82682641,   0.35,   4.26,   294.9,   302.72,   -7.84,   7.06,   0.24,   317.14,   242.3099939,   260.9499939,   860,   52.5,   39.14,   -171.1,   -100.12,   0.68,   0.478,   1.438,   1.204,   33.134,    -999999,  0.13656,   0.84762,   0.63378,   54.738,   45.564,   245.4919939,   6.26,   0.26642,   5.99358,   0.4086924,   1.0493,   56.72,   404.3,   1.897808333,   0.0842,    -999999,   -999999,   -999999,   -999999,   -999999,   -999999,   -999999,   -999999,   -999999,   -999999,   -999999,   -999999,   -999999,   -999999,   -999999,   -999999,   -999999,   -999999,   -999999,   -999999,   -999999,   -999999,   -999999,   -999999,   -999999,   -999999,   -999999,   -999999,   -999999,   -999999,   -999999,   -999999,   -999999,   -999999,   -999999,   -999999,   -999999,   -999999,   -999999,   -999999,   -999999,   -999999,   -999999,   -999999,   -999999,   -999999,   -999999,   -999999,   -999999,   -999999,   -999999,     -999999  
