inputs/ACTAMERICA_Merge/C130/ACTAMERICA-mrg05-c130_merge_20171109_R0.ict
145, 1001
Shook, Michael
NASA Atmospheric Composition Branch, NASA Langley Research Center (SSAI)
Merged data file for ACT-AMERICA Fall 2017, Flight 21 (20171109), on the c130 platform. Data is merged to 05 seconds.
NASA ACT-AMERICA Fall 2017
1, 1
2017, 11, 09, 2018, 07, 05
05
UTC,s
106
1, 1, 1, 1, 1, 1, 1, 1, 1, 1, 1, 1, 1, 1, 1, 1, 1, 1, 1, 1, 1, 1, 1, 1, 1, 1, 1, 1, 1, 1, 1, 1, 1, 1, 1, 1, 1, 1, 1, 1, 1, 1, 1, 1, 1, 1, 1, 1, 1, 1, 1, 1, 1, 1, 1, 1, 1, 1, 1, 1, 1, 1, 1, 1, 1, 1, 1, 1, 1, 1, 1, 1, 1, 1, 1, 1, 1, 1, 1, 1, 1, 1, 1, 1, 1, 1, 1, 1, 1, 1, 1, 1, 1, 1, 1, 1, 1, 1, 1, 1, 1, 1, 1, 1, 1, 1
-999999, -999999, -999999, -999999, -999999, -999999, -999999, -999999, -999999, -999999, -999999, -999999, -999999, -999999, -999999, -999999, -999999, -999999, -999999, -999999, -999999, -999999, -999999, -999999, -999999, -999999, -999999, -999999, -999999, -999999, -999999, -999999, -999999, -999999, -999999, -999999, -999999, -999999, -999999, -999999, -999999, -999999, -999999, -999999, -999999, -999999, -999999, -999999, -999999, -999999, -999999, -999999, -999999, -999999, -999999, -999999, -999999, -999999, -999999, -999999, -999999, -999999, -999999, -999999, -999999, -999999, -999999, -999999, -999999, -999999, -999999, -999999, -999999, -999999, -999999, -999999, -999999, -999999, -999999, -999999, -999999, -999999, -999999, -999999, -999999, -999999, -999999, -999999, -999999, -999999, -999999, -999999, -999999, -999999, -999999, -999999, -999999, -999999, -999999, -999999, -999999, -999999, -999999, -999999, -999999, -999999
JDAY, days
INDEX, none
FLIGHT, none
LOCAL_SUN_TIME, hour
LATITUDE, degs
LONGITUDE, degs
ALTP, km
PRESSURE, hPa
TEMPERATURE, K
THETA, K, calculated from ambient temperature and pressure
O3COLUMN, DU, OMI ozone column data extracted along flight track
SZA, deg
WNS, m s-1
WND, Degs
GPS_ALT, km
GRD_SPD, m s-1
TAS, m/s
IAS, m/s
MachNumber, mach
VerticalSpeed, m s-1
HDG, degs
TRK, degs
DriftAngle, degs
PITCH, degs
ROLL, degs
PotentialTemp_Nav, K
Dewpoint, K
TotalAirTemp, K
CabinPressure, hPa
SolarZenithAngle, degs
AircraftSunElevation, degs
SunAzimuth, degs
AircraftSunAzimuth, degs
H2O_MixingRatio_Nav, g kg-1
H2O_VaporPressure_Nav, hPa
H2O_SatVaporPressureWater_Nav, hPa
H2O_SatVaporPressureIce_Nav, hPa
H2O_RelativeHumidity_Nav, %
ManeuverFlag, none
H2O_VolMixingRatio_PICARRO, %
H2O_MassMixingRatio_PICARRO, g kg-1
H2O_VaporPressure_PICARRO, hPa
RHi_PICARRO, %
RHw_PICARRO, %
Dewpoint_PICARRO, K
GPS_ALT, km
GroundElevation-AMSL_GoogleMaps, km
Altitude-AGL_GoogleMaps, km
GroundHeight-AMSL_CPL, km
MLH-AMSL_CPL, km
O3_MixingRatio, ppbv
CO2_DryMoleFrac_PICARRO, ppm
CH4_DryMoleFrac_PICARRO, ppm
CO_DryMoleFrac_PICARRO, ppm
CO2_MoleFraction_PFP, ppm
CH4_MoleFraction_PFP, ppb
CO_MoleFraction_PFP, ppb
N2O_MoleFraction_PFP, ppb
SF6_CCGG_MoleFraction_PFP, ppt
H2_MoleFraction_PFP, ppb
CH4C13_PFP, permil
CO2C14_PFP, permil
F11B_MoleFraction_PFP, ppt
FC12_MoleFraction_PFP, ppt
F13_MoleFraction_PFP, ppt
F113_MoleFraction_PFP, ppt
F115_MoleFraction_PFP, ppt
HF133a_MoleFraction_PFP, ppt
F23_MoleFraction_PFP, ppt
F32_MoleFraction_PFP, ppt
F134A_MoleFraction_PFP, ppt
F152A_MoleFraction_PFP, ppt
F125_MoleFraction_PFP, ppt
F143a_MoleFraction_PFP, ppt
F227e_MoleFraction_PFP, ppt
F365m_MoleFraction_PFP, ppt
H1211_MoleFraction_PFP, ppt
H1301_MoleFraction_PFP, ppt
[...]
[from data line 1974]
68437,   313,          2101975.0,         21.000000,  12.56163783,   37.6672494,   263.2599841,   7.617195934,   375.8,   244.8899939,   323.90076,   267,   55.0870424,   26.87942063,   281.7802837,   7.895,   133.7,   122.8276944,   82.10462401,   0.39,   0.1,   172.78,   162.06,   10.7,   4.74,   0.26,   323.94,   237.1499939,   252.3499939,   762.2,   55.9,   29.42,   -165.9,   20.62,   0.51,   0.29,   0.61,   0.46,   47.588,    -999999,  0.08697777778,   0.5398222222,   0.3269555556,   73.65222222,   55.76777778,   238.5566606,   7.895,   0.43414,   7.46086,   0.6066752,   1.43904,   53.46,   404.635,   1.881633333,   0.08144,    -999999,   -999999,   -999999,   -999999,   -999999,   -999999,   -999999,   -999999,   -999999,   -999999,   -999999,   -999999,   -999999,   -999999,   -999999,   -999999,   -999999,   -999999,   -999999,   -999999,   -999999,   -999999,   -999999,   -999999,   -999999,   -999999,   -999999,   -999999,   -999999,   -999999,   -999999,   -999999,   -999999,   -999999,   -999999,   -999999,   -999999,   -999999,   -999999,   -999999,   -999999,   -999999,   -999999,   -999999,   -999999,   -999999,   -999999,   -999999,   -999999,   -999999,   -999999,     -999999  
68442,   313,          2101976.0,         21.000000,  12.56318241,   37.66152946,   263.2623195,   7.615306174,   375.8,   244.9099939,   323.9272128,   267,   55.08454739,   26.71982733,   281.6604794,   7.8956,   133.48,   122.7248064,   82.05318001,   0.39,   0.1,   172.74,   162.08,   10.66,   4.8,   0.78,   323.94,   237.2899939,   252.3499939,   762,   55.9,   29.58,   -165.9,   20.38,   0.514,   0.29,   0.61,   0.46,   48.076,    -999999,  0.08636666667,   0.5360777778,   0.3246555556,   73.14,   55.38,   238.4833272,   7.8956,   0.43892,   7.45668,   0.6082862,   1.43904,   52.5,   404.614,   1.88155,   0.08170526316,    -999999,   -999999,   -999999,   -999999,   -999999,   -999999,   -999999,   -999999,   -999999,   -999999,   -999999,   -999999,   -999999,   -999999,   -999999,   -999999,   -999999,   -999999,   -999999,   -999999,   -999999,   -999999,   -999999,   -999999,   -999999,   -999999,   -999999,   -999999,   -999999,   -999999,   -999999,   -999999,   -999999,   -999999,   -999999,   -999999,   -999999,   -999999,   -999999,   -999999,   -999999,   -999999,   -999999,   -999999,   -999999,   -999999,   -999999,   -999999,   -999999,   -999999,   -999999,     -999999  
68447,   313,          2101977.0,         21.000000,  12.5647259,   37.6558199,   263.2646384,   7.619634334,   375.4,   244.9499939,   324.0787123,   267,   55.08206974,   26.79991176,   281.720298,   7.896,   133.24,   122.4161424,   81.81653761,   0.39,   -0.1,   172.86,   162.14,   10.7,   4.74,   0.54,   324.04,   237.5699939,   252.3499939,   761.8,   55.9,   29.52,   -165.88,   20.36,   0.532,   0.302,   0.61,   0.46,   49.426,    -999999,  0.085525,   0.5307,   0.321425,   72.4075,   54.825,   238.3824939,   7.896,   0.43932,   7.45668,   0.6076014,   1.43904,   45.94,   404.645,   1.8818,   0.07845294118,    -999999,   -999999,   -999999,   -999999,   -999999,   -999999,   -999999,   -999999,   -999999,   -999999,   -999999,   -999999,   -999999,   -999999,   -999999,   -999999,   -999999,   -999999,   -999999,   -999999,   -999999,   -999999,   -999999,   -999999,   -999999,   -999999,   -999999,   -999999,   -999999,   -999999,   -999999,   -999999,   -999999,   -999999,   -999999,   -999999,   -999999,   -999999,   -999999,   -999999,   -999999,   -999999,   -999999,   -999999,   -999999,   -999999,   -999999,   -999999,   -999999,   -999999,   -999999,     -999999  
68452,   313,          2101978.0,         21.000000,  12.56626898,   37.65012026,   263.2669514,   7.620304894,   375,   244.8699939,   324.0715661,   267,   55.0796104,   26.83998942,   282.1400152,   7.8948,   133.12,   122.1074784,   81.61076161,   0.39,   0.06,   172.8,   162.08,   10.72,   4.84,   0.26,   324.02,   237.9299939,   252.3499939,   761.2,   55.9,   29.36,   -165.8,   20.62,   0.55,   0.312,   0.61,   0.462,   51.274,    -999999,  0.08485,   0.5265,   0.3189,   71.8375,   54.3925,   238.2999939,   7.8948,   0.43852,   7.45628,   0.6079896,   1.421052,   54.74,   404.635,   1.881822222,   0.0815,    -999999,   -999999,   -999999,   -999999,   -999999,   -999999,   -999999,   -999999,   -999999,   -999999,   -999999,   -999999,   -999999,   -999999,   -999999,   -999999,   -999999,   -999999,   -999999,   -999999,   -999999,   -999999,   -999999,   -999999,   -999999,   -999999,   -999999,   -999999,   -999999,   -999999,   -999999,   -999999,   -999999,   -999999,   -999999,   -999999,   -999999,   -999999,   -999999,   -999999,   -999999,   -999999,   -999999,   -999999,   -999999,   -999999,   -999999,   -999999,   -999999,   -999999,   -999999,     -999999  
68457,   313,          2101979.0,         21.000000,  12.56781252,   37.64442674,   263.2692712,   7.617805534,   375.6,   244.9299939,   324.0029417,   267,   55.07716737,   26.81996092,   282.1801641,   7.896,   132.88,   121.870836,   81.46671841,   0.39,   0.26,   172.76,   162.04,   10.72,   4.88,   0.6,   324,   238.1699939,   252.3499939,   761.4,   55.9,   29.42,   -165.8,   20.52,   0.562,   0.32,   0.61,   0.46,   52.53,    -999999,  0.08073636364,   0.5012181818,   0.3035545455,   68.38,   51.77818182,   237.8027212,   7.896,   0.43432,   7.46168,   0.6097492,   1.40906,   53.4,   404.65375,   1.882444444,   0.08025,    -999999,   -999999,   -999999,   -999999,   -999999,   -999999,   -999999,   -999999,   -999999,   -999999,   -999999,   -999999,   -999999,   -999999,   -999999,   -999999,   -999999,   -999999,   -999999,   -999999,   -999999,   -999999,   -999999,   -999999,   -999999,   -999999,   -999999,   -999999,   -999999,   -999999,   -999999,   -999999,   -999999,   -999999,   -999999,   -999999,   -999999,   -999999,   -999999,   -999999,   -999999,   -999999,   -999999,   -999999,   -999999,   -999999,   -999999,   -999999,   -999999,   -999999,   -999999,     -999999  
68462,   313,          2101980.0,         21.000000,  12.56935577,   37.63873904,   263.2715866,   7.618476094,   375.4,   244.9499939,   324.0787123,   267,   55.07473884,   26.73995138,   282.4000746,   7.8976,   132.72,   121.6341936,   81.29180881,   0.39,   0.1,   172.72,   162.1,   10.7,   4.8,   0.5,   324.02,   238.2499939,   252.3499939,   761,   55.9,   29.46,   -165.8,   20.58,   0.57,   0.32,   0.61,   0.46,   52.762,    -999999,  0.08037777778,   0.4990111111,   0.3022222222,   68.08,   51.55222222,   237.761105,   7.8976,   0.434,   7.4636,   0.5802278,   1.433044,   53.6,   404.6371429,   1.882136364,   0.0808,    -999999,   -999999,   -999999,   -999999,   -999999,   -999999,   -999999,   -999999,   -999999,   -999999,   -999999,   -999999,   -999999,   -999999,   -999999,   -999999,   -999999,   -999999,   -999999,   -999999,   -999999,   -999999,   -999999,   -999999,   -999999,   -999999,   -999999,   -999999,   -999999,   -999999,   -999999,   -999999,   -999999,   -999999,   -999999,   -999999,   -999999,   -999999,   -999999,   -999999,   -999999,   -999999,   -999999,   -999999,   -999999,   -999999,   -999999,   -999999,   -999999,   -999999,   -999999,     -999999  
68467,   313,          2101981.0,         21.000000,  12.57089873,   37.63306138,   263.2738976,   7.617805534,   375.4,   244.8899939,   323.9993299,   267,   55.07232895,   26.87994501,   282.5797616,   7.898,   132.7,   121.4798616,   81.19920961,   0.39,   -0.02,   172.8,   162.08,   10.74,   4.78,   0.56,   323.98,   238.1699939,   252.2899939,   761.4,   55.9,   29.46,   -165.74,   20.58,   0.562,   0.32,   0.61,   0.46,   52.624,    -999999,  0.08055,   0.5,   0.302775,   68.205,   51.6425,   237.7774939,   7.898,   0.43228,   7.46572,   0.5800722,   1.40906,   49.76,   404.655,   1.882172727,   0.08001764706,    -999999,   -999999,   -999999,   -999999,   -999999,   -999999,   -999999,   -999999,   -999999,   -999999,   -999999,   -999999,   -999999,   -999999,   -999999,   -999999,   -999999,   -999999,   -999999,   -999999,   -999999,   -999999,   -999999,   -999999,   -999999,   -999999,   -999999,   -999999,   -999999,   -999999,   -999999,   -999999,   -999999,   -999999,   -999999,   -999999,   -999999,   -999999,   -999999,   -999999,   -999999,   -999999,   -999999,   -999999,   -999999,   -999999,   -999999,   -999999,   -999999,   -999999,   -999999,     -999999  
68472,   313,          2101982.0,         21.000000,  12.57244183,   37.6273822,   263.2762108,   7.618476094,   375.4,   244.8699939,   323.9728691,   267,   55.06992722,   26.81987894,   282.2792693,   7.898,   132.58,   121.4901504,   81.20949841,   0.39,   -0.02,   172.78,   162.02,   10.74,   4.86,   0.32,   323.96,   238.0299939,   252.2699939,   761,   55.9,   29.42,   -165.7,   20.64,   0.554,   0.314,   0.61,   0.46,   51.872,    -999999,  0.0781,   0.48486,   0.29356,   66.131,   50.077,   237.4539939,   7.898,   0.41684,   7.48116,   0.5812386,   1.40906,   52.36,   404.645,   1.883181818,   0.08346111111,    -999999,   -999999,   -999999,   -999999,   -999999,   -999999,   -999999,   -999999,   -999999,   -999999,   -999999,   -999999,   -999999,   -999999,   -999999,   -999999,   -999999,   -999999,   -999999,   -999999,   -999999,   -999999,   -999999,   -999999,   -999999,   -999999,   -999999,   -999999,   -999999,   -999999,   -999999,   -999999,   -999999,   -999999,   -999999,   -999999,   -999999,   -999999,   -999999,   -999999,   -999999,   -999999,   -999999,   -999999,   -999999,   -999999,   -999999,   -999999,   -999999,   -999999,   -999999,     -999999  
68477,   313,          2101983.0,         21.000000,  12.57398585,   37.62170594,   263.2785378,   7.616586334,   375.6,   244.8499939,   323.8971145,   267,   55.06753964,   27.03985121,   282.9998522,   7.898,   132.52,   121.0374432,   80.90083441,   0.39,   0.1,   172.76,   161.96,   10.82,   4.92,   0.66,   323.92,   237.7099939,   252.2099939,   761,   55.9,   29.4,   -165.7,   20.62,   0.536,   0.306,   0.606,   0.46,   50.358,    -999999,  0.06435555556,   0.3994333333,   0.2419,   54.49222222,   41.26111111,   235.5388828,   7.898,   0.41618,   7.48182,   0.5819398,   1.40906,   53.66,   404.715,   1.8846,   0.084805,    -999999,   -999999,   -999999,   -999999,   -999999,   -999999,   -999999,   -999999,   -999999,   -999999,   -999999,   -999999,   -999999,   -999999,   -999999,   -999999,   -999999,   -999999,   -999999,   -999999,   -999999,   -999999,   -999999,   -999999,   -999999,   -999999,   -999999,   -999999,   -999999,   -999999,   -999999,   -999999,   -999999,   -999999,   -999999,   -999999,   -999999,   -999999,   -999999,   -999999,   -999999,   -999999,   -999999,   -999999,   -999999,   -999999,   -999999,   -999999,   -999999,   -999999,   -999999,     -999999  
68482,   313,          2101984.0,         21.000000,  12.57552894,   37.61603598,   263.2808507,   7.618476094,   375.4,   244.8499939,   323.9464083,   267,   55.06516568,   26.95991068,   283.4793031,   7.8978,   132.4,   120.8008008,   80.75679121,   0.39,   0,   172.84,   162.1,   10.76,   4.86,   0.7,   323.9,   237.2499939,   252.1499939,   760.6,   55.9,   29.56,   -165.7,   20.46,   0.514,   0.294,   0.6,   0.46,   48.384,    -999999,  0.0637,   0.3954272727,   0.2394636364,   54.64090909,   41.32181818,   235.4372666,   7.8978,   0.42276,   7.47504,   0.5799224,   1.40906,   52.1,   404.71,   1.8843,   0.08161,    -999999,   -999999,   -999999,   -999999,   -999999,   -999999,   -999999,   -999999,   -999999,   -999999,   -999999,   -999999,   -999999,   -999999,   -999999,   -999999,   -999999,   -999999,   -999999,   -999999,   -999999,   -999999,   -999999,   -999999,   -999999,   -999999,   -999999,   -999999,   -999999,   -999999,   -999999,   -999999,   -999999,   -999999,   -999999,   -999999,   -999999,   -999999,   -999999,   -999999,   -999999,   -999999,   -999999,   -999999,   -999999,   -999999,   -999999,   -999999,   -999999,   -999999,   -999999,     -999999  
68487,   313,          2101985.0,         21.000000,  12.5770711,   37.6103675,   263.2831499,   7.617866494,   375.4,   244.8499939,   323.9464083,   267,   55.06280061,   27.11992727,   283.4803097,   7.898,   132.32,   120.6567576,   80.64361441,   0.38,   -0.1,   172.94,   162.1,   10.82,   4.88,   0.42,   323.9,   236.6099939,   252.1499939,   760.4,   55.9,   29.38,   -165.62,   20.56,   0.484,   0.274,   0.608,   0.46,   45.226,    -999999,  0.07652857143,   0.4749857143,   0.2876571429,   66.64285714,   50.32428571,   237.262851,   7.898,   0.43194,   7.46606,   0.5935016,   1.40906,   52.16,   404.69,   1.88305,   0.080875,    -999999,   -999999,   -999999,   -999999,   -999999,   -999999,   -999999,   -999999,   -999999,   -999999,   -999999,   -999999,   -999999,   -999999,   -999999,   -999999,   -999999,   -999999,   -999999,   -999999,   -999999,   -999999,   -999999,   -999999,   -999999,   -999999,   -999999,   -999999,   -999999,   -999999,   -999999,   -999999,   -999999,   -999999,   -999999,   -999999,   -999999,   -999999,   -999999,   -999999,   -999999,   -999999,   -999999,   -999999,   -999999,   -999999,   -999999,   -999999,   -999999,   -999999,   -999999,     -999999  
68492,   313,          2101986.0,         21.000000,  12.57861332,   37.60470106,   263.2854499,   7.617805534,   375.6,   244.8699939,   323.9235713,   267,   55.06044703,   27.25975814,   283.759721,   7.898,   132.34,   120.4921368,   80.53043761,   0.38,   0.1,   172.94,   162.08,   10.86,   5,   0.28,   323.94,   235.9699939,   252.1499939,   760.6,   55.9,   29.26,   -165.6,   20.64,   0.452,   0.256,   0.61,   0.46,   42.256,    -999999,  0.07756666667,   0.4815222222,   0.2916444444,   65.76888889,   49.79444444,   237.3999939,   7.898,   0.43092,   7.46708,   0.612863,   1.391072,   52.68,   404.675,   1.8833,   0.08280588235,    -999999,   -999999,   -999999,   -999999,   -999999,   -999999,   -999999,   -999999,   -999999,   -999999,   -999999,   -999999,   -999999,   -999999,   -999999,   -999999,   -999999,   -999999,   -999999,   -999999,   -999999,   -999999,   -999999,   -999999,   -999999,   -999999,   -999999,   -999999,   -999999,   -999999,   -999999,   -999999,   -999999,   -999999,   -999999,   -999999,   -999999,   -999999,   -999999,   -999999,   -999999,   -999999,   -999999,   -999999,   -999999,   -999999,   -999999,   -999999,   -999999,   -999999,   -999999,     -999999  
