inputs/ACTAMERICA_Merge/C130/ACTAMERICA-mrg05-c130_merge_20180515_R0.ict
145, 1001
Shook, Michael
NASA Chemistry and Dynamics Branch, NASA Langley Research Center
Merged data file for ACT-AMERICA 2018, Flight 14 (20180515), on the c130 platform. Data is merged to 05 seconds.
NASA ACT-AMERICA 2018
1, 1
2018, 05, 15, 2018, 10, 16
05
UTC,s
106
1, 1, 1, 1, 1, 1, 1, 1, 1, 1, 1, 1, 1, 1, 1, 1, 1, 1, 1, 1, 1, 1, 1, 1, 1, 1, 1, 1, 1, 1, 1, 1, 1, 1, 1, 1, 1, 1, 1, 1, 1, 1, 1, 1, 1, 1, 1, 1, 1, 1, 1, 1, 1, 1, 1, 1, 1, 1, 1, 1, 1, 1, 1, 1, 1, 1, 1, 1, 1, 1, 1, 1, 1, 1, 1, 1, 1, 1, 1, 1, 1, 1, 1, 1, 1, 1, 1, 1, 1, 1, 1, 1, 1, 1, 1, 1, 1, 1, 1, 1, 1, 1, 1, 1, 1, 1
-999999, -999999, -999999, -999999, -999999, -999999, -999999, -999999, -999999, -999999, -999999, -999999, -999999, -999999, -999999, -999999, -999999, -999999, -999999, -999999, -999999, -999999, -999999, -999999, -999999, -999999, -999999, -999999, -999999, -999999, -999999, -999999, -999999, -999999, -999999, -999999, -999999, -999999, -999999, -999999, -999999, -999999, -999999, -999999, -999999, -999999, -999999, -999999, -999999, -999999, -999999, -999999, -999999, -999999, -999999, -999999, -999999, -999999, -999999, -999999, -999999, -999999, -999999, -999999, -999999, -999999, -999999, -999999, -999999, -999999, -999999, -999999, -999999, -999999, -999999, -999999, -999999, -999999, -999999, -999999, -999999, -999999, -999999, -999999, -999999, -999999, -999999, -999999, -999999, -999999, -999999, -999999, -999999, -999999, -999999, -999999, -999999, -999999, -999999, -999999, -999999, -999999, -999999, -999999, -999999, -999999
JDAY, days
INDEX, none
FLIGHT, none
LOCAL_SUN_TIME, hour
LATITUDE, degs
LONGITUDE, degs
ALTP, km
PRESSURE, hPa
TEMPERATURE, K
THETA, K, calculated from ambient temperature and pressure
O3COLUMN, DU, OMI ozone column data extracted along flight track
SZA, deg
WNS, m s-1
WND, Degs
GPS_ALT, km
Radar_ALT, km
GRD_SPD, m s-1
TAS, m/s
IAS, m/s
MachNumber, mach
VerticalSpeed, m s-1
HDG, degs
TRK, degs
DriftAngle, degs
PITCH, degs
ROLL, degs
PotentialTemp_Nav, K
Dewpoint_Nav, K
TotalAirTemp, K
CabinPressure, hPa
SolarZenithAngle, degs
AircraftSunElevation, degs
SunAzimuth, degs
AircraftSunAzimuth, degs
H2O_MixingRatio_Nav, g kg-1
H2O_VaporPressure_Nav, hPa
H2O_SatVaporPressureWater_Nav, hPa
H2O_SatVaporPressureIce_Nav, hPa
H2O_RelativeHumidity_Nav, %
ManeuverFlag, none
H2O_VolMixingRatio_PICARRO, %
H2O_MassMixingRatio_PICARRO, g kg-1
H2O_VaporPressure_PICARRO, hPa
RHi_PICARRO, %
RHw_PICARRO, %
Dewpoint_PICARRO, K
GroundElevation-AMSL_GoogleMaps, km
Altitude-AGL_GoogleMaps, km
GroundHeight-AMSL_CPL, km
MLH-AMSL_CPL, km
O3_MixingRatio, ppbv
CO2_DryMoleFrac_PICARRO, ppm
CH4_DryMoleFrac_PICARRO, ppm
CO_DryMoleFrac_PICARRO, ppm
CO2_MoleFraction_PFP, ppm
CH4_MoleFraction_PFP, ppb
CO_MoleFraction_PFP, ppb
N2O_MoleFraction_PFP, ppb
SF6_CCGG_MoleFraction_PFP, ppt
H2_MoleFraction_PFP, ppb
CH4C13_MoleFraction_PFP, permil
CO2C14_MoleFraction_PFP, permil
F11B_MoleFraction_PFP, ppt
FC12_MoleFraction_PFP, ppt
F13_MoleFraction_PFP, ppt
F113_MoleFraction_PFP, ppt
F115_MoleFraction_PFP, ppt
HF133a_MoleFraction_PFP, ppt
F23_MoleFraction_PFP, ppt
F32_MoleFraction_PFP, ppt
F134A_MoleFraction_PFP, ppt
F152A_MoleFraction_PFP, ppt
F125_MoleFraction_PFP, ppt
F143a_MoleFraction_PFP, ppt
F227e_MoleFraction_PFP, ppt
F365m_MoleFraction_PFP, ppt
H1211_MoleFraction_PFP, ppt
H1301_MoleFraction_PFP, ppt
[...]
[from data line 1509]
57892,   135,          1401510.0,         14.000000,  10.69772678,   38.97595138,   279.2388183,   6.264737357,   454.78,   256.9299939,   321.7998607,   316,   26.32410487,   19.19953372,   246.8164611,   6.5604,   6.216944717,   126.56,   122.5704744,   87.81490801,   0.38,   5.2,   148.6,   140.3,   8.34,   6.38,   0.04,   321.86,   234.9499939,   264.3499939,   845.4,   25.86,   58.06,   135.38,   -10.52,   0.34,   0.232,   1.748,   1.494,   13.258,    -999999,  0.05495454545,   0.3410636364,   0.2500545455,   17.55272727,   14.92909091,   235.870903,   0.30352,   6.25688,   0.433137,   1.157228,   62.7,   411.03,   1.8689,   0.09381904762,    -999999,   -999999,   -999999,   -999999,   -999999,   -999999,   -999999,   -999999,   -999999,   -999999,   -999999,   -999999,   -999999,   -999999,   -999999,   -999999,   -999999,   -999999,   -999999,   -999999,   -999999,   -999999,   -999999,   -999999,   -999999,   -999999,   -999999,   -999999,   -999999,   -999999,   -999999,   -999999,   -999999,   -999999,   -999999,   -999999,   -999999,   -999999,   -999999,   -999999,   -999999,   -999999,   -999999,   -999999,   -999999,   -999999,   -999999,   -999999,   -999999,   -999999,   -999999,     -999999  
57897,   135,          1401511.0,         14.000000,  10.69942644,   38.97157134,   279.2434799,   6.290523438,   453.12,   256.6699939,   321.810267,   316,   26.30689325,   19.39979274,   246.9408251,   6.5856,   6.262177037,   126.58,   122.5190304,   87.68115361,   0.38,   4.64,   148.7,   140.3,   8.42,   6.02,   0.02,   321.88,   233.5299939,   264.1499939,   846.8,   25.8,   58.4,   135.4,   -10.6,   0.294,   0.2,   1.712,   1.46,   11.694,    -999999,  0.0541,   0.335875,   0.245375,   17.5475,   14.895,   235.6824939,   0.2616,   6.324,   0.451492,   1.10926,   58.66,   411.065,   1.869130769,   0.09868823529,    -999999,   -999999,   -999999,   -999999,   -999999,   -999999,   -999999,   -999999,   -999999,   -999999,   -999999,   -999999,   -999999,   -999999,   -999999,   -999999,   -999999,   -999999,   -999999,   -999999,   -999999,   -999999,   -999999,   -999999,   -999999,   -999999,   -999999,   -999999,   -999999,   -999999,   -999999,   -999999,   -999999,   -999999,   -999999,   -999999,   -999999,   -999999,   -999999,   -999999,   -999999,   -999999,   -999999,   -999999,   -999999,   -999999,   -999999,   -999999,   -999999,   -999999,   -999999,     -999999  
57902,   135,          1401512.0,         14.000000,  10.701126,   38.96718216,   279.2481399,   6.316370478,   451.54,   256.4099939,   321.8052857,   316,   26.28968235,   18.95953239,   245.6797457,   6.6082,   6.249558317,   126.72,   123.1466472,   88.03097281,   0.38,   4.58,   148.6,   140.32,   8.26,   5.86,   0.1,   321.88,   232.6499939,   263.9899939,   847.4,   25.8,   58.62,   135.42,   -10.62,   0.266,   0.184,   1.674,   1.422,   10.942,    -999999,  0.05333333333,   0.3309666667,   0.2410666667,   17.52,   14.85,   235.5133272,   0.32934,   6.27886,   0.458308,   1.10926,   59.7,   411.07,   1.870118182,   0.09881333333,    -999999,   -999999,   -999999,   -999999,   -999999,   -999999,   -999999,   -999999,   -999999,   -999999,   -999999,   -999999,   -999999,   -999999,   -999999,   -999999,   -999999,   -999999,   -999999,   -999999,   -999999,   -999999,   -999999,   -999999,   -999999,   -999999,   -999999,   -999999,   -999999,   -999999,   -999999,   -999999,   -999999,   -999999,   -999999,   -999999,   -999999,   -999999,   -999999,   -999999,   -999999,   -999999,   -999999,   -999999,   -999999,   -999999,   -999999,   -999999,   -999999,   -999999,   -999999,     -999999  
57907,   135,          1401513.0,         14.000000,  10.70282596,   38.9627876,   279.2528061,   6.336243438,   450.28,   256.2699939,   321.8864669,   316,   26.27247051,   18.89987269,   244.8005284,   6.63,   6.287719278,   127.02,   123.774264,   88.38079201,   0.388,   4.08,   148.6,   140.4,   8.22,   5.44,   0.02,   321.98,   232.3499939,   263.9499939,   848.8,   25.8,   59.04,   135.5,   -10.62,   0.26,   0.18,   1.656,   1.406,   10.726,    -999999,  0.053675,   0.333175,   0.24205,   17.69,   14.98,   235.5499939,   0.28206,   6.34794,   0.4385956,   1.10926,   60.38,   411.1,   1.870655556,   0.0948,    -999999,   -999999,   -999999,   -999999,   -999999,   -999999,   -999999,   -999999,   -999999,   -999999,   -999999,   -999999,   -999999,   -999999,   -999999,   -999999,   -999999,   -999999,   -999999,   -999999,   -999999,   -999999,   -999999,   -999999,   -999999,   -999999,   -999999,   -999999,   -999999,   -999999,   -999999,   -999999,   -999999,   -999999,   -999999,   -999999,   -999999,   -999999,   -999999,   -999999,   -999999,   -999999,   -999999,   -999999,   -999999,   -999999,   -999999,   -999999,   -999999,   -999999,   -999999,     -999999  
57912,   135,          1401514.0,         14.000000,  10.70452643,   38.958374,   279.2574798,   6.350447118,   449.4,   256.1699939,   321.9407543,   316,   26.25524733,   18.73981764,   244.1006403,   6.6486,   6.323929518,   127.64,   124.6282344,   88.93638721,   0.39,   3.26,   148.6,   140.48,   8.1,   5.12,   -0.1,   322.02,   232.4099939,   263.9499939,   849.2,   25.8,   59.38,   135.5,   -10.46,   0.264,   0.178,   1.644,   1.394,   10.868,    -999999,  0.05158,   0.3201,   0.23186,   17.27,   14.6,   235.1299939,   0.28178,   6.36682,   0.464966,   1.085276,   60.22,   411.112,   1.871384615,   0.09474761905,    -999999,   -999999,   -999999,   -999999,   -999999,   -999999,   -999999,   -999999,   -999999,   -999999,   -999999,   -999999,   -999999,   -999999,   -999999,   -999999,   -999999,   -999999,   -999999,   -999999,   -999999,   -999999,   -999999,   -999999,   -999999,   -999999,   -999999,   -999999,   -999999,   -999999,   -999999,   -999999,   -999999,   -999999,   -999999,   -999999,   -999999,   -999999,   -999999,   -999999,   -999999,   -999999,   -999999,   -999999,   -999999,   -999999,   -999999,   -999999,   -999999,   -999999,   -999999,     -999999  
57917,   135,          1401515.0,         14.000000,  10.70622813,   38.95393602,   279.2621719,   6.369893359,   448.2,   255.7899939,   321.7088638,   316,   26.23800313,   18.6395046,   242.8610495,   6.664,   6.323990478,   128.28,   125.677692,   89.64631441,   0.39,   3.06,   148.52,   140.5,   8.04,   5.1,   -0.2,   321.76,   233.1299939,   263.6499939,   850.4,   25.8,   59.46,   135.56,   -10.24,   0.284,   0.194,   1.59,   1.344,   12.09,    -999999,  0.05274,   0.32731,   0.23652,   18.065,   15.231,   235.3219939,   0.29666,   6.36734,   0.425623,   1.10926,   59.06,   411.11,   1.870823077,   0.1034461538,    -999999,   -999999,   -999999,   -999999,   -999999,   -999999,   -999999,   -999999,   -999999,   -999999,   -999999,   -999999,   -999999,   -999999,   -999999,   -999999,   -999999,   -999999,   -999999,   -999999,   -999999,   -999999,   -999999,   -999999,   -999999,   -999999,   -999999,   -999999,   -999999,   -999999,   -999999,   -999999,   -999999,   -999999,   -999999,   -999999,   -999999,   -999999,   -999999,   -999999,   -999999,   -999999,   -999999,   -999999,   -999999,   -999999,   -999999,   -999999,   -999999,   -999999,   -999999,     -999999  
57922,   135,          1401516.0,         14.000000,  10.70793115,   38.94947356,   279.2668839,   6.386108719,   447.2,   255.7499939,   321.8638979,   316,   26.22073702,   18.539903,   242.7400219,   6.6794,   6.334719438,   128.88,   126.2744424,   89.98584481,   0.39,   3.02,   148.4,   140.5,   7.96,   5.1,   -0.2,   321.88,   233.6299939,   263.6499939,   851.4,   25.74,   59.4,   135.6,   -10.08,   0.302,   0.202,   1.58,   1.332,   12.816,    -999999,  0.0516,   0.320375,   0.23105,   17.9,   15.0675,   235.0949939,   0.31032,   6.36908,   0.451096,   1.07928,   61.84,   411.176,   1.8724,   0.09494761905,    -999999,   -999999,   -999999,   -999999,   -999999,   -999999,   -999999,   -999999,   -999999,   -999999,   -999999,   -999999,   -999999,   -999999,   -999999,   -999999,   -999999,   -999999,   -999999,   -999999,   -999999,   -999999,   -999999,   -999999,   -999999,   -999999,   -999999,   -999999,   -999999,   -999999,   -999999,   -999999,   -999999,   -999999,   -999999,   -999999,   -999999,   -999999,   -999999,   -999999,   -999999,   -999999,   -999999,   -999999,   -999999,   -999999,   -999999,   -999999,   -999999,   -999999,   -999999,     -999999  
57927,   135,          1401517.0,         14.000000,  10.70963589,   38.94499284,   279.2716217,   6.395923279,   446.56,   255.6499939,   321.8697247,   316,   26.20345,   18.19992207,   243.1010986,   6.695,   6.361785679,   129.4,   126.6654168,   90.23277601,   0.396,   3.06,   148.16,   140.42,   7.76,   5.1,   -0.3,   321.98,   234.4099939,   263.6499939,   851.6,   25.7,   59.5,   135.6,   -9.62,   0.322,   0.218,   1.574,   1.328,   13.932,    -999999,  0.05069,   0.31452,   0.22647,   17.787,   14.955,   234.8959939,   0.2642,   6.4308,   0.4224208,   1.07928,   61.48,   411.2075,   1.8725,   0.09525,    -999999,   -999999,   -999999,   -999999,   -999999,   -999999,   -999999,   -999999,   -999999,   -999999,   -999999,   -999999,   -999999,   -999999,   -999999,   -999999,   -999999,   -999999,   -999999,   -999999,   -999999,   -999999,   -999999,   -999999,   -999999,   -999999,   -999999,   -999999,   -999999,   -999999,   -999999,   -999999,   -999999,   -999999,   -999999,   -999999,   -999999,   -999999,   -999999,   -999999,   -999999,   -999999,   -999999,   -999999,   -999999,   -999999,   -999999,   -999999,   -999999,   -999999,   -999999,     -999999  
57932,   135,          1401518.0,         14.000000,  10.71134226,   38.94050292,   279.276384,   6.414516079,   445.46,   255.6499939,   322.0966137,   316,   26.18614931,   17.85974465,   243.6187018,   6.7104,   6.411285199,   129.9,   126.9843696,   90.36653041,   0.4,   3.04,   147.84,   140.26,   7.56,   5.1,   -0.36,   322.12,   234.7099939,   263.6499939,   852.6,   25.7,   59.5,   135.7,   -9.24,   0.336,   0.226,   1.57,   1.32,   14.42,    -999999,  0.050675,   0.314475,   0.225975,   17.75,   14.9225,   234.8749939,   0.26978,   6.44062,   0.4374688,   1.127248,   59.32,   411.178,   1.8725,   0.0952125,    -999999,   -999999,   -999999,   -999999,   -999999,   -999999,   -999999,   -999999,   -999999,   -999999,   -999999,   -999999,   -999999,   -999999,   -999999,   -999999,   -999999,   -999999,   -999999,   -999999,   -999999,   -999999,   -999999,   -999999,   -999999,   -999999,   -999999,   -999999,   -999999,   -999999,   -999999,   -999999,   -999999,   -999999,   -999999,   -999999,   -999999,   -999999,   -999999,   -999999,   -999999,   -999999,   -999999,   -999999,   -999999,   -999999,   -999999,   -999999,   -999999,   -999999,   -999999,     -999999  
57937,   135,          1401519.0,         14.000000,  10.71305067,   38.93600084,   279.2811767,   6.430731439,   444.44,   255.6099939,   322.2572168,   316,   26.1688295,   17.81968993,   244.4399574,   6.7262,   6.422014159,   130.32,   127.169568,   90.38710801,   0.4,   3.16,   147.68,   140.2,   7.48,   5.18,   0.02,   322.34,   234.7699939,   263.6499939,   852.4,   25.7,   59.4,   135.7,   -9.7,   0.34,   0.228,   1.566,   1.32,   14.516,    -999999,  0.05185,   0.321775,   0.2307,   18.3075,   15.3725,   235.0774939,   0.25444,   6.47176,   0.4610808,   1.13924,   61.04,   411.216,   1.871890909,   0.09413333333,    -999999,   -999999,   -999999,   -999999,   -999999,   -999999,   -999999,   -999999,   -999999,   -999999,   -999999,   -999999,   -999999,   -999999,   -999999,   -999999,   -999999,   -999999,   -999999,   -999999,   -999999,   -999999,   -999999,   -999999,   -999999,   -999999,   -999999,   -999999,   -999999,   -999999,   -999999,   -999999,   -999999,   -999999,   -999999,   -999999,   -999999,   -999999,   -999999,   -999999,   -999999,   -999999,   -999999,   -999999,   -999999,   -999999,   -999999,   -999999,   -999999,   -999999,   -999999,     -999999  
57942,   135,          1401520.0,         14.000000,  10.71476071,   38.93149186,   279.285994,   6.44499608,   443.54,   255.3099939,   322.0654701,   316,   26.15149769,   17.95993875,   244.6590209,   6.7424,   6.407017999,   130.72,   127.5090984,   90.60317281,   0.4,   3.3,   147.78,   140.22,   7.54,   5.02,   0.3,   322.14,   234.7899939,   263.3499939,   853.4,   25.7,   59.48,   135.74,   -10.28,   0.342,   0.228,   1.526,   1.284,   14.962,    -999999,  0.052175,   0.324025,   0.231825,   18.56,   15.5725,   235.1249939,   0.25064,   6.49176,   0.451532,   1.127248,   58.34,   411.24,   1.87212,   0.0908952381,    -999999,   -999999,   -999999,   -999999,   -999999,   -999999,   -999999,   -999999,   -999999,   -999999,   -999999,   -999999,   -999999,   -999999,   -999999,   -999999,   -999999,   -999999,   -999999,   -999999,   -999999,   -999999,   -999999,   -999999,   -999999,   -999999,   -999999,   -999999,   -999999,   -999999,   -999999,   -999999,   -999999,   -999999,   -999999,   -999999,   -999999,   -999999,   -999999,   -999999,   -999999,   -999999,   -999999,   -999999,   -999999,   -999999,   -999999,   -999999,   -999999,   -999999,   -999999,     -999999  
57947,   135,          1401521.0,         14.000000,  10.71647095,   38.92696456,   279.2908142,   6.46255256,   442.46,   255.2499939,   322.214142,   316,   26.13415763,   17.8798,   244.7210301,   6.7586,   6.405737839,   131.2,   127.9618056,   90.83981521,   0.4,   3.3,   147.78,   140.3,   7.48,   4.94,   0.12,   322.3,   234.9099939,   263.3499939,   854.4,   25.7,   59.62,   135.8,   -9.96,   0.346,   0.228,   1.518,   1.276,   15.156,    -999999,  0.052425,   0.325375,   0.232275,   18.8175,   15.765,   235.1474939,   0.33136,   6.42724,   0.4309778,   1.10926,   61.82,   411.215,   1.87225,   0.1016619048,    -999999,   -999999,   -999999,   -999999,   -999999,   -999999,   -999999,   -999999,   -999999,   -999999,   -999999,   -999999,   -999999,   -999999,   -999999,   -999999,   -999999,   -999999,   -999999,   -999999,   -999999,   -999999,   -999999,   -999999,   -999999,   -999999,   -999999,   -999999,   -999999,   -999999,   -999999,   -999999,   -999999,   -999999,   -999999,   -999999,   -999999,   -999999,   -999999,   -999999,   -999999,   -999999,   -999999,   -999999,   -999999,   -999999,   -999999,   -999999,   -999999,   -999999,   -999999,     -999999  
