inputs/ACTAMERICA_Merge/C130/ACTAMERICA-mrg05-c130_merge_20170125_R0.ict
143, 1001
Shook, Michael
NASA Atmospheric Composition Branch, NASA Langley Research Center (SSAI)
Merged data file for ACT-AMERICA 2017, Flight 01 (20170125), on the c130 platform. Data is merged to 05 seconds.
NASA ACT-AMERICA 2017
1, 1
2017, 01, 25, 2018, 02, 23
05
UTC,s
104
1, 1, 1, 1, 1, 1, 1, 1, 1, 1, 1, 1, 1, 1, 1, 1, 1, 1, 1, 1, 1, 1, 1, 1, 1, 1, 1, 1, 1, 1, 1, 1, 1, 1, 1, 1, 1, 1, 1, 1, 1, 1, 1, 1, 1, 1, 1, 1, 1, 1, 1, 1, 1, 1, 1, 1, 1, 1, 1, 1, 1, 1, 1, 1, 1, 1, 1, 1, 1, 1, 1, 1, 1, 1, 1, 1, 1, 1, 1, 1, 1, 1, 1, 1, 1, 1, 1, 1, 1, 1, 1, 1, 1, 1, 1, 1, 1, 1, 1, 1, 1, 1, 1, 1
-999999, -999999, -999999, -999999, -999999, -999999, -999999, -999999, -999999, -999999, -999999, -999999, -999999, -999999, -999999, -999999, -999999, -999999, -999999, -999999, -999999, -999999, -999999, -999999, -999999, -999999, -999999, -999999, -999999, -999999, -999999, -999999, -999999, -999999, -999999, -999999, -999999, -999999, -999999, -999999, -999999, -999999, -999999, -999999, -999999, -999999, -999999, -999999, -999999, -999999, -999999, -999999, -999999, -999999, -999999, -999999, -999999, -999999, -999999, -999999, -999999, -999999, -999999, -999999, -999999, -999999, -999999, -999999, -999999, -999999, -999999, -999999, -999999, -999999, -999999, -999999, -999999, -999999, -999999, -999999, -999999, -999999, -999999, -999999, -999999, -999999, -999999, -999999, -999999, -999999, -999999, -999999, -999999, -999999, -999999, -999999, -999999, -999999, -999999, -999999, -999999, -999999, -999999, -999999
JDAY, days
INDEX, none
FLIGHT, none
LOCAL_SUN_TIME, hour
LATITUDE, degs
LONGITUDE, degs
ALTP, km
PRESSURE, hPa
TEMPERATURE, K
THETA, K
O3COLUMN, DU
SZA, deg
WNS, m s-1
WND, Degs
GPS_ALT, km
GRD_SPD, m s-1
TAS, m/s
IAS, m/s
MachNumber, mach
VerticalSpeed, m s-1
HDG, degs
TRK, degs
DriftAngle, degs
PITCH, degs
ROLL, degs
PotentialTemp, K
Dewpoint, K
TotalAirTemp, K
CabinPressure, hPa
SolarZenithAngle, degs
AircraftSunElevation, degs
SunAzimuth, degs
AircraftSunAzimuth, degs
H2O_MixingRatio, g kg-1
H2O_VaporPressure, hPa
H2O_SatVaporPressureWater, hPa
H2O_SatVaporPressureIce, hPa
H2O_RelativeHumidity, %
H2O_VolMixingRatio_PICARRO, %
H2O_MassMixingRatio_PICARRO, g kg-1
H2O_VaporPressure_PICARRO, hPa
RHi_PICARRO, %
RHw_PICARRO, %
Dewpoint_PICARRO, K
Ground_Elevation, km
Altitude_AGL, km
GroundHeight_CPL, km
MLH_CPL, km
O3_MixingRatio, ppbv
CO2_MixingRatio_PICARRO, ppmv
CH4_MixingRatio_PICARRO, ppmv
CO_MixingRatio_PICARRO, ppmv
CO2_MoleFraction_PFP, ppm
CH4_MoleFraction_PFP, ppb
CO_MoleFraction_PFP, ppb
N2O_MoleFraction_PFP, ppb
SF6_CCGG_MoleFraction_PFP, ppt
H2_MoleFraction_PFP, ppb
CH4C13_PFP, per mil
CO2C14_PFP, per mil
F11B_MoleFraction_PFP, ppt
FC12_MoleFraction_PFP, ppt
F13_MoleFraction_PFP, ppt
F113_MoleFraction_PFP, ppt
F115_MoleFraction_PFP, ppt
HF133a_MoleFraction_PFP, ppt
F23_MoleFraction_PFP, ppt
F32_MoleFraction_PFP, ppt
F134A_MoleFraction_PFP, ppt
F152A_MoleFraction_PFP, ppt
F125_MoleFraction_PFP, ppt
F143a_MoleFraction_PFP, ppt
F227e_MoleFraction_PFP, ppt
F365m_MoleFraction_PFP, ppt
H1211_MoleFraction_PFP, ppt
H1301_MoleFraction_PFP, ppt
H2402_MoleFraction_PFP, ppt
MCFA_MoleFraction_PFP, ppt
CF4_MoleFraction_PFP, ppt
C2F6_MoleFraction_PFP, ppt
SO2F2_MoleFraction_PFP, ppt
MEBR_MoleFraction_PFP, ppt
CH3I_MoleFraction_PFP, ppt
DIBR_MoleFraction_PFP, ppt
[...]
[from data line 1372]
77562,   25,          101373.00,         1.0000000,  16.40006761,   36.33668364,   282.8155975,   4.238487892,   596.8,   268.7099939,   311.4101273,   258,   83.26515507,   32.49992876,   265.9601231,   4.333,   77,   109.164168,   87.45480001,   0.33,   -5,   261.72,   259.96,   1.76,   1.5,   -10.4,   311.34,   253.4499939,   274.7099939,   983,   80.8,   11.62,   -121.6,   -21.12,   1.446,   1.3,   4.44,   4.254,   29.358,   0.2166888889,   1.344977778,   1.2973,   31.80222222,   30.34555556,   253.5344383,   0.0175,   4.3155,   0.115442,   0.683543,   26.62,   405.565,   1.85465,   0.07612105263,    -999999,   -999999,   -999999,   -999999,   -999999,   -999999,   -999999,   -999999,   -999999,   -999999,   -999999,   -999999,   -999999,   -999999,   -999999,   -999999,   -999999,   -999999,   -999999,   -999999,   -999999,   -999999,   -999999,   -999999,   -999999,   -999999,   -999999,   -999999,   -999999,   -999999,   -999999,   -999999,   -999999,   -999999,   -999999,   -999999,   -999999,   -999999,   -999999,   -999999,   -999999,   -999999,   -999999,   -999999,   -999999,   -999999,   -999999,   -999999,   -999999,   -999999,   -999999,     -999999  
77567,   25,          101374.00,         1.0000000,  16.4011791,   36.33583526,   282.8114365,   4.212823732,   598.8,   268.8699939,   311.2978448,   258,   83.27642136,   32.33977482,   265.320284,   4.307,   77,   109.06128,   87.24902401,   0.33,   -5,   256.84,   253.3,   3.56,   1.5,   -10.1,   311.28,   253.4899939,   274.8699939,   983.4,   80.8,   10.6,   -121.6,   -16.16,   1.444,   1.304,   4.504,   4.326,   29.036,   0.2183,   1.355,   1.311075,   31.4025,   30.045,   253.6549939,   0.01864,   4.28836,   0.1280532,   0.659559,   26.74,   405.5585714,   1.8547,   0.07704736842,    -999999,   -999999,   -999999,   -999999,   -999999,   -999999,   -999999,   -999999,   -999999,   -999999,   -999999,   -999999,   -999999,   -999999,   -999999,   -999999,   -999999,   -999999,   -999999,   -999999,   -999999,   -999999,   -999999,   -999999,   -999999,   -999999,   -999999,   -999999,   -999999,   -999999,   -999999,   -999999,   -999999,   -999999,   -999999,   -999999,   -999999,   -999999,   -999999,   -999999,   -999999,   -999999,   -999999,   -999999,   -999999,   -999999,   -999999,   -999999,   -999999,   -999999,   -999999,     -999999  
77572,   25,          101375.00,         1.0000000,  16.40229852,   36.33461534,   282.8073944,   4.186549972,   600.8,   269.1299939,   311.3021543,   258,   83.28758946,   32.21996909,   265.4399753,   4.281,   77,   108.54684,   86.94036001,   0.33,   -4.8,   252.64,   247.36,   5.24,   1.54,   -8.42,   311.26,   253.5499939,   275.0899939,   982,   80.8,   9.52,   -121.6,   -12.52,   1.45,   1.31,   4.59,   4.422,   28.626,   0.21775,   1.35155,   1.311975,   30.6875,   29.44,   253.6674939,   0.01848,   4.26252,   0.1391526,   0.659559,   26.26,   405.555,   1.8551,   0.07445,    -999999,   -999999,   -999999,   -999999,   -999999,   -999999,   -999999,   -999999,   -999999,   -999999,   -999999,   -999999,   -999999,   -999999,   -999999,   -999999,   -999999,   -999999,   -999999,   -999999,   -999999,   -999999,   -999999,   -999999,   -999999,   -999999,   -999999,   -999999,   -999999,   -999999,   -999999,   -999999,   -999999,   -999999,   -999999,   -999999,   -999999,   -999999,   -999999,   -999999,   -999999,   -999999,   -999999,   -999999,   -999999,   -999999,   -999999,   -999999,   -999999,   -999999,   -999999,     -999999  
77577,   25,          101376.00,         1.0000000,  16.40342709,   36.33309022,   282.8034897,   4.161373491,   602.8,   269.4299939,   311.3533829,   258,   83.29870516,   32.25995989,   265.1000617,   4.2556,   78,   108.54684,   86.94036001,   0.33,   -4,   248.98,   242.36,   6.62,   1.62,   -7.66,   311.26,   253.6099939,   275.2699939,   982,   80.8,   8.74,   -121.56,   -8.88,   1.45,   1.322,   4.682,   4.52,   28.224,   0.216225,   1.3421,   1.306825,   30.035,   28.8725,   253.6199939,   0.01834,   4.23726,   0.1217362,   0.683543,   27.98,   405.58,   1.85491,   0.07885,    -999999,   -999999,   -999999,   -999999,   -999999,   -999999,   -999999,   -999999,   -999999,   -999999,   -999999,   -999999,   -999999,   -999999,   -999999,   -999999,   -999999,   -999999,   -999999,   -999999,   -999999,   -999999,   -999999,   -999999,   -999999,   -999999,   -999999,   -999999,   -999999,   -999999,   -999999,   -999999,   -999999,   -999999,   -999999,   -999999,   -999999,   -999999,   -999999,   -999999,   -999999,   -999999,   -999999,   -999999,   -999999,   -999999,   -999999,   -999999,   -999999,   -999999,   -999999,     -999999  
77582,   25,          101377.00,         1.0000000,  16.40456594,   36.3312828,   282.7997391,   4.137660051,   604.6,   269.6099939,   311.2960879,   258,   83.30979166,   32.05992928,   265.1605739,   4.2308,   78.2,   108.135288,   86.63169601,   0.33,   -4,   245.36,   237.4,   7.9,   1.74,   -8.1,   311.28,   253.7099939,   275.4699939,   982.4,   80.8,   8.18,   -121.5,   -5.36,   1.456,   1.336,   4.764,   4.608,   27.974,   0.2167,   1.34505,   1.313,   29.7625,   28.6525,   253.6774939,   0.01834,   4.21246,   0.1290802,   0.6955352,   26.58,   405.565,   1.854763636,   0.0804,    -999999,   -999999,   -999999,   -999999,   -999999,   -999999,   -999999,   -999999,   -999999,   -999999,   -999999,   -999999,   -999999,   -999999,   -999999,   -999999,   -999999,   -999999,   -999999,   -999999,   -999999,   -999999,   -999999,   -999999,   -999999,   -999999,   -999999,   -999999,   -999999,   -999999,   -999999,   -999999,   -999999,   -999999,   -999999,   -999999,   -999999,   -999999,   -999999,   -999999,   -999999,   -999999,   -999999,   -999999,   -999999,   -999999,   -999999,   -999999,   -999999,   -999999,   -999999,     -999999  
77587,   25,          101378.00,         1.0000000,  16.40571648,   36.32920228,   282.7961639,   4.115165811,   606.4,   269.8899939,   311.3548165,   258,   83.32086867,   32.03990983,   265.3601748,   4.2074,   79,   107.51796,   86.42592001,   0.33,   -4,   241.64,   232.32,   9.34,   1.96,   -8.38,   311.26,   253.7699939,   275.6499939,   981.8,   80.8,   7.36,   -121.5,   -1.48,   1.462,   1.342,   4.846,   4.704,   27.628,   0.2161,   1.341275,   1.312925,   29.1525,   28.135,   253.6724939,   0.01934,   4.18806,   0.1222858,   0.7075276,   24.22,   405.56,   1.855163636,   0.08105,    -999999,   -999999,   -999999,   -999999,   -999999,   -999999,   -999999,   -999999,   -999999,   -999999,   -999999,   -999999,   -999999,   -999999,   -999999,   -999999,   -999999,   -999999,   -999999,   -999999,   -999999,   -999999,   -999999,   -999999,   -999999,   -999999,   -999999,   -999999,   -999999,   -999999,   -999999,   -999999,   -999999,   -999999,   -999999,   -999999,   -999999,   -999999,   -999999,   -999999,   -999999,   -999999,   -999999,   -999999,   -999999,   -999999,   -999999,   -999999,   -999999,   -999999,   -999999,     -999999  
77592,   25,          101379.00,         1.0000000,  16.40688087,   36.32684328,   282.7927963,   4.097304531,   608,   270.0699939,   311.3279929,   258,   83.33195621,   31.97977739,   265.4200751,   4.1862,   80.2,   107.312184,   86.32303201,   0.33,   -4,   237.78,   227.12,   10.62,   2.32,   -8.66,   311.3,   253.8899939,   275.8699939,   981,   80.8,   6.4,   -121.5,   2.28,   1.474,   1.354,   4.92,   4.782,   27.506,   0.2148,   1.3332,   1.308125,   28.3525,   27.44,   253.6299939,   0.01974,   4.16646,   0.1257886,   0.689539,   23.82,   405.61,   1.855036364,   0.07851578947,    -999999,   -999999,   -999999,   -999999,   -999999,   -999999,   -999999,   -999999,   -999999,   -999999,   -999999,   -999999,   -999999,   -999999,   -999999,   -999999,   -999999,   -999999,   -999999,   -999999,   -999999,   -999999,   -999999,   -999999,   -999999,   -999999,   -999999,   -999999,   -999999,   -999999,   -999999,   -999999,   -999999,   -999999,   -999999,   -999999,   -999999,   -999999,   -999999,   -999999,   -999999,   -999999,   -999999,   -999999,   -999999,   -999999,   -999999,   -999999,   -999999,   -999999,   -999999,     -999999  
77597,   25,          101380.00,         1.0000000,  16.40806162,   36.32420426,   282.7896744,   4.07791925,   609.6,   270.2899939,   311.3477255,   258,   83.34308046,   31.37998852,   264.9600382,   4.1684,   81.4,   106.797744,   85.91148001,   0.32,   -3,   233.36,   221.72,   11.66,   2.28,   -8.88,   311.3,   253.9499939,   276.0099939,   981.6,   80.8,   5.74,   -121.5,   6.8,   1.48,   1.36,   4.994,   4.862,   27.236,   0.21516,   1.33536,   1.31344,   28.06,   27.2,   253.6779939,   0.01884,   4.14956,   0.131455,   0.7135238,   27.54,   405.5785714,   1.85483,   0.07614210526,    -999999,   -999999,   -999999,   -999999,   -999999,   -999999,   -999999,   -999999,   -999999,   -999999,   -999999,   -999999,   -999999,   -999999,   -999999,   -999999,   -999999,   -999999,   -999999,   -999999,   -999999,   -999999,   -999999,   -999999,   -999999,   -999999,   -999999,   -999999,   -999999,   -999999,   -999999,   -999999,   -999999,   -999999,   -999999,   -999999,   -999999,   -999999,   -999999,   -999999,   -999999,   -999999,   -999999,   -999999,   -999999,   -999999,   -999999,   -999999,   -999999,   -999999,   -999999,     -999999  
77602,   25,          101381.00,         1.0000000,  16.40925937,   36.32128144,   282.7868073,   4.06182581,   610.8,   270.3899939,   311.2879611,   258,   83.35424627,   31.39985505,   265.1607008,   4.1506,   83.2,   107.00352,   86.11725601,   0.324,   -3,   229.24,   216.46,   12.74,   2.48,   -8.72,   311.24,   254.0099939,   276.1299939,   981.6,   80.84,   4.98,   -121.5,   10.64,   1.484,   1.366,   5.042,   4.914,   27.122,   0.214,   1.328375,   1.30965,   27.7075,   26.8875,   253.6449939,   0.01904,   4.13156,   0.1258358,   0.71952,   26.34,   405.535,   1.855,   0.07714210526,    -999999,   -999999,   -999999,   -999999,   -999999,   -999999,   -999999,   -999999,   -999999,   -999999,   -999999,   -999999,   -999999,   -999999,   -999999,   -999999,   -999999,   -999999,   -999999,   -999999,   -999999,   -999999,   -999999,   -999999,   -999999,   -999999,   -999999,   -999999,   -999999,   -999999,   -999999,   -999999,   -999999,   -999999,   -999999,   -999999,   -999999,   -999999,   -999999,   -999999,   -999999,   -999999,   -999999,   -999999,   -999999,   -999999,   -999999,   -999999,   -999999,   -999999,   -999999,     -999999  
77607,   25,          101382.00,         1.0000000,  16.41047594,   36.3180893,   282.7842224,   4.04408645,   612.2,   270.5699939,   311.2914955,   258,   83.36548018,   31.41989614,   265.6198599,   4.135,   85,   106.900632,   86.11725601,   0.324,   -3,   225.12,   211.3,   13.82,   2.62,   -9.16,   311.3,   254.0499939,   276.3099939,   982,   80.9,   4.16,   -121.5,   14.92,   1.48,   1.37,   5.116,   4.998,   26.808,   0.2118333333,   1.314855556,   1.298433333,   27.12333333,   26.36111111,   253.5455495,   0.01926,   4.11574,   0.1408034,   0.71952,   24,   405.585,   1.855,   0.07723,    -999999,   -999999,   -999999,   -999999,   -999999,   -999999,   -999999,   -999999,   -999999,   -999999,   -999999,   -999999,   -999999,   -999999,   -999999,   -999999,   -999999,   -999999,   -999999,   -999999,   -999999,   -999999,   -999999,   -999999,   -999999,   -999999,   -999999,   -999999,   -999999,   -999999,   -999999,   -999999,   -999999,   -999999,   -999999,   -999999,   -999999,   -999999,   -999999,   -999999,   -999999,   -999999,   -999999,   -999999,   -999999,   -999999,   -999999,   -999999,   -999999,   -999999,   -999999,     -999999  
77612,   25,          101383.00,         1.0000000,  16.41171468,   36.31464612,   282.7819702,   4.02988277,   613.4,   270.7899939,   311.3703479,   258,   83.37682676,   31.17993535,   265.6803079,   4.1192,   87,   106.386192,   85.91148001,   0.32,   -3,   220.56,   205.86,   14.66,   2.7,   -10.08,   311.32,   254.0099939,   276.4299939,   981.8,   80.9,   3.2,   -121.5,   19.32,   1.476,   1.366,   5.192,   5.078,   26.34,   0.2112111111,   1.310877778,   1.297188889,   26.79444444,   26.07444444,   253.5344383,   0.01934,   4.09986,   0.1365728,   0.7015314,   27.76,   405.56,   1.85505,   0.07822631579,    -999999,   -999999,   -999999,   -999999,   -999999,   -999999,   -999999,   -999999,   -999999,   -999999,   -999999,   -999999,   -999999,   -999999,   -999999,   -999999,   -999999,   -999999,   -999999,   -999999,   -999999,   -999999,   -999999,   -999999,   -999999,   -999999,   -999999,   -999999,   -999999,   -999999,   -999999,   -999999,   -999999,   -999999,   -999999,   -999999,   -999999,   -999999,   -999999,   -999999,   -999999,   -999999,   -999999,   -999999,   -999999,   -999999,   -999999,   -999999,   -999999,   -999999,   -999999,     -999999  
77617,   25,          101384.00,         1.0000000,  16.41297865,   36.31095048,   282.7800964,   4.01604485,   614.2,   270.8899939,   311.3693621,   258,   83.38831777,   31.01995492,   265.6199871,   4.1054,   89.2,   106.386192,   85.91148001,   0.32,   -2.2,   215.52,   200.14,   15.44,   3.08,   -10.36,   311.32,   253.9499939,   276.5899939,   982.6,   80.9,   1.96,   -121.48,   24.48,   1.468,   1.36,   5.232,   5.124,   26,   0.2106,   1.30726,   1.2951,   26.465,   25.789,   253.5139939,   0.01926,   4.08614,   0.1265432,   0.689539,   25.9,   405.565,   1.8552,   0.07928,    -999999,   -999999,   -999999,   -999999,   -999999,   -999999,   -999999,   -999999,   -999999,   -999999,   -999999,   -999999,   -999999,   -999999,   -999999,   -999999,   -999999,   -999999,   -999999,   -999999,   -999999,   -999999,   -999999,   -999999,   -999999,   -999999,   -999999,   -999999,   -999999,   -999999,   -999999,   -999999,   -999999,   -999999,   -999999,   -999999,   -999999,   -999999,   -999999,   -999999,   -999999,   -999999,   -999999,   -999999,   -999999,   -999999,   -999999,   -999999,   -999999,   -999999,   -999999,     -999999  
