inputs/ACTAMERICA_Merge/C130/ACTAMERICA-mrg05-c130_merge_20170301_R0.ict
143, 1001
Shook, Michael
NASA Atmospheric Composition Branch, NASA Langley Research Center (SSAI)
Merged data file for ACT-AMERICA 2017, Flight 14 (20170301), on the c130 platform. Data is merged to 05 seconds.
NASA ACT-AMERICA 2017
1, 1
2017, 03, 01, 2018, 02, 23
05
UTC,s
104
1, 1, 1, 1, 1, 1, 1, 1, 1, 1, 1, 1, 1, 1, 1, 1, 1, 1, 1, 1, 1, 1, 1, 1, 1, 1, 1, 1, 1, 1, 1, 1, 1, 1, 1, 1, 1, 1, 1, 1, 1, 1, 1, 1, 1, 1, 1, 1, 1, 1, 1, 1, 1, 1, 1, 1, 1, 1, 1, 1, 1, 1, 1, 1, 1, 1, 1, 1, 1, 1, 1, 1, 1, 1, 1, 1, 1, 1, 1, 1, 1, 1, 1, 1, 1, 1, 1, 1, 1, 1, 1, 1, 1, 1, 1, 1, 1, 1, 1, 1, 1, 1, 1, 1
-999999, -999999, -999999, -999999, -999999, -999999, -999999, -999999, -999999, -999999, -999999, -999999, -999999, -999999, -999999, -999999, -999999, -999999, -999999, -999999, -999999, -999999, -999999, -999999, -999999, -999999, -999999, -999999, -999999, -999999, -999999, -999999, -999999, -999999, -999999, -999999, -999999, -999999, -999999, -999999, -999999, -999999, -999999, -999999, -999999, -999999, -999999, -999999, -999999, -999999, -999999, -999999, -999999, -999999, -999999, -999999, -999999, -999999, -999999, -999999, -999999, -999999, -999999, -999999, -999999, -999999, -999999, -999999, -999999, -999999, -999999, -999999, -999999, -999999, -999999, -999999, -999999, -999999, -999999, -999999, -999999, -999999, -999999, -999999, -999999, -999999, -999999, -999999, -999999, -999999, -999999, -999999, -999999, -999999, -999999, -999999, -999999, -999999, -999999, -999999, -999999, -999999, -999999, -999999
JDAY, days
INDEX, none
FLIGHT, none
LOCAL_SUN_TIME, hour
LATITUDE, degs
LONGITUDE, degs
ALTP, km
PRESSURE, hPa
TEMPERATURE, K
THETA, K
O3COLUMN, DU
SZA, deg
WNS, m s-1
WND, Degs
GPS_ALT, km
GRD_SPD, m s-1
TAS, m/s
IAS, m/s
MachNumber, mach
VerticalSpeed, m s-1
HDG, degs
TRK, degs
DriftAngle, degs
PITCH, degs
ROLL, degs
PotentialTemp, K
Dewpoint, K
TotalAirTemp, K
CabinPressure, hPa
SolarZenithAngle, degs
AircraftSunElevation, degs
SunAzimuth, degs
AircraftSunAzimuth, degs
H2O_MixingRatio, g kg-1
H2O_VaporPressure, hPa
H2O_SatVaporPressureWater, hPa
H2O_SatVaporPressureIce, hPa
H2O_RelativeHumidity, %
H2O_VolMixingRatio_PICARRO, %
H2O_MassMixingRatio_PICARRO, g kg-1
H2O_VaporPressure_PICARRO, hPa
RHi_PICARRO, %
RHw_PICARRO, %
Dewpoint_PICARRO, K
Ground_Elevation, km
Altitude_AGL, km
GroundHeight_CPL, km
MLH_CPL, km
O3_MixingRatio, ppbv
CO2_MixingRatio_PICARRO, ppmv
CH4_MixingRatio_PICARRO, ppmv
CO_MixingRatio_PICARRO, ppmv
CO2_MoleFraction_PFP, ppm
CH4_MoleFraction_PFP, ppb
CO_MoleFraction_PFP, ppb
N2O_MoleFraction_PFP, ppb
SF6_CCGG_MoleFraction_PFP, ppt
H2_MoleFraction_PFP, ppb
CH4C13_PFP, per mil
CO2C14_PFP, per mil
F11B_MoleFraction_PFP, ppt
FC12_MoleFraction_PFP, ppt
F13_MoleFraction_PFP, ppt
F113_MoleFraction_PFP, ppt
F115_MoleFraction_PFP, ppt
HF133a_MoleFraction_PFP, ppt
F23_MoleFraction_PFP, ppt
F32_MoleFraction_PFP, ppt
F134A_MoleFraction_PFP, ppt
F152A_MoleFraction_PFP, ppt
F125_MoleFraction_PFP, ppt
F143a_MoleFraction_PFP, ppt
F227e_MoleFraction_PFP, ppt
F365m_MoleFraction_PFP, ppt
H1211_MoleFraction_PFP, ppt
H1301_MoleFraction_PFP, ppt
H2402_MoleFraction_PFP, ppt
MCFA_MoleFraction_PFP, ppt
CF4_MoleFraction_PFP, ppt
C2F6_MoleFraction_PFP, ppt
SO2F2_MoleFraction_PFP, ppt
MEBR_MoleFraction_PFP, ppt
CH3I_MoleFraction_PFP, ppt
DIBR_MoleFraction_PFP, ppt
[...]
[from data line 1016]
63047,   60,          1401017.0,         14.000000,  12.40851185,   37.6526619,   283.4214278,   2.121103226,   782.4,   285.6499939,   306.3960223,   121.7139969,   45.60781726,   33.85993014,   245.3198469,   2.1374,   150,   134.26884,   118.83564,   0.4,   2,   136.8,   123.26,   13.56,   2.24,   0.84,   306.36,   257.7899939,   294.7099939,   852.6,   45,   43.68,   -176.1,   45.62,   1.588,   1.878,   14.646,   16.544,   12.828,   0.2669857143,   1.656957143,   2.090357143,    -999999,  14.93285714,   259.2299939,   0,   2.1374,   0.091539,   0.929379,   62.2,   407.4457143,   1.868911111,   0.1057947368,    -999999,   -999999,   -999999,   -999999,   -999999,   -999999,   -999999,   -999999,   -999999,   -999999,   -999999,   -999999,   -999999,   -999999,   -999999,   -999999,   -999999,   -999999,   -999999,   -999999,   -999999,   -999999,   -999999,   -999999,   -999999,   -999999,   -999999,   -999999,   -999999,   -999999,   -999999,   -999999,   -999999,   -999999,   -999999,   -999999,   -999999,   -999999,   -999999,   -999999,   -999999,   -999999,   -999999,   -999999,   -999999,   -999999,   -999999,   -999999,   -999999,   -999999,   -999999,     -999999  
63052,   60,          1401018.0,         14.000000,  12.41037637,   37.64894138,   283.4285622,   2.132258906,   781.6,   285.5299939,   306.3568392,   121.7139969,   45.60742424,   33.95990884,   245.5802712,   2.148,   150,   134.26884,   118.83564,   0.4,   1.4,   136.86,   123.28,   13.58,   2.2,   0.8,   306.38,   257.7899939,   294.5899939,   851,   45,   43.7,   -176.06,   45.64,   1.592,   1.878,   14.528,   16.392,   12.928,   0.2674,   1.659888889,   2.091,    -999999,  15.10333333,   259.2355495,   0,   2.148,   0.08318742,   0.929379,   61.44,   407.415,   1.869,   0.10405,    -999999,   -999999,   -999999,   -999999,   -999999,   -999999,   -999999,   -999999,   -999999,   -999999,   -999999,   -999999,   -999999,   -999999,   -999999,   -999999,   -999999,   -999999,   -999999,   -999999,   -999999,   -999999,   -999999,   -999999,   -999999,   -999999,   -999999,   -999999,   -999999,   -999999,   -999999,   -999999,   -999999,   -999999,   -999999,   -999999,   -999999,   -999999,   -999999,   -999999,   -999999,   -999999,   -999999,   -999999,   -999999,   -999999,   -999999,   -999999,   -999999,   -999999,   -999999,     -999999  
63057,   60,          1401019.0,         14.000000,  12.41224094,   37.64521176,   283.4356974,   2.140061786,   780.4,   285.3899939,   306.341081,   121.7139969,   45.60703779,   33.89986795,   245.7204135,   2.1572,   150,   134.26884,   118.83564,   0.4,   1.4,   136.84,   123.32,   13.5,   2.26,   0.54,   306.3,   257.6299939,   294.4299939,   850.8,   45,   43.58,   -176,   45.76,   1.574,   1.854,   14.418,   16.248,   12.856,   0.2657333333,   1.649488889,   2.075266667,    -999999,  14.98777778,   259.1399939,   0,   2.1572,   0.09319754,   0.953363,   61.32,   407.455,   1.86905,   0.1022736842,    -999999,   -999999,   -999999,   -999999,   -999999,   -999999,   -999999,   -999999,   -999999,   -999999,   -999999,   -999999,   -999999,   -999999,   -999999,   -999999,   -999999,   -999999,   -999999,   -999999,   -999999,   -999999,   -999999,   -999999,   -999999,   -999999,   -999999,   -999999,   -999999,   -999999,   -999999,   -999999,   -999999,   -999999,   -999999,   -999999,   -999999,   -999999,   -999999,   -999999,   -999999,   -999999,   -999999,   -999999,   -999999,   -999999,   -999999,   -999999,   -999999,   -999999,   -999999,     -999999  
63062,   60,          1401020.0,         14.000000,  12.41410619,   37.64147782,   283.4428429,   2.150851707,   779.6,   285.3499939,   306.3879153,   121.7139969,   45.60666377,   33.9798223,   245.9402004,   2.168,   150.8,   134.26884,   118.83564,   0.4,   2,   136.76,   123.28,   13.46,   2.24,   0.36,   306.38,   257.4699939,   294.3499939,   850,   45,   43.38,   -176,   46.04,   1.556,   1.832,   14.382,   16.202,   12.72,   0.260725,   1.61825,   2.033575,    -999999,  14.6875,   258.8899939,   0,   2.168,   0.09875006,   0.9773472,   61.56,   407.44125,   1.868966667,   0.1024263158,    -999999,   -999999,   -999999,   -999999,   -999999,   -999999,   -999999,   -999999,   -999999,   -999999,   -999999,   -999999,   -999999,   -999999,   -999999,   -999999,   -999999,   -999999,   -999999,   -999999,   -999999,   -999999,   -999999,   -999999,   -999999,   -999999,   -999999,   -999999,   -999999,   -999999,   -999999,   -999999,   -999999,   -999999,   -999999,   -999999,   -999999,   -999999,   -999999,   -999999,   -999999,   -999999,   -999999,   -999999,   -999999,   -999999,   -999999,   -999999,   -999999,   -999999,   -999999,     -999999  
63067,   60,          1401021.0,         14.000000,  12.41597199,   37.6377479,   283.4499966,   2.161336827,   778.6,   285.4299939,   306.5862253,   121.7139969,   45.60631019,   34.29988688,   246.6200002,   2.1788,   151,   134.063064,   118.629864,   0.4,   1.6,   136.7,   123.22,   13.42,   2.24,   0.62,   306.56,   256.1499939,   294.3499939,   849.2,   45,   43.46,   -175.92,   46.12,   1.396,   1.642,   14.422,   16.25,   11.378,   0.2371,   1.4715,   1.847533333,    -999999,  13.34333333,   257.7233272,   0,   2.1788,   0.08481762,   1.085276,   60.52,   407.5357143,   1.8725,   0.1105947368,   407.33,   1873.46,   103.52,   329.64,   9.22,   522.43,   -47.36,    -999999,  231.93,   516.5,   3.36,   71.01,   8.69,   0.5,   21.46,   13.78,   98.47,   7.59,   22.85,   20.71,   1.31,   0.98,   3.57,   3.33,   0.4,   2.68,   83.31,   4.71,   2.14,   6.99,   0.12,   0.95,    -999999,  584.98,   57.41,   10.37,   3.04,   149.84,   891.3,   160.34,   16.59,   12.51,   3.76,   4.24,   26.09,   25.3,   0.15,   0.16,   66.1,   0.61,   4.76,          246.71000  
63072,   60,          1401022.0,         14.000000,  12.41783853,   37.63401276,   283.4571613,   2.167128027,   778.2,   285.3499939,   306.5452997,   121.7139969,   45.60596827,   33.9599587,   246.2002356,   2.188,   151,   134.577504,   118.938528,   0.4,   1,   136.64,   123.3,   13.36,   2.26,   0.84,   306.54,   255.7699939,   294.3499939,   847.6,   45,   43.7,   -175.9,   46,   1.352,   1.586,   14.358,   16.172,   11.056,   0.2291,   1.42188,   1.78324,    -999999,  13.108,   257.3019939,   0,   2.188,   0.09321864,   1.157228,   59.92,   407.565,   1.8731,   0.1048,   407.33,   1873.46,   103.52,   329.64,   9.22,   522.43,   -47.36,    -999999,  231.93,   516.5,   3.36,   71.01,   8.69,   0.5,   21.46,   13.78,   98.47,   7.59,   22.85,   20.71,   1.31,   0.98,   3.57,   3.33,   0.4,   2.68,   83.31,   4.71,   2.14,   6.99,   0.12,   0.95,    -999999,  584.98,   57.41,   10.37,   3.04,   149.84,   891.3,   160.34,   16.59,   12.51,   3.76,   4.24,   26.09,   25.3,   0.15,   0.16,   66.1,   0.61,   4.76,          246.71000  
63077,   60,          1401023.0,         14.000000,  12.41970497,   37.63026886,   283.4643246,   2.177552187,   777,   285.3899939,   306.7234807,   121.7139969,   45.60563304,   33.43974294,   245.2409687,   2.1968,   151,   135.194832,   119.658744,   0.4,   1,   136.7,   123.34,   13.36,   2.16,   0.8,   306.68,   254.8899939,   294.5499939,   846.4,   45,   43.74,   -175.86,   45.96,   1.254,   1.476,   14.376,   16.194,   10.256,   0.2202,   1.3667,   1.712475,    -999999,  12.3675,   256.8099939,   0,   2.1968,   0.1016208,   1.16922,   62.44,   407.5757143,   1.8751,   0.10485,   407.33,   1873.46,   103.52,   329.64,   9.22,   522.43,   -47.36,    -999999,  231.93,   516.5,   3.36,   71.01,   8.69,   0.5,   21.46,   13.78,   98.47,   7.59,   22.85,   20.71,   1.31,   0.98,   3.57,   3.33,   0.4,   2.68,   83.31,   4.71,   2.14,   6.99,   0.12,   0.95,    -999999,  584.98,   57.41,   10.37,   3.04,   149.84,   891.3,   160.34,   16.59,   12.51,   3.76,   4.24,   26.09,   25.3,   0.15,   0.16,   66.1,   0.61,   4.76,          246.71000  
63082,   60,          1401024.0,         14.000000,  12.421571,   37.62651946,   283.4714817,   2.182794747,   776.6,   285.5899939,   306.9835923,   121.7139969,   45.60530715,   33.09988686,   244.9606043,   2.2038,   151,   135.606384,   119.86452,   0.4,   0.2,   136.62,   123.4,   13.26,   1.78,   0.54,   306.96,   256.0299939,   294.8099939,   845.8,   45,   43.84,   -175.8,   46.4,   1.384,   1.622,   14.566,   16.44,   11.146,   0.2129857143,   1.322014286,   1.655942857,    -999999,  11.95857143,   256.4071368,   0,   2.2038,   0.07742258,   1.163224,   61,   407.5785714,   1.8734,   0.1044,   407.33,   1873.46,   103.52,   329.64,   9.22,   522.43,   -47.36,    -999999,  231.93,   516.5,   3.36,   71.01,   8.69,   0.5,   21.46,   13.78,   98.47,   7.59,   22.85,   20.71,   1.31,   0.98,   3.57,   3.33,   0.4,   2.68,   83.31,   4.71,   2.14,   6.99,   0.12,   0.95,    -999999,  584.98,   57.41,   10.37,   3.04,   149.84,   891.3,   160.34,   16.59,   12.51,   3.76,   4.24,   26.09,   25.3,   0.15,   0.16,   66.1,   0.61,   4.76,          246.71000  
63087,   60,          1401025.0,         14.000000,  12.42343735,   37.62277222,   283.4786435,   2.185964667,   776,   285.4499939,   306.9008697,   121.7139969,   45.60499946,   32.69988839,   244.540489,   2.2054,   151,   136.017936,   120.070296,   0.4,   0,   136.44,   123.3,   13.14,   1.62,   0.3,   306.86,   256.4099939,   294.7499939,   844.2,   45,   43.76,   -175.8,   46.96,   1.432,   1.68,   14.462,   16.304,   11.606,   0.244825,   1.5196125,   1.90325,    -999999,  13.74875,   258.0862439,   0,   2.2054,   0.07808418,   1.151232,   59.52,   407.495,   1.87085,   0.103,    -999999,   -999999,   -999999,   -999999,   -999999,   -999999,   -999999,   -999999,   -999999,   -999999,   -999999,   -999999,   -999999,   -999999,   -999999,   -999999,   -999999,   -999999,   -999999,   -999999,   -999999,   -999999,   -999999,   -999999,   -999999,   -999999,   -999999,   -999999,   -999999,   -999999,   -999999,   -999999,   -999999,   -999999,   -999999,   -999999,   -999999,   -999999,   -999999,   -999999,   -999999,   -999999,   -999999,   -999999,   -999999,   -999999,   -999999,   -999999,   -999999,   -999999,   -999999,     -999999  
63092,   60,          1401026.0,         14.000000,  12.42530481,   37.61903008,   283.4858222,   2.186940027,   776,   285.5299939,   306.9868815,   121.7139969,   45.6047144,   32.67876777,   244.4416079,   2.2076,   151,   136.223712,   120.276072,   0.4,   0,   136.32,   123.2,   13.12,   1.5,   0.6,   306.9,   255.6299939,   294.8299939,   843.6,   45,   43.98,   -175.72,   47.12,   1.34,   1.57,   14.504,   16.358,   10.822,   0.23078,   1.43244,   1.79375,    -999999,  12.956,   257.3659939,   0,   2.2076,   0.08042262,   1.133244,   61.76,   407.585,   1.87155,   0.1097,    -999999,   -999999,   -999999,   -999999,   -999999,   -999999,   -999999,   -999999,   -999999,   -999999,   -999999,   -999999,   -999999,   -999999,   -999999,   -999999,   -999999,   -999999,   -999999,   -999999,   -999999,   -999999,   -999999,   -999999,   -999999,   -999999,   -999999,   -999999,   -999999,   -999999,   -999999,   -999999,   -999999,   -999999,   -999999,   -999999,   -999999,   -999999,   -999999,   -999999,   -999999,   -999999,   -999999,   -999999,   -999999,   -999999,   -999999,   -999999,   -999999,   -999999,   -999999,     -999999  
63097,   60,          1401027.0,         14.000000,  12.42717294,   37.61528586,   283.4930108,   2.188281147,   775.8,   285.3499939,   306.8159502,   121.7139969,   45.60444404,   33.03969874,   245.8008477,   2.2094,   151,   135.503496,   119.658744,   0.4,   0,   136.22,   123.24,   13,   1.16,   0.82,   306.76,   255.7899939,   294.5899939,   842.6,   45,   44.34,   -175.7,   47.2,   1.358,   1.594,   14.36,   16.174,   11.084,   0.22452,   1.39348,   1.74536,    -999999,  12.831,   257.0409939,   0,   2.2094,   0.08095398,   1.10926,   60.74,   407.5928571,   1.8739,   0.1091105263,    -999999,   -999999,   -999999,   -999999,   -999999,   -999999,   -999999,   -999999,   -999999,   -999999,   -999999,   -999999,   -999999,   -999999,   -999999,   -999999,   -999999,   -999999,   -999999,   -999999,   -999999,   -999999,   -999999,   -999999,   -999999,   -999999,   -999999,   -999999,   -999999,   -999999,   -999999,   -999999,   -999999,   -999999,   -999999,   -999999,   -999999,   -999999,   -999999,   -999999,   -999999,   -999999,   -999999,   -999999,   -999999,   -999999,   -999999,   -999999,   -999999,   -999999,   -999999,     -999999  
63102,   60,          1401028.0,         14.000000,  12.42904143,   37.61152936,   283.5002047,   2.186269467,   776,   285.2299939,   306.6643372,   121.7139969,   45.60417774,   33.13990604,   245.6411584,   2.2068,   151.8,   136.017936,   120.276072,   0.4,   -0.6,   136.38,   123.36,   13.02,   0.62,   0.78,   306.6,   255.6499939,   294.4699939,   841.8,   45,   44.74,   -175.68,   47.54,   1.344,   1.574,   14.226,   16.002,   11.058,   0.2289,   1.420828571,   1.780157143,    -999999,  13.16,   257.2742796,   0,   2.2068,   0.07679286,   1.103264,   61.14,   407.515,   1.8735,   0.1074,    -999999,   -999999,   -999999,   -999999,   -999999,   -999999,   -999999,   -999999,   -999999,   -999999,   -999999,   -999999,   -999999,   -999999,   -999999,   -999999,   -999999,   -999999,   -999999,   -999999,   -999999,   -999999,   -999999,   -999999,   -999999,   -999999,   -999999,   -999999,   -999999,   -999999,   -999999,   -999999,   -999999,   -999999,   -999999,   -999999,   -999999,   -999999,   -999999,   -999999,   -999999,   -999999,   -999999,   -999999,   -999999,   -999999,   -999999,   -999999,   -999999,   -999999,   -999999,     -999999  
63107,   60,          1401029.0,         14.000000,  12.4309108,   37.60774852,   283.5074121,   2.184440667,   776.6,   285.0499939,   306.4031409,   121.7139969,   45.60390463,   32.51993254,   245.3800739,   2.2024,   152,   136.943928,   121.202064,   0.408,   -0.2,   136.22,   123.42,   12.78,   0.74,   0.54,   306.36,   257.6899939,   294.3499939,   841,   45,   44.7,   -175.6,   47.86,   1.588,   1.864,   14.05,   15.774,   13.264,   0.26805,   1.66385,   2.085625,    -999999,  15.6125,   259.1999939,   0.00506,   2.19734,   0.08519306,   1.07928,   62.48,   407.3628571,   1.86805,   0.1061,    -999999,   -999999,   -999999,   -999999,   -999999,   -999999,   -999999,   -999999,   -999999,   -999999,   -999999,   -999999,   -999999,   -999999,   -999999,   -999999,   -999999,   -999999,   -999999,   -999999,   -999999,   -999999,   -999999,   -999999,   -999999,   -999999,   -999999,   -999999,   -999999,   -999999,   -999999,   -999999,   -999999,   -999999,   -999999,   -999999,   -999999,   -999999,   -999999,   -999999,   -999999,   -999999,   -999999,   -999999,   -999999,   -999999,   -999999,   -999999,   -999999,   -999999,   -999999,     -999999  
