inputs/ACTAMERICA_Merge/C130/ACTAMERICA-mrg05-c130_merge_20170130_R0.ict
143, 1001
Shook, Michael
NASA Atmospheric Composition Branch, NASA Langley Research Center (SSAI)
Merged data file for ACT-AMERICA 2017, Flight 02 (20170130), on the c130 platform. Data is merged to 05 seconds.
NASA ACT-AMERICA 2017
1, 1
2017, 01, 30, 2018, 02, 23
05
UTC,s
104
1, 1, 1, 1, 1, 1, 1, 1, 1, 1, 1, 1, 1, 1, 1, 1, 1, 1, 1, 1, 1, 1, 1, 1, 1, 1, 1, 1, 1, 1, 1, 1, 1, 1, 1, 1, 1, 1, 1, 1, 1, 1, 1, 1, 1, 1, 1, 1, 1, 1, 1, 1, 1, 1, 1, 1, 1, 1, 1, 1, 1, 1, 1, 1, 1, 1, 1, 1, 1, 1, 1, 1, 1, 1, 1, 1, 1, 1, 1, 1, 1, 1, 1, 1, 1, 1, 1, 1, 1, 1, 1, 1, 1, 1, 1, 1, 1, 1, 1, 1, 1, 1, 1, 1
-999999, -999999, -999999, -999999, -999999, -999999, -999999, -999999, -999999, -999999, -999999, -999999, -999999, -999999, -999999, -999999, -999999, -999999, -999999, -999999, -999999, -999999, -999999, -999999, -999999, -999999, -999999, -999999, -999999, -999999, -999999, -999999, -999999, -999999, -999999, -999999, -999999, -999999, -999999, -999999, -999999, -999999, -999999, -999999, -999999, -999999, -999999, -999999, -999999, -999999, -999999, -999999, -999999, -999999, -999999, -999999, -999999, -999999, -999999, -999999, -999999, -999999, -999999, -999999, -999999, -999999, -999999, -999999, -999999, -999999, -999999, -999999, -999999, -999999, -999999, -999999, -999999, -999999, -999999, -999999, -999999, -999999, -999999, -999999, -999999, -999999, -999999, -999999, -999999, -999999, -999999, -999999, -999999, -999999, -999999, -999999, -999999, -999999, -999999, -999999, -999999, -999999, -999999, -999999
JDAY, days
INDEX, none
FLIGHT, none
LOCAL_SUN_TIME, hour
LATITUDE, degs
LONGITUDE, degs
ALTP, km
PRESSURE, hPa
TEMPERATURE, K
THETA, K
O3COLUMN, DU
SZA, deg
WNS, m s-1
WND, Degs
GPS_ALT, km
GRD_SPD, m s-1
TAS, m/s
IAS, m/s
MachNumber, mach
VerticalSpeed, m s-1
HDG, degs
TRK, degs
DriftAngle, degs
PITCH, degs
ROLL, degs
PotentialTemp, K
Dewpoint, K
TotalAirTemp, K
CabinPressure, hPa
SolarZenithAngle, degs
AircraftSunElevation, degs
SunAzimuth, degs
AircraftSunAzimuth, degs
H2O_MixingRatio, g kg-1
H2O_VaporPressure, hPa
H2O_SatVaporPressureWater, hPa
H2O_SatVaporPressureIce, hPa
H2O_RelativeHumidity, %
H2O_VolMixingRatio_PICARRO, %
H2O_MassMixingRatio_PICARRO, g kg-1
H2O_VaporPressure_PICARRO, hPa
RHi_PICARRO, %
RHw_PICARRO, %
Dewpoint_PICARRO, K
Ground_Elevation, km
Altitude_AGL, km
GroundHeight_CPL, km
MLH_CPL, km
O3_MixingRatio, ppbv
CO2_MixingRatio_PICARRO, ppmv
CH4_MixingRatio_PICARRO, ppmv
CO_MixingRatio_PICARRO, ppmv
CO2_MoleFraction_PFP, ppm
CH4_MoleFraction_PFP, ppb
CO_MoleFraction_PFP, ppb
N2O_MoleFraction_PFP, ppb
SF6_CCGG_MoleFraction_PFP, ppt
H2_MoleFraction_PFP, ppb
CH4C13_PFP, per mil
CO2C14_PFP, per mil
F11B_MoleFraction_PFP, ppt
FC12_MoleFraction_PFP, ppt
F13_MoleFraction_PFP, ppt
F113_MoleFraction_PFP, ppt
F115_MoleFraction_PFP, ppt
HF133a_MoleFraction_PFP, ppt
F23_MoleFraction_PFP, ppt
F32_MoleFraction_PFP, ppt
F134A_MoleFraction_PFP, ppt
F152A_MoleFraction_PFP, ppt
F125_MoleFraction_PFP, ppt
F143a_MoleFraction_PFP, ppt
F227e_MoleFraction_PFP, ppt
F365m_MoleFraction_PFP, ppt
H1211_MoleFraction_PFP, ppt
H1301_MoleFraction_PFP, ppt
H2402_MoleFraction_PFP, ppt
MCFA_MoleFraction_PFP, ppt
CF4_MoleFraction_PFP, ppt
C2F6_MoleFraction_PFP, ppt
SO2F2_MoleFraction_PFP, ppt
MEBR_MoleFraction_PFP, ppt
CH3I_MoleFraction_PFP, ppt
DIBR_MoleFraction_PFP, ppt
[...]
[from data line 1222]
66177,   30,          201223.00,         2.0000000,  12.76349514,   34.5394974,   275.7045105,   7.488692253,   382.4,   240.3299939,   316.2922753,   316,   53.32712852,   38.0999222,   298.6788447,   7.531,   103,   135.709272,   92.49631201,   0.44,   4,   263.08,   248.98,   14.16,   4.76,   0.78,   316.28,   226.6699939,   249.5899939,   807.8,   52.5,   35.4,   -170.6,   -70.04,   0.166,   0.1,   0.394,   0.284,   24.46,   0.026675,   0.1655,   0.102025,   36.8425,   26.7125,   227.3899939,   0.56182,   6.96918,   0.7559224,   2.12858,   58.88,   407.12,   1.8876,   0.1079,    -999999,   -999999,   -999999,   -999999,   -999999,   -999999,   -999999,   -999999,   -999999,   -999999,   -999999,   -999999,   -999999,   -999999,   -999999,   -999999,   -999999,   -999999,   -999999,   -999999,   -999999,   -999999,   -999999,   -999999,   -999999,   -999999,   -999999,   -999999,   -999999,   -999999,   -999999,   -999999,   -999999,   -999999,   -999999,   -999999,   -999999,   -999999,   -999999,   -999999,   -999999,   -999999,   -999999,   -999999,   -999999,   -999999,   -999999,   -999999,   -999999,   -999999,   -999999,     -999999  
66182,   30,          201224.00,         2.0000000,  12.76453278,   34.53782042,   275.6992416,   7.509052893,   381.2,   240.2099939,   316.4183633,   316,   53.32852524,   38.21982807,   297.8800623,   7.5514,   103,   135.709272,   92.49631201,   0.44,   3.4,   262.88,   249.04,   13.88,   4.82,   0.2,   316.36,   226.2499939,   249.4299939,   806.2,   52.5,   35.88,   -170.56,   -69.64,   0.16,   0.09,   0.39,   0.28,   23.592,   0.026325,   0.163375,   0.100425,   37.0175,   26.79,   227.2474939,   0.59046,   6.96094,   0.8239236,   2.12858,   52.98,   407.07,   1.88815,   0.11035,    -999999,   -999999,   -999999,   -999999,   -999999,   -999999,   -999999,   -999999,   -999999,   -999999,   -999999,   -999999,   -999999,   -999999,   -999999,   -999999,   -999999,   -999999,   -999999,   -999999,   -999999,   -999999,   -999999,   -999999,   -999999,   -999999,   -999999,   -999999,   -999999,   -999999,   -999999,   -999999,   -999999,   -999999,   -999999,   -999999,   -999999,   -999999,   -999999,   -999999,   -999999,   -999999,   -999999,   -999999,   -999999,   -999999,   -999999,   -999999,   -999999,   -999999,   -999999,     -999999  
66187,   30,          201225.00,         2.0000000,  12.76557163,   34.53614426,   275.6939911,   7.530754653,   380.2,   240.0899939,   316.4977342,   316,   53.32993052,   38.13985141,   297.220084,   7.572,   103,   135.709272,   92.29053601,   0.44,   3,   262.58,   248.92,   13.68,   4.84,   0.56,   316.44,   225.9099939,   249.3099939,   804.4,   52.5,   35.6,   -170.5,   -69.36,   0.156,   0.09,   0.386,   0.28,   23.068,   0.02476363636,   0.1535545455,   0.0941,   34.71818182,   25.12454545,   226.6636303,   0.64834,   6.92366,   0.769318,   3.23784,   58.54,   407.0442857,   1.88845,   0.112,    -999999,   -999999,   -999999,   -999999,   -999999,   -999999,   -999999,   -999999,   -999999,   -999999,   -999999,   -999999,   -999999,   -999999,   -999999,   -999999,   -999999,   -999999,   -999999,   -999999,   -999999,   -999999,   -999999,   -999999,   -999999,   -999999,   -999999,   -999999,   -999999,   -999999,   -999999,   -999999,   -999999,   -999999,   -999999,   -999999,   -999999,   -999999,   -999999,   -999999,   -999999,   -999999,   -999999,   -999999,   -999999,   -999999,   -999999,   -999999,   -999999,   -999999,   -999999,     -999999  
66192,   30,          201226.00,         2.0000000,  12.76661079,   34.53447112,   275.6887451,   7.553066013,   379,   239.9499939,   316.5990051,   316,   53.33134383,   38.03992193,   297.2802309,   7.593,   103,   135.29772,   91.98187201,   0.44,   3,   262.62,   248.98,   13.68,   4.82,   0.76,   316.58,   225.5299939,   249.1499939,   803.8,   52.5,   35.38,   -170.5,   -69.5,   0.15,   0.086,   0.38,   0.276,   22.37,   0.023825,   0.14785,   0.09035,   34.3875,   24.8175,   226.2974939,   0.7026,   6.8904,   0.8134452,   2.3984,   56.44,   407.06625,   1.88865,   0.11365,    -999999,   -999999,   -999999,   -999999,   -999999,   -999999,   -999999,   -999999,   -999999,   -999999,   -999999,   -999999,   -999999,   -999999,   -999999,   -999999,   -999999,   -999999,   -999999,   -999999,   -999999,   -999999,   -999999,   -999999,   -999999,   -999999,   -999999,   -999999,   -999999,   -999999,   -999999,   -999999,   -999999,   -999999,   -999999,   -999999,   -999999,   -999999,   -999999,   -999999,   -999999,   -999999,   -999999,   -999999,   -999999,   -999999,   -999999,   -999999,   -999999,   -999999,   -999999,     -999999  
66197,   30,          201227.00,         2.0000000,  12.76765015,   34.53280718,   275.6835022,   7.574158174,   377.8,   239.7299939,   316.595457,   316,   53.33277086,   38.1199869,   297.3600201,   7.613,   103,   135.29772,   91.87898401,   0.44,   3.6,   262.76,   249.08,   13.68,   4.82,   0.52,   316.58,   225.1299939,   248.9299939,   802.6,   52.5,   35.54,   -170.5,   -69.58,   0.14,   0.08,   0.372,   0.27,   21.846,   0.02383636364,   0.1479272727,   0.09018181818,   35.26545455,   25.38818182,   226.2818121,   0.65576,   6.95724,   0.922227,   3.351764,   52.44,   407.035,   1.888607692,   0.1155,    -999999,   -999999,   -999999,   -999999,   -999999,   -999999,   -999999,   -999999,   -999999,   -999999,   -999999,   -999999,   -999999,   -999999,   -999999,   -999999,   -999999,   -999999,   -999999,   -999999,   -999999,   -999999,   -999999,   -999999,   -999999,   -999999,   -999999,   -999999,   -999999,   -999999,   -999999,   -999999,   -999999,   -999999,   -999999,   -999999,   -999999,   -999999,   -999999,   -999999,   -999999,   -999999,   -999999,   -999999,   -999999,   -999999,   -999999,   -999999,   -999999,   -999999,   -999999,     -999999  
66202,   30,          201228.00,         2.0000000,  12.76869012,   34.53115082,   275.6782684,   7.589702974,   377,   239.5499939,   316.5494025,   316,   53.33421125,   38.15964257,   297.4792445,   7.6336,   102.2,   135.194832,   91.57032001,   0.44,   3.6,   262.86,   249.1,   13.76,   4.9,   0.26,   316.56,   224.8299939,   248.7299939,   800.6,   52.5,   35.82,   -170.5,   -69.52,   0.14,   0.08,   0.366,   0.262,   21.504,   0.02325555556,   0.1442888889,   0.08766666667,   35.21,   25.28777778,   226.0266606,   0.72948,   6.90412,   0.9546898,   2.740172,   49.82,   407.035,   1.888633333,   0.1102,    -999999,   -999999,   -999999,   -999999,   -999999,   -999999,   -999999,   -999999,   -999999,   -999999,   -999999,   -999999,   -999999,   -999999,   -999999,   -999999,   -999999,   -999999,   -999999,   -999999,   -999999,   -999999,   -999999,   -999999,   -999999,   -999999,   -999999,   -999999,   -999999,   -999999,   -999999,   -999999,   -999999,   -999999,   -999999,   -999999,   -999999,   -999999,   -999999,   -999999,   -999999,   -999999,   -999999,   -999999,   -999999,   -999999,   -999999,   -999999,   -999999,   -999999,   -999999,     -999999  
66207,   30,          201229.00,         2.0000000,  12.769731,   34.52949066,   275.6730484,   7.611587614,   375.8,   239.3699939,   316.5997994,   316,   53.33565484,   38.31988281,   297.000105,   7.6536,   102,   135.194832,   91.57032001,   0.44,   3,   262.62,   248.96,   13.68,   5,   0.28,   316.58,   224.5899939,   248.5299939,   799.2,   52.5,   35.84,   -170.5,   -69.12,   0.134,   0.08,   0.36,   0.26,   21.306,   0.02306,   0.14311,   0.08668,   34.818,   25.006,   225.9289939,   0.79668,   6.85692,   0.990792,   2.500332,   55.62,   407.05,   1.8888,   0.1130578947,    -999999,   -999999,   -999999,   -999999,   -999999,   -999999,   -999999,   -999999,   -999999,   -999999,   -999999,   -999999,   -999999,   -999999,   -999999,   -999999,   -999999,   -999999,   -999999,   -999999,   -999999,   -999999,   -999999,   -999999,   -999999,   -999999,   -999999,   -999999,   -999999,   -999999,   -999999,   -999999,   -999999,   -999999,   -999999,   -999999,   -999999,   -999999,   -999999,   -999999,   -999999,   -999999,   -999999,   -999999,   -999999,   -999999,   -999999,   -999999,   -999999,   -999999,   -999999,     -999999  
66212,   30,          201230.00,         2.0000000,  12.77077281,   34.5278267,   275.6678421,   7.630911934,   374.8,   239.1899939,   316.6026613,   316,   53.33710166,   38.25972926,   297.2394671,   7.6742,   102,   134.78328,   91.36454401,   0.438,   3.4,   262.7,   248.96,   13.78,   5.04,   0.8,   316.58,   224.4099939,   248.3099939,   798.6,   52.5,   35.26,   -170.4,   -69.38,   0.13,   0.076,   0.35,   0.25,   21.28,   0.02267777778,   0.1407333333,   0.08502222222,   34.76666667,   24.92888889,   225.7544383,   0.79066,   6.88354,   1.0342544,   2.224516,   56.02,   407.05,   1.888544444,   0.11221,    -999999,   -999999,   -999999,   -999999,   -999999,   -999999,   -999999,   -999999,   -999999,   -999999,   -999999,   -999999,   -999999,   -999999,   -999999,   -999999,   -999999,   -999999,   -999999,   -999999,   -999999,   -999999,   -999999,   -999999,   -999999,   -999999,   -999999,   -999999,   -999999,   -999999,   -999999,   -999999,   -999999,   -999999,   -999999,   -999999,   -999999,   -999999,   -999999,   -999999,   -999999,   -999999,   -999999,   -999999,   -999999,   -999999,   -999999,   -999999,   -999999,   -999999,   -999999,     -999999  
66217,   30,          201231.00,         2.0000000,  12.77181512,   34.52617264,   275.6626434,   7.656088415,   373.2,   238.9899939,   316.7248314,   316,   53.33856378,   38.07985178,   297.2200626,   7.6952,   102,   134.371728,   90.85010401,   0.43,   4,   262.76,   249.04,   13.78,   5.02,   0.18,   316.68,   224.2899939,   248.0699939,   796.8,   52.5,   35.7,   -170.4,   -69.26,   0.13,   0.07,   0.348,   0.25,   21.372,   0.02214,   0.13749,   0.08278,   34.876,   24.947,   225.5169939,   0.89474,   6.80046,   0.9105236,   2.080612,   53.98,   407.05,   1.88845,   0.1116761905,    -999999,   -999999,   -999999,   -999999,   -999999,   -999999,   -999999,   -999999,   -999999,   -999999,   -999999,   -999999,   -999999,   -999999,   -999999,   -999999,   -999999,   -999999,   -999999,   -999999,   -999999,   -999999,   -999999,   -999999,   -999999,   -999999,   -999999,   -999999,   -999999,   -999999,   -999999,   -999999,   -999999,   -999999,   -999999,   -999999,   -999999,   -999999,   -999999,   -999999,   -999999,   -999999,   -999999,   -999999,   -999999,   -999999,   -999999,   -999999,   -999999,   -999999,   -999999,     -999999  
66222,   30,          201232.00,         2.0000000,  12.77285844,   34.52451706,   275.65746,   7.674254495,   372.6,   238.8299939,   316.658329,   316,   53.34003166,   37.89996719,   296.8799998,   7.715,   102,   134.165952,   90.54144001,   0.43,   3.8,   262.48,   248.92,   13.64,   5.02,   0.54,   316.62,   224.2099939,   247.8299939,   795.8,   52.5,   35.64,   -170.4,   -69,   0.13,   0.07,   0.34,   0.242,   21.614,   0.02195,   0.13635,   0.0818625,   35.57,   25.37,   225.4199939,   0.9367,   6.7783,   0.8585724,   2.044636,   54.48,   407.06,   1.8885,   0.112705,    -999999,   -999999,   -999999,   -999999,   -999999,   -999999,   -999999,   -999999,   -999999,   -999999,   -999999,   -999999,   -999999,   -999999,   -999999,   -999999,   -999999,   -999999,   -999999,   -999999,   -999999,   -999999,   -999999,   -999999,   -999999,   -999999,   -999999,   -999999,   -999999,   -999999,   -999999,   -999999,   -999999,   -999999,   -999999,   -999999,   -999999,   -999999,   -999999,   -999999,   -999999,   -999999,   -999999,   -999999,   -999999,   -999999,   -999999,   -999999,   -999999,   -999999,   -999999,     -999999  
66227,   30,          201233.00,         2.0000000,  12.77390228,   34.52286146,   275.6522842,   7.691262335,   371.8,   238.6299939,   316.587514,   316,   53.34150525,   37.97981455,   297.4997894,   7.7356,   101.2,   133.7544,   90.54144001,   0.43,   3.2,   262.82,   248.98,   13.88,   5.14,   0.64,   316.6,   224.1499939,   247.6299939,   794.8,   52.5,   35.28,   -170.4,   -69.34,   0.13,   0.07,   0.332,   0.24,   21.84,   0.02154444444,   0.1338,   0.08011111111,   35.07666667,   25.00333333,   225.2266606,   0.83462,   6.90098,   0.7344824,   2.320452,   55.12,   407.06,   1.8886,   0.11735,    -999999,   -999999,   -999999,   -999999,   -999999,   -999999,   -999999,   -999999,   -999999,   -999999,   -999999,   -999999,   -999999,   -999999,   -999999,   -999999,   -999999,   -999999,   -999999,   -999999,   -999999,   -999999,   -999999,   -999999,   -999999,   -999999,   -999999,   -999999,   -999999,   -999999,   -999999,   -999999,   -999999,   -999999,   -999999,   -999999,   -999999,   -999999,   -999999,   -999999,   -999999,   -999999,   -999999,   -999999,   -999999,   -999999,   -999999,   -999999,   -999999,   -999999,   -999999,     -999999  
66232,   30,          201234.00,         2.0000000,  12.77494673,   34.52121582,   275.6471176,   7.710891455,   370.6,   238.4099939,   316.5879229,   316,   53.34299455,   38.13999093,   296.9200317,   7.7578,   101,   133.857288,   90.12988801,   0.43,   4,   262.66,   248.96,   13.74,   5.22,   0.16,   316.6,   224.1499939,   247.3499939,   793.4,   52.5,   35.72,   -170.4,   -68.92,   0.13,   0.07,   0.33,   0.23,   22.286,   0.02125555556,   0.1319666667,   0.07875555556,   35.00555556,   24.91777778,   225.0722161,   0.74762,   7.01018,   0.7678512,   3.483676,   56.5,   407.03,   1.8887,   0.1179105263,    -999999,   -999999,   -999999,   -999999,   -999999,   -999999,   -999999,   -999999,   -999999,   -999999,   -999999,   -999999,   -999999,   -999999,   -999999,   -999999,   -999999,   -999999,   -999999,   -999999,   -999999,   -999999,   -999999,   -999999,   -999999,   -999999,   -999999,   -999999,   -999999,   -999999,   -999999,   -999999,   -999999,   -999999,   -999999,   -999999,   -999999,   -999999,   -999999,   -999999,   -999999,   -999999,   -999999,   -999999,   -999999,   -999999,   -999999,   -999999,   -999999,   -999999,   -999999,     -999999  
66237,   30,          201235.00,         2.0000000,  12.7759927,   34.51956634,   275.6419739,   7.735580256,   369,   238.2299939,   316.7402081,   316,   53.34448887,   38.23993962,   297.139906,   7.779,   101,   133.7544,   90.02700001,   0.43,   4,   262.7,   248.9,   13.86,   5.08,   0.76,   316.7,   224.0499939,   247.2299939,   791.2,   52.5,   35.28,   -170.32,   -69.24,   0.13,   0.07,   0.322,   0.23,   22.362,   0.02118,   0.13142,   0.07824,   35.398,   25.156,   225.0139939,   0.62706,   7.15194,   0.7683804,   2.656228,   56.66,   407.07,   1.8889,   0.11035,    -999999,   -999999,   -999999,   -999999,   -999999,   -999999,   -999999,   -999999,   -999999,   -999999,   -999999,   -999999,   -999999,   -999999,   -999999,   -999999,   -999999,   -999999,   -999999,   -999999,   -999999,   -999999,   -999999,   -999999,   -999999,   -999999,   -999999,   -999999,   -999999,   -999999,   -999999,   -999999,   -999999,   -999999,   -999999,   -999999,   -999999,   -999999,   -999999,   -999999,   -999999,   -999999,   -999999,   -999999,   -999999,   -999999,   -999999,   -999999,   -999999,   -999999,   -999999,     -999999  
