inputs/ACTAMERICA_Merge/C130/ACTAMERICA-mrg05-c130_merge_20171113_R0.ict
145, 1001
Shook, Michael
NASA Atmospheric Composition Branch, NASA Langley Research Center (SSAI)
Merged data file for ACT-AMERICA Fall 2017, Flight 23 (20171113), on the c130 platform. Data is merged to 05 seconds.
NASA ACT-AMERICA Fall 2017
1, 1
2017, 11, 13, 2018, 07, 05
05
UTC,s
106
1, 1, 1, 1, 1, 1, 1, 1, 1, 1, 1, 1, 1, 1, 1, 1, 1, 1, 1, 1, 1, 1, 1, 1, 1, 1, 1, 1, 1, 1, 1, 1, 1, 1, 1, 1, 1, 1, 1, 1, 1, 1, 1, 1, 1, 1, 1, 1, 1, 1, 1, 1, 1, 1, 1, 1, 1, 1, 1, 1, 1, 1, 1, 1, 1, 1, 1, 1, 1, 1, 1, 1, 1, 1, 1, 1, 1, 1, 1, 1, 1, 1, 1, 1, 1, 1, 1, 1, 1, 1, 1, 1, 1, 1, 1, 1, 1, 1, 1, 1, 1, 1, 1, 1, 1, 1
-999999, -999999, -999999, -999999, -999999, -999999, -999999, -999999, -999999, -999999, -999999, -999999, -999999, -999999, -999999, -999999, -999999, -999999, -999999, -999999, -999999, -999999, -999999, -999999, -999999, -999999, -999999, -999999, -999999, -999999, -999999, -999999, -999999, -999999, -999999, -999999, -999999, -999999, -999999, -999999, -999999, -999999, -999999, -999999, -999999, -999999, -999999, -999999, -999999, -999999, -999999, -999999, -999999, -999999, -999999, -999999, -999999, -999999, -999999, -999999, -999999, -999999, -999999, -999999, -999999, -999999, -999999, -999999, -999999, -999999, -999999, -999999, -999999, -999999, -999999, -999999, -999999, -999999, -999999, -999999, -999999, -999999, -999999, -999999, -999999, -999999, -999999, -999999, -999999, -999999, -999999, -999999, -999999, -999999, -999999, -999999, -999999, -999999, -999999, -999999, -999999, -999999, -999999, -999999, -999999, -999999
JDAY, days
INDEX, none
FLIGHT, none
LOCAL_SUN_TIME, hour
LATITUDE, degs
LONGITUDE, degs
ALTP, km
PRESSURE, hPa
TEMPERATURE, K
THETA, K, calculated from ambient temperature and pressure
O3COLUMN, DU, OMI ozone column data extracted along flight track
SZA, deg
WNS, m s-1
WND, Degs
GPS_ALT, km
GRD_SPD, m s-1
TAS, m/s
IAS, m/s
MachNumber, mach
VerticalSpeed, m s-1
HDG, degs
TRK, degs
DriftAngle, degs
PITCH, degs
ROLL, degs
PotentialTemp_Nav, K
Dewpoint, K
TotalAirTemp, K
CabinPressure, hPa
SolarZenithAngle, degs
AircraftSunElevation, degs
SunAzimuth, degs
AircraftSunAzimuth, degs
H2O_MixingRatio_Nav, g kg-1
H2O_VaporPressure_Nav, hPa
H2O_SatVaporPressureWater_Nav, hPa
H2O_SatVaporPressureIce_Nav, hPa
H2O_RelativeHumidity_Nav, %
ManeuverFlag, none
H2O_VolMixingRatio_PICARRO, %
H2O_MassMixingRatio_PICARRO, g kg-1
H2O_VaporPressure_PICARRO, hPa
RHi_PICARRO, %
RHw_PICARRO, %
Dewpoint_PICARRO, K
GPS_ALT, km
GroundElevation-AMSL_GoogleMaps, km
Altitude-AGL_GoogleMaps, km
GroundHeight-AMSL_CPL, km
MLH-AMSL_CPL, km
O3_MixingRatio, ppbv
CO2_DryMoleFrac_PICARRO, ppm
CH4_DryMoleFrac_PICARRO, ppm
CO_DryMoleFrac_PICARRO, ppm
CO2_MoleFraction_PFP, ppm
CH4_MoleFraction_PFP, ppb
CO_MoleFraction_PFP, ppb
N2O_MoleFraction_PFP, ppb
SF6_CCGG_MoleFraction_PFP, ppt
H2_MoleFraction_PFP, ppb
CH4C13_PFP, permil
CO2C14_PFP, permil
F11B_MoleFraction_PFP, ppt
FC12_MoleFraction_PFP, ppt
F13_MoleFraction_PFP, ppt
F113_MoleFraction_PFP, ppt
F115_MoleFraction_PFP, ppt
HF133a_MoleFraction_PFP, ppt
F23_MoleFraction_PFP, ppt
F32_MoleFraction_PFP, ppt
F134A_MoleFraction_PFP, ppt
F152A_MoleFraction_PFP, ppt
F125_MoleFraction_PFP, ppt
F143a_MoleFraction_PFP, ppt
F227e_MoleFraction_PFP, ppt
F365m_MoleFraction_PFP, ppt
H1211_MoleFraction_PFP, ppt
H1301_MoleFraction_PFP, ppt
[...]
[from data line 2372]
71522,   317,          2302373.0,         23.000000,  14.61948451,   35.6381036,   281.2735176,   3.293973641,   674.4,   272.3499939,   304.7951617,   292,   65.2420454,   14.8799945,   297.0399195,   3.382,   156.2,   150.1959024,   127.1489904,   0.45,   0,   46.92,   52.3,   -5.4,   0.5,   0.1,   304.78,   230.9699939,   283.5499939,   785.8,   67.4,   22.92,   -135.5,   177.88,   0.15,   0.15,   5.836,   5.8,   2.63,    -999999,  0.01474444444,   0.09128888889,   0.09966666667,   1.772222222,   1.752222222,   227.1666606,   3.382,   0.08234,   3.29966,   0.2042464,   1.385076,   48.8,   405.9142857,   1.9037,   0.09380526316,    -999999,   -999999,   -999999,   -999999,   -999999,   -999999,   -999999,   -999999,   -999999,   -999999,   -999999,   -999999,   -999999,   -999999,   -999999,   -999999,   -999999,   -999999,   -999999,   -999999,   -999999,   -999999,   -999999,   -999999,   -999999,   -999999,   -999999,   -999999,   -999999,   -999999,   -999999,   -999999,   -999999,   -999999,   -999999,   -999999,   -999999,   -999999,   -999999,   -999999,   -999999,   -999999,   -999999,   -999999,   -999999,   -999999,   -999999,   -999999,   -999999,   -999999,   -999999,     -999999  
71527,   317,          2302374.0,         23.000000,  14.62133116,   35.642395,   281.280384,   3.291718121,   674.8,   272.3499939,   304.7435299,   292,   65.26019382,   14.79995848,   296.6600005,   3.3826,   156.2,   150.1341696,   127.1078352,   0.45,   0.1,   46.9,   52.3,   -5.4,   0.5,   0.1,   304.74,   230.9699939,   283.5499939,   785.6,   67.46,   22.9,   -135.5,   177.9,   0.15,   0.15,   5.84,   5.804,   2.63,    -999999,  0.0153,   0.09476666667,   0.1034444444,   1.836666667,   1.822222222,   227.5088828,   3.3826,   0.09666,   3.28594,   0.2052392,   1.37908,   48.14,   405.92,   1.903509091,   0.09615,    -999999,   -999999,   -999999,   -999999,   -999999,   -999999,   -999999,   -999999,   -999999,   -999999,   -999999,   -999999,   -999999,   -999999,   -999999,   -999999,   -999999,   -999999,   -999999,   -999999,   -999999,   -999999,   -999999,   -999999,   -999999,   -999999,   -999999,   -999999,   -999999,   -999999,   -999999,   -999999,   -999999,   -999999,   -999999,   -999999,   -999999,   -999999,   -999999,   -999999,   -999999,   -999999,   -999999,   -999999,   -999999,   -999999,   -999999,   -999999,   -999999,   -999999,   -999999,     -999999  
71532,   317,          2302375.0,         23.000000,  14.62317551,   35.6466866,   281.287216,   3.292510601,   675,   272.3499939,   304.7177288,   292,   65.27832855,   14.85997818,   296.5798116,   3.383,   156.26,   150.1444584,   127.118124,   0.45,   -0.02,   46.84,   52.24,   -5.38,   0.5,   0.18,   304.76,   230.9499939,   283.5499939,   785,   67.5,   22.84,   -135.5,   177.98,   0.15,   0.15,   5.84,   5.8,   2.624,    -999999,  0.0147375,   0.0916,   0.099975,   1.7775,   1.76,   227.2037439,   3.383,   0.10418,   3.27882,   0.217246,   1.391072,   49.3,   405.9085714,   1.903736364,   0.09885,    -999999,   -999999,   -999999,   -999999,   -999999,   -999999,   -999999,   -999999,   -999999,   -999999,   -999999,   -999999,   -999999,   -999999,   -999999,   -999999,   -999999,   -999999,   -999999,   -999999,   -999999,   -999999,   -999999,   -999999,   -999999,   -999999,   -999999,   -999999,   -999999,   -999999,   -999999,   -999999,   -999999,   -999999,   -999999,   -999999,   -999999,   -999999,   -999999,   -999999,   -999999,   -999999,   -999999,   -999999,   -999999,   -999999,   -999999,   -999999,   -999999,   -999999,   -999999,     -999999  
71537,   317,          2302376.0,         23.000000,  14.62501303,   35.6509782,   281.2939454,   3.292083881,   674.8,   272.2899939,   304.6763935,   292,   65.29641258,   14.89983689,   296.8999994,   3.3828,   156.3,   150.2370576,   127.2107232,   0.45,   -0.1,   46.8,   52.24,   -5.4,   0.5,   0.36,   304.64,   230.9699939,   283.4899939,   785.8,   67.5,   22.86,   -135.46,   178.12,   0.15,   0.15,   5.808,   5.766,   2.646,    -999999,  0.01475,   0.09165,   0.1000125,   1.78,   1.76,   227.2124939,   3.3828,   0.10588,   3.27692,   0.234691,   1.427048,   50.04,   405.92,   1.90385,   0.09361,    -999999,   -999999,   -999999,   -999999,   -999999,   -999999,   -999999,   -999999,   -999999,   -999999,   -999999,   -999999,   -999999,   -999999,   -999999,   -999999,   -999999,   -999999,   -999999,   -999999,   -999999,   -999999,   -999999,   -999999,   -999999,   -999999,   -999999,   -999999,   -999999,   -999999,   -999999,   -999999,   -999999,   -999999,   -999999,   -999999,   -999999,   -999999,   -999999,   -999999,   -999999,   -999999,   -999999,   -999999,   -999999,   -999999,   -999999,   -999999,   -999999,   -999999,   -999999,     -999999  
71542,   317,          2302377.0,         23.000000,  14.62685966,   35.6552696,   281.3008116,   3.290925641,   675,   272.2499939,   304.6058442,   292,   65.31457498,   15.0198756,   297.4403466,   3.382,   156.3,   150.3296568,   127.2930336,   0.45,   -0.02,   46.82,   52.3,   -5.44,   0.58,   0.36,   304.6,   230.9499939,   283.4499939,   786.2,   67.5,   22.9,   -135.4,   178.16,   0.15,   0.15,   5.784,   5.742,   2.656,    -999999,  0.0149,   0.09227,   0.10073,   1.79,   1.772,   227.2609939,   3.382,   0.10736,   3.27464,   0.2343158,   1.43904,   49.12,   405.925,   1.90395,   0.09484210526,    -999999,   -999999,   -999999,   -999999,   -999999,   -999999,   -999999,   -999999,   -999999,   -999999,   -999999,   -999999,   -999999,   -999999,   -999999,   -999999,   -999999,   -999999,   -999999,   -999999,   -999999,   -999999,   -999999,   -999999,   -999999,   -999999,   -999999,   -999999,   -999999,   -999999,   -999999,   -999999,   -999999,   -999999,   -999999,   -999999,   -999999,   -999999,   -999999,   -999999,   -999999,   -999999,   -999999,   -999999,   -999999,   -999999,   -999999,   -999999,   -999999,   -999999,   -999999,     -999999  
71547,   317,          2302378.0,         23.000000,  14.62870632,   35.6595614,   281.3076782,   3.293303081,   675,   272.2499939,   304.6058442,   292,   65.33274259,   15.03990257,   297.5601062,   3.3824,   156.24,   150.3090792,   127.2827448,   0.45,   0.06,   46.82,   52.3,   -5.46,   0.6,   0.3,   304.6,   231.0099939,   283.4499939,   785.6,   67.5,   22.9,   -135.4,   178.14,   0.15,   0.15,   5.786,   5.742,   2.66,    -999999,  0.01383636364,   0.08596363636,   0.09380909091,   1.666363636,   1.651818182,   226.6354484,   3.3824,   0.11064,   3.27176,   0.2352968,   1.397068,   49.94,   405.95,   1.903466667,   0.09628,    -999999,   -999999,   -999999,   -999999,   -999999,   -999999,   -999999,   -999999,   -999999,   -999999,   -999999,   -999999,   -999999,   -999999,   -999999,   -999999,   -999999,   -999999,   -999999,   -999999,   -999999,   -999999,   -999999,   -999999,   -999999,   -999999,   -999999,   -999999,   -999999,   -999999,   -999999,   -999999,   -999999,   -999999,   -999999,   -999999,   -999999,   -999999,   -999999,   -999999,   -999999,   -999999,   -999999,   -999999,   -999999,   -999999,   -999999,   -999999,   -999999,   -999999,   -999999,     -999999  
71552,   317,          2302379.0,         23.000000,  14.6305484,   35.6638526,   281.314476,   3.289767401,   675,   272.3099939,   304.672975,   292,   65.35087727,   15.05991203,   298.0596278,   3.383,   156.16,   150.3605232,   127.3444776,   0.45,   0.1,   46.84,   52.3,   -5.5,   0.56,   0.3,   304.64,   231.0499939,   283.5099939,   785.6,   67.52,   22.86,   -135.4,   178.1,   0.15,   0.15,   5.808,   5.772,   2.654,    -999999,  0.01496,   0.09301,   0.10148,   1.802,   1.787,   227.3479939,   3.383,   0.10504,   3.27796,   0.2232824,   1.325116,   50.42,   405.915,   1.9036,   0.09685789474,    -999999,   -999999,   -999999,   -999999,   -999999,   -999999,   -999999,   -999999,   -999999,   -999999,   -999999,   -999999,   -999999,   -999999,   -999999,   -999999,   -999999,   -999999,   -999999,   -999999,   -999999,   -999999,   -999999,   -999999,   -999999,   -999999,   -999999,   -999999,   -999999,   -999999,   -999999,   -999999,   -999999,   -999999,   -999999,   -999999,   -999999,   -999999,   -999999,   -999999,   -999999,   -999999,   -999999,   -999999,   -999999,   -999999,   -999999,   -999999,   -999999,   -999999,   -999999,     -999999  
71557,   317,          2302380.0,         23.000000,  14.63238818,   35.6681444,   281.3212394,   3.294095561,   674.6,   272.2299939,   304.6350566,   292,   65.36899845,   15.09979227,   299.1599989,   3.383,   156.1,   150.6074544,   127.529676,   0.46,   0.04,   46.8,   52.3,   -5.58,   0.5,   0.14,   304.58,   230.9899939,   283.4499939,   786,   67.6,   22.8,   -135.4,   178.2,   0.15,   0.15,   5.768,   5.722,   2.664,    -999999,  0.0143,   0.08874,   0.09686,   1.722,   1.704,   226.9199939,   3.383,   0.0926,   3.2904,   0.2052542,   1.235176,   49.96,   405.92,   1.9035,   0.09748,    -999999,   -999999,   -999999,   -999999,   -999999,   -999999,   -999999,   -999999,   -999999,   -999999,   -999999,   -999999,   -999999,   -999999,   -999999,   -999999,   -999999,   -999999,   -999999,   -999999,   -999999,   -999999,   -999999,   -999999,   -999999,   -999999,   -999999,   -999999,   -999999,   -999999,   -999999,   -999999,   -999999,   -999999,   -999999,   -999999,   -999999,   -999999,   -999999,   -999999,   -999999,   -999999,   -999999,   -999999,   -999999,   -999999,   -999999,   -999999,   -999999,   -999999,   -999999,     -999999  
71562,   317,          2302381.0,         23.000000,  14.63423483,   35.6724358,   281.3281058,   3.292876361,   674.8,   272.1499939,   304.5197418,   292,   65.38717967,   15.09974807,   300.4199996,   3.3832,   156.08,   150.8646744,   127.786896,   0.46,   0,   46.68,   52.3,   -5.6,   0.5,   0.02,   304.5,   230.9699939,   283.4499939,   786,   67.6,   22.74,   -135.32,   178.24,   0.15,   0.15,   5.752,   5.704,   2.674,    -999999,  0.01414444444,   0.08791111111,   0.09593333333,   1.704444444,   1.688888889,   226.8355495,   3.3832,   0.0856,   3.2976,   0.2060338,   1.127248,   50.92,   405.945,   1.9036,   0.09528,    -999999,   -999999,   -999999,   -999999,   -999999,   -999999,   -999999,   -999999,   -999999,   -999999,   -999999,   -999999,   -999999,   -999999,   -999999,   -999999,   -999999,   -999999,   -999999,   -999999,   -999999,   -999999,   -999999,   -999999,   -999999,   -999999,   -999999,   -999999,   -999999,   -999999,   -999999,   -999999,   -999999,   -999999,   -999999,   -999999,   -999999,   -999999,   -999999,   -999999,   -999999,   -999999,   -999999,   -999999,   -999999,   -999999,   -999999,   -999999,   -999999,   -999999,   -999999,     -999999  
71567,   317,          2302382.0,         23.000000,  14.6360792,   35.6767274,   281.334938,   3.292571561,   675,   272.1499939,   304.4939596,   292,   65.40534722,   15.07985341,   301.1990715,   3.3832,   155.98,   151.0498728,   127.9309392,   0.46,   0,   46.54,   52.18,   -5.6,   0.44,   0.02,   304.5,   231.0099939,   283.4499939,   785.8,   67.6,   22.7,   -135.3,   178.38,   0.15,   0.15,   5.738,   5.69,   2.68,    -999999,  0.013675,   0.084975,   0.092725,   1.6475,   1.635,   226.5224939,   3.3832,   0.07654,   3.30666,   0.2052218,   1.13924,   50.28,   405.96,   1.9037,   0.09577,    -999999,   -999999,   -999999,   -999999,   -999999,   -999999,   -999999,   -999999,   -999999,   -999999,   -999999,   -999999,   -999999,   -999999,   -999999,   -999999,   -999999,   -999999,   -999999,   -999999,   -999999,   -999999,   -999999,   -999999,   -999999,   -999999,   -999999,   -999999,   -999999,   -999999,   -999999,   -999999,   -999999,   -999999,   -999999,   -999999,   -999999,   -999999,   -999999,   -999999,   -999999,   -999999,   -999999,   -999999,   -999999,   -999999,   -999999,   -999999,   -999999,   -999999,   -999999,     -999999  
71572,   317,          2302383.0,         23.000000,  14.6379167,   35.6810188,   281.3416672,   3.292937321,   674.8,   272.1499939,   304.5197418,   292,   65.42346352,   14.83989481,   301.4601076,   3.383,   155.9,   151.142472,   128.0235384,   0.46,   -0.08,   46.54,   52.1,   -5.54,   0.4,   0.34,   304.5,   231.0099939,   283.4499939,   785.8,   67.6,   22.62,   -135.3,   178.54,   0.15,   0.15,   5.732,   5.684,   2.686,    -999999,  0.01451,   0.09008,   0.09829,   1.775,   1.755,   227.0579939,   3.383,   0.0735,   3.3095,   0.205323,   1.103264,   50.32,   405.935,   1.90395,   0.09674736842,    -999999,   -999999,   -999999,   -999999,   -999999,   -999999,   -999999,   -999999,   -999999,   -999999,   -999999,   -999999,   -999999,   -999999,   -999999,   -999999,   -999999,   -999999,   -999999,   -999999,   -999999,   -999999,   -999999,   -999999,   -999999,   -999999,   -999999,   -999999,   -999999,   -999999,   -999999,   -999999,   -999999,   -999999,   -999999,   -999999,   -999999,   -999999,   -999999,   -999999,   -999999,   -999999,   -999999,   -999999,   -999999,   -999999,   -999999,   -999999,   -999999,   -999999,   -999999,     -999999  
71577,   317,          2302384.0,         23.000000,  14.63976335,   35.6854134,   281.3485336,   3.293303081,   674.8,   272.1499939,   304.5197418,   292,   65.44173564,   14.7799315,   301.5399183,   3.383,   155.9,   151.1527608,   128.044116,   0.46,   -0.1,   46.62,   52.14,   -5.5,   0.4,   0.8,   304.48,   231.0099939,   283.4499939,   785.6,   67.6,   22.6,   -135.3,   178.68,   0.15,   0.15,   5.734,   5.684,   2.684,    -999999,  0.01453,   0.09023,   0.09846,   1.78,   1.757,   227.0629939,   3.383,   0.08012,   3.30288,   0.205428,   1.0493,   50.08,   405.9285714,   1.90365,   0.09935,    -999999,   -999999,   -999999,   -999999,   -999999,   -999999,   -999999,   -999999,   -999999,   -999999,   -999999,   -999999,   -999999,   -999999,   -999999,   -999999,   -999999,   -999999,   -999999,   -999999,   -999999,   -999999,   -999999,   -999999,   -999999,   -999999,   -999999,   -999999,   -999999,   -999999,   -999999,   -999999,   -999999,   -999999,   -999999,   -999999,   -999999,   -999999,   -999999,   -999999,   -999999,   -999999,   -999999,   -999999,   -999999,   -999999,   -999999,   -999999,   -999999,   -999999,   -999999,     -999999  
71582,   317,          2302385.0,         23.000000,  14.64160771,   35.6897736,   281.3553656,   3.292144841,   675,   272.1499939,   304.4939596,   292,   65.4599681,   14.75993727,   301.1995932,   3.3824,   155.98,   151.1116056,   128.0029608,   0.46,   -0.1,   46.78,   52.28,   -5.5,   0.4,   0.64,   304.5,   231.0299939,   283.4499939,   785.2,   67.7,   22.6,   -135.3,   178.48,   0.15,   0.15,   5.736,   5.688,   2.69,    -999999,  0.01407777778,   0.08727777778,   0.09522222222,   1.722222222,   1.702222222,   226.7666606,   3.3824,   0.09744,   3.28496,   0.234297,   1.0493,   50.24,   405.96,   1.90385,   0.1029,    -999999,   -999999,   -999999,   -999999,   -999999,   -999999,   -999999,   -999999,   -999999,   -999999,   -999999,   -999999,   -999999,   -999999,   -999999,   -999999,   -999999,   -999999,   -999999,   -999999,   -999999,   -999999,   -999999,   -999999,   -999999,   -999999,   -999999,   -999999,   -999999,   -999999,   -999999,   -999999,   -999999,   -999999,   -999999,   -999999,   -999999,   -999999,   -999999,   -999999,   -999999,   -999999,   -999999,   -999999,   -999999,   -999999,   -999999,   -999999,   -999999,   -999999,   -999999,     -999999  
