inputs/ACTAMERICA_Merge/C130/ACTAMERICA-mrg05-c130_merge_20171109_R0.ict
145, 1001
Shook, Michael
NASA Atmospheric Composition Branch, NASA Langley Research Center (SSAI)
Merged data file for ACT-AMERICA Fall 2017, Flight 21 (20171109), on the c130 platform. Data is merged to 05 seconds.
NASA ACT-AMERICA Fall 2017
1, 1
2017, 11, 09, 2018, 07, 05
05
UTC,s
106
1, 1, 1, 1, 1, 1, 1, 1, 1, 1, 1, 1, 1, 1, 1, 1, 1, 1, 1, 1, 1, 1, 1, 1, 1, 1, 1, 1, 1, 1, 1, 1, 1, 1, 1, 1, 1, 1, 1, 1, 1, 1, 1, 1, 1, 1, 1, 1, 1, 1, 1, 1, 1, 1, 1, 1, 1, 1, 1, 1, 1, 1, 1, 1, 1, 1, 1, 1, 1, 1, 1, 1, 1, 1, 1, 1, 1, 1, 1, 1, 1, 1, 1, 1, 1, 1, 1, 1, 1, 1, 1, 1, 1, 1, 1, 1, 1, 1, 1, 1, 1, 1, 1, 1, 1, 1
-999999, -999999, -999999, -999999, -999999, -999999, -999999, -999999, -999999, -999999, -999999, -999999, -999999, -999999, -999999, -999999, -999999, -999999, -999999, -999999, -999999, -999999, -999999, -999999, -999999, -999999, -999999, -999999, -999999, -999999, -999999, -999999, -999999, -999999, -999999, -999999, -999999, -999999, -999999, -999999, -999999, -999999, -999999, -999999, -999999, -999999, -999999, -999999, -999999, -999999, -999999, -999999, -999999, -999999, -999999, -999999, -999999, -999999, -999999, -999999, -999999, -999999, -999999, -999999, -999999, -999999, -999999, -999999, -999999, -999999, -999999, -999999, -999999, -999999, -999999, -999999, -999999, -999999, -999999, -999999, -999999, -999999, -999999, -999999, -999999, -999999, -999999, -999999, -999999, -999999, -999999, -999999, -999999, -999999, -999999, -999999, -999999, -999999, -999999, -999999, -999999, -999999, -999999, -999999, -999999, -999999
JDAY, days
INDEX, none
FLIGHT, none
LOCAL_SUN_TIME, hour
LATITUDE, degs
LONGITUDE, degs
ALTP, km
PRESSURE, hPa
TEMPERATURE, K
THETA, K, calculated from ambient temperature and pressure
O3COLUMN, DU, OMI ozone column data extracted along flight track
SZA, deg
WNS, m s-1
WND, Degs
GPS_ALT, km
GRD_SPD, m s-1
TAS, m/s
IAS, m/s
MachNumber, mach
VerticalSpeed, m s-1
HDG, degs
TRK, degs
DriftAngle, degs
PITCH, degs
ROLL, degs
PotentialTemp_Nav, K
Dewpoint, K
TotalAirTemp, K
CabinPressure, hPa
SolarZenithAngle, degs
AircraftSunElevation, degs
SunAzimuth, degs
AircraftSunAzimuth, degs
H2O_MixingRatio_Nav, g kg-1
H2O_VaporPressure_Nav, hPa
H2O_SatVaporPressureWater_Nav, hPa
H2O_SatVaporPressureIce_Nav, hPa
H2O_RelativeHumidity_Nav, %
ManeuverFlag, none
H2O_VolMixingRatio_PICARRO, %
H2O_MassMixingRatio_PICARRO, g kg-1
H2O_VaporPressure_PICARRO, hPa
RHi_PICARRO, %
RHw_PICARRO, %
Dewpoint_PICARRO, K
GPS_ALT, km
GroundElevation-AMSL_GoogleMaps, km
Altitude-AGL_GoogleMaps, km
GroundHeight-AMSL_CPL, km
MLH-AMSL_CPL, km
O3_MixingRatio, ppbv
CO2_DryMoleFrac_PICARRO, ppm
CH4_DryMoleFrac_PICARRO, ppm
CO_DryMoleFrac_PICARRO, ppm
CO2_MoleFraction_PFP, ppm
CH4_MoleFraction_PFP, ppb
CO_MoleFraction_PFP, ppb
N2O_MoleFraction_PFP, ppb
SF6_CCGG_MoleFraction_PFP, ppt
H2_MoleFraction_PFP, ppb
CH4C13_PFP, permil
CO2C14_PFP, permil
F11B_MoleFraction_PFP, ppt
FC12_MoleFraction_PFP, ppt
F13_MoleFraction_PFP, ppt
F113_MoleFraction_PFP, ppt
F115_MoleFraction_PFP, ppt
HF133a_MoleFraction_PFP, ppt
F23_MoleFraction_PFP, ppt
F32_MoleFraction_PFP, ppt
F134A_MoleFraction_PFP, ppt
F152A_MoleFraction_PFP, ppt
F125_MoleFraction_PFP, ppt
F143a_MoleFraction_PFP, ppt
F227e_MoleFraction_PFP, ppt
F365m_MoleFraction_PFP, ppt
H1211_MoleFraction_PFP, ppt
H1301_MoleFraction_PFP, ppt
[...]
[from data line 2346]
70297,   313,          2102347.0,         21.000000,  13.12825509,   35.7793325,   264.009243,   7.642860094,   374,   245.7499939,   325.484421,   289,   55.01304949,   19.73996409,   287.7001012,   7.937,   160.4,   150.21648,   100.6553304,   0.48,   0.16,   168.5,   162.52,   5.94,   2.12,   0.88,   325.44,   230.4299939,   257.0499939,   787,   56.4,   32,   -156.1,   34.62,   0.258,   0.146,   0.66,   0.5,   22.046,    -999999,  0.05081111111,   0.3154555556,   0.1909333333,   38.83111111,   29.69,   233.241105,   7.937,   0.27968,   7.65732,   0.449652,   1.25916,   41.94,   404.465,   1.875883333,   0.07730588235,    -999999,   -999999,   -999999,   -999999,   -999999,   -999999,   -999999,   -999999,   -999999,   -999999,   -999999,   -999999,   -999999,   -999999,   -999999,   -999999,   -999999,   -999999,   -999999,   -999999,   -999999,   -999999,   -999999,   -999999,   -999999,   -999999,   -999999,   -999999,   -999999,   -999999,   -999999,   -999999,   -999999,   -999999,   -999999,   -999999,   -999999,   -999999,   -999999,   -999999,   -999999,   -999999,   -999999,   -999999,   -999999,   -999999,   -999999,   -999999,   -999999,   -999999,   -999999,     -999999  
70302,   313,          2102348.0,         21.000000,  13.12982078,   35.77244188,   264.011895,   7.645969054,   374,   245.7499939,   325.484421,   289,   55.01305398,   19.75995178,   287.8004052,   7.9412,   160.56,   150.3605232,   100.727352,   0.48,   0.14,   168.6,   162.6,   5.94,   2.1,   0.76,   325.46,   230.3899939,   257.0499939,   787.8,   56.4,   32,   -156.08,   34.54,   0.254,   0.142,   0.66,   0.5,   21.958,    -999999,  0.0518,   0.32152,   0.19464,   39.58,   30.262,   233.4239939,   7.9412,   0.28644,   7.65476,   0.4525004,   1.25916,   40.98,   404.49,   1.87565,   0.076325,    -999999,   -999999,   -999999,   -999999,   -999999,   -999999,   -999999,   -999999,   -999999,   -999999,   -999999,   -999999,   -999999,   -999999,   -999999,   -999999,   -999999,   -999999,   -999999,   -999999,   -999999,   -999999,   -999999,   -999999,   -999999,   -999999,   -999999,   -999999,   -999999,   -999999,   -999999,   -999999,   -999999,   -999999,   -999999,   -999999,   -999999,   -999999,   -999999,   -999999,   -999999,   -999999,   -999999,   -999999,   -999999,   -999999,   -999999,   -999999,   -999999,   -999999,   -999999,     -999999  
70307,   313,          2102349.0,         21.000000,  13.13138604,   35.76554158,   264.0145406,   7.644688894,   374,   245.8099939,   325.5638882,   289,   55.01305801,   19.73996898,   287.8601821,   7.9412,   160.74,   150.5662992,   100.8713952,   0.48,   0,   168.6,   162.68,   5.92,   2.06,   0.52,   325.52,   230.5499939,   257.1299939,   788,   56.4,   31.9,   -156,   34.72,   0.26,   0.15,   0.66,   0.508,   22.206,    -999999,  0.049525,   0.307475,   0.186125,   37.845,   28.935,   232.9824939,   7.9412,   0.28932,   7.65188,   0.4513788,   1.265156,   41.86,   404.49,   1.875688889,   0.07907,    -999999,   -999999,   -999999,   -999999,   -999999,   -999999,   -999999,   -999999,   -999999,   -999999,   -999999,   -999999,   -999999,   -999999,   -999999,   -999999,   -999999,   -999999,   -999999,   -999999,   -999999,   -999999,   -999999,   -999999,   -999999,   -999999,   -999999,   -999999,   -999999,   -999999,   -999999,   -999999,   -999999,   -999999,   -999999,   -999999,   -999999,   -999999,   -999999,   -999999,   -999999,   -999999,   -999999,   -999999,   -999999,   -999999,   -999999,   -999999,   -999999,   -999999,   -999999,     -999999  
70312,   313,          2102350.0,         21.000000,  13.13295171,   35.75863094,   264.0171923,   7.648407455,   373.8,   245.7499939,   325.5341683,   289,   55.01306446,   19.53980207,   287.8595699,   7.9408,   160.98,   150.885252,   101.0565936,   0.48,   0.06,   168.5,   162.6,   5.86,   2.04,   0.28,   325.52,   230.8699939,   257.1499939,   788.4,   56.4,   31.78,   -156,   35,   0.268,   0.15,   0.66,   0.504,   23.03,    -999999,  0.0521,   0.3233333333,   0.1957333333,   39.80111111,   30.43111111,   233.4799939,   7.9408,   0.28852,   7.65228,   0.4385844,   1.28914,   43.62,   404.465,   1.87515,   0.076835,    -999999,   -999999,   -999999,   -999999,   -999999,   -999999,   -999999,   -999999,   -999999,   -999999,   -999999,   -999999,   -999999,   -999999,   -999999,   -999999,   -999999,   -999999,   -999999,   -999999,   -999999,   -999999,   -999999,   -999999,   -999999,   -999999,   -999999,   -999999,   -999999,   -999999,   -999999,   -999999,   -999999,   -999999,   -999999,   -999999,   -999999,   -999999,   -999999,   -999999,   -999999,   -999999,   -999999,   -999999,   -999999,   -999999,   -999999,   -999999,   -999999,   -999999,   -999999,     -999999  
70317,   313,          2102351.0,         21.000000,  13.13451842,   35.75171248,   264.0198596,   7.649138975,   374,   245.7899939,   325.5373991,   289,   55.01307835,   19.41992192,   287.7599381,   7.9392,   161.16,   151.1527608,   101.2520808,   0.48,   0.16,   168.32,   162.5,   5.82,   2.06,   0.32,   325.52,   231.2899939,   257.1499939,   788.4,   56.4,   31.76,   -156,   35.16,   0.282,   0.16,   0.66,   0.504,   24.114,    -999999,  0.04413846154,   0.2740076923,   0.1658461538,   34.77769231,   26.51,   231.8599939,   7.9392,   0.27842,   7.66078,   0.4194162,   1.271152,   46.22,   404.515,   1.8769,   0.07365,    -999999,   -999999,   -999999,   -999999,   -999999,   -999999,   -999999,   -999999,   -999999,   -999999,   -999999,   -999999,   -999999,   -999999,   -999999,   -999999,   -999999,   -999999,   -999999,   -999999,   -999999,   -999999,   -999999,   -999999,   -999999,   -999999,   -999999,   -999999,   -999999,   -999999,   -999999,   -999999,   -999999,   -999999,   -999999,   -999999,   -999999,   -999999,   -999999,   -999999,   -999999,   -999999,   -999999,   -999999,   -999999,   -999999,   -999999,   -999999,   -999999,   -999999,   -999999,     -999999  
70322,   313,          2102352.0,         21.000000,  13.13608578,   35.74478958,   264.0225366,   7.648468415,   374,   245.7499939,   325.484421,   289,   55.0131012,   19.35989854,   287.240289,   7.9396,   161.34,   151.4922912,   101.4887232,   0.48,   0.12,   168.3,   162.5,   5.8,   1.98,   0.76,   325.52,   231.6899939,   257.1499939,   788.2,   56.4,   32,   -155.96,   35.08,   0.294,   0.166,   0.66,   0.502,   25.116,    -999999,  0.03828888889,   0.2376666667,   0.1438222222,   30.15888889,   22.99444444,   230.5544383,   7.9396,   0.2508,   7.6888,   0.4202318,   1.283144,   47.94,   404.52,   1.87745,   0.08245,    -999999,   -999999,   -999999,   -999999,   -999999,   -999999,   -999999,   -999999,   -999999,   -999999,   -999999,   -999999,   -999999,   -999999,   -999999,   -999999,   -999999,   -999999,   -999999,   -999999,   -999999,   -999999,   -999999,   -999999,   -999999,   -999999,   -999999,   -999999,   -999999,   -999999,   -999999,   -999999,   -999999,   -999999,   -999999,   -999999,   -999999,   -999999,   -999999,   -999999,   -999999,   -999999,   -999999,   -999999,   -999999,   -999999,   -999999,   -999999,   -999999,   -999999,   -999999,     -999999  
70327,   313,          2102353.0,         21.000000,  13.13765289,   35.73785792,   264.02521,   7.651028735,   374,   245.7499939,   325.484421,   289,   55.01312527,   19.17995795,   287.0604799,   7.94,   161.52,   151.8215328,   101.7150768,   0.48,   -0.04,   168.36,   162.6,   5.76,   1.9,   0.9,   325.5,   231.8299939,   257.1499939,   788.4,   56.4,   32.22,   -155.9,   34.94,   0.3,   0.17,   0.658,   0.5,   25.572,    -999999,  0.04235833333,   0.2630583333,   0.1592,   33.38083333,   25.44666667,   231.4699939,   7.94,   0.25316,   7.68684,   0.4199576,   1.241172,   45.92,   404.545,   1.876866667,   0.0785,    -999999,   -999999,   -999999,   -999999,   -999999,   -999999,   -999999,   -999999,   -999999,   -999999,   -999999,   -999999,   -999999,   -999999,   -999999,   -999999,   -999999,   -999999,   -999999,   -999999,   -999999,   -999999,   -999999,   -999999,   -999999,   -999999,   -999999,   -999999,   -999999,   -999999,   -999999,   -999999,   -999999,   -999999,   -999999,   -999999,   -999999,   -999999,   -999999,   -999999,   -999999,   -999999,   -999999,   -999999,   -999999,   -999999,   -999999,   -999999,   -999999,   -999999,   -999999,     -999999  
70332,   313,          2102354.0,         21.000000,  13.1392194,   35.73091482,   264.0278744,   7.644749854,   374,   245.7099939,   325.4314428,   289,   55.01314657,   18.99987789,   287.2605265,   7.9394,   161.78,   152.0993304,   101.962008,   0.48,   -0.06,   168.32,   162.64,   5.7,   1.84,   0.46,   325.42,   231.7699939,   257.2299939,   789.4,   56.4,   32.06,   -155.9,   35.22,   0.296,   0.17,   0.656,   0.502,   25.478,    -999999,  0.0423,   0.262425,   0.1588,   33.2975,   25.385,   231.4649939,   7.9394,   0.2616,   7.6778,   0.4190416,   1.16922,   42.88,   404.53,   1.8767,   0.07935,    -999999,   -999999,   -999999,   -999999,   -999999,   -999999,   -999999,   -999999,   -999999,   -999999,   -999999,   -999999,   -999999,   -999999,   -999999,   -999999,   -999999,   -999999,   -999999,   -999999,   -999999,   -999999,   -999999,   -999999,   -999999,   -999999,   -999999,   -999999,   -999999,   -999999,   -999999,   -999999,   -999999,   -999999,   -999999,   -999999,   -999999,   -999999,   -999999,   -999999,   -999999,   -999999,   -999999,   -999999,   -999999,   -999999,   -999999,   -999999,   -999999,   -999999,   -999999,     -999999  
70337,   313,          2102355.0,         21.000000,  13.14078639,   35.72396296,   264.0305458,   7.650358175,   374,   245.7499939,   325.484421,   289,   55.01317208,   18.85995845,   287.0399788,   7.94,   161.96,   152.4388608,   102.1369176,   0.486,   0,   168.2,   162.56,   5.62,   1.86,   0.26,   325.48,   231.6099939,   257.3499939,   788.8,   56.4,   31.9,   -155.9,   35.48,   0.29,   0.164,   0.66,   0.5,   25.042,    -999999,  0.038925,   0.24155,   0.146175,   30.65,   23.3675,   230.7049939,   7.94,   0.26556,   7.67444,   0.41965,   1.16922,   42.56,   404.56,   1.87736,   0.07648823529,    -999999,   -999999,   -999999,   -999999,   -999999,   -999999,   -999999,   -999999,   -999999,   -999999,   -999999,   -999999,   -999999,   -999999,   -999999,   -999999,   -999999,   -999999,   -999999,   -999999,   -999999,   -999999,   -999999,   -999999,   -999999,   -999999,   -999999,   -999999,   -999999,   -999999,   -999999,   -999999,   -999999,   -999999,   -999999,   -999999,   -999999,   -999999,   -999999,   -999999,   -999999,   -999999,   -999999,   -999999,   -999999,   -999999,   -999999,   -999999,   -999999,   -999999,   -999999,     -999999  
70342,   313,          2102356.0,         21.000000,  13.14235438,   35.71700482,   264.0332323,   7.649138975,   374,   245.7099939,   325.4314428,   289,   55.01320637,   18.6998332,   287.1394654,   7.9394,   162.18,   152.6652144,   102.3015384,   0.49,   -0.02,   168.06,   162.5,   5.56,   1.86,   0.5,   325.48,   231.3699939,   257.3499939,   789.4,   56.4,   32.02,   -155.82,   35.56,   0.284,   0.16,   0.654,   0.502,   24.43,    -999999,  0.03884166667,   0.241075,   0.1458833333,   30.58583333,   23.31833333,   230.6874939,   7.9394,   0.2681,   7.6713,   0.3948428,   1.16922,   44.04,   404.525,   1.877208333,   0.07696470588,    -999999,   -999999,   -999999,   -999999,   -999999,   -999999,   -999999,   -999999,   -999999,   -999999,   -999999,   -999999,   -999999,   -999999,   -999999,   -999999,   -999999,   -999999,   -999999,   -999999,   -999999,   -999999,   -999999,   -999999,   -999999,   -999999,   -999999,   -999999,   -999999,   -999999,   -999999,   -999999,   -999999,   -999999,   -999999,   -999999,   -999999,   -999999,   -999999,   -999999,   -999999,   -999999,   -999999,   -999999,   -999999,   -999999,   -999999,   -999999,   -999999,   -999999,   -999999,     -999999  
70347,   313,          2102357.0,         21.000000,  13.1439228,   35.71003966,   264.0359254,   7.654747295,   373.4,   245.7499939,   325.6337657,   289,   55.01324641,   18.65986822,   286.5600208,   7.939,   162.34,   153.0150336,   102.5073144,   0.49,   0.02,   168.08,   162.54,   5.58,   1.86,   0.88,   325.58,   231.0299939,   257.3499939,   790,   56.4,   32.22,   -155.8,   35.36,   0.274,   0.154,   0.66,   0.5,   23.46,    -999999,  0.03883333333,   0.2409666667,   0.1458222222,   30.58111111,   23.31111111,   230.6822161,   7.939,   0.2607,   7.6783,   0.3888866,   1.13924,   44.36,   404.53,   1.877208333,   0.07613529412,    -999999,   -999999,   -999999,   -999999,   -999999,   -999999,   -999999,   -999999,   -999999,   -999999,   -999999,   -999999,   -999999,   -999999,   -999999,   -999999,   -999999,   -999999,   -999999,   -999999,   -999999,   -999999,   -999999,   -999999,   -999999,   -999999,   -999999,   -999999,   -999999,   -999999,   -999999,   -999999,   -999999,   -999999,   -999999,   -999999,   -999999,   -999999,   -999999,   -999999,   -999999,   -999999,   -999999,   -999999,   -999999,   -999999,   -999999,   -999999,   -999999,   -999999,   -999999,     -999999  
70352,   313,          2102358.0,         21.000000,  13.1454906,   35.70306596,   264.038609,   7.651699295,   374,   245.7499939,   325.484421,   289,   55.01328626,   18.69973366,   286.620214,   7.939,   162.44,   153.1282104,   102.5999136,   0.49,   0.04,   168.2,   162.64,   5.58,   1.84,   0.8,   325.52,   230.6499939,   257.3499939,   790,   56.4,   32.26,   -155.8,   35.26,   0.262,   0.15,   0.658,   0.5,   22.564,    -999999,  0.0387,   0.240125,   0.1453,   30.47,   23.23,   230.6499939,   7.939,   0.22828,   7.71072,   0.3888998,   1.13924,   42.96,   404.53,   1.87715,   0.08009473684,    -999999,   -999999,   -999999,   -999999,   -999999,   -999999,   -999999,   -999999,   -999999,   -999999,   -999999,   -999999,   -999999,   -999999,   -999999,   -999999,   -999999,   -999999,   -999999,   -999999,   -999999,   -999999,   -999999,   -999999,   -999999,   -999999,   -999999,   -999999,   -999999,   -999999,   -999999,   -999999,   -999999,   -999999,   -999999,   -999999,   -999999,   -999999,   -999999,   -999999,   -999999,   -999999,   -999999,   -999999,   -999999,   -999999,   -999999,   -999999,   -999999,   -999999,   -999999,     -999999  
70357,   313,          2102359.0,         21.000000,  13.14705783,   35.69608468,   264.0412841,   7.651028735,   373.8,   245.6899939,   325.454689,   289,   55.01332714,   18.57994833,   286.4400424,   7.939,   162.56,   153.354564,   102.7748232,   0.49,   -0.04,   168.2,   162.62,   5.56,   1.84,   0.54,   325.5,   230.2299939,   257.3699939,   790.8,   56.4,   32.04,   -155.8,   35.46,   0.252,   0.14,   0.652,   0.502,   21.676,    -999999,  0.03908,   0.2425,   0.14674,   30.77,   23.454,   230.7399939,   7.939,   0.2133,   7.7257,   0.3886622,   1.13924,   44.28,   404.57,   1.877311111,   0.081825,    -999999,   -999999,   -999999,   -999999,   -999999,   -999999,   -999999,   -999999,   -999999,   -999999,   -999999,   -999999,   -999999,   -999999,   -999999,   -999999,   -999999,   -999999,   -999999,   -999999,   -999999,   -999999,   -999999,   -999999,   -999999,   -999999,   -999999,   -999999,   -999999,   -999999,   -999999,   -999999,   -999999,   -999999,   -999999,   -999999,   -999999,   -999999,   -999999,   -999999,   -999999,   -999999,   -999999,   -999999,   -999999,   -999999,   -999999,   -999999,   -999999,   -999999,   -999999,     -999999  
