inputs/ACTAMERICA_Merge/C130/ACTAMERICA-mrg05-c130_merge_20170226_R0.ict
143, 1001
Shook, Michael
NASA Atmospheric Composition Branch, NASA Langley Research Center (SSAI)
Merged data file for ACT-AMERICA 2017, Flight 12 (20170226), on the c130 platform. Data is merged to 05 seconds.
NASA ACT-AMERICA 2017
1, 1
2017, 02, 26, 2018, 02, 23
05
UTC,s
104
1, 1, 1, 1, 1, 1, 1, 1, 1, 1, 1, 1, 1, 1, 1, 1, 1, 1, 1, 1, 1, 1, 1, 1, 1, 1, 1, 1, 1, 1, 1, 1, 1, 1, 1, 1, 1, 1, 1, 1, 1, 1, 1, 1, 1, 1, 1, 1, 1, 1, 1, 1, 1, 1, 1, 1, 1, 1, 1, 1, 1, 1, 1, 1, 1, 1, 1, 1, 1, 1, 1, 1, 1, 1, 1, 1, 1, 1, 1, 1, 1, 1, 1, 1, 1, 1, 1, 1, 1, 1, 1, 1, 1, 1, 1, 1, 1, 1, 1, 1, 1, 1, 1, 1
-999999, -999999, -999999, -999999, -999999, -999999, -999999, -999999, -999999, -999999, -999999, -999999, -999999, -999999, -999999, -999999, -999999, -999999, -999999, -999999, -999999, -999999, -999999, -999999, -999999, -999999, -999999, -999999, -999999, -999999, -999999, -999999, -999999, -999999, -999999, -999999, -999999, -999999, -999999, -999999, -999999, -999999, -999999, -999999, -999999, -999999, -999999, -999999, -999999, -999999, -999999, -999999, -999999, -999999, -999999, -999999, -999999, -999999, -999999, -999999, -999999, -999999, -999999, -999999, -999999, -999999, -999999, -999999, -999999, -999999, -999999, -999999, -999999, -999999, -999999, -999999, -999999, -999999, -999999, -999999, -999999, -999999, -999999, -999999, -999999, -999999, -999999, -999999, -999999, -999999, -999999, -999999, -999999, -999999, -999999, -999999, -999999, -999999, -999999, -999999, -999999, -999999, -999999, -999999
JDAY, days
INDEX, none
FLIGHT, none
LOCAL_SUN_TIME, hour
LATITUDE, degs
LONGITUDE, degs
ALTP, km
PRESSURE, hPa
TEMPERATURE, K
THETA, K
O3COLUMN, DU
SZA, deg
WNS, m s-1
WND, Degs
GPS_ALT, km
GRD_SPD, m s-1
TAS, m/s
IAS, m/s
MachNumber, mach
VerticalSpeed, m s-1
HDG, degs
TRK, degs
DriftAngle, degs
PITCH, degs
ROLL, degs
PotentialTemp, K
Dewpoint, K
TotalAirTemp, K
CabinPressure, hPa
SolarZenithAngle, degs
AircraftSunElevation, degs
SunAzimuth, degs
AircraftSunAzimuth, degs
H2O_MixingRatio, g kg-1
H2O_VaporPressure, hPa
H2O_SatVaporPressureWater, hPa
H2O_SatVaporPressureIce, hPa
H2O_RelativeHumidity, %
H2O_VolMixingRatio_PICARRO, %
H2O_MassMixingRatio_PICARRO, g kg-1
H2O_VaporPressure_PICARRO, hPa
RHi_PICARRO, %
RHw_PICARRO, %
Dewpoint_PICARRO, K
Ground_Elevation, km
Altitude_AGL, km
GroundHeight_CPL, km
MLH_CPL, km
O3_MixingRatio, ppbv
CO2_MixingRatio_PICARRO, ppmv
CH4_MixingRatio_PICARRO, ppmv
CO_MixingRatio_PICARRO, ppmv
CO2_MoleFraction_PFP, ppm
CH4_MoleFraction_PFP, ppb
CO_MoleFraction_PFP, ppb
N2O_MoleFraction_PFP, ppb
SF6_CCGG_MoleFraction_PFP, ppt
H2_MoleFraction_PFP, ppb
CH4C13_PFP, per mil
CO2C14_PFP, per mil
F11B_MoleFraction_PFP, ppt
FC12_MoleFraction_PFP, ppt
F13_MoleFraction_PFP, ppt
F113_MoleFraction_PFP, ppt
F115_MoleFraction_PFP, ppt
HF133a_MoleFraction_PFP, ppt
F23_MoleFraction_PFP, ppt
F32_MoleFraction_PFP, ppt
F134A_MoleFraction_PFP, ppt
F152A_MoleFraction_PFP, ppt
F125_MoleFraction_PFP, ppt
F143a_MoleFraction_PFP, ppt
F227e_MoleFraction_PFP, ppt
F365m_MoleFraction_PFP, ppt
H1211_MoleFraction_PFP, ppt
H1301_MoleFraction_PFP, ppt
H2402_MoleFraction_PFP, ppt
MCFA_MoleFraction_PFP, ppt
CF4_MoleFraction_PFP, ppt
C2F6_MoleFraction_PFP, ppt
SO2F2_MoleFraction_PFP, ppt
MEBR_MoleFraction_PFP, ppt
CH3I_MoleFraction_PFP, ppt
DIBR_MoleFraction_PFP, ppt
[...]
[from data line 598]
63642,   57,          1200599.0,         12.000000,  11.32399415,   40.15161972,   264.6744956,   3.949049809,   620,   252.5699939,   289.5332308,   380.3330078,   49.76877767,   16.07994723,   250.9809703,   3.79022,   144,   150.628032,   127.169568,   0.47,   -5.6,   185.02,   178.86,   6.16,   -1.52,   0.82,   289.54,   238.7499939,   263.9299939,   745.6,   50.2,   40.98,   162.36,   -22.96,   0.36,   0.34,   1.21,   0.99,   27.99,   0.05865,   0.364,   0.367125,   36.755,   30.135,   239.7349939,   0.26494,   3.55586,   0.3908188,   1.43904,   55.34,   409.4242857,   1.9124,   0.11895,    -999999,   -999999,   -999999,   -999999,   -999999,   -999999,   -999999,   -999999,   -999999,   -999999,   -999999,   -999999,   -999999,   -999999,   -999999,   -999999,   -999999,   -999999,   -999999,   -999999,   -999999,   -999999,   -999999,   -999999,   -999999,   -999999,   -999999,   -999999,   -999999,   -999999,   -999999,   -999999,   -999999,   -999999,   -999999,   -999999,   -999999,   -999999,   -999999,   -999999,   -999999,   -999999,   -999999,   -999999,   -999999,   -999999,   -999999,   -999999,   -999999,   -999999,   -999999,     -999999  
63647,   57,          1200600.0,         12.000000,  11.32539333,   40.1450975,   264.67465,   3.917045808,   622.4,   252.8099939,   289.4886244,   380.3330078,   49.75877359,   16.31990613,   252.2795348,   3.76058,   145,   150.73092,   127.58112,   0.47,   -4.8,   185.3,   179.06,   6.26,   -1.08,   0.52,   289.48,   238.9299939,   264.1099939,   745.8,   50.2,   40.9,   162.4,   -23.04,   0.366,   0.346,   1.236,   1.016,   27.874,   0.0607,   0.376725,   0.38065,   37.585,   30.86,   240.1049939,   0.26622,   3.52538,   0.3718828,   1.43904,   55.1,   409.4014286,   1.91215,   0.11815,    -999999,   -999999,   -999999,   -999999,   -999999,   -999999,   -999999,   -999999,   -999999,   -999999,   -999999,   -999999,   -999999,   -999999,   -999999,   -999999,   -999999,   -999999,   -999999,   -999999,   -999999,   -999999,   -999999,   -999999,   -999999,   -999999,   -999999,   -999999,   -999999,   -999999,   -999999,   -999999,   -999999,   -999999,   -999999,   -999999,   -999999,   -999999,   -999999,   -999999,   -999999,   -999999,   -999999,   -999999,   -999999,   -999999,   -999999,   -999999,   -999999,   -999999,   -999999,     -999999  
63652,   57,          1200601.0,         12.000000,  11.32679139,   40.13857476,   264.6747876,   3.894246768,   624.4,   252.9699939,   289.4064366,   380.3330078,   49.74877786,   15.49897469,   251.7549601,   3.73966,   144.2,   150.21648,   127.06668,   0.47,   -3,   184.92,   178.98,   5.94,   -0.58,   -0.5,   289.38,   239.1699939,   264.1899939,   745.6,   50.2,   40.5,   162.4,   -21.8,   0.374,   0.354,   1.25,   1.028,   28.214,   0.06312,   0.3918,   0.39742,   38.994,   32.038,   240.5519939,   0.26566,   3.50514,   0.3777132,   1.43904,   57.6,   409.3814286,   1.91175,   0.1235,    -999999,   -999999,   -999999,   -999999,   -999999,   -999999,   -999999,   -999999,   -999999,   -999999,   -999999,   -999999,   -999999,   -999999,   -999999,   -999999,   -999999,   -999999,   -999999,   -999999,   -999999,   -999999,   -999999,   -999999,   -999999,   -999999,   -999999,   -999999,   -999999,   -999999,   -999999,   -999999,   -999999,   -999999,   -999999,   -999999,   -999999,   -999999,   -999999,   -999999,   -999999,   -999999,   -999999,   -999999,   -999999,   -999999,   -999999,   -999999,   -999999,   -999999,   -999999,     -999999  
63657,   57,          1200602.0,         12.000000,  11.32819235,   40.13206818,   264.6749686,   3.868948368,   626.4,   253.1299939,   289.3250046,   380.3330078,   49.73879628,   15.41905873,   251.7979273,   3.71894,   144,   149.70204,   126.860904,   0.47,   -4.8,   184.56,   178.64,   5.94,   -1.48,   0.34,   289.32,   239.4899939,   264.3499939,   746.4,   50.2,   41.02,   162.4,   -21.84,   0.384,   0.364,   1.268,   1.044,   28.714,   0.0636,   0.3947555556,   0.4022,   38.95444444,   32.05222222,   240.6755495,   0.26394,   3.48666,   0.373617,   1.475016,   58.64,   409.41,   1.91265,   0.1232,    -999999,   -999999,   -999999,   -999999,   -999999,   -999999,   -999999,   -999999,   -999999,   -999999,   -999999,   -999999,   -999999,   -999999,   -999999,   -999999,   -999999,   -999999,   -999999,   -999999,   -999999,   -999999,   -999999,   -999999,   -999999,   -999999,   -999999,   -999999,   -999999,   -999999,   -999999,   -999999,   -999999,   -999999,   -999999,   -999999,   -999999,   -999999,   -999999,   -999999,   -999999,   -999999,   -999999,   -999999,   -999999,   -999999,   -999999,   -999999,   -999999,   -999999,   -999999,     -999999  
63662,   57,          1200603.0,         12.000000,  11.32959478,   40.12556342,   264.6751717,   3.838834127,   629,   253.0699939,   288.9143041,   380.3330078,   49.72881861,   14.51969841,   252.0539967,   3.6865,   144,   149.496264,   127.06668,   0.47,   -6.4,   184.28,   178.66,   5.6,   -1.6,   1.12,   288.9,   239.8499939,   264.1899939,   747.2,   50.2,   41.26,   162.46,   -22.54,   0.396,   0.376,   1.262,   1.036,   29.894,   0.06731111111,   0.4177777778,   0.4268444444,   41.14555556,   33.86777778,   241.2955495,   0.26218,   3.45622,   0.3789638,   1.570952,   57.5,   409.255,   1.91075,   0.1231,    -999999,   -999999,   -999999,   -999999,   -999999,   -999999,   -999999,   -999999,   -999999,   -999999,   -999999,   -999999,   -999999,   -999999,   -999999,   -999999,   -999999,   -999999,   -999999,   -999999,   -999999,   -999999,   -999999,   -999999,   -999999,   -999999,   -999999,   -999999,   -999999,   -999999,   -999999,   -999999,   -999999,   -999999,   -999999,   -999999,   -999999,   -999999,   -999999,   -999999,   -999999,   -999999,   -999999,   -999999,   -999999,   -999999,   -999999,   -999999,   -999999,   -999999,   -999999,     -999999  
63667,   57,          1200604.0,         12.000000,  11.3309961,   40.11905786,   264.6753582,   3.807134927,   631.4,   253.1499939,   288.6913416,   380.3330078,   49.71884903,   13.47991381,   252.2767064,   3.65888,   143.8,   148.67316,   126.55224,   0.468,   -3.4,   184.02,   178.78,   5.22,   -0.48,   0.94,   288.68,   240.2699939,   264.1499939,   747.6,   50.18,   40.26,   162.5,   -21.84,   0.412,   0.394,   1.27,   1.048,   30.862,   0.06974,   0.43278,   0.44366,   42.152,   34.748,   241.6979939,   0.26242,   3.42838,   0.3857694,   1.58894,   58.62,   409.2242857,   1.91015,   0.1227,    -999999,   -999999,   -999999,   -999999,   -999999,   -999999,   -999999,   -999999,   -999999,   -999999,   -999999,   -999999,   -999999,   -999999,   -999999,   -999999,   -999999,   -999999,   -999999,   -999999,   -999999,   -999999,   -999999,   -999999,   -999999,   -999999,   -999999,   -999999,   -999999,   -999999,   -999999,   -999999,   -999999,   -999999,   -999999,   -999999,   -999999,   -999999,   -999999,   -999999,   -999999,   -999999,   -999999,   -999999,   -999999,   -999999,   -999999,   -999999,   -999999,   -999999,   -999999,     -999999  
63672,   57,          1200605.0,         12.000000,  11.33239714,   40.112589,   264.6755404,   3.790005167,   632.8,   253.3299939,   288.7138537,   380.3330078,   49.70892194,   13.07946577,   253.9631568,   3.64148,   142.8,   147.026952,   125.214696,   0.46,   -3.6,   183.82,   178.68,   5.12,   -0.68,   0.6,   288.68,   240.7699939,   264.0699939,   745.2,   50.1,   40.32,   162.5,   -21.24,   0.43,   0.41,   1.288,   1.062,   31.94,   0.07065,   0.4384,   0.4511,   42.8625,   35.33,   241.8699939,   0.26146,   3.41154,   0.3808702,   1.58894,   57.42,   409.155,   1.909522222,   0.1243789474,    -999999,   -999999,   -999999,   -999999,   -999999,   -999999,   -999999,   -999999,   -999999,   -999999,   -999999,   -999999,   -999999,   -999999,   -999999,   -999999,   -999999,   -999999,   -999999,   -999999,   -999999,   -999999,   -999999,   -999999,   -999999,   -999999,   -999999,   -999999,   -999999,   -999999,   -999999,   -999999,   -999999,   -999999,   -999999,   -999999,   -999999,   -999999,   -999999,   -999999,   -999999,   -999999,   -999999,   -999999,   -999999,   -999999,   -999999,   -999999,   -999999,   -999999,   -999999,     -999999  
63677,   57,          1200606.0,         12.000000,  11.33379878,   40.10616272,   264.6757317,   3.762512207,   635,   253.3899939,   288.4960211,   380.3330078,   49.69904076,   13.13704742,   256.118104,   3.61734,   142,   145.895184,   124.391592,   0.46,   -5.4,   183.8,   178.6,   5.2,   -1.58,   0.86,   288.46,   241.2499939,   263.9699939,   741.2,   50.1,   41.08,   162.5,   -21.52,   0.45,   0.432,   1.296,   1.068,   33.272,   0.07495,   0.4653,   0.480325,   45.6375,   37.62,   242.5224939,   0.26218,   3.38722,   0.3741322,   1.58894,   57.42,   409.32375,   1.911,   0.1264,    -999999,   -999999,   -999999,   -999999,   -999999,   -999999,   -999999,   -999999,   -999999,   -999999,   -999999,   -999999,   -999999,   -999999,   -999999,   -999999,   -999999,   -999999,   -999999,   -999999,   -999999,   -999999,   -999999,   -999999,   -999999,   -999999,   -999999,   -999999,   -999999,   -999999,   -999999,   -999999,   -999999,   -999999,   -999999,   -999999,   -999999,   -999999,   -999999,   -999999,   -999999,   -999999,   -999999,   -999999,   -999999,   -999999,   -999999,   -999999,   -999999,   -999999,   -999999,     -999999  
63682,   57,          1200607.0,         12.000000,  11.335201,   40.09974532,   264.6759317,   3.731971246,   637.4,   253.3499939,   288.1397463,   380.3330078,   49.68917275,   13.39932699,   258.2049321,   3.587,   142,   145.380744,   124.082928,   0.46,   -5,   183.96,   178.68,   5.3,   -1.18,   1.14,   288.1,   241.7899939,   263.9499939,   738,   50.1,   40.76,   162.56,   -21.92,   0.472,   0.454,   1.292,   1.068,   35.102,   0.08528,   0.52936,   0.54784,   51.978,   42.85,   243.9219939,   0.26292,   3.35628,   0.3695954,   1.58894,   58.04,   409.61,   1.91365,   0.125,    -999999,   -999999,   -999999,   -999999,   -999999,   -999999,   -999999,   -999999,   -999999,   -999999,   -999999,   -999999,   -999999,   -999999,   -999999,   -999999,   -999999,   -999999,   -999999,   -999999,   -999999,   -999999,   -999999,   -999999,   -999999,   -999999,   -999999,   -999999,   -999999,   -999999,   -999999,   -999999,   -999999,   -999999,   -999999,   -999999,   -999999,   -999999,   -999999,   -999999,   -999999,   -999999,   -999999,   -999999,   -999999,   -999999,   -999999,   -999999,   -999999,   -999999,   -999999,     -999999  
63687,   57,          1200608.0,         12.000000,  11.33660216,   40.09334192,   264.6761158,   3.705026926,   639.6,   253.5299939,   288.0607424,   380.3330078,   49.67932715,   13.19737816,   258.0460986,   3.56538,   141.4,   144.763416,   123.774264,   0.452,   -2.8,   184.02,   178.8,   5.26,   -0.28,   1.06,   287.96,   242.6299939,   263.9899939,   735.8,   50.1,   39.92,   162.6,   -21.72,   0.508,   0.49,   1.31,   1.084,   37.522,   0.08465555556,   0.5255111111,   0.5455222222,   48.94333333,   40.58111111,   243.8522161,   0.26276,   3.33404,   0.383188,   1.576948,   56.24,   409.4885714,   1.9137,   0.1218,    -999999,   -999999,   -999999,   -999999,   -999999,   -999999,   -999999,   -999999,   -999999,   -999999,   -999999,   -999999,   -999999,   -999999,   -999999,   -999999,   -999999,   -999999,   -999999,   -999999,   -999999,   -999999,   -999999,   -999999,   -999999,   -999999,   -999999,   -999999,   -999999,   -999999,   -999999,   -999999,   -999999,   -999999,   -999999,   -999999,   -999999,   -999999,   -999999,   -999999,   -999999,   -999999,   -999999,   -999999,   -999999,   -999999,   -999999,   -999999,   -999999,   -999999,   -999999,     -999999  
63692,   57,          1200609.0,         12.000000,  11.33800269,   40.08697744,   264.6762904,   3.688019086,   641.4,   253.9299939,   288.2836535,   380.3330078,   49.66952713,   12.77998176,   255.2807513,   3.54648,   140.4,   144.351864,   123.568488,   0.45,   -4.2,   183.88,   178.8,   5.12,   -0.92,   0.88,   288.26,   243.5099939,   264.3099939,   733,   50.1,   40.44,   162.6,   -21.42,   0.55,   0.536,   1.358,   1.126,   39.368,   0.07669,   0.47607,   0.49639,   44.318,   36.762,   242.8779939,   0.2627,   3.3147,   0.3740404,   1.516988,   59.28,   409.28,   1.911181818,   0.1250789474,    -999999,   -999999,   -999999,   -999999,   -999999,   -999999,   -999999,   -999999,   -999999,   -999999,   -999999,   -999999,   -999999,   -999999,   -999999,   -999999,   -999999,   -999999,   -999999,   -999999,   -999999,   -999999,   -999999,   -999999,   -999999,   -999999,   -999999,   -999999,   -999999,   -999999,   -999999,   -999999,   -999999,   -999999,   -999999,   -999999,   -999999,   -999999,   -999999,   -999999,   -999999,   -999999,   -999999,   -999999,   -999999,   -999999,   -999999,   -999999,   -999999,   -999999,   -999999,     -999999  
63697,   57,          1200610.0,         12.000000,  11.33940317,   40.08063906,   264.6764642,   3.656441805,   643.8,   254.1699939,   288.2483701,   380.3330078,   49.65975871,   12.45979526,   254.919101,   3.51756,   140,   144.0432,   123.4656,   0.45,   -5.8,   183.76,   178.78,   4.96,   -1.46,   0.7,   288.18,   243.8299939,   264.4699939,   731.4,   50.1,   41.2,   162.6,   -21.56,   0.568,   0.55,   1.382,   1.152,   39.822,   0.08042,   0.49912,   0.52226,   45.972,   38.194,   243.4099939,   0.26304,   3.28636,   0.3821806,   1.499,   55.68,   409.44,   1.91213,   0.1222368421,    -999999,   -999999,   -999999,   -999999,   -999999,   -999999,   -999999,   -999999,   -999999,   -999999,   -999999,   -999999,   -999999,   -999999,   -999999,   -999999,   -999999,   -999999,   -999999,   -999999,   -999999,   -999999,   -999999,   -999999,   -999999,   -999999,   -999999,   -999999,   -999999,   -999999,   -999999,   -999999,   -999999,   -999999,   -999999,   -999999,   -999999,   -999999,   -999999,   -999999,   -999999,   -999999,   -999999,   -999999,   -999999,   -999999,   -999999,   -999999,   -999999,   -999999,   -999999,     -999999  
63702,   57,          1200611.0,         12.000000,  11.34080537,   40.07430208,   264.6766639,   3.628583085,   646.2,   254.1699939,   287.9420891,   380.3330078,   49.64999329,   13.07690245,   259.0230266,   3.48934,   140,   143.425872,   123.054048,   0.45,   -4.2,   183.6,   178.34,   5.26,   -0.94,   -0.88,   287.9,   243.7299939,   264.4099939,   730.8,   50.1,   41.22,   162.66,   -19.96,   0.558,   0.546,   1.388,   1.152,   39.306,   0.09842222222,   0.6109777778,   0.6412777778,   56.44777778,   46.89333333,   245.6122161,   0.26276,   3.25824,   0.3680766,   1.499,   54.74,   409.9257143,   1.916609091,   0.12745,    -999999,   -999999,   -999999,   -999999,   -999999,   -999999,   -999999,   -999999,   -999999,   -999999,   -999999,   -999999,   -999999,   -999999,   -999999,   -999999,   -999999,   -999999,   -999999,   -999999,   -999999,   -999999,   -999999,   -999999,   -999999,   -999999,   -999999,   -999999,   -999999,   -999999,   -999999,   -999999,   -999999,   -999999,   -999999,   -999999,   -999999,   -999999,   -999999,   -999999,   -999999,   -999999,   -999999,   -999999,   -999999,   -999999,   -999999,   -999999,   -999999,   -999999,   -999999,     -999999  
