inputs/ACTAMERICA_Merge/C130/ACTAMERICA-mrg05-c130_merge_20171113_R0.ict
145, 1001
Shook, Michael
NASA Atmospheric Composition Branch, NASA Langley Research Center (SSAI)
Merged data file for ACT-AMERICA Fall 2017, Flight 23 (20171113), on the c130 platform. Data is merged to 05 seconds.
NASA ACT-AMERICA Fall 2017
1, 1
2017, 11, 13, 2018, 07, 05
05
UTC,s
106
1, 1, 1, 1, 1, 1, 1, 1, 1, 1, 1, 1, 1, 1, 1, 1, 1, 1, 1, 1, 1, 1, 1, 1, 1, 1, 1, 1, 1, 1, 1, 1, 1, 1, 1, 1, 1, 1, 1, 1, 1, 1, 1, 1, 1, 1, 1, 1, 1, 1, 1, 1, 1, 1, 1, 1, 1, 1, 1, 1, 1, 1, 1, 1, 1, 1, 1, 1, 1, 1, 1, 1, 1, 1, 1, 1, 1, 1, 1, 1, 1, 1, 1, 1, 1, 1, 1, 1, 1, 1, 1, 1, 1, 1, 1, 1, 1, 1, 1, 1, 1, 1, 1, 1, 1, 1
-999999, -999999, -999999, -999999, -999999, -999999, -999999, -999999, -999999, -999999, -999999, -999999, -999999, -999999, -999999, -999999, -999999, -999999, -999999, -999999, -999999, -999999, -999999, -999999, -999999, -999999, -999999, -999999, -999999, -999999, -999999, -999999, -999999, -999999, -999999, -999999, -999999, -999999, -999999, -999999, -999999, -999999, -999999, -999999, -999999, -999999, -999999, -999999, -999999, -999999, -999999, -999999, -999999, -999999, -999999, -999999, -999999, -999999, -999999, -999999, -999999, -999999, -999999, -999999, -999999, -999999, -999999, -999999, -999999, -999999, -999999, -999999, -999999, -999999, -999999, -999999, -999999, -999999, -999999, -999999, -999999, -999999, -999999, -999999, -999999, -999999, -999999, -999999, -999999, -999999, -999999, -999999, -999999, -999999, -999999, -999999, -999999, -999999, -999999, -999999, -999999, -999999, -999999, -999999, -999999, -999999
JDAY, days
INDEX, none
FLIGHT, none
LOCAL_SUN_TIME, hour
LATITUDE, degs
LONGITUDE, degs
ALTP, km
PRESSURE, hPa
TEMPERATURE, K
THETA, K, calculated from ambient temperature and pressure
O3COLUMN, DU, OMI ozone column data extracted along flight track
SZA, deg
WNS, m s-1
WND, Degs
GPS_ALT, km
GRD_SPD, m s-1
TAS, m/s
IAS, m/s
MachNumber, mach
VerticalSpeed, m s-1
HDG, degs
TRK, degs
DriftAngle, degs
PITCH, degs
ROLL, degs
PotentialTemp_Nav, K
Dewpoint, K
TotalAirTemp, K
CabinPressure, hPa
SolarZenithAngle, degs
AircraftSunElevation, degs
SunAzimuth, degs
AircraftSunAzimuth, degs
H2O_MixingRatio_Nav, g kg-1
H2O_VaporPressure_Nav, hPa
H2O_SatVaporPressureWater_Nav, hPa
H2O_SatVaporPressureIce_Nav, hPa
H2O_RelativeHumidity_Nav, %
ManeuverFlag, none
H2O_VolMixingRatio_PICARRO, %
H2O_MassMixingRatio_PICARRO, g kg-1
H2O_VaporPressure_PICARRO, hPa
RHi_PICARRO, %
RHw_PICARRO, %
Dewpoint_PICARRO, K
GPS_ALT, km
GroundElevation-AMSL_GoogleMaps, km
Altitude-AGL_GoogleMaps, km
GroundHeight-AMSL_CPL, km
MLH-AMSL_CPL, km
O3_MixingRatio, ppbv
CO2_DryMoleFrac_PICARRO, ppm
CH4_DryMoleFrac_PICARRO, ppm
CO_DryMoleFrac_PICARRO, ppm
CO2_MoleFraction_PFP, ppm
CH4_MoleFraction_PFP, ppb
CO_MoleFraction_PFP, ppb
N2O_MoleFraction_PFP, ppb
SF6_CCGG_MoleFraction_PFP, ppt
H2_MoleFraction_PFP, ppb
CH4C13_PFP, permil
CO2C14_PFP, permil
F11B_MoleFraction_PFP, ppt
FC12_MoleFraction_PFP, ppt
F13_MoleFraction_PFP, ppt
F113_MoleFraction_PFP, ppt
F115_MoleFraction_PFP, ppt
HF133a_MoleFraction_PFP, ppt
F23_MoleFraction_PFP, ppt
F32_MoleFraction_PFP, ppt
F134A_MoleFraction_PFP, ppt
F152A_MoleFraction_PFP, ppt
F125_MoleFraction_PFP, ppt
F143a_MoleFraction_PFP, ppt
F227e_MoleFraction_PFP, ppt
F365m_MoleFraction_PFP, ppt
H1211_MoleFraction_PFP, ppt
H1301_MoleFraction_PFP, ppt
[...]
[from data line 484]
62082,   317,          2300485.0,         23.000000,  11.21495331,   32.3254852,   269.538883,   3.2611162,   677.8,   272.9499939,   305.028056,   277,   51.52534247,   7.759959209,   334.8595362,   3.4252,   156.6,   152.8504128,   129.5565696,   0.46,   0.06,   89.6,   92.4,   -2.8,   0.8,   0.5,   305.1,   256.4699939,   284.5499939,   888.6,   51.1,   39.38,   170,   80.1,   1.644,   1.682,   6.096,   6.094,   27.61,    -999999,  0.2603571429,   1.616042857,   1.7713,   29.46142857,   29.40142857,   257.2199939,   3.4252,   0.08062,   3.34458,   0.1880002,   0.98934,   47.78,   405.1742857,   1.898655556,   0.0925,    -999999,   -999999,   -999999,   -999999,   -999999,   -999999,   -999999,   -999999,   -999999,   -999999,   -999999,   -999999,   -999999,   -999999,   -999999,   -999999,   -999999,   -999999,   -999999,   -999999,   -999999,   -999999,   -999999,   -999999,   -999999,   -999999,   -999999,   -999999,   -999999,   -999999,   -999999,   -999999,   -999999,   -999999,   -999999,   -999999,   -999999,   -999999,   -999999,   -999999,   -999999,   -999999,   -999999,   -999999,   -999999,   -999999,   -999999,   -999999,   -999999,   -999999,   -999999,     -999999  
62087,   317,          2300486.0,         23.000000,  11.21689839,   32.3252108,   269.5472258,   3.26184772,   677.6,   272.9499939,   305.0537767,   277,   51.51896975,   7.919959569,   334.3199495,   3.4266,   156.6,   152.7166584,   129.4125264,   0.46,   0.3,   89.56,   92.4,   -2.84,   0.8,   0.42,   305.1,   256.5099939,   284.5499939,   887.8,   51.1,   39.26,   170.1,   80.18,   1.648,   1.688,   6.104,   6.104,   27.62,    -999999,  0.2595857143,   1.611185714,   1.766128571,   29.37857143,   29.31857143,   257.182851,   3.4266,   0.07774,   3.34886,   0.1897318,   0.98934,   48.72,   405.185,   1.8988,   0.09103,    -999999,   -999999,   -999999,   -999999,   -999999,   -999999,   -999999,   -999999,   -999999,   -999999,   -999999,   -999999,   -999999,   -999999,   -999999,   -999999,   -999999,   -999999,   -999999,   -999999,   -999999,   -999999,   -999999,   -999999,   -999999,   -999999,   -999999,   -999999,   -999999,   -999999,   -999999,   -999999,   -999999,   -999999,   -999999,   -999999,   -999999,   -999999,   -999999,   -999999,   -999999,   -999999,   -999999,   -999999,   -999999,   -999999,   -999999,   -999999,   -999999,   -999999,   -999999,     -999999  
62092,   317,          2300487.0,         23.000000,  11.21883889,   32.3249358,   269.5555,   3.261421,   677.6,   273.0299939,   305.1431861,   277,   51.51262509,   7.959948337,   333.9600506,   3.4284,   156.6,   152.6549256,   129.3610824,   0.46,   0.2,   89.5,   92.36,   -2.9,   0.8,   0.28,   305.12,   256.4499939,   284.5499939,   888.2,   51.1,   39.14,   170.1,   80.32,   1.644,   1.68,   6.11,   6.11,   27.506,    -999999,  0.2584666667,   1.604244444,   1.758288889,   29.24888889,   29.18888889,   257.1344383,   3.4284,   0.08228,   3.34612,   0.1912854,   0.98934,   47.8,   405.205,   1.8986,   0.0906,    -999999,   -999999,   -999999,   -999999,   -999999,   -999999,   -999999,   -999999,   -999999,   -999999,   -999999,   -999999,   -999999,   -999999,   -999999,   -999999,   -999999,   -999999,   -999999,   -999999,   -999999,   -999999,   -999999,   -999999,   -999999,   -999999,   -999999,   -999999,   -999999,   -999999,   -999999,   -999999,   -999999,   -999999,   -999999,   -999999,   -999999,   -999999,   -999999,   -999999,   -999999,   -999999,   -999999,   -999999,   -999999,   -999999,   -999999,   -999999,   -999999,   -999999,   -999999,     -999999  
62097,   317,          2300488.0,         23.000000,  11.22078167,   32.3246272,   269.5638084,   3.262945,   677.4,   272.9899939,   305.1242156,   277,   51.50625504,   8.099937784,   333.16,   3.43,   156.6,   152.480016,   129.227328,   0.46,   0.12,   89.4,   92.28,   -2.9,   0.76,   0.28,   305.08,   256.5099939,   284.4899939,   888.2,   51.08,   39.14,   170.12,   80.52,   1.652,   1.686,   6.094,   6.09,   27.682,    -999999,  0.2592,   1.60889,   1.7631,   29.326,   29.266,   257.1669939,   3.43,   0.08124,   3.34876,   0.1922212,   0.98934,   48.22,   405.17,   1.898533333,   0.08964,    -999999,   -999999,   -999999,   -999999,   -999999,   -999999,   -999999,   -999999,   -999999,   -999999,   -999999,   -999999,   -999999,   -999999,   -999999,   -999999,   -999999,   -999999,   -999999,   -999999,   -999999,   -999999,   -999999,   -999999,   -999999,   -999999,   -999999,   -999999,   -999999,   -999999,   -999999,   -999999,   -999999,   -999999,   -999999,   -999999,   -999999,   -999999,   -999999,   -999999,   -999999,   -999999,   -999999,   -999999,   -999999,   -999999,   -999999,   -999999,   -999999,   -999999,   -999999,     -999999  
62102,   317,          2300489.0,         23.000000,  11.22272445,   32.3243522,   269.5721168,   3.26251828,   677.4,   272.9499939,   305.0795072,   277,   51.49993186,   8.039850818,   333.8400495,   3.4292,   156.7,   152.7578136,   129.4639704,   0.46,   -0.4,   89.36,   92.2,   -2.9,   0.54,   0.48,   305.06,   256.5099939,   284.5299939,   888.2,   51,   39.38,   170.2,   80.72,   1.654,   1.694,   6.094,   6.09,   27.756,    -999999,  0.2526888889,   1.568455556,   1.718611111,   28.58555556,   28.53,   256.8577717,   3.4292,   0.06828,   3.36092,   0.190656,   0.98934,   50.22,   405.25,   1.89905,   0.08974736842,    -999999,   -999999,   -999999,   -999999,   -999999,   -999999,   -999999,   -999999,   -999999,   -999999,   -999999,   -999999,   -999999,   -999999,   -999999,   -999999,   -999999,   -999999,   -999999,   -999999,   -999999,   -999999,   -999999,   -999999,   -999999,   -999999,   -999999,   -999999,   -999999,   -999999,   -999999,   -999999,   -999999,   -999999,   -999999,   -999999,   -999999,   -999999,   -999999,   -999999,   -999999,   -999999,   -999999,   -999999,   -999999,   -999999,   -999999,   -999999,   -999999,   -999999,   -999999,     -999999  
62107,   317,          2300490.0,         23.000000,  11.22466494,   32.3240778,   269.5803908,   3.26215252,   677.6,   272.9699939,   305.0761291,   277,   51.49363071,   7.859714867,   334.5625939,   3.4264,   156.94,   153.148788,   129.8035008,   0.46,   -0.56,   89.4,   92.24,   -2.86,   0.5,   0.76,   305.06,   256.4699939,   284.5699939,   888.6,   51,   39.66,   170.2,   80.66,   1.642,   1.68,   6.084,   6.08,   27.604,    -999999,  0.2508,   1.55662,   1.70589,   28.4,   28.338,   256.7689939,   3.4264,   0.0794,   3.347,   0.1884342,   0.98934,   48.24,   405.2514286,   1.899355556,   0.09218947368,    -999999,   -999999,   -999999,   -999999,   -999999,   -999999,   -999999,   -999999,   -999999,   -999999,   -999999,   -999999,   -999999,   -999999,   -999999,   -999999,   -999999,   -999999,   -999999,   -999999,   -999999,   -999999,   -999999,   -999999,   -999999,   -999999,   -999999,   -999999,   -999999,   -999999,   -999999,   -999999,   -999999,   -999999,   -999999,   -999999,   -999999,   -999999,   -999999,   -999999,   -999999,   -999999,   -999999,   -999999,   -999999,   -999999,   -999999,   -999999,   -999999,   -999999,   -999999,     -999999  
62112,   317,          2300491.0,         23.000000,  11.22661231,   32.3237686,   269.588768,   3.26068948,   677.8,   273.0299939,   305.1174579,   277,   51.48728878,   7.919823595,   334.5606043,   3.4246,   157.1,   153.2413872,   129.8858112,   0.46,   -0.24,   89.48,   92.36,   -2.86,   0.62,   0.86,   305.08,   256.3299939,   284.6299939,   888,   51,   39.72,   170.24,   80.46,   1.624,   1.662,   6.104,   6.102,   27.224,    -999999,  0.2525636364,   1.5676,   1.718427273,   29.23272727,   29.09545455,   256.8581757,   3.4246,   0.0871,   3.3375,   0.186855,   0.9413712,   48.72,   405.2485714,   1.899144444,   0.09229473684,    -999999,   -999999,   -999999,   -999999,   -999999,   -999999,   -999999,   -999999,   -999999,   -999999,   -999999,   -999999,   -999999,   -999999,   -999999,   -999999,   -999999,   -999999,   -999999,   -999999,   -999999,   -999999,   -999999,   -999999,   -999999,   -999999,   -999999,   -999999,   -999999,   -999999,   -999999,   -999999,   -999999,   -999999,   -999999,   -999999,   -999999,   -999999,   -999999,   -999999,   -999999,   -999999,   -999999,   -999999,   -999999,   -999999,   -999999,   -999999,   -999999,   -999999,   -999999,     -999999  
62117,   317,          2300492.0,         23.000000,  11.22855508,   32.323494,   269.5970762,   3.2586778,   678,   273.0099939,   305.0693909,   277,   51.48100902,   8.07997542,   333.9002477,   3.4246,   157.18,   153.1282104,   129.8035008,   0.46,   0.2,   89.54,   92.48,   -2.9,   0.78,   0.54,   305.06,   256.2499939,   284.6099939,   888.6,   51,   39.4,   170.3,   80.4,   1.618,   1.656,   6.102,   6.104,   27.108,    -999999,  0.2522,   1.565245455,   1.7161,   28.54545455,   28.48818182,   256.8372666,   3.4246,   0.08378,   3.34082,   0.1878024,   0.929379,   48.8,   405.22,   1.89925,   0.09326842105,    -999999,   -999999,   -999999,   -999999,   -999999,   -999999,   -999999,   -999999,   -999999,   -999999,   -999999,   -999999,   -999999,   -999999,   -999999,   -999999,   -999999,   -999999,   -999999,   -999999,   -999999,   -999999,   -999999,   -999999,   -999999,   -999999,   -999999,   -999999,   -999999,   -999999,   -999999,   -999999,   -999999,   -999999,   -999999,   -999999,   -999999,   -999999,   -999999,   -999999,   -999999,   -999999,   -999999,   -999999,   -999999,   -999999,   -999999,   -999999,   -999999,   -999999,   -999999,     -999999  
62122,   317,          2300493.0,         23.000000,  11.23050016,   32.3231508,   269.605419,   3.25983604,   677.8,   273.0299939,   305.1174579,   277,   51.47466995,   8.199960189,   333.4990242,   3.4262,   157.06,   152.9533008,   129.6183024,   0.46,   0.46,   89.5,   92.5,   -2.9,   0.88,   0.44,   305.12,   256.1299939,   284.6299939,   888.2,   51,   39.3,   170.3,   80.42,   1.598,   1.638,   6.124,   6.128,   26.714,    -999999,  0.2509636364,   1.557654545,   1.707745455,   28.40636364,   28.34909091,   256.7790848,   3.4262,   0.08888,   3.33732,   0.2009636,   0.929379,   45.92,   405.255,   1.899344444,   0.09634210526,    -999999,   -999999,   -999999,   -999999,   -999999,   -999999,   -999999,   -999999,   -999999,   -999999,   -999999,   -999999,   -999999,   -999999,   -999999,   -999999,   -999999,   -999999,   -999999,   -999999,   -999999,   -999999,   -999999,   -999999,   -999999,   -999999,   -999999,   -999999,   -999999,   -999999,   -999999,   -999999,   -999999,   -999999,   -999999,   -999999,   -999999,   -999999,   -999999,   -999999,   -999999,   -999999,   -999999,   -999999,   -999999,   -999999,   -999999,   -999999,   -999999,   -999999,   -999999,     -999999  
62127,   317,          2300494.0,         23.000000,  11.23244294,   32.3228758,   269.6137274,   3.26215252,   677.4,   272.9899939,   305.1242156,   277,   51.46841845,   8.299957484,   333.6200001,   3.427,   157,   152.891568,   129.5668584,   0.46,   0.06,   89.5,   92.48,   -2.98,   0.68,   0.44,   305.1,   256.0099939,   284.5899939,   887.8,   51,   39.34,   170.36,   80.62,   1.584,   1.618,   6.112,   6.11,   26.486,    -999999,  0.2512625,   1.559725,   1.7095,   28.43625,   28.3775,   256.7937439,   3.427,   0.08624,   3.34076,   0.2194286,   0.929379,   47.56,   405.25,   1.8989,   0.09515,    -999999,   -999999,   -999999,   -999999,   -999999,   -999999,   -999999,   -999999,   -999999,   -999999,   -999999,   -999999,   -999999,   -999999,   -999999,   -999999,   -999999,   -999999,   -999999,   -999999,   -999999,   -999999,   -999999,   -999999,   -999999,   -999999,   -999999,   -999999,   -999999,   -999999,   -999999,   -999999,   -999999,   -999999,   -999999,   -999999,   -999999,   -999999,   -999999,   -999999,   -999999,   -999999,   -999999,   -999999,   -999999,   -999999,   -999999,   -999999,   -999999,   -999999,   -999999,     -999999  
62132,   317,          2300495.0,         23.000000,  11.23438803,   32.3225672,   269.6220704,   3.26062852,   677.6,   272.9499939,   305.0537767,   277,   51.46214162,   8.299835121,   333.1399999,   3.4266,   157.16,   152.9533008,   129.6491688,   0.46,   -0.36,   89.5,   92.4,   -2.92,   0.54,   0.42,   305.04,   255.9699939,   284.5499939,   888.4,   51,   39.4,   170.4,   80.8,   1.578,   1.616,   6.09,   6.084,   26.528,    -999999,  0.2529428571,   1.569957143,   1.7205,   28.61857143,   28.56285714,   256.872851,   3.4266,   0.08852,   3.33808,   0.2185742,   0.929379,   48.24,   405.22,   1.8994,   0.09362105263,    -999999,   -999999,   -999999,   -999999,   -999999,   -999999,   -999999,   -999999,   -999999,   -999999,   -999999,   -999999,   -999999,   -999999,   -999999,   -999999,   -999999,   -999999,   -999999,   -999999,   -999999,   -999999,   -999999,   -999999,   -999999,   -999999,   -999999,   -999999,   -999999,   -999999,   -999999,   -999999,   -999999,   -999999,   -999999,   -999999,   -999999,   -999999,   -999999,   -999999,   -999999,   -999999,   -999999,   -999999,   -999999,   -999999,   -999999,   -999999,   -999999,   -999999,   -999999,     -999999  
62137,   317,          2300496.0,         23.000000,  11.23633081,   32.3222922,   269.6303788,   3.26105524,   677.6,   272.9499939,   305.0537767,   277,   51.45591884,   8.279785143,   332.8410612,   3.4244,   157.34,   153.097344,   129.7623456,   0.46,   -0.4,   89.5,   92.4,   -2.94,   0.54,   0.42,   305,   256.0299939,   284.5499939,   888.4,   51,   39.32,   170.4,   80.82,   1.586,   1.624,   6.08,   6.076,   26.676,    -999999,  0.25505,   1.58295,   1.735125,   28.8625,   28.805,   256.9724939,   3.4244,   0.08244,   3.34196,   0.2161806,   0.959359,   47.42,   405.2242857,   1.899,   0.0913,    -999999,   -999999,   -999999,   -999999,   -999999,   -999999,   -999999,   -999999,   -999999,   -999999,   -999999,   -999999,   -999999,   -999999,   -999999,   -999999,   -999999,   -999999,   -999999,   -999999,   -999999,   -999999,   -999999,   -999999,   -999999,   -999999,   -999999,   -999999,   -999999,   -999999,   -999999,   -999999,   -999999,   -999999,   -999999,   -999999,   -999999,   -999999,   -999999,   -999999,   -999999,   -999999,   -999999,   -999999,   -999999,   -999999,   -999999,   -999999,   -999999,   -999999,   -999999,     -999999  
62142,   317,          2300497.0,         23.000000,  11.23827587,   32.321949,   269.6387214,   3.25758052,   678,   272.9499939,   305.0023451,   277,   51.44963726,   8.219901449,   333.138201,   3.423,   157.4,   153.2413872,   129.9372552,   0.46,   -0.08,   89.44,   92.4,   -2.9,   0.68,   0.42,   304.96,   256.0899939,   284.5499939,   888.6,   51,   39.36,   170.48,   80.78,   1.59,   1.63,   6.07,   6.064,   26.846,    -999999,  0.25685,   1.594175,   1.747925,   29.075,   29.015,   257.0624939,   3.423,   0.09682,   3.32618,   0.2159154,   0.959359,   47.18,   405.2342857,   1.8993,   0.09353157895,    -999999,   -999999,   -999999,   -999999,   -999999,   -999999,   -999999,   -999999,   -999999,   -999999,   -999999,   -999999,   -999999,   -999999,   -999999,   -999999,   -999999,   -999999,   -999999,   -999999,   -999999,   -999999,   -999999,   -999999,   -999999,   -999999,   -999999,   -999999,   -999999,   -999999,   -999999,   -999999,   -999999,   -999999,   -999999,   -999999,   -999999,   -999999,   -999999,   -999999,   -999999,   -999999,   -999999,   -999999,   -999999,   -999999,   -999999,   -999999,   -999999,   -999999,   -999999,     -999999  
