inputs/ACTAMERICA_Merge/C130/ACTAMERICA-mrg05-c130_merge_20170215_R0.ict
143, 1001
Shook, Michael
NASA Atmospheric Composition Branch, NASA Langley Research Center (SSAI)
Merged data file for ACT-AMERICA 2017, Flight 08 (20170215), on the c130 platform. Data is merged to 05 seconds.
NASA ACT-AMERICA 2017
1, 1
2017, 02, 15, 2018, 02, 23
05
UTC,s
104
1, 1, 1, 1, 1, 1, 1, 1, 1, 1, 1, 1, 1, 1, 1, 1, 1, 1, 1, 1, 1, 1, 1, 1, 1, 1, 1, 1, 1, 1, 1, 1, 1, 1, 1, 1, 1, 1, 1, 1, 1, 1, 1, 1, 1, 1, 1, 1, 1, 1, 1, 1, 1, 1, 1, 1, 1, 1, 1, 1, 1, 1, 1, 1, 1, 1, 1, 1, 1, 1, 1, 1, 1, 1, 1, 1, 1, 1, 1, 1, 1, 1, 1, 1, 1, 1, 1, 1, 1, 1, 1, 1, 1, 1, 1, 1, 1, 1, 1, 1, 1, 1, 1, 1
-999999, -999999, -999999, -999999, -999999, -999999, -999999, -999999, -999999, -999999, -999999, -999999, -999999, -999999, -999999, -999999, -999999, -999999, -999999, -999999, -999999, -999999, -999999, -999999, -999999, -999999, -999999, -999999, -999999, -999999, -999999, -999999, -999999, -999999, -999999, -999999, -999999, -999999, -999999, -999999, -999999, -999999, -999999, -999999, -999999, -999999, -999999, -999999, -999999, -999999, -999999, -999999, -999999, -999999, -999999, -999999, -999999, -999999, -999999, -999999, -999999, -999999, -999999, -999999, -999999, -999999, -999999, -999999, -999999, -999999, -999999, -999999, -999999, -999999, -999999, -999999, -999999, -999999, -999999, -999999, -999999, -999999, -999999, -999999, -999999, -999999, -999999, -999999, -999999, -999999, -999999, -999999, -999999, -999999, -999999, -999999, -999999, -999999, -999999, -999999, -999999, -999999, -999999, -999999
JDAY, days
INDEX, none
FLIGHT, none
LOCAL_SUN_TIME, hour
LATITUDE, degs
LONGITUDE, degs
ALTP, km
PRESSURE, hPa
TEMPERATURE, K
THETA, K
O3COLUMN, DU
SZA, deg
WNS, m s-1
WND, Degs
GPS_ALT, km
GRD_SPD, m s-1
TAS, m/s
IAS, m/s
MachNumber, mach
VerticalSpeed, m s-1
HDG, degs
TRK, degs
DriftAngle, degs
PITCH, degs
ROLL, degs
PotentialTemp, K
Dewpoint, K
TotalAirTemp, K
CabinPressure, hPa
SolarZenithAngle, degs
AircraftSunElevation, degs
SunAzimuth, degs
AircraftSunAzimuth, degs
H2O_MixingRatio, g kg-1
H2O_VaporPressure, hPa
H2O_SatVaporPressureWater, hPa
H2O_SatVaporPressureIce, hPa
H2O_RelativeHumidity, %
H2O_VolMixingRatio_PICARRO, %
H2O_MassMixingRatio_PICARRO, g kg-1
H2O_VaporPressure_PICARRO, hPa
RHi_PICARRO, %
RHw_PICARRO, %
Dewpoint_PICARRO, K
Ground_Elevation, km
Altitude_AGL, km
GroundHeight_CPL, km
MLH_CPL, km
O3_MixingRatio, ppbv
CO2_MixingRatio_PICARRO, ppmv
CH4_MixingRatio_PICARRO, ppmv
CO_MixingRatio_PICARRO, ppmv
CO2_MoleFraction_PFP, ppm
CH4_MoleFraction_PFP, ppb
CO_MoleFraction_PFP, ppb
N2O_MoleFraction_PFP, ppb
SF6_CCGG_MoleFraction_PFP, ppt
H2_MoleFraction_PFP, ppb
CH4C13_PFP, per mil
CO2C14_PFP, per mil
F11B_MoleFraction_PFP, ppt
FC12_MoleFraction_PFP, ppt
F13_MoleFraction_PFP, ppt
F113_MoleFraction_PFP, ppt
F115_MoleFraction_PFP, ppt
HF133a_MoleFraction_PFP, ppt
F23_MoleFraction_PFP, ppt
F32_MoleFraction_PFP, ppt
F134A_MoleFraction_PFP, ppt
F152A_MoleFraction_PFP, ppt
F125_MoleFraction_PFP, ppt
F143a_MoleFraction_PFP, ppt
F227e_MoleFraction_PFP, ppt
F365m_MoleFraction_PFP, ppt
H1211_MoleFraction_PFP, ppt
H1301_MoleFraction_PFP, ppt
H2402_MoleFraction_PFP, ppt
MCFA_MoleFraction_PFP, ppt
CF4_MoleFraction_PFP, ppt
C2F6_MoleFraction_PFP, ppt
SO2F2_MoleFraction_PFP, ppt
MEBR_MoleFraction_PFP, ppt
CH3I_MoleFraction_PFP, ppt
DIBR_MoleFraction_PFP, ppt
[...]
[from data line 82]
65232,   46,          800083.00,         8.0000000,  11.64360762,   40.91668328,   262.8436977,   2.894624676,   710,   270.9899939,   298.8483564,   369.6669922,   53.82839935,   3.279841397,   346.9981651,   2.9332,   114,   118.3212,   102.37356,   0.36,   6.6,   277.54,   270.68,   6.92,   5.96,   0.02,   298.76,   256.9499939,   277.9299939,   733.6,   54,   37.8,   168.9,   -104.02,   1.636,   1.752,   5.258,   5.152,   33.328,   0.27718,   1.72042,   1.9594,   40.472,   39.384,   258.4379939,   0.44418,   2.48902,   0.5550372,   1.091272,   51.52,   409.23,   1.9064,   0.133375,    -999999,   -999999,   -999999,   -999999,   -999999,   -999999,   -999999,   -999999,   -999999,   -999999,   -999999,   -999999,   -999999,   -999999,   -999999,   -999999,   -999999,   -999999,   -999999,   -999999,   -999999,   -999999,   -999999,   -999999,   -999999,   -999999,   -999999,   -999999,   -999999,   -999999,   -999999,   -999999,   -999999,   -999999,   -999999,   -999999,   -999999,   -999999,   -999999,   -999999,   -999999,   -999999,   -999999,   -999999,   -999999,   -999999,   -999999,   -999999,   -999999,   -999999,   -999999,     -999999  
65237,   46,          800084.00,         8.0000000,  11.64454511,   40.91673844,   262.8369267,   2.931993156,   706.4,   270.7299939,   298.9955671,   369.6669922,   53.82725922,   3.499843921,   346.0514258,   2.97,   114,   118.3212,   102.37356,   0.36,   7,   277.32,   270.52,   6.84,   6.04,   -0.2,   298.9,   256.6499939,   277.7299939,   731.6,   54,   38.24,   169,   -103.78,   1.6,   1.708,   5.152,   5.038,   33.162,   0.266225,   1.6527,   1.8732,   39.35,   38.2175,   257.8949939,   0.4461,   2.5239,   0.5672964,   0.9833436,   52.4,   409.215,   1.9061,   0.13343,    -999999,   -999999,   -999999,   -999999,   -999999,   -999999,   -999999,   -999999,   -999999,   -999999,   -999999,   -999999,   -999999,   -999999,   -999999,   -999999,   -999999,   -999999,   -999999,   -999999,   -999999,   -999999,   -999999,   -999999,   -999999,   -999999,   -999999,   -999999,   -999999,   -999999,   -999999,   -999999,   -999999,   -999999,   -999999,   -999999,   -999999,   -999999,   -999999,   -999999,   -999999,   -999999,   -999999,   -999999,   -999999,   -999999,   -999999,   -999999,   -999999,   -999999,   -999999,     -999999  
65242,   46,          800085.00,         8.0000000,  11.64548302,   40.91677968,   262.830162,   2.967167077,   703.6,   270.4699939,   299.0475745,   369.6669922,   53.82610785,   3.89990763,   344.5215396,   3.0066,   113.2,   118.629864,   102.37356,   0.36,   7,   277.22,   270.38,   6.84,   6.08,   0.28,   299.04,   255.3499939,   277.4499939,   729,   54,   38,   169,   -103.44,   1.446,   1.534,   5.074,   4.95,   30.226,   0.2355,   1.461925,   1.64895,   34.64,   33.645,   256.3599939,   0.451,   2.5556,   0.566385,   0.8934036,   51.94,   409.135,   1.90485,   0.1351210526,    -999999,   -999999,   -999999,   -999999,   -999999,   -999999,   -999999,   -999999,   -999999,   -999999,   -999999,   -999999,   -999999,   -999999,   -999999,   -999999,   -999999,   -999999,   -999999,   -999999,   -999999,   -999999,   -999999,   -999999,   -999999,   -999999,   -999999,   -999999,   -999999,   -999999,   -999999,   -999999,   -999999,   -999999,   -999999,   -999999,   -999999,   -999999,   -999999,   -999999,   -999999,   -999999,   -999999,   -999999,   -999999,   -999999,   -999999,   -999999,   -999999,   -999999,   -999999,     -999999  
65247,   46,          800086.00,         8.0000000,  11.64642175,   40.91682284,   262.8234096,   3.004657477,   700,   270.3899939,   299.3976042,   369.6669922,   53.82496047,   4.57919636,   341.9811892,   3.0432,   113,   119.041416,   102.785112,   0.36,   7,   277.4,   270.6,   6.84,   6.12,   0.62,   299.34,   253.6499939,   277.4099939,   726.6,   54,   37.44,   169,   -103.6,   1.254,   1.326,   5.036,   4.91,   26.334,   0.2166416667,   1.344525,   1.50985,   32.19166667,   31.21333333,   255.3124939,   0.46508,   2.57812,   0.5544566,   0.893404,   52.06,   409.115,   1.90475,   0.130735,    -999999,   -999999,   -999999,   -999999,   -999999,   -999999,   -999999,   -999999,   -999999,   -999999,   -999999,   -999999,   -999999,   -999999,   -999999,   -999999,   -999999,   -999999,   -999999,   -999999,   -999999,   -999999,   -999999,   -999999,   -999999,   -999999,   -999999,   -999999,   -999999,   -999999,   -999999,   -999999,   -999999,   -999999,   -999999,   -999999,   -999999,   -999999,   -999999,   -999999,   -999999,   -999999,   -999999,   -999999,   -999999,   -999999,   -999999,   -999999,   -999999,   -999999,   -999999,     -999999  
65252,   46,          800087.00,         8.0000000,  11.64736185,   40.91688062,   262.8166778,   3.041660198,   696.8,   270.1499939,   299.5237119,   369.6669922,   53.82382902,   5.219453498,   339.5084217,   3.081,   113,   119.144304,   102.579336,   0.36,   7,   277.4,   270.74,   6.66,   6.28,   0.4,   299.5,   253.0699939,   277.2699939,   724.6,   54,   37.62,   169,   -103.44,   1.2,   1.262,   4.95,   4.814,   25.486,   0.206825,   1.28395,   1.4339,   31.3575,   30.3175,   254.7049939,   0.4658,   2.6152,   0.5571274,   0.875416,   51.46,   409.18,   1.9045,   0.13155,    -999999,   -999999,   -999999,   -999999,   -999999,   -999999,   -999999,   -999999,   -999999,   -999999,   -999999,   -999999,   -999999,   -999999,   -999999,   -999999,   -999999,   -999999,   -999999,   -999999,   -999999,   -999999,   -999999,   -999999,   -999999,   -999999,   -999999,   -999999,   -999999,   -999999,   -999999,   -999999,   -999999,   -999999,   -999999,   -999999,   -999999,   -999999,   -999999,   -999999,   -999999,   -999999,   -999999,   -999999,   -999999,   -999999,   -999999,   -999999,   -999999,   -999999,   -999999,     -999999  
65257,   46,          800088.00,         8.0000000,  11.64830378,   40.91694306,   262.8099734,   3.083112998,   693.4,   269.8099939,   299.5651054,   369.6669922,   53.82270304,   5.817756332,   336.3551117,   3.1204,   112.2,   119.247192,   102.37356,   0.36,   7.4,   277.04,   270.64,   6.4,   6.38,   -0.16,   299.58,   252.7499939,   276.9899939,   722.6,   54,   38.22,   169,   -103.2,   1.17,   1.23,   4.834,   4.69,   25.37,   0.2057181818,   1.276890909,   1.420045455,   32.09,   30.90636364,   254.5927212,   0.45548,   2.66492,   0.5597726,   0.8994,   52.38,   409.19,   1.90515,   0.13135,    -999999,   -999999,   -999999,   -999999,   -999999,   -999999,   -999999,   -999999,   -999999,   -999999,   -999999,   -999999,   -999999,   -999999,   -999999,   -999999,   -999999,   -999999,   -999999,   -999999,   -999999,   -999999,   -999999,   -999999,   -999999,   -999999,   -999999,   -999999,   -999999,   -999999,   -999999,   -999999,   -999999,   -999999,   -999999,   -999999,   -999999,   -999999,   -999999,   -999999,   -999999,   -999999,   -999999,   -999999,   -999999,   -999999,   -999999,   -999999,   -999999,   -999999,   -999999,     -999999  
65262,   46,          800089.00,         8.0000000,  11.6492476,   40.91699412,   262.8032974,   3.121578759,   689.8,   269.5299939,   299.6996199,   369.6669922,   53.82156654,   6.419773923,   333.3124621,   3.16,   112,   119.247192,   102.270672,   0.36,   7,   276.62,   270.52,   6.1,   6.34,   0.4,   299.7,   252.7899939,   276.6699939,   719.8,   54,   37.82,   169,   -102.66,   1.184,   1.234,   4.738,   4.58,   25.996,   0.2059818182,   1.278481818,   1.414190909,   32.74272727,   31.44818182,   254.5436303,   0.4611,   2.6989,   0.5610998,   0.8994,   51.24,   409.2,   1.9049,   0.1336684211,    -999999,   -999999,   -999999,   -999999,   -999999,   -999999,   -999999,   -999999,   -999999,   -999999,   -999999,   -999999,   -999999,   -999999,   -999999,   -999999,   -999999,   -999999,   -999999,   -999999,   -999999,   -999999,   -999999,   -999999,   -999999,   -999999,   -999999,   -999999,   -999999,   -999999,   -999999,   -999999,   -999999,   -999999,   -999999,   -999999,   -999999,   -999999,   -999999,   -999999,   -999999,   -999999,   -999999,   -999999,   -999999,   -999999,   -999999,   -999999,   -999999,   -999999,   -999999,     -999999  
65267,   46,          800090.00,         8.0000000,  11.65019338,   40.91704896,   262.7966507,   3.159922599,   686.4,   269.2099939,   299.7667003,   369.6669922,   53.8204345,   6.299947673,   333.6587301,   3.1988,   111.2,   118.732752,   101.550456,   0.36,   7,   276.82,   270.72,   6.1,   6.26,   0.72,   299.76,   252.1299939,   276.2699939,   716.8,   54,   37.42,   169.1,   -102.66,   1.122,   1.164,   4.618,   4.452,   25.176,   0.1962666667,   1.218311111,   1.340977778,   31.80888889,   30.46777778,   253.9188828,   0.46422,   2.73458,   0.5860786,   0.8994,   52.48,   409.205,   1.904666667,   0.1302315789,    -999999,   -999999,   -999999,   -999999,   -999999,   -999999,   -999999,   -999999,   -999999,   -999999,   -999999,   -999999,   -999999,   -999999,   -999999,   -999999,   -999999,   -999999,   -999999,   -999999,   -999999,   -999999,   -999999,   -999999,   -999999,   -999999,   -999999,   -999999,   -999999,   -999999,   -999999,   -999999,   -999999,   -999999,   -999999,   -999999,   -999999,   -999999,   -999999,   -999999,   -999999,   -999999,   -999999,   -999999,   -999999,   -999999,   -999999,   -999999,   -999999,   -999999,   -999999,     -999999  
65272,   46,          800091.00,         8.0000000,  11.65114058,   40.91711876,   262.7900254,   3.19607188,   683.2,   268.8899939,   299.8103933,   369.6669922,   53.81931873,   6.119748082,   334.4921536,   3.2356,   111,   118.3212,   101.138904,   0.36,   6.4,   277,   270.84,   6.16,   5.92,   0.32,   299.8,   251.6899939,   275.9499939,   713.4,   54,   37.58,   169.1,   -103.14,   1.084,   1.122,   4.51,   4.334,   24.814,   0.18958,   1.17662,   1.28906,   31.939,   30.438,   253.4609939,   0.46958,   2.76602,   0.5877176,   0.9053958,   52.26,   409.23,   1.9052,   0.13245,    -999999,   -999999,   -999999,   -999999,   -999999,   -999999,   -999999,   -999999,   -999999,   -999999,   -999999,   -999999,   -999999,   -999999,   -999999,   -999999,   -999999,   -999999,   -999999,   -999999,   -999999,   -999999,   -999999,   -999999,   -999999,   -999999,   -999999,   -999999,   -999999,   -999999,   -999999,   -999999,   -999999,   -999999,   -999999,   -999999,   -999999,   -999999,   -999999,   -999999,   -999999,   -999999,   -999999,   -999999,   -999999,   -999999,   -999999,   -999999,   -999999,   -999999,   -999999,     -999999  
65277,   46,          800092.00,         8.0000000,  11.65208782,   40.91719662,   262.7834006,   3.2285026,   680.4,   268.6099939,   299.8498226,   369.6669922,   53.81821412,   5.799795917,   335.7120672,   3.268,   111.2,   118.3212,   100.83024,   0.36,   5.6,   277.1,   270.88,   6.2,   5.48,   0.12,   299.78,   251.2299939,   275.5699939,   710.4,   54,   37.78,   169.1,   -103.52,   1.046,   1.078,   4.402,   4.212,   24.436,   0.18485,   1.147275,   1.25395,   31.4875,   29.96,   253.1399939,   0.4691,   2.7989,   0.580192,   0.929379,   54.18,   409.255,   1.9051,   0.1315842105,    -999999,   -999999,   -999999,   -999999,   -999999,   -999999,   -999999,   -999999,   -999999,   -999999,   -999999,   -999999,   -999999,   -999999,   -999999,   -999999,   -999999,   -999999,   -999999,   -999999,   -999999,   -999999,   -999999,   -999999,   -999999,   -999999,   -999999,   -999999,   -999999,   -999999,   -999999,   -999999,   -999999,   -999999,   -999999,   -999999,   -999999,   -999999,   -999999,   -999999,   -999999,   -999999,   -999999,   -999999,   -999999,   -999999,   -999999,   -999999,   -999999,   -999999,   -999999,     -999999  
65282,   46,          800093.00,         8.0000000,  11.65303368,   40.91727476,   262.7767552,   3.25788532,   678,   268.2499939,   299.750427,   369.6669922,   53.8171147,   5.499821779,   337.2927277,   3.2966,   112,   118.424088,   100.83024,   0.36,   5,   277.18,   270.88,   6.32,   5.28,   0.02,   299.8,   250.7099939,   275.2899939,   708.6,   54,   37.84,   169.1,   -103.88,   1.002,   1.026,   4.306,   4.112,   23.85,   0.1782636364,   1.106427273,   1.205163636,   30.88909091,   29.32727273,   252.6790848,   0.47208,   2.82452,   0.5881048,   0.929379,   54.74,   409.1614286,   1.9046,   0.1328473684,    -999999,   -999999,   -999999,   -999999,   -999999,   -999999,   -999999,   -999999,   -999999,   -999999,   -999999,   -999999,   -999999,   -999999,   -999999,   -999999,   -999999,   -999999,   -999999,   -999999,   -999999,   -999999,   -999999,   -999999,   -999999,   -999999,   -999999,   -999999,   -999999,   -999999,   -999999,   -999999,   -999999,   -999999,   -999999,   -999999,   -999999,   -999999,   -999999,   -999999,   -999999,   -999999,   -999999,   -999999,   -999999,   -999999,   -999999,   -999999,   -999999,   -999999,   -999999,     -999999  
65287,   46,          800094.00,         8.0000000,  11.6539773,   40.9173507,   262.7700761,   3.283549481,   675.6,   268.0499939,   299.8305673,   369.6669922,   53.81601905,   5.179957548,   338.5362933,   3.3232,   112.4,   118.83564,   101.138904,   0.36,   5,   277.16,   270.84,   6.32,   5.14,   0,   299.8,   250.3299939,   275.1499939,   706,   54,   37.8,   169.1,   -104,   0.976,   0.996,   4.23,   4.03,   23.482,   0.1731888889,   1.074844444,   1.166688889,   30.68111111,   29.04333333,   252.3044383,   0.47348,   2.84972,   0.5892208,   0.929379,   51.9,   409.09875,   1.90395,   0.1265,    -999999,   -999999,   -999999,   -999999,   -999999,   -999999,   -999999,   -999999,   -999999,   -999999,   -999999,   -999999,   -999999,   -999999,   -999999,   -999999,   -999999,   -999999,   -999999,   -999999,   -999999,   -999999,   -999999,   -999999,   -999999,   -999999,   -999999,   -999999,   -999999,   -999999,   -999999,   -999999,   -999999,   -999999,   -999999,   -999999,   -999999,   -999999,   -999999,   -999999,   -999999,   -999999,   -999999,   -999999,   -999999,   -999999,   -999999,   -999999,   -999999,   -999999,   -999999,     -999999  
