inputs/ACTAMERICA_Merge/C130/ACTAMERICA-mrg05-c130_merge_20171014_R0.ict
145, 1001
Shook, Michael
NASA Atmospheric Composition Branch, NASA Langley Research Center (SSAI)
Merged data file for ACT-AMERICA Fall 2017, Flight 07 (20171014), on the c130 platform. Data is merged to 05 seconds.
NASA ACT-AMERICA Fall 2017
1, 1
2017, 10, 14, 2018, 07, 05
05
UTC,s
106
1, 1, 1, 1, 1, 1, 1, 1, 1, 1, 1, 1, 1, 1, 1, 1, 1, 1, 1, 1, 1, 1, 1, 1, 1, 1, 1, 1, 1, 1, 1, 1, 1, 1, 1, 1, 1, 1, 1, 1, 1, 1, 1, 1, 1, 1, 1, 1, 1, 1, 1, 1, 1, 1, 1, 1, 1, 1, 1, 1, 1, 1, 1, 1, 1, 1, 1, 1, 1, 1, 1, 1, 1, 1, 1, 1, 1, 1, 1, 1, 1, 1, 1, 1, 1, 1, 1, 1, 1, 1, 1, 1, 1, 1, 1, 1, 1, 1, 1, 1, 1, 1, 1, 1, 1, 1
-999999, -999999, -999999, -999999, -999999, -999999, -999999, -999999, -999999, -999999, -999999, -999999, -999999, -999999, -999999, -999999, -999999, -999999, -999999, -999999, -999999, -999999, -999999, -999999, -999999, -999999, -999999, -999999, -999999, -999999, -999999, -999999, -999999, -999999, -999999, -999999, -999999, -999999, -999999, -999999, -999999, -999999, -999999, -999999, -999999, -999999, -999999, -999999, -999999, -999999, -999999, -999999, -999999, -999999, -999999, -999999, -999999, -999999, -999999, -999999, -999999, -999999, -999999, -999999, -999999, -999999, -999999, -999999, -999999, -999999, -999999, -999999, -999999, -999999, -999999, -999999, -999999, -999999, -999999, -999999, -999999, -999999, -999999, -999999, -999999, -999999, -999999, -999999, -999999, -999999, -999999, -999999, -999999, -999999, -999999, -999999, -999999, -999999, -999999, -999999, -999999, -999999, -999999, -999999, -999999, -999999
JDAY, days
INDEX, none
FLIGHT, none
LOCAL_SUN_TIME, hour
LATITUDE, degs
LONGITUDE, degs
ALTP, km
PRESSURE, hPa
TEMPERATURE, K
THETA, K, calculated from ambient temperature and pressure
O3COLUMN, DU, OMI ozone column data extracted along flight track
SZA, deg
WNS, m s-1
WND, Degs
GPS_ALT, km
GRD_SPD, m s-1
TAS, m/s
IAS, m/s
MachNumber, mach
VerticalSpeed, m s-1
HDG, degs
TRK, degs
DriftAngle, degs
PITCH, degs
ROLL, degs
PotentialTemp_Nav, K
Dewpoint, K
TotalAirTemp, K
CabinPressure, hPa
SolarZenithAngle, degs
AircraftSunElevation, degs
SunAzimuth, degs
AircraftSunAzimuth, degs
H2O_MixingRatio_Nav, g kg-1
H2O_VaporPressure_Nav, hPa
H2O_SatVaporPressureWater_Nav, hPa
H2O_SatVaporPressureIce_Nav, hPa
H2O_RelativeHumidity_Nav, %
ManeuverFlag, none
H2O_VolMixingRatio_PICARRO, %
H2O_MassMixingRatio_PICARRO, g kg-1
H2O_VaporPressure_PICARRO, hPa
RHi_PICARRO, %
RHw_PICARRO, %
Dewpoint_PICARRO, K
GPS_ALT, km
GroundElevation-AMSL_GoogleMaps, km
Altitude-AGL_GoogleMaps, km
GroundHeight-AMSL_CPL, km
MLH-AMSL_CPL, km
O3_MixingRatio, ppbv
CO2_DryMoleFrac_PICARRO, ppm
CH4_DryMoleFrac_PICARRO, ppm
CO_DryMoleFrac_PICARRO, ppm
CO2_MoleFraction_PFP, ppm
CH4_MoleFraction_PFP, ppb
CO_MoleFraction_PFP, ppb
N2O_MoleFraction_PFP, ppb
SF6_CCGG_MoleFraction_PFP, ppt
H2_MoleFraction_PFP, ppb
CH4C13_PFP, permil
CO2C14_PFP, permil
F11B_MoleFraction_PFP, ppt
FC12_MoleFraction_PFP, ppt
F13_MoleFraction_PFP, ppt
F113_MoleFraction_PFP, ppt
F115_MoleFraction_PFP, ppt
HF133a_MoleFraction_PFP, ppt
F23_MoleFraction_PFP, ppt
F32_MoleFraction_PFP, ppt
F134A_MoleFraction_PFP, ppt
F152A_MoleFraction_PFP, ppt
F125_MoleFraction_PFP, ppt
F143a_MoleFraction_PFP, ppt
F227e_MoleFraction_PFP, ppt
F365m_MoleFraction_PFP, ppt
H1211_MoleFraction_PFP, ppt
H1301_MoleFraction_PFP, ppt
[...]
[from data line 1420]
64312,   287,          701421.00,         7.0000000,  12.57243701,   40.041023,   280.6094718,   2.047829305,   789.6,   285.9299939,   305.8947069,   264,   48.82430257,   3.51275409,   226.9878378,   2.1802,   131.74,   129.1141512,   114.9053184,   0.38,   -0.28,   79.68,   79,   0.74,   1.26,   0.38,   305.84,   268.7299939,   294.2699939,   889.4,   49.7,   40.76,   -164.6,   115.1,   3.738,   4.458,   14.904,   16.876,   29.892,    -999999,  0.5920142857,   3.674685714,   4.680242857,    -999999,  33.36,   269.5357082,   2.1802,   0.5832,   1.597,   0.6814022,   1.37908,   46.94,   403.005,   1.899361538,   0.09502941176,   403.18,   1900.13,   93.55,   330.43,   9.63,   505.68,   -47.5,   8.29,   231.78,   513.96,   3.33,   69.47,   8.62,   0.51,   32.99,   17.22,   104.88,   9.05,   25.75,   22.24,   1.45,   1.11,   3.49,   3.27,   0.41,   1.86,   84.5,   5.98,   2.39,   7.53,   0.33,   0.81,   498.2,   536.95,   59.34,   13.17,   8.07,   133.87,   1531.35,   543.87,   121.01,   53.12,   21.72,   20.46,   16.79,    -999999,  0.23,   0.19,   7.43,   0.69,   9.63,          253.31000  
64317,   287,          701422.00,         7.0000000,  12.57433061,   40.04215316,   280.6170425,   2.046853945,   789.8,   286.1299939,   306.0865223,   264,   48.82968751,   4.036679848,   217.4683992,   2.1806,   131.6,   128.970108,   114.7406976,   0.38,   0.12,   80.1,   79.04,   1.04,   1.46,   0.38,   306.06,   268.9699939,   294.4299939,   890.2,   49.7,   40.92,   -164.52,   114.66,   3.81,   4.534,   15.098,   17.128,   30.044,    -999999,  0.580575,   3.60355,   4.590275,    -999999,  32.61,   269.2724939,   2.1806,   0.57352,   1.60708,   0.658351,   1.37908,   47.16,   403.115,   1.90156,   0.0961375,   403.18,   1900.13,   93.55,   330.43,   9.63,   505.68,   -47.5,   8.29,   231.78,   513.96,   3.33,   69.47,   8.62,   0.51,   32.99,   17.22,   104.88,   9.05,   25.75,   22.24,   1.45,   1.11,   3.49,   3.27,   0.41,   1.86,   84.5,   5.98,   2.39,   7.53,   0.33,   0.81,   498.2,   536.95,   59.34,   13.17,   8.07,   133.87,   1531.35,   543.87,   121.01,   53.12,   21.72,   20.46,   16.79,    -999999,  0.23,   0.19,   7.43,   0.69,   9.63,          253.31000  
64322,   287,          701423.00,         7.0000000,  12.57622351,   40.0432759,   280.6246027,   2.048865625,   789.4,   286.2499939,   306.2592163,   264,   48.83507703,   4.138616034,   215.6690217,   2.181,   131.36,   128.7540432,   114.5040552,   0.38,   0.32,   80.16,   79.08,   1.08,   1.46,   0.16,   306.2,   268.3899939,   294.5499939,   890.2,   49.7,   40.8,   -164.5,   114.44,   3.644,   4.34,   15.224,   17.294,   28.514,    -999999,  0.5648,   3.50575,   4.466425,    -999999,  31.27,   268.9074939,   2.181,   0.48886,   1.69214,   0.6233968,   1.37908,   47.04,   403.15,   1.901277778,   0.09496666667,   403.18,   1900.13,   93.55,   330.43,   9.63,   505.68,   -47.5,   8.29,   231.78,   513.96,   3.33,   69.47,   8.62,   0.51,   32.99,   17.22,   104.88,   9.05,   25.75,   22.24,   1.45,   1.11,   3.49,   3.27,   0.41,   1.86,   84.5,   5.98,   2.39,   7.53,   0.33,   0.81,   498.2,   536.95,   59.34,   13.17,   8.07,   133.87,   1531.35,   543.87,   121.01,   53.12,   21.72,   20.46,   16.79,    -999999,  0.23,   0.19,   7.43,   0.69,   9.63,          253.31000  
64327,   287,          701424.00,         7.0000000,  12.57811561,   40.04440028,   280.6321509,   2.048865625,   789.4,   286.2699939,   306.2806143,   264,   48.84047978,   4.159150779,   213.6566947,   2.1842,   131.22,   128.6717328,   114.4320336,   0.38,   0.16,   80.12,   78.96,   1.16,   1.32,   -0.06,   306.22,   267.9499939,   294.5699939,   889.8,   49.7,   40.56,   -164.5,   114.5,   3.532,   4.204,   15.252,   17.334,   27.554,    -999999,  0.5537571429,   3.437028571,   4.378228571,    -999999,  30.19714286,   268.642851,   2.1842,   0.5008,   1.6834,   0.62656,   1.37908,   48.96,   403.202,   1.901138462,   0.09263333333,    -999999,   -999999,   -999999,   -999999,   -999999,   -999999,   -999999,   -999999,   -999999,   -999999,   -999999,   -999999,   -999999,   -999999,   -999999,   -999999,   -999999,   -999999,   -999999,   -999999,   -999999,   -999999,   -999999,   -999999,   -999999,   -999999,   -999999,   -999999,   -999999,   -999999,   -999999,   -999999,   -999999,   -999999,   -999999,   -999999,   -999999,   -999999,   -999999,   -999999,   -999999,   -999999,   -999999,   -999999,   -999999,   -999999,   -999999,   -999999,   -999999,   -999999,   -999999,     -999999  
64332,   287,          701425.00,         7.0000000,  12.58000708,   40.04553536,   280.6396896,   2.049597145,   789.2,   286.3299939,   306.3669876,   264,   48.84590499,   4.098395118,   208.8728282,   2.183,   131.14,   128.86722,   114.5863656,   0.38,   -0.04,   80.08,   78.88,   1.2,   1.26,   0.3,   306.28,   267.7499939,   294.6299939,   890.2,   49.7,   40.62,   -164.4,   114.74,   3.474,   4.138,   15.292,   17.378,   27.066,    -999999,  0.5310142857,   3.2958,   4.197485714,    -999999,  28.95142857,   268.0857082,   2.183,   0.4975,   1.6855,   0.653432,   1.37908,   49.6,   403.265,   1.901061538,   0.09407692308,    -999999,   -999999,   -999999,   -999999,   -999999,   -999999,   -999999,   -999999,   -999999,   -999999,   -999999,   -999999,   -999999,   -999999,   -999999,   -999999,   -999999,   -999999,   -999999,   -999999,   -999999,   -999999,   -999999,   -999999,   -999999,   -999999,   -999999,   -999999,   -999999,   -999999,   -999999,   -999999,   -999999,   -999999,   -999999,   -999999,   -999999,   -999999,   -999999,   -999999,   -999999,   -999999,   -999999,   -999999,   -999999,   -999999,   -999999,   -999999,   -999999,   -999999,   -999999,     -999999  
64337,   287,          701426.00,         7.0000000,  12.58189813,   40.04666994,   280.647222,   2.049536185,   789.2,   286.2899939,   306.3241884,   264,   48.85134215,   4.05243688,   214.5901254,   2.1816,   131.08,   128.5894224,   114.3497232,   0.38,   -0.08,   80.06,   78.96,   1.12,   1.2,   0.6,   306.28,   267.5899939,   294.5899939,   890.2,   49.7,   41,   -164.4,   114.98,   3.438,   4.092,   15.286,   17.374,   26.784,    -999999,  0.5569,   3.456625,   4.4023,    -999999,  30.3625,   268.7149939,   2.1816,   0.55368,   1.62792,   0.6773976,   1.37908,   47.32,   403.198,   1.9013,   0.095065,    -999999,   -999999,   -999999,   -999999,   -999999,   -999999,   -999999,   -999999,   -999999,   -999999,   -999999,   -999999,   -999999,   -999999,   -999999,   -999999,   -999999,   -999999,   -999999,   -999999,   -999999,   -999999,   -999999,   -999999,   -999999,   -999999,   -999999,   -999999,   -999999,   -999999,   -999999,   -999999,   -999999,   -999999,   -999999,   -999999,   -999999,   -999999,   -999999,   -999999,   -999999,   -999999,   -999999,   -999999,   -999999,   -999999,   -999999,   -999999,   -999999,   -999999,   -999999,     -999999  
64342,   287,          701427.00,         7.0000000,  12.58378966,   40.04779752,   280.6547615,   2.047890265,   789.8,   286.2499939,   306.2148919,   264,   48.85678693,   4.351445674,   209.8758674,   2.182,   131.08,   128.61,   114.360012,   0.38,   -0.02,   80.3,   79,   1.28,   1.3,   0.32,   306.2,   267.8699939,   294.5499939,   890.2,   49.7,   40.76,   -164.38,   114.72,   3.508,   4.18,   15.242,   17.32,   27.426,    -999999,  0.53555,   3.324,   4.2334,    -999999,  29.2,   268.1824939,   2.182,   0.61272,   1.56928,   0.743379,   1.37908,   46.16,   403.3075,   1.90105,   0.09225,    -999999,   -999999,   -999999,   -999999,   -999999,   -999999,   -999999,   -999999,   -999999,   -999999,   -999999,   -999999,   -999999,   -999999,   -999999,   -999999,   -999999,   -999999,   -999999,   -999999,   -999999,   -999999,   -999999,   -999999,   -999999,   -999999,   -999999,   -999999,   -999999,   -999999,   -999999,   -999999,   -999999,   -999999,   -999999,   -999999,   -999999,   -999999,   -999999,   -999999,   -999999,   -999999,   -999999,   -999999,   -999999,   -999999,   -999999,   -999999,   -999999,   -999999,   -999999,     -999999  
64347,   287,          701428.00,         7.0000000,  12.58568079,   40.04892226,   280.6622952,   2.048926585,   789.6,   286.1499939,   306.1300681,   264,   48.86224144,   3.796514181,   210.5344069,   2.182,   130.96,   128.8363536,   114.5966544,   0.38,   0.08,   80.06,   78.98,   1.08,   1.36,   0.08,   306.1,   268.0899939,   294.3499939,   890.2,   49.7,   40.64,   -164.3,   114.8,   3.578,   4.258,   15.114,   17.152,   28.172,    -999999,  0.569,   3.531566667,   4.4983,    -999999,  31.03,   269.0044383,   2.182,   0.65736,   1.52464,    -999999,   -999999,  46.76,   403.205,   1.9016,   0.0904375,    -999999,   -999999,   -999999,   -999999,   -999999,   -999999,   -999999,   -999999,   -999999,   -999999,   -999999,   -999999,   -999999,   -999999,   -999999,   -999999,   -999999,   -999999,   -999999,   -999999,   -999999,   -999999,   -999999,   -999999,   -999999,   -999999,   -999999,   -999999,   -999999,   -999999,   -999999,   -999999,   -999999,   -999999,   -999999,   -999999,   -999999,   -999999,   -999999,   -999999,   -999999,   -999999,   -999999,   -999999,   -999999,   -999999,   -999999,   -999999,   -999999,   -999999,   -999999,     -999999  
64352,   287,          701429.00,         7.0000000,  12.58757136,   40.0500526,   280.6698204,   2.049901945,   789.2,   286.1299939,   306.1529918,   264,   48.8677135,   3.535762112,   207.086891,   2.1828,   130.82,   129.0112632,   114.7509864,   0.38,   0.16,   79.92,   78.88,   1.06,   1.38,   0.24,   306.1,   268.2699939,   294.3499939,   890.2,   49.7,   40.68,   -164.3,   114.96,   3.608,   4.298,   15.094,   17.124,   28.468,    -999999,  0.56485,   3.505875,   4.4656,    -999999,  30.8175,   268.9049939,   2.1828,   0.73914,   1.44366,   0.865309,   1.37908,   48.64,   403.225,   1.9012,   0.09211176471,    -999999,   -999999,   -999999,   -999999,   -999999,   -999999,   -999999,   -999999,   -999999,   -999999,   -999999,   -999999,   -999999,   -999999,   -999999,   -999999,   -999999,   -999999,   -999999,   -999999,   -999999,   -999999,   -999999,   -999999,   -999999,   -999999,   -999999,   -999999,   -999999,   -999999,   -999999,   -999999,   -999999,   -999999,   -999999,   -999999,   -999999,   -999999,   -999999,   -999999,   -999999,   -999999,   -999999,   -999999,   -999999,   -999999,   -999999,   -999999,   -999999,   -999999,   -999999,     -999999  
64357,   287,          701430.00,         7.0000000,  12.58946119,   40.05118662,   280.6773345,   2.050206745,   789,   286.0699939,   306.1109594,   264,   48.87320083,   3.456372832,   207.4767482,   2.1836,   130.68,   128.8569312,   114.6275208,   0.38,   -0.02,   79.94,   78.92,   1.02,   1.3,   0.62,   306.02,   268.2499939,   294.3499939,   890.6,   49.7,   40.96,   -164.26,   115.12,   3.61,   4.298,   15.032,   17.044,   28.6,    -999999,  0.582025,   3.61265,   4.60105,    -999999,  32.365,   269.3049939,   2.1836,   0.77424,   1.40936,   0.840505,   1.37908,   46.04,   403.15,   1.900945455,   0.09415,    -999999,   -999999,   -999999,   -999999,   -999999,   -999999,   -999999,   -999999,   -999999,   -999999,   -999999,   -999999,   -999999,   -999999,   -999999,   -999999,   -999999,   -999999,   -999999,   -999999,   -999999,   -999999,   -999999,   -999999,   -999999,   -999999,   -999999,   -999999,   -999999,   -999999,   -999999,   -999999,   -999999,   -999999,   -999999,   -999999,   -999999,   -999999,   -999999,   -999999,   -999999,   -999999,   -999999,   -999999,   -999999,   -999999,   -999999,   -999999,   -999999,   -999999,   -999999,     -999999  
64362,   287,          701431.00,         7.0000000,  12.59135071,   40.05231192,   280.684844,   2.047158745,   789.6,   285.9499939,   305.9161033,   264,   48.87869226,   3.357807542,   209.7075146,   2.183,   130.58,   128.7540432,   114.5863656,   0.38,   -0.08,   79.96,   79.04,   0.96,   1.26,   0.64,   305.86,   268.8099939,   294.2499939,   890.6,   49.7,   41.06,   -164.2,   115.28,   3.768,   4.488,   14.928,   16.91,   30.054,    -999999,  0.580275,   3.601725,   4.587125,    -999999,  32.27,   269.2624939,   2.183,   0.72308,   1.45992,   0.894251,   1.37908,   44.44,   403.13,   1.9002,   0.09278421053,    -999999,   -999999,   -999999,   -999999,   -999999,   -999999,   -999999,   -999999,   -999999,   -999999,   -999999,   -999999,   -999999,   -999999,   -999999,   -999999,   -999999,   -999999,   -999999,   -999999,   -999999,   -999999,   -999999,   -999999,   -999999,   -999999,   -999999,   -999999,   -999999,   -999999,   -999999,   -999999,   -999999,   -999999,   -999999,   -999999,   -999999,   -999999,   -999999,   -999999,   -999999,   -999999,   -999999,   -999999,   -999999,   -999999,   -999999,   -999999,   -999999,   -999999,   -999999,     -999999  
64367,   287,          701432.00,         7.0000000,  12.59324009,   40.05342628,   280.6923513,   2.050328665,   789.4,   285.9099939,   305.8954499,   264,   48.88418599,   3.135982354,   215.0445155,   2.183,   130.48,   128.6305776,   114.4423224,   0.38,   0.04,   79.88,   79.1,   0.78,   1.34,   0.32,   305.88,   268.5699939,   294.2099939,   890.2,   49.72,   40.86,   -164.2,   115.2,   3.698,   4.402,   14.906,   16.88,   29.54,    -999999,  0.591075,   3.668725,   4.67245,    -999999,  32.8675,   269.5099939,   2.183,   0.78766,   1.39534,   0.894251,   1.37908,   45.12,   403.105,   1.8998,   0.09272857143,    -999999,   -999999,   -999999,   -999999,   -999999,   -999999,   -999999,   -999999,   -999999,   -999999,   -999999,   -999999,   -999999,   -999999,   -999999,   -999999,   -999999,   -999999,   -999999,   -999999,   -999999,   -999999,   -999999,   -999999,   -999999,   -999999,   -999999,   -999999,   -999999,   -999999,   -999999,   -999999,   -999999,   -999999,   -999999,   -999999,   -999999,   -999999,   -999999,   -999999,   -999999,   -999999,   -999999,   -999999,   -999999,   -999999,   -999999,   -999999,   -999999,   -999999,   -999999,     -999999  
64372,   287,          701433.00,         7.0000000,  12.59512905,   40.05454104,   280.6998525,   2.047524505,   789.6,   285.8099939,   305.766328,   264,   48.88969249,   2.958601032,   220.0893561,   2.1838,   130.4,   128.455668,   114.3291456,   0.38,   0.02,   79.72,   79,   0.7,   1.3,   0.02,   305.76,   268.9699939,   294.1099939,   890.2,   49.8,   40.54,   -164.14,   115.3,   3.808,   4.536,   14.828,   16.78,   30.594,    -999999,  0.5903,   3.663914286,   4.6663,    -999999,  32.82714286,   269.4899939,   2.1838,   0.7594,   1.4244,    -999999,   -999999,  45.72,   403.06,   1.8992,   0.09398571429,    -999999,   -999999,   -999999,   -999999,   -999999,   -999999,   -999999,   -999999,   -999999,   -999999,   -999999,   -999999,   -999999,   -999999,   -999999,   -999999,   -999999,   -999999,   -999999,   -999999,   -999999,   -999999,   -999999,   -999999,   -999999,   -999999,   -999999,   -999999,   -999999,   -999999,   -999999,   -999999,   -999999,   -999999,   -999999,   -999999,   -999999,   -999999,   -999999,   -999999,   -999999,   -999999,   -999999,   -999999,   -999999,   -999999,   -999999,   -999999,   -999999,   -999999,   -999999,     -999999  
