inputs/ACTAMERICA_Merge/C130/ACTAMERICA-mrg05-c130_merge_20170213_R0_L1.ict
143, 1001
Shook, Michael
NASA Atmospheric Composition Branch, NASA Langley Research Center (SSAI)
Merged data file for ACT-AMERICA 2017, Flight 07 (20170213), on the c130 platform. Data is merged to 05 seconds.
NASA ACT-AMERICA 2017
1, 1
2017, 02, 13, 2018, 02, 23
05
UTC,s
104
1, 1, 1, 1, 1, 1, 1, 1, 1, 1, 1, 1, 1, 1, 1, 1, 1, 1, 1, 1, 1, 1, 1, 1, 1, 1, 1, 1, 1, 1, 1, 1, 1, 1, 1, 1, 1, 1, 1, 1, 1, 1, 1, 1, 1, 1, 1, 1, 1, 1, 1, 1, 1, 1, 1, 1, 1, 1, 1, 1, 1, 1, 1, 1, 1, 1, 1, 1, 1, 1, 1, 1, 1, 1, 1, 1, 1, 1, 1, 1, 1, 1, 1, 1, 1, 1, 1, 1, 1, 1, 1, 1, 1, 1, 1, 1, 1, 1, 1, 1, 1, 1, 1, 1
-999999, -999999, -999999, -999999, -999999, -999999, -999999, -999999, -999999, -999999, -999999, -999999, -999999, -999999, -999999, -999999, -999999, -999999, -999999, -999999, -999999, -999999, -999999, -999999, -999999, -999999, -999999, -999999, -999999, -999999, -999999, -999999, -999999, -999999, -999999, -999999, -999999, -999999, -999999, -999999, -999999, -999999, -999999, -999999, -999999, -999999, -999999, -999999, -999999, -999999, -999999, -999999, -999999, -999999, -999999, -999999, -999999, -999999, -999999, -999999, -999999, -999999, -999999, -999999, -999999, -999999, -999999, -999999, -999999, -999999, -999999, -999999, -999999, -999999, -999999, -999999, -999999, -999999, -999999, -999999, -999999, -999999, -999999, -999999, -999999, -999999, -999999, -999999, -999999, -999999, -999999, -999999, -999999, -999999, -999999, -999999, -999999, -999999, -999999, -999999, -999999, -999999, -999999, -999999
JDAY, days
INDEX, none
FLIGHT, none
LOCAL_SUN_TIME, hour
LATITUDE, degs
LONGITUDE, degs
ALTP, km
PRESSURE, hPa
TEMPERATURE, K
THETA, K
O3COLUMN, DU
SZA, deg
WNS, m s-1
WND, Degs
GPS_ALT, km
GRD_SPD, m s-1
TAS, m/s
IAS, m/s
MachNumber, mach
VerticalSpeed, m s-1
HDG, degs
TRK, degs
DriftAngle, degs
PITCH, degs
ROLL, degs
PotentialTemp, K
Dewpoint, K
TotalAirTemp, K
CabinPressure, hPa
SolarZenithAngle, degs
AircraftSunElevation, degs
SunAzimuth, degs
AircraftSunAzimuth, degs
H2O_MixingRatio, g kg-1
H2O_VaporPressure, hPa
H2O_SatVaporPressureWater, hPa
H2O_SatVaporPressureIce, hPa
H2O_RelativeHumidity, %
H2O_VolMixingRatio_PICARRO, %
H2O_MassMixingRatio_PICARRO, g kg-1
H2O_VaporPressure_PICARRO, hPa
RHi_PICARRO, %
RHw_PICARRO, %
Dewpoint_PICARRO, K
Ground_Elevation, km
Altitude_AGL, km
GroundHeight_CPL, km
MLH_CPL, km
O3_MixingRatio, ppbv
CO2_MixingRatio_PICARRO, ppmv
CH4_MixingRatio_PICARRO, ppmv
CO_MixingRatio_PICARRO, ppmv
CO2_MoleFraction_PFP, ppm
CH4_MoleFraction_PFP, ppb
CO_MoleFraction_PFP, ppb
N2O_MoleFraction_PFP, ppb
SF6_CCGG_MoleFraction_PFP, ppt
H2_MoleFraction_PFP, ppb
CH4C13_PFP, per mil
CO2C14_PFP, per mil
F11B_MoleFraction_PFP, ppt
FC12_MoleFraction_PFP, ppt
F13_MoleFraction_PFP, ppt
F113_MoleFraction_PFP, ppt
F115_MoleFraction_PFP, ppt
HF133a_MoleFraction_PFP, ppt
F23_MoleFraction_PFP, ppt
F32_MoleFraction_PFP, ppt
F134A_MoleFraction_PFP, ppt
F152A_MoleFraction_PFP, ppt
F125_MoleFraction_PFP, ppt
F143a_MoleFraction_PFP, ppt
F227e_MoleFraction_PFP, ppt
F365m_MoleFraction_PFP, ppt
H1211_MoleFraction_PFP, ppt
H1301_MoleFraction_PFP, ppt
H2402_MoleFraction_PFP, ppt
MCFA_MoleFraction_PFP, ppt
CF4_MoleFraction_PFP, ppt
C2F6_MoleFraction_PFP, ppt
SO2F2_MoleFraction_PFP, ppt
MEBR_MoleFraction_PFP, ppt
CH3I_MoleFraction_PFP, ppt
DIBR_MoleFraction_PFP, ppt
[...]
[from data line 532]
56722,   44,          700533.00,         7.0000000,  9.473457981,   35.54177246,   265.7497864,   5.921044873,   476.2,   254.5499939,   314.6540087,   302,   60.63663308,   17.89990604,   259.8605587,   6.1352,   138,   133.857288,   98.77248001,   0.42,   3,   358.66,   6.16,   -7.46,   4.88,   0.46,   314.58,   245.7299939,   263.4499939,   876,   62.7,   31.22,   133.16,   132.92,   0.91,   0.658,   1.43,   1.19,   45.902,   0.1365,   0.84725,   0.649775,   56.1175,   46.7125,   245.7624939,   0.2166,   5.9186,   0.3343466,   1.46902,   41.28,   406.095,   1.85905,   0.08343684211,    -999999,   -999999,   -999999,   -999999,   -999999,   -999999,   -999999,   -999999,   -999999,   -999999,   -999999,   -999999,   -999999,   -999999,   -999999,   -999999,   -999999,   -999999,   -999999,   -999999,   -999999,   -999999,   -999999,   -999999,   -999999,   -999999,   -999999,   -999999,   -999999,   -999999,   -999999,   -999999,   -999999,   -999999,   -999999,   -999999,   -999999,   -999999,   -999999,   -999999,   -999999,   -999999,   -999999,   -999999,   -999999,   -999999,   -999999,   -999999,   -999999,   -999999,   -999999,     -999999  
56727,   44,          700534.00,         7.0000000,  9.474899663,   35.5479492,   265.7505783,   5.934821833,   475.4,   254.5299939,   314.7804687,   302,   60.62906647,   18.23948065,   259.1606305,   6.1538,   137,   133.342848,   98.36092801,   0.42,   3,   358.26,   5.92,   -7.62,   4.94,   0.18,   314.74,   245.6099939,   263.3499939,   875.2,   62.7,   31.06,   133.2,   133.26,   0.906,   0.65,   1.428,   1.192,   45.456,   0.127375,   0.790575,   0.605175,   52.2625,   43.5075,   244.9899939,   0.16378,   5.99002,   0.333569,   1.46902,   41.64,   406.215,   1.86175,   0.08335,    -999999,   -999999,   -999999,   -999999,   -999999,   -999999,   -999999,   -999999,   -999999,   -999999,   -999999,   -999999,   -999999,   -999999,   -999999,   -999999,   -999999,   -999999,   -999999,   -999999,   -999999,   -999999,   -999999,   -999999,   -999999,   -999999,   -999999,   -999999,   -999999,   -999999,   -999999,   -999999,   -999999,   -999999,   -999999,   -999999,   -999999,   -999999,   -999999,   -999999,   -999999,   -999999,   -999999,   -999999,   -999999,   -999999,   -999999,   -999999,   -999999,   -999999,   -999999,     -999999  
56732,   44,          700535.00,         7.0000000,  9.476340128,   35.5541092,   265.7513519,   5.953536554,   474,   254.4899939,   314.9963163,   302,   60.62150537,   18.25892228,   258.0864221,   6.1696,   137,   132.828408,   97.74360001,   0.42,   2.2,   358.14,   5.84,   -7.7,   4.54,   1.82,   314.94,   245.3099939,   263.3499939,   873.6,   62.6,   32.02,   133.2,   134.12,   0.88,   0.63,   1.424,   1.188,   44.344,   0.126525,   0.78535,   0.6001,   51.8275,   43.1425,   244.8999939,   0.16606,   6.00354,   0.3496526,   1.46902,   41.24,   406.305,   1.863822222,   0.0842,    -999999,   -999999,   -999999,   -999999,   -999999,   -999999,   -999999,   -999999,   -999999,   -999999,   -999999,   -999999,   -999999,   -999999,   -999999,   -999999,   -999999,   -999999,   -999999,   -999999,   -999999,   -999999,   -999999,   -999999,   -999999,   -999999,   -999999,   -999999,   -999999,   -999999,   -999999,   -999999,   -999999,   -999999,   -999999,   -999999,   -999999,   -999999,   -999999,   -999999,   -999999,   -999999,   -999999,   -999999,   -999999,   -999999,   -999999,   -999999,   -999999,   -999999,   -999999,     -999999  
56737,   44,          700536.00,         7.0000000,  9.477783338,   35.56027222,   265.7521667,   5.965911434,   473.6,   254.5499939,   315.1465892,   302,   60.61393103,   17.51982351,   256.7408681,   6.183,   137,   132.622632,   97.53782401,   0.418,   2,   359,   6.3,   -7.36,   4.76,   2.26,   315.12,   244.9099939,   263.3499939,   872.8,   62.6,   32.48,   133.2,   133.32,   0.85,   0.61,   1.43,   1.19,   42.62,   0.1160111111,   0.7200444444,   0.5492555556,   47.43222222,   39.48777778,   243.9488828,   0.17182,   6.01118,   0.4379212,   1.463024,   41.52,   406.29,   1.863833333,   0.08626842105,    -999999,   -999999,   -999999,   -999999,   -999999,   -999999,   -999999,   -999999,   -999999,   -999999,   -999999,   -999999,   -999999,   -999999,   -999999,   -999999,   -999999,   -999999,   -999999,   -999999,   -999999,   -999999,   -999999,   -999999,   -999999,   -999999,   -999999,   -999999,   -999999,   -999999,   -999999,   -999999,   -999999,   -999999,   -999999,   -999999,   -999999,   -999999,   -999999,   -999999,   -999999,   -999999,   -999999,   -999999,   -999999,   -999999,   -999999,   -999999,   -999999,   -999999,   -999999,     -999999  
56742,   44,          700537.00,         7.0000000,  9.479229499,   35.56643296,   265.7530258,   5.981456234,   472.2,   254.5499939,   315.4132673,   302,   60.60633792,   17.75988206,   256.8009015,   6.1968,   137,   132.519744,   97.22916001,   0.416,   2,   359.12,   6.54,   -7.4,   4.72,   1.02,   315.34,   244.3099939,   263.3499939,   871.8,   62.6,   31.56,   133.2,   132.76,   0.806,   0.576,   1.43,   1.19,   40.264,   0.112125,   0.695925,   0.529925,   45.7675,   38.1,   243.5699939,   0.23858,   5.95822,   0.5065144,   1.43904,   42.96,   406.28,   1.8639,   0.08675,    -999999,   -999999,   -999999,   -999999,   -999999,   -999999,   -999999,   -999999,   -999999,   -999999,   -999999,   -999999,   -999999,   -999999,   -999999,   -999999,   -999999,   -999999,   -999999,   -999999,   -999999,   -999999,   -999999,   -999999,   -999999,   -999999,   -999999,   -999999,   -999999,   -999999,   -999999,   -999999,   -999999,   -999999,   -999999,   -999999,   -999999,   -999999,   -999999,   -999999,   -999999,   -999999,   -999999,   -999999,   -999999,   -999999,   -999999,   -999999,   -999999,   -999999,   -999999,     -999999  
56747,   44,          700538.00,         7.0000000,  9.480676473,   35.57259904,   265.7538971,   5.991331754,   471.6,   254.5099939,   315.4782872,   302,   60.59874946,   17.55985682,   256.5810932,   6.209,   137.2,   132.622632,   97.22916001,   0.418,   1.4,   359.24,   6.6,   -7.32,   4.28,   1.26,   315.44,   243.7099939,   263.3499939,   870.8,   62.6,   31.42,   133.28,   132.9,   0.764,   0.546,   1.43,   1.19,   38.132,   0.109225,   0.678125,   0.5159,   44.555,   37.0875,   243.2849939,   0.2648,   5.9442,   0.5326582,   1.43904,   44.92,   406.29,   1.8642,   0.08492631579,    -999999,   -999999,   -999999,   -999999,   -999999,   -999999,   -999999,   -999999,   -999999,   -999999,   -999999,   -999999,   -999999,   -999999,   -999999,   -999999,   -999999,   -999999,   -999999,   -999999,   -999999,   -999999,   -999999,   -999999,   -999999,   -999999,   -999999,   -999999,   -999999,   -999999,   -999999,   -999999,   -999999,   -999999,   -999999,   -999999,   -999999,   -999999,   -999999,   -999999,   -999999,   -999999,   -999999,   -999999,   -999999,   -999999,   -999999,   -999999,   -999999,   -999999,   -999999,     -999999  
56752,   44,          700539.00,         7.0000000,  9.482124158,   35.5787819,   265.754779,   5.997610634,   471.2,   254.4699939,   315.5051866,   302,   60.59117489,   17.55971769,   256.0813219,   6.2182,   138,   132.72552,   97.33204801,   0.42,   1.4,   359.36,   6.68,   -7.32,   4.44,   1.34,   315.48,   243.1099939,   263.3499939,   870.2,   62.6,   31.58,   133.3,   132.78,   0.72,   0.516,   1.424,   1.19,   36.118,   0.1033,   0.6411666667,   0.4868333333,   42.13,   35.06444444,   242.6733272,   0.32948,   5.88872,   0.5214134,   1.43904,   42.32,   406.2657143,   1.86405,   0.08535,    -999999,   -999999,   -999999,   -999999,   -999999,   -999999,   -999999,   -999999,   -999999,   -999999,   -999999,   -999999,   -999999,   -999999,   -999999,   -999999,   -999999,   -999999,   -999999,   -999999,   -999999,   -999999,   -999999,   -999999,   -999999,   -999999,   -999999,   -999999,   -999999,   -999999,   -999999,   -999999,   -999999,   -999999,   -999999,   -999999,   -999999,   -999999,   -999999,   -999999,   -999999,   -999999,   -999999,   -999999,   -999999,   -999999,   -999999,   -999999,   -999999,   -999999,   -999999,     -999999  
56757,   44,          700540.00,         7.0000000,  9.483573472,   35.58497008,   265.7556854,   6.013765034,   470.2,   254.5099939,   315.7463803,   302,   60.5835982,   17.31994115,   255.3405315,   6.231,   138,   132.72552,   97.22916001,   0.42,   2.6,   359.68,   6.9,   -7.18,   4.86,   2.16,   315.7,   242.4299939,   263.3099939,   869,   62.6,   32.46,   133.3,   132.58,   0.68,   0.482,   1.428,   1.188,   33.864,   0.09765555556,   0.6059888889,   0.4591222222,   40.40777778,   33.57111111,   242.0555495,   0.3676,   5.8634,   0.529835,   1.40906,   40.86,   406.2757143,   1.86341,   0.08565,    -999999,   -999999,   -999999,   -999999,   -999999,   -999999,   -999999,   -999999,   -999999,   -999999,   -999999,   -999999,   -999999,   -999999,   -999999,   -999999,   -999999,   -999999,   -999999,   -999999,   -999999,   -999999,   -999999,   -999999,   -999999,   -999999,   -999999,   -999999,   -999999,   -999999,   -999999,   -999999,   -999999,   -999999,   -999999,   -999999,   -999999,   -999999,   -999999,   -999999,   -999999,   -999999,   -999999,   -999999,   -999999,   -999999,   -999999,   -999999,   -999999,   -999999,   -999999,     -999999  
56762,   44,          700541.00,         7.0000000,  9.485026449,   35.59115524,   265.7566467,   6.029370795,   469.2,   254.4499939,   315.8640229,   302,   60.57599637,   16.87998555,   255.3208531,   6.247,   138,   132.72552,   97.22916001,   0.42,   2.6,   0.48,   7.42,   -6.94,   4.78,   2.72,   315.78,   241.7899939,   263.1499939,   868.6,   62.6,   32.84,   133.3,   132.02,   0.642,   0.454,   1.414,   1.18,   32.084,   0.09855,   0.6116,   0.46255,   40.7125,   33.8275,   242.1349939,   0.35788,   5.88912,   0.5072754,   1.28914,   44.06,   406.28,   1.864181818,   0.08762105263,    -999999,   -999999,   -999999,   -999999,   -999999,   -999999,   -999999,   -999999,   -999999,   -999999,   -999999,   -999999,   -999999,   -999999,   -999999,   -999999,   -999999,   -999999,   -999999,   -999999,   -999999,   -999999,   -999999,   -999999,   -999999,   -999999,   -999999,   -999999,   -999999,   -999999,   -999999,   -999999,   -999999,   -999999,   -999999,   -999999,   -999999,   -999999,   -999999,   -999999,   -999999,   -999999,   -999999,   -999999,   -999999,   -999999,   -999999,   -999999,   -999999,   -999999,   -999999,     -999999  
56767,   44,          700542.00,         7.0000000,  9.486483698,   35.597332,   265.7576721,   6.040831275,   468.6,   254.2899939,   315.7808328,   302,   60.56836045,   16.63988378,   255.5807688,   6.2604,   138,   132.72552,   97.22916001,   0.42,   2,   0.96,   7.78,   -6.86,   4.66,   0.62,   315.78,   241.2899939,   263.0499939,   867.6,   62.6,   31.06,   133.3,   130.9,   0.61,   0.434,   1.4,   1.17,   30.884,   0.09702222222,   0.6019555556,   0.4545555556,   40.01333333,   33.24111111,   241.9522161,   0.33636,   5.92404,   0.5519016,   1.325116,   43.78,   406.29,   1.864518182,   0.08899473684,    -999999,   -999999,   -999999,   -999999,   -999999,   -999999,   -999999,   -999999,   -999999,   -999999,   -999999,   -999999,   -999999,   -999999,   -999999,   -999999,   -999999,   -999999,   -999999,   -999999,   -999999,   -999999,   -999999,   -999999,   -999999,   -999999,   -999999,   -999999,   -999999,   -999999,   -999999,   -999999,   -999999,   -999999,   -999999,   -999999,   -999999,   -999999,   -999999,   -999999,   -999999,   -999999,   -999999,   -999999,   -999999,   -999999,   -999999,   -999999,   -999999,   -999999,   -999999,     -999999  
56772,   44,          700543.00,         7.0000000,  9.487939928,   35.60351564,   265.7586823,   6.053389035,   467.6,   254.1899939,   315.8493777,   302,   60.5607457,   17.07977771,   256.5220135,   6.273,   138,   132.931296,   97.22916001,   0.42,   1.6,   0.4,   7.46,   -7.06,   4.38,   -0.38,   315.8,   241.0299939,   262.9899939,   866,   62.6,   30.22,   133.4,   131.26,   0.596,   0.422,   1.39,   1.154,   30.366,   0.09622,   0.59723,   0.45044,   40.336,   33.451,   241.8539939,   0.37412,   5.89888,   0.571348,   1.277148,   41.78,   406.29,   1.86457,   0.08644210526,    -999999,   -999999,   -999999,   -999999,   -999999,   -999999,   -999999,   -999999,   -999999,   -999999,   -999999,   -999999,   -999999,   -999999,   -999999,   -999999,   -999999,   -999999,   -999999,   -999999,   -999999,   -999999,   -999999,   -999999,   -999999,   -999999,   -999999,   -999999,   -999999,   -999999,   -999999,   -999999,   -999999,   -999999,   -999999,   -999999,   -999999,   -999999,   -999999,   -999999,   -999999,   -999999,   -999999,   -999999,   -999999,   -999999,   -999999,   -999999,   -999999,   -999999,   -999999,     -999999  
56777,   44,          700544.00,         7.0000000,  9.489392089,   35.6097084,   265.7596313,   6.061374795,   467,   254.1499939,   315.915547,   302,   60.55317917,   16.81994291,   256.4399527,   6.282,   138,   133.342848,   97.74360001,   0.42,   1,   0.06,   7.02,   -7,   4.06,   -0.18,   315.82,   240.8699939,   262.9699939,   865.6,   62.6,   30.22,   133.4,   131.86,   0.59,   0.412,   1.382,   1.15,   30.1,   0.110375,   0.6852,   0.516225,   46.3125,   38.3975,   243.2599939,   0.42724,   5.85476,   0.5724048,   1.325116,   44.64,   406.3814286,   1.86658,   0.0892,    -999999,   -999999,   -999999,   -999999,   -999999,   -999999,   -999999,   -999999,   -999999,   -999999,   -999999,   -999999,   -999999,   -999999,   -999999,   -999999,   -999999,   -999999,   -999999,   -999999,   -999999,   -999999,   -999999,   -999999,   -999999,   -999999,   -999999,   -999999,   -999999,   -999999,   -999999,   -999999,   -999999,   -999999,   -999999,   -999999,   -999999,   -999999,   -999999,   -999999,   -999999,   -999999,   -999999,   -999999,   -999999,   -999999,   -999999,   -999999,   -999999,   -999999,   -999999,     -999999  
56782,   44,          700545.00,         7.0000000,  9.490841404,   35.61592404,   265.7605377,   6.071311275,   466.4,   254.1499939,   316.0316106,   302,   60.54566068,   16.49974614,   256.3198792,   6.2902,   138.8,   133.960176,   97.74360001,   0.42,   1,   359.9,   6.7,   -6.84,   4.18,   -0.02,   315.98,   241.4899939,   263.0499939,   864.6,   62.6,   30.44,   133.4,   132.02,   0.628,   0.442,   1.384,   1.15,   31.884,   0.117,   0.726375,   0.5464,   49.02,   40.645,   243.8949939,   0.41452,   5.87568,   0.5829444,   1.217188,   44.36,   406.39,   1.866888889,   0.09052105263,    -999999,   -999999,   -999999,   -999999,   -999999,   -999999,   -999999,   -999999,   -999999,   -999999,   -999999,   -999999,   -999999,   -999999,   -999999,   -999999,   -999999,   -999999,   -999999,   -999999,   -999999,   -999999,   -999999,   -999999,   -999999,   -999999,   -999999,   -999999,   -999999,   -999999,   -999999,   -999999,   -999999,   -999999,   -999999,   -999999,   -999999,   -999999,   -999999,   -999999,   -999999,   -999999,   -999999,   -999999,   -999999,   -999999,   -999999,   -999999,   -999999,   -999999,   -999999,     -999999  
