inputs/ACTAMERICA_Merge/C130/ACTAMERICA-mrg05-c130_merge_20160718_R3.ict
141, 1001
Shook, Michael
NASA Atmospheric Composition Branch, NASA Langley Research Center (SSAI)
Merged data file for ACT-AMERICA 2016, Flight 01 (20160718), on the c130 platform. Data is merged to 05 seconds.
ACTAmerica - 2016
1, 1
2016, 07, 18, 2018, 08, 24
05
UTC,s
99
1, 1, 1, 1, 1, 1, 1, 1, 1, 1, 1, 1, 1, 1, 1, 1, 1, 1, 1, 1, 1, 1, 1, 1, 1, 1, 1, 1, 1, 1, 1, 1, 1, 1, 1, 1, 1, 1, 1, 1, 1, 1, 1, 1, 1, 1, 1, 1, 1, 1, 1, 1, 1, 1, 1, 1, 1, 1, 1, 1, 1, 1, 1, 1, 1, 1, 1, 1, 1, 1, 1, 1, 1, 1, 1, 1, 1, 1, 1, 1, 1, 1, 1, 1, 1, 1, 1, 1, 1, 1, 1, 1, 1, 1, 1, 1, 1, 1, 1
-999999, -999999, -999999, -999999, -999999, -999999, -999999, -999999, -999999, -999999, -999999, -999999, -999999, -999999, -999999, -999999, -999999, -999999, -999999, -999999, -999999, -999999, -999999, -999999, -999999, -999999, -999999, -999999, -999999, -999999, -999999, -999999, -999999, -999999, -999999, -999999, -999999, -999999, -999999, -999999, -999999, -999999, -999999, -999999, -999999, -999999, -999999, -999999, -999999, -999999, -999999, -999999, -999999, -999999, -999999, -999999, -999999, -999999, -999999, -999999, -999999, -999999, -999999, -999999, -999999, -999999, -999999, -999999, -999999, -999999, -999999, -999999, -999999, -999999, -999999, -999999, -999999, -999999, -999999, -999999, -999999, -999999, -999999, -999999, -999999, -999999, -999999, -999999, -999999, -999999, -999999, -999999, -999999, -999999, -999999, -999999, -999999, -999999, -999999
JDAY, days
INDEX, none
FLIGHT, none
LOCAL_SUN_TIME, hour
LATITUDE, degs
LONGITUDE, degs
ALTP, km
PRESSURE, hPa
TEMPERATURE, K
THETA, K, calculated from ambient temperature and pressure
O3COLUMN, DU, OMI ozone column data extracted along flight track
SZA, deg
WNS, m s-1
WND, Degs
GPS_ALT, km
GRD_SPD, m s-1
TAS, m/s
IAS, m/s
MachNumber, mach
VerticalSpeed, m s-1
HDG, degs
TRK, degs
DriftAngle, degs
PITCH, degs
ROLL, degs
PotentialTemp_Nav, K
Dewpoint, K
TotalAirTemp, K
CabinPressure, hPa
SolarZenithAngle, degs
AircraftSunElevation, degs
SunAzimuth, degs
AircraftSunAzimuth, degs
H2O_MixingRatio_Nav, g kg-1
H2O_VaporPressure_Nav, hPa
H2O_SatVaporPressureWater_Nav, hPa
H2O_SatVaporPressureIce_Nav, hPa
H2O_RelativeHumidity_Nav, %
ManeuverFlag, none
GroundElevation-AMSL_GoogleMaps, km
Altitude-AGL_GoogleMaps, km
GroundHeight-AMSL_CPL, km
MLH-AMSL_CPL, km
O3_MoleFraction, ppb
CO2_DryMoleFrac_PICARRO, ppm
CH4_DryMoleFrac_PICARRO, ppm
CO_DryMoleFrac_PICARRO, ppm
CO2_MoleFraction_PFP, ppm
CH4_MoleFraction_PFP, ppb
CO_MoleFraction_PFP, ppb
N2O_MoleFraction_PFP, ppb
SF6_CCGG_MoleFraction_PFP, ppt
H2_MoleFraction_PFP, ppb
CH4C13_MoleFraction_PFP, permil
CO2C14_MoleFraction_PFP, permil
F11B_MoleFraction_PFP, ppt
FC12_MoleFraction_PFP, ppt
F13_MoleFraction_PFP, ppt
F113_MoleFraction_PFP, ppt
F115_MoleFraction_PFP, ppt
HF133a_MoleFraction_PFP, ppt
F23_MoleFraction_PFP, ppt
F32_MoleFraction_PFP, ppt
F134A_MoleFraction_PFP, ppt
F152A_MoleFraction_PFP, ppt
F125_MoleFraction_PFP, ppt
F143a_MoleFraction_PFP, ppt
F227e_MoleFraction_PFP, ppt
F365m_MoleFraction_PFP, ppt
H1211_MoleFraction_PFP, ppt
H1301_MoleFraction_PFP, ppt
H2402_MoleFraction_PFP, ppt
MCFA_MoleFraction_PFP, ppt
CF4_MoleFraction_PFP, ppt
C2F6_MoleFraction_PFP, ppt
SO2F2_MoleFraction_PFP, ppt
MEBR_MoleFraction_PFP, ppt
CH3I_MoleFraction_PFP, ppt
DIBR_MoleFraction_PFP, ppt
OCS_MoleFraction_PFP, ppt
[...]
[from data line 362]
61372,   200,          100363.00,         1.0000000,  12.06889224,   39.100212,   285.3063002,   6.402506959,   446,   260.2899939,   327.8291126,   301,   18.14130302,   17.03967855,   246.0000009,   6.8078,   109,   126.55224,   89.30678401,   0.39,   0,   227.7,   224.62,   3.08,   4.5,   0.62,   327.9,    -999999,  268.3499939,   839,   18.3,   68.14,   177.56,   -41.64,    -999999,   -999999,   -999999,   -999999,   -999999,  6,   0,   6.8078,   0.173312,   0.569619,   46.63,   404.65,   1.8444,   0.0707,    -999999,   -999999,   -999999,   -999999,   -999999,   -999999,   -999999,   -999999,   -999999,   -999999,   -999999,   -999999,   -999999,   -999999,   -999999,   -999999,   -999999,   -999999,   -999999,   -999999,   -999999,   -999999,   -999999,   -999999,   -999999,   -999999,   -999999,   -999999,   -999999,   -999999,   -999999,   -999999,   -999999,   -999999,   -999999,   -999999,   -999999,   -999999,   -999999,   -999999,   -999999,   -999999,   -999999,   -999999,   -999999,   -999999,   -999999,   -999999,   -999999,   -999999,   -999999,     -999999  
61377,   200,          100364.00,         1.0000000,  12.06998572,   39.0967124,   285.3018692,   6.401958319,   445.8,   260.3499939,   327.9467054,   301,   18.13850257,   16.99983432,   246.1007058,   6.807,   109,   126.55224,   89.20389601,   0.39,   0,   227.78,   224.7,   3.08,   4.58,   0.44,   327.96,    -999999,  268.3499939,   838.6,   18.3,   68.2,   177.6,   -41.28,    -999999,   -999999,   -999999,   -999999,   -999999,  6,   0,   6.807,   0.1727932,   0.569619,   45.59,   404.665,   1.84455,   0.0672,    -999999,   -999999,   -999999,   -999999,   -999999,   -999999,   -999999,   -999999,   -999999,   -999999,   -999999,   -999999,   -999999,   -999999,   -999999,   -999999,   -999999,   -999999,   -999999,   -999999,   -999999,   -999999,   -999999,   -999999,   -999999,   -999999,   -999999,   -999999,   -999999,   -999999,   -999999,   -999999,   -999999,   -999999,   -999999,   -999999,   -999999,   -999999,   -999999,   -999999,   -999999,   -999999,   -999999,   -999999,   -999999,   -999999,   -999999,   -999999,   -999999,   -999999,   -999999,     -999999  
61382,   200,          100365.00,         1.0000000,  12.07107808,   39.0932104,   285.2974212,   6.400312399,   446,   260.3299939,   327.8794916,   301,   18.13571022,   16.67998558,   245.6800961,   6.8072,   109,   126.55224,   88.99812001,   0.39,   0,   227.7,   224.7,   3,   4.5,   0.36,   327.84,    -999999,  268.3499939,   838.2,   18.3,   68.28,   177.64,   -41.06,    -999999,   -999999,   -999999,   -999999,   -999999,  6,   0,   6.8072,   0.1733644,   0.569619,   45.47,   404.665,   1.84425,   0.06766666667,    -999999,   -999999,   -999999,   -999999,   -999999,   -999999,   -999999,   -999999,   -999999,   -999999,   -999999,   -999999,   -999999,   -999999,   -999999,   -999999,   -999999,   -999999,   -999999,   -999999,   -999999,   -999999,   -999999,   -999999,   -999999,   -999999,   -999999,   -999999,   -999999,   -999999,   -999999,   -999999,   -999999,   -999999,   -999999,   -999999,   -999999,   -999999,   -999999,   -999999,   -999999,   -999999,   -999999,   -999999,   -999999,   -999999,   -999999,   -999999,   -999999,   -999999,   -999999,     -999999  
61387,   200,          100366.00,         1.0000000,  12.07217024,   39.0897084,   285.2929702,   6.403604239,   445.8,   260.3499939,   327.9467054,   301,   18.13292896,   16.69986173,   246.1399995,   6.808,   109,   126.55224,   88.99812001,   0.39,   0,   227.8,   224.78,   3.02,   4.56,   0.58,   327.92,    -999999,  268.3499939,   837.4,   18.24,   68.14,   177.7,   -41.44,    -999999,   -999999,   -999999,   -999999,   -999999,  6,   0,   6.808,   0.1740616,   0.5936038,   46.93,   404.7228571,   1.843688889,   0.0689,    -999999,   -999999,   -999999,   -999999,   -999999,   -999999,   -999999,   -999999,   -999999,   -999999,   -999999,   -999999,   -999999,   -999999,   -999999,   -999999,   -999999,   -999999,   -999999,   -999999,   -999999,   -999999,   -999999,   -999999,   -999999,   -999999,   -999999,   -999999,   -999999,   -999999,   -999999,   -999999,   -999999,   -999999,   -999999,   -999999,   -999999,   -999999,   -999999,   -999999,   -999999,   -999999,   -999999,   -999999,   -999999,   -999999,   -999999,   -999999,   -999999,   -999999,   -999999,     -999999  
61392,   200,          100367.00,         1.0000000,  12.0732619,   39.086206,   285.2885118,   6.402506959,   445.8,   260.3699939,   327.9718982,   301,   18.13015819,   16.75933993,   246.5636033,   6.8086,   109,   126.55224,   88.99812001,   0.39,   0,   227.9,   224.84,   3.06,   4.6,   0.22,   328,    -999999,  268.3499939,   837.6,   18.2,   68.34,   177.74,   -40.78,    -999999,   -999999,   -999999,   -999999,   -999999,  6,   0,   6.8086,   0.174686,   0.5996,   49.73,   404.7014286,   1.842988889,   0.0658,    -999999,   -999999,   -999999,   -999999,   -999999,   -999999,   -999999,   -999999,   -999999,   -999999,   -999999,   -999999,   -999999,   -999999,   -999999,   -999999,   -999999,   -999999,   -999999,   -999999,   -999999,   -999999,   -999999,   -999999,   -999999,   -999999,   -999999,   -999999,   -999999,   -999999,   -999999,   -999999,   -999999,   -999999,   -999999,   -999999,   -999999,   -999999,   -999999,   -999999,   -999999,   -999999,   -999999,   -999999,   -999999,   -999999,   -999999,   -999999,   -999999,   -999999,   -999999,     -999999  
61397,   200,          100368.00,         1.0000000,  12.07435364,   39.0827012,   285.2840546,   6.401409679,   446,   260.4299939,   328.0054393,   301,   18.12739629,   17.09976537,   247.6416376,   6.809,   109,   126.655128,   89.40967201,   0.39,   0,   228.02,   224.78,   3.3,   4.54,   0.2,   328.08,    -999999,  268.4299939,   837.6,   18.2,   68.44,   177.8,   -40.84,    -999999,   -999999,   -999999,   -999999,   -999999,  6,   0,   6.809,   0.1739448,   0.611592,   46.11,   404.76,   1.84165,   0.064,    -999999,   -999999,   -999999,   -999999,   -999999,   -999999,   -999999,   -999999,   -999999,   -999999,   -999999,   -999999,   -999999,   -999999,   -999999,   -999999,   -999999,   -999999,   -999999,   -999999,   -999999,   -999999,   -999999,   -999999,   -999999,   -999999,   -999999,   -999999,   -999999,   -999999,   -999999,   -999999,   -999999,   -999999,   -999999,   -999999,   -999999,   -999999,   -999999,   -999999,   -999999,   -999999,   -999999,   -999999,   -999999,   -999999,   -999999,   -999999,   -999999,   -999999,   -999999,     -999999  
61402,   200,          100369.00,         1.0000000,  12.07544549,   39.0791914,   285.279599,   6.404701519,   445.6,   260.4499939,   328.1147338,   301,   18.1246407,   17.0392393,   247.4441358,   6.8092,   109,   126.860904,   89.40967201,   0.39,   0,   227.88,   224.64,   3.22,   4.42,   0.04,   328.12,    -999999,  268.4499939,   836.6,   18.2,   68.6,   177.84,   -40.56,    -999999,   -999999,   -999999,   -999999,   -999999,  6,   0,   6.8092,   0.1731708,   0.62958,   49.35,   404.76,   1.84135,   0.0692,    -999999,   -999999,   -999999,   -999999,   -999999,   -999999,   -999999,   -999999,   -999999,   -999999,   -999999,   -999999,   -999999,   -999999,   -999999,   -999999,   -999999,   -999999,   -999999,   -999999,   -999999,   -999999,   -999999,   -999999,   -999999,   -999999,   -999999,   -999999,   -999999,   -999999,   -999999,   -999999,   -999999,   -999999,   -999999,   -999999,   -999999,   -999999,   -999999,   -999999,   -999999,   -999999,   -999999,   -999999,   -999999,   -999999,   -999999,   -999999,   -999999,   -999999,   -999999,     -999999  
61407,   200,          100370.00,         1.0000000,  12.07653723,   39.0756692,   285.2751418,   6.404152879,   445.6,   260.4699939,   328.1399298,   301,   18.12188389,   16.77994463,   246.4800954,   6.8094,   110,   127.06668,   89.51256001,   0.39,   0,   227.82,   224.78,   3.1,   4.4,   2,   328.1,    -999999,  268.4699939,   837,   18.2,   67.28,   177.9,   -44.26,    -999999,   -999999,   -999999,   -999999,   -999999,  6,   0,   6.8094,   0.1859856,   0.62958,   44.968,   404.765,   1.8413,   0.07231578947,    -999999,   -999999,   -999999,   -999999,   -999999,   -999999,   -999999,   -999999,   -999999,   -999999,   -999999,   -999999,   -999999,   -999999,   -999999,   -999999,   -999999,   -999999,   -999999,   -999999,   -999999,   -999999,   -999999,   -999999,   -999999,   -999999,   -999999,   -999999,   -999999,   -999999,   -999999,   -999999,   -999999,   -999999,   -999999,   -999999,   -999999,   -999999,   -999999,   -999999,   -999999,   -999999,   -999999,   -999999,   -999999,   -999999,   -999999,   -999999,   -999999,   -999999,   -999999,     -999999  
61412,   200,          100371.00,         1.0000000,  12.07762452,   39.0721922,   285.2706178,   6.403055599,   445.6,   260.4699939,   328.1399298,   301,   18.11918028,   17.55884566,   248.8869206,   6.8098,   109.8,   127.478232,   89.71833601,   0.39,   0,   229.42,   226.14,   3.3,   4.48,   4.88,   328.14,    -999999,  268.5499939,   836.4,   18.2,   65.16,   177.92,   -50.02,    -999999,   -999999,   -999999,   -999999,   -999999,  6,   0,   6.8098,   0.2025542,   0.725516,   41.8,   404.76,   1.841,   0.0657,    -999999,   -999999,   -999999,   -999999,   -999999,   -999999,   -999999,   -999999,   -999999,   -999999,   -999999,   -999999,   -999999,   -999999,   -999999,   -999999,   -999999,   -999999,   -999999,   -999999,   -999999,   -999999,   -999999,   -999999,   -999999,   -999999,   -999999,   -999999,   -999999,   -999999,   -999999,   -999999,   -999999,   -999999,   -999999,   -999999,   -999999,   -999999,   -999999,   -999999,   -999999,   -999999,   -999999,   -999999,   -999999,   -999999,   -999999,   -999999,   -999999,   -999999,   -999999,     -999999  
61417,   200,          100372.00,         1.0000000,  12.07870284,   39.068833,   285.2659592,   6.407444719,   445.2,   260.5499939,   328.3249483,   301,   18.11659892,   18.01900491,   250.0046674,   6.8108,   109,   127.58112,   90.02700001,   0.4,   0,   231.3,   228.08,   3.22,   4.38,   3.64,   328.26,    -999999,  268.7499939,   835.8,   18.2,   66.18,   178,   -49.78,    -999999,   -999999,   -999999,   -999999,   -999999,  6,   0,   6.8108,   0.1700586,   0.737508,   43.76,   404.75,   1.8408,   0.06495,    -999999,   -999999,   -999999,   -999999,   -999999,   -999999,   -999999,   -999999,   -999999,   -999999,   -999999,   -999999,   -999999,   -999999,   -999999,   -999999,   -999999,   -999999,   -999999,   -999999,   -999999,   -999999,   -999999,   -999999,   -999999,   -999999,   -999999,   -999999,   -999999,   -999999,   -999999,   -999999,   -999999,   -999999,   -999999,   -999999,   -999999,   -999999,   -999999,   -999999,   -999999,   -999999,   -999999,   -999999,   -999999,   -999999,   -999999,   -999999,   -999999,   -999999,   -999999,     -999999  
61422,   200,          100373.00,         1.0000000,  12.07977444,   39.0655616,   285.2612,   6.404152879,   445.8,   260.5699939,   328.2238257,   301,   18.11411126,   17.89907385,   248.9027945,   6.8112,   109.6,   128.09556,   90.12988801,   0.4,   0,   231.88,   228.98,   2.94,   4.22,   0.8,   328.22,    -999999,  268.7899939,   836.2,   18.2,   68.38,   178.02,   -45.54,    -999999,   -999999,   -999999,   -999999,   -999999,  6,   0,   6.8112,   0.1437408,   0.71952,   45.48,   404.7242857,   1.8411,   0.06963157895,   404.55,   1843.4,   71.08,   329.61,   9.01,   533.13,   -47.37,    -999999,  233.01,   517.5,   3.3,   71.26,   8.53,   0.5,   29.22,   11.87,   93.06,   7.13,   20.75,   19.41,   1.16,   0.93,   3.64,   3.3,   0.42,   2.63,   82.53,   4.68,   2.17,   7.39,   0.17,   0.79,   549.36,   584.35,   42.4,   7.78,   2.4,   31.32,   616.36,   120.06,   24.55,   7.6,   6.63,   5.63,   7.42,   171.97,   0.18,   0.16,   4.65,   0.58,   22.97,          240.50000  
61427,   200,          100374.00,         1.0000000,  12.0808436,   39.062307,   285.256404,   6.403604239,   445.8,   260.6099939,   328.2742112,   301,   18.11164937,   17.85983222,   247.3202682,   6.811,   110,   128.61,   90.54144001,   0.4,   0,   231.62,   228.92,   2.74,   4.2,   0.2,   328.28,    -999999,  268.9099939,   834.8,   18.2,   68.84,   178.1,   -44.24,    -999999,   -999999,   -999999,   -999999,   -999999,  6,   0,   6.811,   0.1675744,   0.71952,   45.84,   404.65,   1.8431,   0.07457894737,   404.55,   1843.4,   71.08,   329.61,   9.01,   533.13,   -47.37,    -999999,  233.01,   517.5,   3.3,   71.26,   8.53,   0.5,   29.22,   11.87,   93.06,   7.13,   20.75,   19.41,   1.16,   0.93,   3.64,   3.3,   0.42,   2.63,   82.53,   4.68,   2.17,   7.39,   0.17,   0.79,   549.36,   584.35,   42.4,   7.78,   2.4,   31.32,   616.36,   120.06,   24.55,   7.6,   6.63,   5.63,   7.42,   171.97,   0.18,   0.16,   4.65,   0.58,   22.97,          240.50000  
61432,   200,          100375.00,         1.0000000,  12.08191277,   39.0590378,   285.2516082,   6.404701519,   445.6,   260.6499939,   328.3666937,   301,   18.10918371,   17.91987286,   247.3603788,   6.8106,   110,   128.61,   90.54144001,   0.4,   0,   231.68,   228.96,   2.74,   4.2,   0.8,   328.34,    -999999,  268.9499939,   835,   18.2,   68.44,   178.1,   -45.4,    -999999,   -999999,   -999999,   -999999,   -999999,  6,   0.0005,   6.8101,   0.1727684,   0.71952,   43.52,   404.645,   1.84325,   0.06763157895,   404.55,   1843.4,   71.08,   329.61,   9.01,   533.13,   -47.37,    -999999,  233.01,   517.5,   3.3,   71.26,   8.53,   0.5,   29.22,   11.87,   93.06,   7.13,   20.75,   19.41,   1.16,   0.93,   3.64,   3.3,   0.42,   2.63,   82.53,   4.68,   2.17,   7.39,   0.17,   0.79,   549.36,   584.35,   42.4,   7.78,   2.4,   31.32,   616.36,   120.06,   24.55,   7.6,   6.63,   5.63,   7.42,   171.97,   0.18,   0.16,   4.65,   0.58,   22.97,          240.50000  
61437,   200,          100376.00,         1.0000000,  12.08298102,   39.0557786,   285.2467986,   6.404152879,   445.8,   260.6699939,   328.3497895,   301,   18.10673812,   18.11994902,   247.8399554,   6.8102,   110,   128.918664,   90.95299201,   0.4,   0,   231.9,   229.1,   2.8,   4.18,   0.52,   328.38,    -999999,  268.9499939,   834.8,   18.2,   68.66,   178.2,   -45.04,    -999999,   -999999,   -999999,   -999999,   -999999,  6,   0.0027,   6.8075,   0.1725576,   0.731512,   45.86,   404.605,   1.8433,   0.06836842105,   404.55,   1843.4,   71.08,   329.61,   9.01,   533.13,   -47.37,    -999999,  233.01,   517.5,   3.3,   71.26,   8.53,   0.5,   29.22,   11.87,   93.06,   7.13,   20.75,   19.41,   1.16,   0.93,   3.64,   3.3,   0.42,   2.63,   82.53,   4.68,   2.17,   7.39,   0.17,   0.79,   549.36,   584.35,   42.4,   7.78,   2.4,   31.32,   616.36,   120.06,   24.55,   7.6,   6.63,   5.63,   7.42,   171.97,   0.18,   0.16,   4.65,   0.58,   22.97,          240.50000  
