inputs/ACTAMERICA_Merge/C130/ACTAMERICA-mrg05-c130_merge_20171113_R0.ict
145, 1001
Shook, Michael
NASA Atmospheric Composition Branch, NASA Langley Research Center (SSAI)
Merged data file for ACT-AMERICA Fall 2017, Flight 23 (20171113), on the c130 platform. Data is merged to 05 seconds.
NASA ACT-AMERICA Fall 2017
1, 1
2017, 11, 13, 2018, 07, 05
05
UTC,s
106
1, 1, 1, 1, 1, 1, 1, 1, 1, 1, 1, 1, 1, 1, 1, 1, 1, 1, 1, 1, 1, 1, 1, 1, 1, 1, 1, 1, 1, 1, 1, 1, 1, 1, 1, 1, 1, 1, 1, 1, 1, 1, 1, 1, 1, 1, 1, 1, 1, 1, 1, 1, 1, 1, 1, 1, 1, 1, 1, 1, 1, 1, 1, 1, 1, 1, 1, 1, 1, 1, 1, 1, 1, 1, 1, 1, 1, 1, 1, 1, 1, 1, 1, 1, 1, 1, 1, 1, 1, 1, 1, 1, 1, 1, 1, 1, 1, 1, 1, 1, 1, 1, 1, 1, 1, 1
-999999, -999999, -999999, -999999, -999999, -999999, -999999, -999999, -999999, -999999, -999999, -999999, -999999, -999999, -999999, -999999, -999999, -999999, -999999, -999999, -999999, -999999, -999999, -999999, -999999, -999999, -999999, -999999, -999999, -999999, -999999, -999999, -999999, -999999, -999999, -999999, -999999, -999999, -999999, -999999, -999999, -999999, -999999, -999999, -999999, -999999, -999999, -999999, -999999, -999999, -999999, -999999, -999999, -999999, -999999, -999999, -999999, -999999, -999999, -999999, -999999, -999999, -999999, -999999, -999999, -999999, -999999, -999999, -999999, -999999, -999999, -999999, -999999, -999999, -999999, -999999, -999999, -999999, -999999, -999999, -999999, -999999, -999999, -999999, -999999, -999999, -999999, -999999, -999999, -999999, -999999, -999999, -999999, -999999, -999999, -999999, -999999, -999999, -999999, -999999, -999999, -999999, -999999, -999999, -999999, -999999
JDAY, days
INDEX, none
FLIGHT, none
LOCAL_SUN_TIME, hour
LATITUDE, degs
LONGITUDE, degs
ALTP, km
PRESSURE, hPa
TEMPERATURE, K
THETA, K, calculated from ambient temperature and pressure
O3COLUMN, DU, OMI ozone column data extracted along flight track
SZA, deg
WNS, m s-1
WND, Degs
GPS_ALT, km
GRD_SPD, m s-1
TAS, m/s
IAS, m/s
MachNumber, mach
VerticalSpeed, m s-1
HDG, degs
TRK, degs
DriftAngle, degs
PITCH, degs
ROLL, degs
PotentialTemp_Nav, K
Dewpoint, K
TotalAirTemp, K
CabinPressure, hPa
SolarZenithAngle, degs
AircraftSunElevation, degs
SunAzimuth, degs
AircraftSunAzimuth, degs
H2O_MixingRatio_Nav, g kg-1
H2O_VaporPressure_Nav, hPa
H2O_SatVaporPressureWater_Nav, hPa
H2O_SatVaporPressureIce_Nav, hPa
H2O_RelativeHumidity_Nav, %
ManeuverFlag, none
H2O_VolMixingRatio_PICARRO, %
H2O_MassMixingRatio_PICARRO, g kg-1
H2O_VaporPressure_PICARRO, hPa
RHi_PICARRO, %
RHw_PICARRO, %
Dewpoint_PICARRO, K
GPS_ALT, km
GroundElevation-AMSL_GoogleMaps, km
Altitude-AGL_GoogleMaps, km
GroundHeight-AMSL_CPL, km
MLH-AMSL_CPL, km
O3_MixingRatio, ppbv
CO2_DryMoleFrac_PICARRO, ppm
CH4_DryMoleFrac_PICARRO, ppm
CO_DryMoleFrac_PICARRO, ppm
CO2_MoleFraction_PFP, ppm
CH4_MoleFraction_PFP, ppb
CO_MoleFraction_PFP, ppb
N2O_MoleFraction_PFP, ppb
SF6_CCGG_MoleFraction_PFP, ppt
H2_MoleFraction_PFP, ppb
CH4C13_PFP, permil
CO2C14_PFP, permil
F11B_MoleFraction_PFP, ppt
FC12_MoleFraction_PFP, ppt
F13_MoleFraction_PFP, ppt
F113_MoleFraction_PFP, ppt
F115_MoleFraction_PFP, ppt
HF133a_MoleFraction_PFP, ppt
F23_MoleFraction_PFP, ppt
F32_MoleFraction_PFP, ppt
F134A_MoleFraction_PFP, ppt
F152A_MoleFraction_PFP, ppt
F125_MoleFraction_PFP, ppt
F143a_MoleFraction_PFP, ppt
F227e_MoleFraction_PFP, ppt
F365m_MoleFraction_PFP, ppt
H1211_MoleFraction_PFP, ppt
H1301_MoleFraction_PFP, ppt
[...]
[from data line 1999]
69657,   317,          2302000.0,         23.000000,  13.9296623,   34.142727,   278.6970178,   3.287389961,   675.2,   272.3499939,   304.6919375,   285.3999939,   58.93413625,   7.519050656,   293.8242339,   3.4058,   153.56,   148.981824,   126.1612656,   0.45,   -0.08,   56.32,   58.9,   -2.58,   0.6,   0.26,   304.66,   234.1499939,   283.3499939,   821.4,   60.8,   29.72,   -144.1,   159.8,   0.21,   0.21,   5.828,   5.79,   3.65,    -999999,  0.03374,   0.20946,   0.2287,   4.065,   4.025,   234.9929939,   3.4058,   0.12464,   3.28116,   0.2343328,   0.50966,   53.94,   406.17,   1.9052,   0.0969,    -999999,   -999999,   -999999,   -999999,   -999999,   -999999,   -999999,   -999999,   -999999,   -999999,   -999999,   -999999,   -999999,   -999999,   -999999,   -999999,   -999999,   -999999,   -999999,   -999999,   -999999,   -999999,   -999999,   -999999,   -999999,   -999999,   -999999,   -999999,   -999999,   -999999,   -999999,   -999999,   -999999,   -999999,   -999999,   -999999,   -999999,   -999999,   -999999,   -999999,   -999999,   -999999,   -999999,   -999999,   -999999,   -999999,   -999999,   -999999,   -999999,   -999999,   -999999,     -999999  
69662,   317,          2302001.0,         23.000000,  13.93152724,   34.1462974,   278.7041586,   3.288913961,   675,   272.3499939,   304.7177288,   285.3999939,   58.94959535,   7.419759912,   293.9452804,   3.406,   153.6,   149.0744232,   126.2229984,   0.45,   0.06,   56.28,   58.82,   -2.54,   0.7,   0.12,   304.68,   234.1499939,   283.3499939,   821.4,   60.8,   29.7,   -144.1,   159.84,   0.21,   0.21,   5.82,   5.782,   3.666,    -999999,  0.03464,   0.21489,   0.23459,   4.169,   4.129,   235.2419939,   3.406,   0.11868,   3.28732,   0.2285576,   0.50966,   56.46,   406.13,   1.9049,   0.093905,    -999999,   -999999,   -999999,   -999999,   -999999,   -999999,   -999999,   -999999,   -999999,   -999999,   -999999,   -999999,   -999999,   -999999,   -999999,   -999999,   -999999,   -999999,   -999999,   -999999,   -999999,   -999999,   -999999,   -999999,   -999999,   -999999,   -999999,   -999999,   -999999,   -999999,   -999999,   -999999,   -999999,   -999999,   -999999,   -999999,   -999999,   -999999,   -999999,   -999999,   -999999,   -999999,   -999999,   -999999,   -999999,   -999999,   -999999,   -999999,   -999999,   -999999,   -999999,     -999999  
69667,   317,          2302002.0,         23.000000,  13.93338764,   34.149868,   278.7112312,   3.290133161,   675,   272.3499939,   304.7177288,   285.3999939,   58.96503179,   7.439766821,   294.1844109,   3.4074,   153.6,   149.1155784,   126.2538648,   0.45,   0.22,   56.24,   58.8,   -2.54,   0.74,   0.4,   304.68,   234.0899939,   283.3499939,   822,   60.8,   29.82,   -144.1,   160.04,   0.21,   0.21,   5.818,   5.782,   3.646,    -999999,  0.03511428571,   0.2177714286,   0.2377714286,   4.228571429,   4.182857143,   235.372851,   3.4074,   0.12944,   3.27796,   0.229966,   0.50966,   56.64,   406.11,   1.9046,   0.09585,    -999999,   -999999,   -999999,   -999999,   -999999,   -999999,   -999999,   -999999,   -999999,   -999999,   -999999,   -999999,   -999999,   -999999,   -999999,   -999999,   -999999,   -999999,   -999999,   -999999,   -999999,   -999999,   -999999,   -999999,   -999999,   -999999,   -999999,   -999999,   -999999,   -999999,   -999999,   -999999,   -999999,   -999999,   -999999,   -999999,   -999999,   -999999,   -999999,   -999999,   -999999,   -999999,   -999999,   -999999,   -999999,   -999999,   -999999,   -999999,   -999999,   -999999,   -999999,     -999999  
69672,   317,          2302003.0,         23.000000,  13.93525488,   34.1534386,   278.7184066,   3.288974921,   675,   272.3499939,   304.7177288,   285.3999939,   58.98052156,   7.459598273,   293.9217124,   3.408,   153.6,   149.0744232,   126.2229984,   0.45,   0.22,   56.4,   58.94,   -2.54,   0.72,   0.76,   304.64,   234.0499939,   283.3499939,   822.6,   60.9,   29.9,   -144.06,   160.08,   0.21,   0.21,   5.824,   5.786,   3.624,    -999999,  0.03485,   0.216325,   0.23615,   4.1975,   4.155,   235.3087439,   3.408,   0.12396,   3.28404,   0.2305372,   0.5276474,   56.44,   406.1028571,   1.904566667,   0.09660526316,    -999999,   -999999,   -999999,   -999999,   -999999,   -999999,   -999999,   -999999,   -999999,   -999999,   -999999,   -999999,   -999999,   -999999,   -999999,   -999999,   -999999,   -999999,   -999999,   -999999,   -999999,   -999999,   -999999,   -999999,   -999999,   -999999,   -999999,   -999999,   -999999,   -999999,   -999999,   -999999,   -999999,   -999999,   -999999,   -999999,   -999999,   -999999,   -999999,   -999999,   -999999,   -999999,   -999999,   -999999,   -999999,   -999999,   -999999,   -999999,   -999999,   -999999,   -999999,     -999999  
69677,   317,          2302004.0,         23.000000,  13.93711527,   34.1570092,   278.725479,   3.288548201,   675,   272.3299939,   304.6953519,   285.3999939,   58.99597293,   7.478714234,   294.7582893,   3.4062,   153.62,   149.1876,   126.3361752,   0.45,   -0.26,   56.4,   59,   -2.58,   0.52,   0.28,   304.6,   234.0499939,   283.3499939,   822,   60.9,   29.58,   -144,   159.9,   0.21,   0.21,   5.806,   5.768,   3.63,    -999999,  0.03534545455,   0.2194818182,   0.2396,   4.259090909,   4.219090909,   235.4490848,   3.4062,   0.12772,   3.27848,   0.2278744,   0.539639,   56.22,   406.085,   1.90455,   0.09558947368,    -999999,   -999999,   -999999,   -999999,   -999999,   -999999,   -999999,   -999999,   -999999,   -999999,   -999999,   -999999,   -999999,   -999999,   -999999,   -999999,   -999999,   -999999,   -999999,   -999999,   -999999,   -999999,   -999999,   -999999,   -999999,   -999999,   -999999,   -999999,   -999999,   -999999,   -999999,   -999999,   -999999,   -999999,   -999999,   -999999,   -999999,   -999999,   -999999,   -999999,   -999999,   -999999,   -999999,   -999999,   -999999,   -999999,   -999999,   -999999,   -999999,   -999999,   -999999,     -999999  
69682,   317,          2302005.0,         23.000000,  13.93898253,   34.1605796,   278.7326546,   3.288243401,   675.2,   272.2499939,   304.5800624,   285.3999939,   59.01147769,   7.719780182,   296.3393784,   3.4038,   153.84,   149.4653976,   126.5728176,   0.45,   -0.64,   56.24,   58.94,   -2.7,   0.4,   0.04,   304.6,   234.0299939,   283.3499939,   822,   60.9,   29.34,   -144,   160,   0.21,   0.21,   5.796,   5.754,   3.63,    -999999,  0.035775,   0.221925,   0.242275,   4.3075,   4.265,   235.5549939,   3.4038,   0.12262,   3.28118,   0.2308014,   0.539639,   55.82,   406.09,   1.9045,   0.09546842105,    -999999,   -999999,   -999999,   -999999,   -999999,   -999999,   -999999,   -999999,   -999999,   -999999,   -999999,   -999999,   -999999,   -999999,   -999999,   -999999,   -999999,   -999999,   -999999,   -999999,   -999999,   -999999,   -999999,   -999999,   -999999,   -999999,   -999999,   -999999,   -999999,   -999999,   -999999,   -999999,   -999999,   -999999,   -999999,   -999999,   -999999,   -999999,   -999999,   -999999,   -999999,   -999999,   -999999,   -999999,   -999999,   -999999,   -999999,   -999999,   -999999,   -999999,   -999999,     -999999  
69687,   317,          2302006.0,         23.000000,  13.94084748,   34.1641846,   278.7397956,   3.286536521,   675,   272.3099939,   304.672975,   285.3999939,   59.02700367,   7.879776426,   296.4634518,   3.4014,   153.9,   149.5374192,   126.6448392,   0.45,   -0.32,   56.1,   58.84,   -2.76,   0.56,   0.08,   304.66,   233.9499939,   283.4099939,   821,   60.9,   29.5,   -144,   160.14,   0.206,   0.21,   5.818,   5.778,   3.598,    -999999,  0.03514444444,   0.2182666667,   0.2383111111,   4.304444444,   4.254444444,   235.3933272,   3.4014,   0.1275,   3.2739,   0.2417138,   0.539639,   56.84,   406.065,   1.9043,   0.09775,    -999999,   -999999,   -999999,   -999999,   -999999,   -999999,   -999999,   -999999,   -999999,   -999999,   -999999,   -999999,   -999999,   -999999,   -999999,   -999999,   -999999,   -999999,   -999999,   -999999,   -999999,   -999999,   -999999,   -999999,   -999999,   -999999,   -999999,   -999999,   -999999,   -999999,   -999999,   -999999,   -999999,   -999999,   -999999,   -999999,   -999999,   -999999,   -999999,   -999999,   -999999,   -999999,   -999999,   -999999,   -999999,   -999999,   -999999,   -999999,   -999999,   -999999,   -999999,     -999999  
69692,   317,          2302007.0,         23.000000,  13.94271244,   34.1677552,   278.7469366,   3.284281001,   675.8,   272.3499939,   304.6146225,   285.3999939,   59.04250819,   8.039537154,   295.6758685,   3.4028,   153.9,   149.341932,   126.4905072,   0.45,   0.36,   56.04,   58.8,   -2.78,   0.78,   0.34,   304.64,   233.9499939,   283.3899939,   821,   60.9,   29.82,   -143.96,   160.3,   0.206,   0.21,   5.82,   5.784,   3.598,    -999999,  0.03392222222,   0.2107444444,   0.2301666667,   4.09,   4.05,   235.0566606,   3.4028,   0.12124,   3.28156,   0.226295,   0.539639,   57.8,   406.1257143,   1.90475,   0.09786315789,    -999999,   -999999,   -999999,   -999999,   -999999,   -999999,   -999999,   -999999,   -999999,   -999999,   -999999,   -999999,   -999999,   -999999,   -999999,   -999999,   -999999,   -999999,   -999999,   -999999,   -999999,   -999999,   -999999,   -999999,   -999999,   -999999,   -999999,   -999999,   -999999,   -999999,   -999999,   -999999,   -999999,   -999999,   -999999,   -999999,   -999999,   -999999,   -999999,   -999999,   -999999,   -999999,   -999999,   -999999,   -999999,   -999999,   -999999,   -999999,   -999999,   -999999,   -999999,     -999999  
69697,   317,          2302008.0,         23.000000,  13.9445797,   34.17136,   278.7541122,   3.288974921,   675.2,   272.3499939,   304.6919375,   285.3999939,   59.05806447,   8.019631898,   295.3735689,   3.4068,   153.76,   149.1258672,   126.2744424,   0.45,   0.76,   56.08,   58.86,   -2.78,   0.94,   0.46,   304.64,   233.9499939,   283.3499939,   819.4,   60.9,   29.98,   -143.9,   160.3,   0.206,   0.21,   5.818,   5.778,   3.596,    -999999,  0.03442727273,   0.2138181818,   0.2334818182,   4.148181818,   4.108181818,   235.1972666,   3.4068,   0.12004,   3.28676,   0.2300346,   0.467687,   54.38,   406.14,   1.904927273,   0.09655,    -999999,   -999999,   -999999,   -999999,   -999999,   -999999,   -999999,   -999999,   -999999,   -999999,   -999999,   -999999,   -999999,   -999999,   -999999,   -999999,   -999999,   -999999,   -999999,   -999999,   -999999,   -999999,   -999999,   -999999,   -999999,   -999999,   -999999,   -999999,   -999999,   -999999,   -999999,   -999999,   -999999,   -999999,   -999999,   -999999,   -999999,   -999999,   -999999,   -999999,   -999999,   -999999,   -999999,   -999999,   -999999,   -999999,   -999999,   -999999,   -999999,   -999999,   -999999,     -999999  
69702,   317,          2302009.0,         23.000000,  13.94644008,   34.1749306,   278.7611846,   3.290559881,   675,   272.2899939,   304.650598,   285.3999939,   59.0735533,   8.059121055,   295.2729568,   3.4084,   153.68,   149.0126904,   126.1818432,   0.45,   -0.06,   56.12,   58.9,   -2.8,   0.58,   0.44,   304.64,   233.9499939,   283.3499939,   817.4,   61,   29.56,   -143.9,   160.42,   0.204,   0.21,   5.8,   5.756,   3.598,    -999999,  0.03485555556,   0.2164,   0.2362,   4.198888889,   4.158888889,   235.3066606,   3.4084,   0.12154,   3.28686,   0.2292738,   0.467687,   54.9,   406.1028571,   1.90425,   0.09405,    -999999,   -999999,   -999999,   -999999,   -999999,   -999999,   -999999,   -999999,   -999999,   -999999,   -999999,   -999999,   -999999,   -999999,   -999999,   -999999,   -999999,   -999999,   -999999,   -999999,   -999999,   -999999,   -999999,   -999999,   -999999,   -999999,   -999999,   -999999,   -999999,   -999999,   -999999,   -999999,   -999999,   -999999,   -999999,   -999999,   -999999,   -999999,   -999999,   -999999,   -999999,   -999999,   -999999,   -999999,   -999999,   -999999,   -999999,   -999999,   -999999,   -999999,   -999999,     -999999  
69707,   317,          2302010.0,         23.000000,  13.94830733,   34.1785012,   278.76836,   3.287816681,   675.4,   272.2699939,   304.5766635,   285.3999939,   59.08909571,   7.999612137,   295.1319989,   3.4034,   153.98,   149.3727984,   126.5213736,   0.45,   -1.1,   56.16,   58.9,   -2.78,   0.22,   0.2,   304.58,   233.9099939,   283.3499939,   817,   61,   29.16,   -143.9,   160.3,   0.2,   0.21,   5.794,   5.754,   3.59,    -999999,  0.03466666667,   0.2151888889,   0.2348555556,   4.173333333,   4.133333333,   235.251105,   3.4034,   0.11766,   3.28574,   0.2239934,   0.5756154,   53.82,   406.1075,   1.9047,   0.0953,    -999999,   -999999,   -999999,   -999999,   -999999,   -999999,   -999999,   -999999,   -999999,   -999999,   -999999,   -999999,   -999999,   -999999,   -999999,   -999999,   -999999,   -999999,   -999999,   -999999,   -999999,   -999999,   -999999,   -999999,   -999999,   -999999,   -999999,   -999999,   -999999,   -999999,   -999999,   -999999,   -999999,   -999999,   -999999,   -999999,   -999999,   -999999,   -999999,   -999999,   -999999,   -999999,   -999999,   -999999,   -999999,   -999999,   -999999,   -999999,   -999999,   -999999,   -999999,     -999999  
69712,   317,          2302011.0,         23.000000,  13.95017229,   34.1820716,   278.775501,   3.285805001,   675.2,   272.3499939,   304.6919375,   285.3999939,   59.10463005,   7.99975372,   295.4215024,   3.4002,   154.2,   149.599152,   126.6962832,   0.45,   -0.18,   56.12,   58.9,   -2.78,   0.66,   0.26,   304.68,   233.8499939,   283.4499939,   815.4,   61,   29.6,   -143.86,   160.32,   0.2,   0.21,   5.832,   5.792,   3.55,    -999999,  0.034175,   0.21225,   0.231825,   4.12,   4.08,   235.1274939,   3.4002,   0.10652,   3.29368,   0.2236238,   0.62958,   57.38,   406.1128571,   1.904636364,   0.09305,    -999999,   -999999,   -999999,   -999999,   -999999,   -999999,   -999999,   -999999,   -999999,   -999999,   -999999,   -999999,   -999999,   -999999,   -999999,   -999999,   -999999,   -999999,   -999999,   -999999,   -999999,   -999999,   -999999,   -999999,   -999999,   -999999,   -999999,   -999999,   -999999,   -999999,   -999999,   -999999,   -999999,   -999999,   -999999,   -999999,   -999999,   -999999,   -999999,   -999999,   -999999,   -999999,   -999999,   -999999,   -999999,   -999999,   -999999,   -999999,   -999999,   -999999,   -999999,     -999999  
