inputs/ACTAMERICA_Merge/C130/ACTAMERICA-mrg05-c130_merge_20170307_R0.ict
143, 1001
Shook, Michael
NASA Atmospheric Composition Branch, NASA Langley Research Center (SSAI)
Merged data file for ACT-AMERICA 2017, Flight 18 (20170307), on the c130 platform. Data is merged to 05 seconds.
NASA ACT-AMERICA 2017
1, 1
2017, 03, 07, 2018, 02, 23
05
UTC,s
104
1, 1, 1, 1, 1, 1, 1, 1, 1, 1, 1, 1, 1, 1, 1, 1, 1, 1, 1, 1, 1, 1, 1, 1, 1, 1, 1, 1, 1, 1, 1, 1, 1, 1, 1, 1, 1, 1, 1, 1, 1, 1, 1, 1, 1, 1, 1, 1, 1, 1, 1, 1, 1, 1, 1, 1, 1, 1, 1, 1, 1, 1, 1, 1, 1, 1, 1, 1, 1, 1, 1, 1, 1, 1, 1, 1, 1, 1, 1, 1, 1, 1, 1, 1, 1, 1, 1, 1, 1, 1, 1, 1, 1, 1, 1, 1, 1, 1, 1, 1, 1, 1, 1, 1
-999999, -999999, -999999, -999999, -999999, -999999, -999999, -999999, -999999, -999999, -999999, -999999, -999999, -999999, -999999, -999999, -999999, -999999, -999999, -999999, -999999, -999999, -999999, -999999, -999999, -999999, -999999, -999999, -999999, -999999, -999999, -999999, -999999, -999999, -999999, -999999, -999999, -999999, -999999, -999999, -999999, -999999, -999999, -999999, -999999, -999999, -999999, -999999, -999999, -999999, -999999, -999999, -999999, -999999, -999999, -999999, -999999, -999999, -999999, -999999, -999999, -999999, -999999, -999999, -999999, -999999, -999999, -999999, -999999, -999999, -999999, -999999, -999999, -999999, -999999, -999999, -999999, -999999, -999999, -999999, -999999, -999999, -999999, -999999, -999999, -999999, -999999, -999999, -999999, -999999, -999999, -999999, -999999, -999999, -999999, -999999, -999999, -999999, -999999, -999999, -999999, -999999, -999999, -999999
JDAY, days
INDEX, none
FLIGHT, none
LOCAL_SUN_TIME, hour
LATITUDE, degs
LONGITUDE, degs
ALTP, km
PRESSURE, hPa
TEMPERATURE, K
THETA, K
O3COLUMN, DU
SZA, deg
WNS, m s-1
WND, Degs
GPS_ALT, km
GRD_SPD, m s-1
TAS, m/s
IAS, m/s
MachNumber, mach
VerticalSpeed, m s-1
HDG, degs
TRK, degs
DriftAngle, degs
PITCH, degs
ROLL, degs
PotentialTemp, K
Dewpoint, K
TotalAirTemp, K
CabinPressure, hPa
SolarZenithAngle, degs
AircraftSunElevation, degs
SunAzimuth, degs
AircraftSunAzimuth, degs
H2O_MixingRatio, g kg-1
H2O_VaporPressure, hPa
H2O_SatVaporPressureWater, hPa
H2O_SatVaporPressureIce, hPa
H2O_RelativeHumidity, %
H2O_VolMixingRatio_PICARRO, %
H2O_MassMixingRatio_PICARRO, g kg-1
H2O_VaporPressure_PICARRO, hPa
RHi_PICARRO, %
RHw_PICARRO, %
Dewpoint_PICARRO, K
Ground_Elevation, km
Altitude_AGL, km
GroundHeight_CPL, km
MLH_CPL, km
O3_MixingRatio, ppbv
CO2_MixingRatio_PICARRO, ppmv
CH4_MixingRatio_PICARRO, ppmv
CO_MixingRatio_PICARRO, ppmv
CO2_MoleFraction_PFP, ppm
CH4_MoleFraction_PFP, ppb
CO_MoleFraction_PFP, ppb
N2O_MoleFraction_PFP, ppb
SF6_CCGG_MoleFraction_PFP, ppt
H2_MoleFraction_PFP, ppb
CH4C13_PFP, per mil
CO2C14_PFP, per mil
F11B_MoleFraction_PFP, ppt
FC12_MoleFraction_PFP, ppt
F13_MoleFraction_PFP, ppt
F113_MoleFraction_PFP, ppt
F115_MoleFraction_PFP, ppt
HF133a_MoleFraction_PFP, ppt
F23_MoleFraction_PFP, ppt
F32_MoleFraction_PFP, ppt
F134A_MoleFraction_PFP, ppt
F152A_MoleFraction_PFP, ppt
F125_MoleFraction_PFP, ppt
F143a_MoleFraction_PFP, ppt
F227e_MoleFraction_PFP, ppt
F365m_MoleFraction_PFP, ppt
H1211_MoleFraction_PFP, ppt
H1301_MoleFraction_PFP, ppt
H2402_MoleFraction_PFP, ppt
MCFA_MoleFraction_PFP, ppt
CF4_MoleFraction_PFP, ppt
C2F6_MoleFraction_PFP, ppt
SO2F2_MoleFraction_PFP, ppt
MEBR_MoleFraction_PFP, ppt
CH3I_MoleFraction_PFP, ppt
DIBR_MoleFraction_PFP, ppt
[...]
[from data line 1912]
66157,   66,          1801913.0,         18.000000,  12.57089048,   42.87691518,   272.8987739,   2.488204351,   747.4,   263.9499939,   286.8463615,   361,   48.78548023,   18.95819619,   269.6759533,   2.4,   145.8,   130.66776,   117.80676,   0.4,   7,   125.78,   121.42,   4.34,   4.24,   -21.08,   286.84,   238.1699939,   272.4699939,   951.6,   48.1,   20.88,   -172.56,   65.4,   0.28,   0.32,   3.088,   2.826,   10.36,   0.04588888889,   0.2849333333,   0.3424444444,   12.67888889,   11.55111111,   239.0222161,   0.04408,   2.35592,   0.2796594,   1.253164,   49.86,   411.22,   1.928588889,   0.1408619048,    -999999,   -999999,   -999999,   -999999,   -999999,   -999999,   -999999,   -999999,   -999999,   -999999,   -999999,   -999999,   -999999,   -999999,   -999999,   -999999,   -999999,   -999999,   -999999,   -999999,   -999999,   -999999,   -999999,   -999999,   -999999,   -999999,   -999999,   -999999,   -999999,   -999999,   -999999,   -999999,   -999999,   -999999,   -999999,   -999999,   -999999,   -999999,   -999999,   -999999,   -999999,   -999999,   -999999,   -999999,   -999999,   -999999,   -999999,   -999999,   -999999,   -999999,   -999999,     -999999  
66162,   66,          1801914.0,         18.000000,  12.57281043,   42.87384958,   272.9067398,   2.526974911,   743.8,   263.5899939,   286.8505779,   361,   48.78664174,   18.79965205,   270.7205326,   2.4368,   147.4,   130.66776,   117.498096,   0.4,   7,   117.1,   113.86,   3.24,   4.12,   -21.28,   286.86,   237.8699939,   272.1699939,   952,   48.1,   20.08,   -172.5,   72.68,   0.278,   0.31,   3.008,   2.74,   10.322,   0.04464,   0.27705,   0.33097,   12.597,   11.445,   238.6739939,   0.0435,   2.3933,   0.2621322,   1.025316,   50.46,   411.23,   1.9288,   0.14138,    -999999,   -999999,   -999999,   -999999,   -999999,   -999999,   -999999,   -999999,   -999999,   -999999,   -999999,   -999999,   -999999,   -999999,   -999999,   -999999,   -999999,   -999999,   -999999,   -999999,   -999999,   -999999,   -999999,   -999999,   -999999,   -999999,   -999999,   -999999,   -999999,   -999999,   -999999,   -999999,   -999999,   -999999,   -999999,   -999999,   -999999,   -999999,   -999999,   -999999,   -999999,   -999999,   -999999,   -999999,   -999999,   -999999,   -999999,   -999999,   -999999,   -999999,   -999999,     -999999  
66167,   66,          1801915.0,         18.000000,  12.57476704,   42.87155886,   272.9152556,   2.565867392,   739.8,   263.2899939,   286.9658801,   361,   48.7886571,   18.27900531,   270.9412463,   2.4744,   148.4,   131.1822,   117.80676,   0.4,   7,   108.4,   106.3,   2.12,   4.1,   -21.68,   286.92,   237.5299939,   271.9299939,   953.4,   48.1,   19.52,   -172.5,   79.36,   0.268,   0.298,   2.932,   2.668,   10.234,   0.042,   0.26074,   0.31056,   11.948,   10.842,   238.0299939,   0.04308,   2.43132,   0.2679288,   1.025316,   50.1,   411.225,   1.92885,   0.142415,    -999999,   -999999,   -999999,   -999999,   -999999,   -999999,   -999999,   -999999,   -999999,   -999999,   -999999,   -999999,   -999999,   -999999,   -999999,   -999999,   -999999,   -999999,   -999999,   -999999,   -999999,   -999999,   -999999,   -999999,   -999999,   -999999,   -999999,   -999999,   -999999,   -999999,   -999999,   -999999,   -999999,   -999999,   -999999,   -999999,   -999999,   -999999,   -999999,   -999999,   -999999,   -999999,   -999999,   -999999,   -999999,   -999999,   -999999,   -999999,   -999999,   -999999,   -999999,     -999999  
66172,   66,          1801916.0,         18.000000,  12.57674943,   42.87011434,   272.9241582,   2.604637952,   736.6,   262.9899939,   286.9941356,   361,   48.79157292,   17.93954407,   271.0581958,   2.5114,   149,   131.69664,   118.012536,   0.41,   7,   99.6,   98.58,   1.02,   4.26,   -22.06,   286.98,   237.0499939,   271.6899939,   954,   48.1,   19.22,   -172.42,   86.6,   0.256,   0.286,   2.86,   2.598,   9.998,   0.03685,   0.228825,   0.2711,   10.63166667,   9.623333333,   236.6674939,   0.0428,   2.4686,   0.2747192,   1.0493,   49.3,   411.225,   1.9293,   0.1432473684,    -999999,   -999999,   -999999,   -999999,   -999999,   -999999,   -999999,   -999999,   -999999,   -999999,   -999999,   -999999,   -999999,   -999999,   -999999,   -999999,   -999999,   -999999,   -999999,   -999999,   -999999,   -999999,   -999999,   -999999,   -999999,   -999999,   -999999,   -999999,   -999999,   -999999,   -999999,   -999999,   -999999,   -999999,   -999999,   -999999,   -999999,   -999999,   -999999,   -999999,   -999999,   -999999,   -999999,   -999999,   -999999,   -999999,   -999999,   -999999,   -999999,   -999999,   -999999,     -999999  
66177,   66,          1801917.0,         18.000000,  12.57874528,   42.8695665,   272.9332626,   2.642067393,   733,   262.7499939,   287.1338789,   361,   48.7954118,   17.91926458,   272.0195282,   2.5482,   149,   131.285088,   117.80676,   0.41,   7,   90.62,   90.78,   -0.16,   4.34,   -22.18,   287.14,   236.4299939,   271.3899939,   954,   48.1,   19.66,   -172.4,   93.36,   0.244,   0.268,   2.81,   2.544,   9.564,   0.0328,   0.20355,   0.24,   9.655,   8.715,   235.4549939,   0.04302,   2.50518,   0.2759288,   1.0493,   50.1,   411.27,   1.929344444,   0.142405,    -999999,   -999999,   -999999,   -999999,   -999999,   -999999,   -999999,   -999999,   -999999,   -999999,   -999999,   -999999,   -999999,   -999999,   -999999,   -999999,   -999999,   -999999,   -999999,   -999999,   -999999,   -999999,   -999999,   -999999,   -999999,   -999999,   -999999,   -999999,   -999999,   -999999,   -999999,   -999999,   -999999,   -999999,   -999999,   -999999,   -999999,   -999999,   -999999,   -999999,   -999999,   -999999,   -999999,   -999999,   -999999,   -999999,   -999999,   -999999,   -999999,   -999999,   -999999,     -999999  
66182,   66,          1801918.0,         18.000000,  12.58074167,   42.8699306,   272.9423751,   2.679192033,   729.4,   262.5299939,   287.2973172,   361,   48.80016015,   17.59960968,   272.9186363,   2.5848,   148.8,   131.69664,   117.80676,   0.41,   7,   81.7,   83,   -1.32,   4.34,   -21.82,   287.24,   235.5899939,   271.2099939,   954.6,   48.1,   21.04,   -172.38,   100.68,   0.224,   0.248,   2.758,   2.488,   8.966,   0.028675,   0.177875,   0.20865,   8.6225,   7.7625,   234.0924939,   0.04362,   2.54118,   0.2721504,   1.001332,   51.02,   411.2914286,   1.929244444,   0.1396157895,    -999999,   -999999,   -999999,   -999999,   -999999,   -999999,   -999999,   -999999,   -999999,   -999999,   -999999,   -999999,   -999999,   -999999,   -999999,   -999999,   -999999,   -999999,   -999999,   -999999,   -999999,   -999999,   -999999,   -999999,   -999999,   -999999,   -999999,   -999999,   -999999,   -999999,   -999999,   -999999,   -999999,   -999999,   -999999,   -999999,   -999999,   -999999,   -999999,   -999999,   -999999,   -999999,   -999999,   -999999,   -999999,   -999999,   -999999,   -999999,   -999999,   -999999,   -999999,     -999999  
66187,   66,          1801919.0,         18.000000,  12.58272583,   42.8711852,   272.9513042,   2.715768034,   726,   262.2499939,   287.374271,   361,   48.8057684,   17.43870806,   273.5615844,   2.6212,   147.8,   131.69664,   117.498096,   0.41,   7,   73.04,   75.4,   -2.38,   4.28,   -21.38,   287.32,   234.6499939,   270.9299939,   954.8,   48.1,   22.76,   -172.3,   107.32,   0.204,   0.224,   2.694,   2.428,   8.338,   0.02498888889,   0.1550666667,   0.1809111111,   7.747777778,   6.945555556,   232.7122161,   0.04476,   2.57644,   0.2645366,   0.98934,   48.76,   411.3314286,   1.92955,   0.1470578947,    -999999,   -999999,   -999999,   -999999,   -999999,   -999999,   -999999,   -999999,   -999999,   -999999,   -999999,   -999999,   -999999,   -999999,   -999999,   -999999,   -999999,   -999999,   -999999,   -999999,   -999999,   -999999,   -999999,   -999999,   -999999,   -999999,   -999999,   -999999,   -999999,   -999999,   -999999,   -999999,   -999999,   -999999,   -999999,   -999999,   -999999,   -999999,   -999999,   -999999,   -999999,   -999999,   -999999,   -999999,   -999999,   -999999,   -999999,   -999999,   -999999,   -999999,   -999999,     -999999  
66192,   66,          1801920.0,         18.000000,  12.58468694,   42.87327546,   272.9598874,   2.751856354,   722.6,   261.9899939,   287.4746646,   361,   48.81215816,   17.01934467,   273.3819024,   2.6556,   147,   132.21108,   117.80676,   0.41,   5.4,   64.86,   68,   -3.16,   3.52,   -21.24,   287.4,   233.8299939,   270.7499939,   956,   48.12,   24.28,   -172.3,   114.34,   0.19,   0.206,   2.64,   2.374,   7.824,   0.02294444444,   0.1423555556,   0.1656888889,   7.196666667,   6.443333333,   231.881105,   0.04708,   2.60852,   0.2715106,   0.98934,   53.48,   411.315,   1.929645455,   0.1378764706,    -999999,   -999999,   -999999,   -999999,   -999999,   -999999,   -999999,   -999999,   -999999,   -999999,   -999999,   -999999,   -999999,   -999999,   -999999,   -999999,   -999999,   -999999,   -999999,   -999999,   -999999,   -999999,   -999999,   -999999,   -999999,   -999999,   -999999,   -999999,   -999999,   -999999,   -999999,   -999999,   -999999,   -999999,   -999999,   -999999,   -999999,   -999999,   -999999,   -999999,   -999999,   -999999,   -999999,   -999999,   -999999,   -999999,   -999999,   -999999,   -999999,   -999999,   -999999,     -999999  
66197,   66,          1801921.0,         18.000000,  12.5866177,   42.87613728,   272.9680155,   2.774228674,   720.8,   261.8299939,   287.5039042,   361,   48.81924963,   16.69952951,   271.9819169,   2.6788,   147,   133.137072,   118.732752,   0.41,   2.8,   57.08,   60.82,   -3.72,   2.2,   -21.6,   287.48,   233.1499939,   270.7499939,   955.8,   48.2,   25.12,   -172.24,   120.66,   0.178,   0.192,   2.61,   2.34,   7.382,   0.019975,   0.12405,   0.144125,   6.3425,   5.67,   230.5699939,   0.05036,   2.62844,   0.2810914,   0.98934,   52.54,   411.205,   1.92935,   0.1405,    -999999,   -999999,   -999999,   -999999,   -999999,   -999999,   -999999,   -999999,   -999999,   -999999,   -999999,   -999999,   -999999,   -999999,   -999999,   -999999,   -999999,   -999999,   -999999,   -999999,   -999999,   -999999,   -999999,   -999999,   -999999,   -999999,   -999999,   -999999,   -999999,   -999999,   -999999,   -999999,   -999999,   -999999,   -999999,   -999999,   -999999,   -999999,   -999999,   -999999,   -999999,   -999999,   -999999,   -999999,   -999999,   -999999,   -999999,   -999999,   -999999,   -999999,   -999999,     -999999  
66202,   66,          1801922.0,         18.000000,  12.58851136,   42.87974382,   272.9755871,   2.790261154,   719.2,   261.8499939,   287.7084794,   361,   48.82700051,   16.13782889,   270.503611,   2.6884,   147.4,   135.091944,   120.173184,   0.42,   0.4,   49.16,   53.28,   -4.14,   1.04,   -22.36,   287.66,   232.6499939,   271.0099939,   955.6,   48.2,   25.74,   -172.2,   127.4,   0.168,   0.182,   2.612,   2.342,   7.002,   0.019325,   0.119725,   0.139125,   6.045,   5.41,   230.2399939,   0.05266,   2.63574,   0.2814222,   0.98934,   51.02,   411.1057143,   1.9298,   0.13725,    -999999,   -999999,   -999999,   -999999,   -999999,   -999999,   -999999,   -999999,   -999999,   -999999,   -999999,   -999999,   -999999,   -999999,   -999999,   -999999,   -999999,   -999999,   -999999,   -999999,   -999999,   -999999,   -999999,   -999999,   -999999,   -999999,   -999999,   -999999,   -999999,   -999999,   -999999,   -999999,   -999999,   -999999,   -999999,   -999999,   -999999,   -999999,   -999999,   -999999,   -999999,   -999999,   -999999,   -999999,   -999999,   -999999,   -999999,   -999999,   -999999,   -999999,   -999999,     -999999  
66207,   66,          1801923.0,         18.000000,  12.59035912,   42.88407916,   272.9824701,   2.789895394,   719.2,   262.0699939,   287.9502051,   361,   48.83537445,   16.45955896,   269.7015771,   2.687,   148.2,   137.35548,   122.025168,   0.422,   -0.6,   40.72,   45.54,   -4.8,   0.24,   -22.62,   287.9,   232.2299939,   271.4899939,   955.6,   48.2,   27.18,   -172.2,   133.92,   0.16,   0.176,   2.66,   2.39,   6.584,   0.01785555556,   0.1107666667,   0.1287777778,   5.47,   4.91,   229.5199939,   0.05432,   2.63268,   0.2858764,   0.893404,   51,   411.0985714,   1.930788889,   0.1392526316,    -999999,   -999999,   -999999,   -999999,   -999999,   -999999,   -999999,   -999999,   -999999,   -999999,   -999999,   -999999,   -999999,   -999999,   -999999,   -999999,   -999999,   -999999,   -999999,   -999999,   -999999,   -999999,   -999999,   -999999,   -999999,   -999999,   -999999,   -999999,   -999999,   -999999,   -999999,   -999999,   -999999,   -999999,   -999999,   -999999,   -999999,   -999999,   -999999,   -999999,   -999999,   -999999,   -999999,   -999999,   -999999,   -999999,   -999999,   -999999,   -999999,   -999999,   -999999,     -999999  
66212,   66,          1801924.0,         18.000000,  12.59215026,   42.88910182,   272.9885039,   2.786237794,   719.8,   262.1099939,   287.9255457,   361,   48.84430564,   16.1995013,   268.5818552,   2.6812,   149,   139.824792,   124.288704,   0.43,   -0.8,   32.22,   37.36,   -5.16,   0.1,   -22.8,   287.9,   231.8899939,   271.8899939,   956.2,   48.2,   29.44,   -172.1,   140.88,   0.154,   0.17,   2.666,   2.396,   6.336,   0.01641111111,   0.1019222222,   0.1185333333,   4.987777778,   4.478888889,   228.7577717,   0.05664,   2.62456,   0.28057,   0.86942,   50.56,   411.0685714,   1.93005,   0.1467,    -999999,   -999999,   -999999,   -999999,   -999999,   -999999,   -999999,   -999999,   -999999,   -999999,   -999999,   -999999,   -999999,   -999999,   -999999,   -999999,   -999999,   -999999,   -999999,   -999999,   -999999,   -999999,   -999999,   -999999,   -999999,   -999999,   -999999,   -999999,   -999999,   -999999,   -999999,   -999999,   -999999,   -999999,   -999999,   -999999,   -999999,   -999999,   -999999,   -999999,   -999999,   -999999,   -999999,   -999999,   -999999,   -999999,   -999999,   -999999,   -999999,   -999999,   -999999,     -999999  
