inputs/ACTAMERICA_Merge/C130/ACTAMERICA-mrg05-c130_merge_20170226_R0.ict
143, 1001
Shook, Michael
NASA Atmospheric Composition Branch, NASA Langley Research Center (SSAI)
Merged data file for ACT-AMERICA 2017, Flight 12 (20170226), on the c130 platform. Data is merged to 05 seconds.
NASA ACT-AMERICA 2017
1, 1
2017, 02, 26, 2018, 02, 23
05
UTC,s
104
1, 1, 1, 1, 1, 1, 1, 1, 1, 1, 1, 1, 1, 1, 1, 1, 1, 1, 1, 1, 1, 1, 1, 1, 1, 1, 1, 1, 1, 1, 1, 1, 1, 1, 1, 1, 1, 1, 1, 1, 1, 1, 1, 1, 1, 1, 1, 1, 1, 1, 1, 1, 1, 1, 1, 1, 1, 1, 1, 1, 1, 1, 1, 1, 1, 1, 1, 1, 1, 1, 1, 1, 1, 1, 1, 1, 1, 1, 1, 1, 1, 1, 1, 1, 1, 1, 1, 1, 1, 1, 1, 1, 1, 1, 1, 1, 1, 1, 1, 1, 1, 1, 1, 1
-999999, -999999, -999999, -999999, -999999, -999999, -999999, -999999, -999999, -999999, -999999, -999999, -999999, -999999, -999999, -999999, -999999, -999999, -999999, -999999, -999999, -999999, -999999, -999999, -999999, -999999, -999999, -999999, -999999, -999999, -999999, -999999, -999999, -999999, -999999, -999999, -999999, -999999, -999999, -999999, -999999, -999999, -999999, -999999, -999999, -999999, -999999, -999999, -999999, -999999, -999999, -999999, -999999, -999999, -999999, -999999, -999999, -999999, -999999, -999999, -999999, -999999, -999999, -999999, -999999, -999999, -999999, -999999, -999999, -999999, -999999, -999999, -999999, -999999, -999999, -999999, -999999, -999999, -999999, -999999, -999999, -999999, -999999, -999999, -999999, -999999, -999999, -999999, -999999, -999999, -999999, -999999, -999999, -999999, -999999, -999999, -999999, -999999, -999999, -999999, -999999, -999999, -999999, -999999
JDAY, days
INDEX, none
FLIGHT, none
LOCAL_SUN_TIME, hour
LATITUDE, degs
LONGITUDE, degs
ALTP, km
PRESSURE, hPa
TEMPERATURE, K
THETA, K
O3COLUMN, DU
SZA, deg
WNS, m s-1
WND, Degs
GPS_ALT, km
GRD_SPD, m s-1
TAS, m/s
IAS, m/s
MachNumber, mach
VerticalSpeed, m s-1
HDG, degs
TRK, degs
DriftAngle, degs
PITCH, degs
ROLL, degs
PotentialTemp, K
Dewpoint, K
TotalAirTemp, K
CabinPressure, hPa
SolarZenithAngle, degs
AircraftSunElevation, degs
SunAzimuth, degs
AircraftSunAzimuth, degs
H2O_MixingRatio, g kg-1
H2O_VaporPressure, hPa
H2O_SatVaporPressureWater, hPa
H2O_SatVaporPressureIce, hPa
H2O_RelativeHumidity, %
H2O_VolMixingRatio_PICARRO, %
H2O_MassMixingRatio_PICARRO, g kg-1
H2O_VaporPressure_PICARRO, hPa
RHi_PICARRO, %
RHw_PICARRO, %
Dewpoint_PICARRO, K
Ground_Elevation, km
Altitude_AGL, km
GroundHeight_CPL, km
MLH_CPL, km
O3_MixingRatio, ppbv
CO2_MixingRatio_PICARRO, ppmv
CH4_MixingRatio_PICARRO, ppmv
CO_MixingRatio_PICARRO, ppmv
CO2_MoleFraction_PFP, ppm
CH4_MoleFraction_PFP, ppb
CO_MoleFraction_PFP, ppb
N2O_MoleFraction_PFP, ppb
SF6_CCGG_MoleFraction_PFP, ppt
H2_MoleFraction_PFP, ppb
CH4C13_PFP, per mil
CO2C14_PFP, per mil
F11B_MoleFraction_PFP, ppt
FC12_MoleFraction_PFP, ppt
F13_MoleFraction_PFP, ppt
F113_MoleFraction_PFP, ppt
F115_MoleFraction_PFP, ppt
HF133a_MoleFraction_PFP, ppt
F23_MoleFraction_PFP, ppt
F32_MoleFraction_PFP, ppt
F134A_MoleFraction_PFP, ppt
F152A_MoleFraction_PFP, ppt
F125_MoleFraction_PFP, ppt
F143a_MoleFraction_PFP, ppt
F227e_MoleFraction_PFP, ppt
F365m_MoleFraction_PFP, ppt
H1211_MoleFraction_PFP, ppt
H1301_MoleFraction_PFP, ppt
H2402_MoleFraction_PFP, ppt
MCFA_MoleFraction_PFP, ppt
CF4_MoleFraction_PFP, ppt
C2F6_MoleFraction_PFP, ppt
SO2F2_MoleFraction_PFP, ppt
MEBR_MoleFraction_PFP, ppt
CH3I_MoleFraction_PFP, ppt
DIBR_MoleFraction_PFP, ppt
[...]
[from data line 2225]
71777,   57,          1202226.0,         12.000000,  13.58434594,   39.81613248,   264.6839391,   2.142561146,   780.4,   265.6899939,   285.194862,   363.4440002,   53.29491767,   6.380335458,   235.9145324,   2.0612,   131,   135.503496,   124.391592,   0.416,   0,   181.64,   178.92,   2.72,   0.44,   1.02,   285.2,   264.7499939,   274.9099939,   772.4,   51.8,   37.94,   -154.1,   24.2,   2.79,   3.284,   3.536,   3.292,   92.97,   0.320075,   1.9867,   2.5041,   80.4675,   74.4775,   261.4424939,   0.32044,   1.77096,   0.4012678,   1.31912,   53.58,   411.75,   1.9672,   0.1428947368,    -999999,   -999999,   -999999,   -999999,   -999999,   -999999,   -999999,   -999999,   -999999,   -999999,   -999999,   -999999,   -999999,   -999999,   -999999,   -999999,   -999999,   -999999,   -999999,   -999999,   -999999,   -999999,   -999999,   -999999,   -999999,   -999999,   -999999,   -999999,   -999999,   -999999,   -999999,   -999999,   -999999,   -999999,   -999999,   -999999,   -999999,   -999999,   -999999,   -999999,   -999999,   -999999,   -999999,   -999999,   -999999,   -999999,   -999999,   -999999,   -999999,   -999999,   -999999,     -999999  
71782,   57,          1202227.0,         12.000000,  13.58574435,   39.81022248,   264.6840819,   2.142500186,   780.2,   265.2699939,   284.764882,   363.4440002,   53.29779788,   6.835155464,   236.2558689,   2.0616,   131,   135.81216,   124.803144,   0.42,   -0.2,   181.72,   178.78,   2.9,   0.02,   -0.12,   284.74,   262.3299939,   274.5499939,   772.6,   51.8,   37.74,   -154.1,   24.7,   2.312,   2.72,   3.428,   3.18,   79.428,   0.327175,   2.030675,   2.5613,   83.63,   77.265,   261.7424939,   0.32044,   1.77176,   0.4003984,   1.31912,   53.74,   412.265,   1.9842,   0.14355,    -999999,   -999999,   -999999,   -999999,   -999999,   -999999,   -999999,   -999999,   -999999,   -999999,   -999999,   -999999,   -999999,   -999999,   -999999,   -999999,   -999999,   -999999,   -999999,   -999999,   -999999,   -999999,   -999999,   -999999,   -999999,   -999999,   -999999,   -999999,   -999999,   -999999,   -999999,   -999999,   -999999,   -999999,   -999999,   -999999,   -999999,   -999999,   -999999,   -999999,   -999999,   -999999,   -999999,   -999999,   -999999,   -999999,   -999999,   -999999,   -999999,   -999999,   -999999,     -999999  
71787,   57,          1202228.0,         12.000000,  13.58714503,   39.8043004,   264.6842587,   2.137379546,   781,   265.1899939,   284.5956567,   363.4440002,   53.30068896,   5.729746502,   228.6123634,   2.05452,   131,   136.635264,   125.729136,   0.42,   -1,   181.1,   178.64,   2.46,   0.06,   0.62,   284.58,   260.3899939,   274.5499939,   772,   51.8,   38.22,   -154.04,   24.96,   1.974,   2.326,   3.4,   3.148,   68.572,   0.378075,   2.346725,   2.9596,   92.7675,   86.0975,   263.5549939,   0.30288,   1.78312,   0.3808616,   1.295136,   52.02,   412.1128571,   1.973955556,   0.1420421053,    -999999,   -999999,   -999999,   -999999,   -999999,   -999999,   -999999,   -999999,   -999999,   -999999,   -999999,   -999999,   -999999,   -999999,   -999999,   -999999,   -999999,   -999999,   -999999,   -999999,   -999999,   -999999,   -999999,   -999999,   -999999,   -999999,   -999999,   -999999,   -999999,   -999999,   -999999,   -999999,   -999999,   -999999,   -999999,   -999999,   -999999,   -999999,   -999999,   -999999,   -999999,   -999999,   -999999,   -999999,   -999999,   -999999,   -999999,   -999999,   -999999,   -999999,   -999999,     -999999  
71792,   57,          1202229.0,         12.000000,  13.58854521,   39.79837348,   264.6844282,   2.135611706,   781,   265.1899939,   284.5956567,   363.4440002,   53.30358144,   3.540371828,   211.8446796,   2.05312,   131,   137.149704,   126.140688,   0.42,   0.6,   180.4,   178.88,   1.56,   1.16,   1.28,   284.58,   263.1099939,   274.6299939,   771.8,   51.8,   37.62,   -154,   24.68,   2.454,   2.892,   3.402,   3.152,   84.94,   0.361925,   2.246375,   2.83255,   92.1725,   85.1875,   262.9599939,   0.29444,   1.78876,   0.407013,   1.28914,   48.8,   411.87,   1.95515,   0.1407631579,    -999999,   -999999,   -999999,   -999999,   -999999,   -999999,   -999999,   -999999,   -999999,   -999999,   -999999,   -999999,   -999999,   -999999,   -999999,   -999999,   -999999,   -999999,   -999999,   -999999,   -999999,   -999999,   -999999,   -999999,   -999999,   -999999,   -999999,   -999999,   -999999,   -999999,   -999999,   -999999,   -999999,   -999999,   -999999,   -999999,   -999999,   -999999,   -999999,   -999999,   -999999,   -999999,   -999999,   -999999,   -999999,   -999999,   -999999,   -999999,   -999999,   -999999,   -999999,     -999999  
71797,   57,          1202230.0,         12.000000,  13.58994422,   39.79247214,   264.68458,   2.138050106,   780.8,   264.8099939,   284.208646,   363.4440002,   53.30649774,   3.571503113,   214.2167787,   2.05614,   130.2,   135.915048,   125.111808,   0.42,   0,   180.28,   178.72,   1.56,   0.86,   -0.12,   284.18,   263.7699939,   274.0899939,   772.2,   51.8,   37.04,   -154,   26,   2.584,   3.044,   3.3,   3.048,   92.318,   0.4136857143,   2.567828571,   3.237414286,   110.8114286,   101.8414286,   264.7085653,   0.2862,   1.8,   0.379629,   1.28914,   49.64,   412.2942857,   1.96675,   0.1455,    -999999,   -999999,   -999999,   -999999,   -999999,   -999999,   -999999,   -999999,   -999999,   -999999,   -999999,   -999999,   -999999,   -999999,   -999999,   -999999,   -999999,   -999999,   -999999,   -999999,   -999999,   -999999,   -999999,   -999999,   -999999,   -999999,   -999999,   -999999,   -999999,   -999999,   -999999,   -999999,   -999999,   -999999,   -999999,   -999999,   -999999,   -999999,   -999999,   -999999,   -999999,   -999999,   -999999,   -999999,   -999999,   -999999,   -999999,   -999999,   -999999,   -999999,   -999999,     -999999  
71802,   57,          1202231.0,         12.000000,  13.59134583,   39.78658648,   264.6847708,   2.138050106,   781,   264.6099939,   283.9732143,   363.4440002,   53.30945094,   4.838129579,   243.417575,   2.05844,   130,   133.034184,   122.333832,   0.41,   0,   180.76,   178.64,   2.14,   0.66,   1.82,   283.96,   264.9499939,   273.4699939,   772,   51.8,   38,   -154,   24.42,   2.83,   3.336,   3.246,   2.99,   102.746,   0.409675,   2.5427,   3.2059,   108.51,   99.8525,   264.5799939,   0.28468,   1.80412,   0.3615288,   1.28914,   48.56,   412.4085714,   1.96905,   0.1431789474,    -999999,   -999999,   -999999,   -999999,   -999999,   -999999,   -999999,   -999999,   -999999,   -999999,   -999999,   -999999,   -999999,   -999999,   -999999,   -999999,   -999999,   -999999,   -999999,   -999999,   -999999,   -999999,   -999999,   -999999,   -999999,   -999999,   -999999,   -999999,   -999999,   -999999,   -999999,   -999999,   -999999,   -999999,   -999999,   -999999,   -999999,   -999999,   -999999,   -999999,   -999999,   -999999,   -999999,   -999999,   -999999,   -999999,   -999999,   -999999,   -999999,   -999999,   -999999,     -999999  
71807,   57,          1202232.0,         12.000000,  13.59274522,   39.7806997,   264.6849283,   2.136952826,   781,   264.6899939,   284.0590685,   363.4440002,   53.31239882,   4.346717013,   242.6439405,   2.05666,   130,   132.828408,   122.230944,   0.41,   0,   180.72,   178.82,   1.9,   0.86,   0.68,   284.04,   264.4099939,   273.5499939,   772.8,   51.8,   37.5,   -153.92,   25.18,   2.716,   3.2,   3.272,   3.016,   97.864,   0.35505,   2.20385,   2.7784,   89.7275,   83,   262.7649939,   0.28044,   1.80696,   0.3487428,   1.28914,   50.92,   412.135,   1.96695,   0.1411,    -999999,   -999999,   -999999,   -999999,   -999999,   -999999,   -999999,   -999999,   -999999,   -999999,   -999999,   -999999,   -999999,   -999999,   -999999,   -999999,   -999999,   -999999,   -999999,   -999999,   -999999,   -999999,   -999999,   -999999,   -999999,   -999999,   -999999,   -999999,   -999999,   -999999,   -999999,   -999999,   -999999,   -999999,   -999999,   -999999,   -999999,   -999999,   -999999,   -999999,   -999999,   -999999,   -999999,   -999999,   -999999,   -999999,   -999999,   -999999,   -999999,   -999999,   -999999,     -999999  
71812,   57,          1202233.0,         12.000000,  13.59414449,   39.7748153,   264.6850841,   2.134575386,   781,   265.1899939,   284.5956567,   363.4440002,   53.31535646,   4.825048212,   247.4546482,   2.05632,   130,   132.416856,   121.819392,   0.408,   0.2,   180.88,   178.78,   2.1,   1.36,   0.18,   284.54,   262.2699939,   273.9899939,   772.6,   51.8,   36.86,   -153.9,   25.18,   2.292,   2.704,   3.394,   3.146,   79.706,   0.327225,   2.03115,   2.559025,   80.0925,   74.35,   261.7299939,   0.29216,   1.79504,   0.3801936,   1.28914,   51.34,   412.145,   1.9772,   0.1378,    -999999,   -999999,   -999999,   -999999,   -999999,   -999999,   -999999,   -999999,   -999999,   -999999,   -999999,   -999999,   -999999,   -999999,   -999999,   -999999,   -999999,   -999999,   -999999,   -999999,   -999999,   -999999,   -999999,   -999999,   -999999,   -999999,   -999999,   -999999,   -999999,   -999999,   -999999,   -999999,   -999999,   -999999,   -999999,   -999999,   -999999,   -999999,   -999999,   -999999,   -999999,   -999999,   -999999,   -999999,   -999999,   -999999,   -999999,   -999999,   -999999,   -999999,   -999999,     -999999  
71817,   57,          1202234.0,         12.000000,  13.59554508,   39.76894744,   264.6852596,   2.141463866,   780.4,   265.6099939,   285.1089891,   363.4440002,   53.31834439,   5.037449149,   242.2330451,   2.0633,   129.6,   132.519744,   121.716504,   0.41,   1.4,   180.88,   178.68,   2.22,   1.5,   1.32,   285.04,   260.3499939,   274.3699939,   772.2,   51.8,   36.9,   -153.9,   24.5,   1.966,   2.318,   3.504,   3.262,   66.094,   0.320025,   1.9863,   2.501975,   77.95,   72.4,   261.4474939,   0.30206,   1.79174,   0.3871384,   1.301132,   51.22,   412.0957143,   1.976555556,   0.1373,    -999999,   -999999,   -999999,   -999999,   -999999,   -999999,   -999999,   -999999,   -999999,   -999999,   -999999,   -999999,   -999999,   -999999,   -999999,   -999999,   -999999,   -999999,   -999999,   -999999,   -999999,   -999999,   -999999,   -999999,   -999999,   -999999,   -999999,   -999999,   -999999,   -999999,   -999999,   -999999,   -999999,   -999999,   -999999,   -999999,   -999999,   -999999,   -999999,   -999999,   -999999,   -999999,   -999999,   -999999,   -999999,   -999999,   -999999,   -999999,   -999999,   -999999,   -999999,     -999999  
71822,   57,          1202235.0,         12.000000,  13.59694482,   39.76309886,   264.6854223,   2.144268027,   780,   265.5299939,   285.0648701,   363.4440002,   53.32135244,   4.868609647,   241.0468268,   2.06558,   129.6,   132.416856,   121.613616,   0.408,   -0.2,   181.04,   178.92,   2.14,   0.5,   1.18,   285.02,   261.3499939,   274.3099939,   773.2,   51.8,   37.98,   -153.88,   24.42,   2.136,   2.518,   3.49,   3.246,   72.18,   0.34555,   2.144775,   2.702825,   85.1425,   78.98,   262.4174939,   0.29736,   1.79844,   0.3859336,   1.31912,   49.4,   411.9171429,   1.97115,   0.1422157895,    -999999,   -999999,   -999999,   -999999,   -999999,   -999999,   -999999,   -999999,   -999999,   -999999,   -999999,   -999999,   -999999,   -999999,   -999999,   -999999,   -999999,   -999999,   -999999,   -999999,   -999999,   -999999,   -999999,   -999999,   -999999,   -999999,   -999999,   -999999,   -999999,   -999999,   -999999,   -999999,   -999999,   -999999,   -999999,   -999999,   -999999,   -999999,   -999999,   -999999,   -999999,   -999999,   -999999,   -999999,   -999999,   -999999,   -999999,   -999999,   -999999,   -999999,   -999999,     -999999  
71827,   57,          1202236.0,         12.000000,  13.59834331,   39.75724258,   264.6855663,   2.141463866,   780.4,   265.5099939,   285.0016478,   363.4440002,   53.32435501,   3.507145666,   227.0870931,   2.06134,   130,   133.23996,   122.43672,   0.41,   0,   180.36,   178.8,   1.5,   0.6,   0.06,   284.96,   262.8299939,   274.4299939,   772.4,   51.8,   37.38,   -153.8,   26.28,   2.396,   2.822,   3.482,   3.238,   81.106,   0.33528,   2.08088,   2.62316,   81.012,   75.316,   262.0359939,   0.30742,   1.78458,   0.3827128,   1.31912,   52.16,   412.01,   1.9742,   0.1392,    -999999,   -999999,   -999999,   -999999,   -999999,   -999999,   -999999,   -999999,   -999999,   -999999,   -999999,   -999999,   -999999,   -999999,   -999999,   -999999,   -999999,   -999999,   -999999,   -999999,   -999999,   -999999,   -999999,   -999999,   -999999,   -999999,   -999999,   -999999,   -999999,   -999999,   -999999,   -999999,   -999999,   -999999,   -999999,   -999999,   -999999,   -999999,   -999999,   -999999,   -999999,   -999999,   -999999,   -999999,   -999999,   -999999,   -999999,   -999999,   -999999,   -999999,   -999999,     -999999  
71832,   57,          1202237.0,         12.000000,  13.59974351,   39.7513791,   264.685736,   2.137013786,   781,   265.4899939,   284.9176096,   363.4440002,   53.32736961,   4.030893877,   228.9202098,   2.05858,   130,   133.445736,   122.642496,   0.41,   0,   180.42,   178.66,   1.76,   0.9,   0.9,   284.9,   262.2099939,   274.3899939,   772.4,   51.8,   37.46,   -153.8,   25.6,   2.28,   2.69,   3.48,   3.234,   77.278,   0.3497,   2.170566667,   2.736266667,   84.71,   78.73,   262.5666606,   0.3059,   1.7833,   0.3862874,   1.31912,   51.14,   412.06,   1.971755556,   0.1413263158,    -999999,   -999999,   -999999,   -999999,   -999999,   -999999,   -999999,   -999999,   -999999,   -999999,   -999999,   -999999,   -999999,   -999999,   -999999,   -999999,   -999999,   -999999,   -999999,   -999999,   -999999,   -999999,   -999999,   -999999,   -999999,   -999999,   -999999,   -999999,   -999999,   -999999,   -999999,   -999999,   -999999,   -999999,   -999999,   -999999,   -999999,   -999999,   -999999,   -999999,   -999999,   -999999,   -999999,   -999999,   -999999,   -999999,   -999999,   -999999,   -999999,   -999999,   -999999,     -999999  
