inputs/ACTAMERICA_Merge/C130/ACTAMERICA-mrg05-c130_merge_20170130_R0.ict
143, 1001
Shook, Michael
NASA Atmospheric Composition Branch, NASA Langley Research Center (SSAI)
Merged data file for ACT-AMERICA 2017, Flight 02 (20170130), on the c130 platform. Data is merged to 05 seconds.
NASA ACT-AMERICA 2017
1, 1
2017, 01, 30, 2018, 02, 23
05
UTC,s
104
1, 1, 1, 1, 1, 1, 1, 1, 1, 1, 1, 1, 1, 1, 1, 1, 1, 1, 1, 1, 1, 1, 1, 1, 1, 1, 1, 1, 1, 1, 1, 1, 1, 1, 1, 1, 1, 1, 1, 1, 1, 1, 1, 1, 1, 1, 1, 1, 1, 1, 1, 1, 1, 1, 1, 1, 1, 1, 1, 1, 1, 1, 1, 1, 1, 1, 1, 1, 1, 1, 1, 1, 1, 1, 1, 1, 1, 1, 1, 1, 1, 1, 1, 1, 1, 1, 1, 1, 1, 1, 1, 1, 1, 1, 1, 1, 1, 1, 1, 1, 1, 1, 1, 1
-999999, -999999, -999999, -999999, -999999, -999999, -999999, -999999, -999999, -999999, -999999, -999999, -999999, -999999, -999999, -999999, -999999, -999999, -999999, -999999, -999999, -999999, -999999, -999999, -999999, -999999, -999999, -999999, -999999, -999999, -999999, -999999, -999999, -999999, -999999, -999999, -999999, -999999, -999999, -999999, -999999, -999999, -999999, -999999, -999999, -999999, -999999, -999999, -999999, -999999, -999999, -999999, -999999, -999999, -999999, -999999, -999999, -999999, -999999, -999999, -999999, -999999, -999999, -999999, -999999, -999999, -999999, -999999, -999999, -999999, -999999, -999999, -999999, -999999, -999999, -999999, -999999, -999999, -999999, -999999, -999999, -999999, -999999, -999999, -999999, -999999, -999999, -999999, -999999, -999999, -999999, -999999, -999999, -999999, -999999, -999999, -999999, -999999, -999999, -999999, -999999, -999999, -999999, -999999
JDAY, days
INDEX, none
FLIGHT, none
LOCAL_SUN_TIME, hour
LATITUDE, degs
LONGITUDE, degs
ALTP, km
PRESSURE, hPa
TEMPERATURE, K
THETA, K
O3COLUMN, DU
SZA, deg
WNS, m s-1
WND, Degs
GPS_ALT, km
GRD_SPD, m s-1
TAS, m/s
IAS, m/s
MachNumber, mach
VerticalSpeed, m s-1
HDG, degs
TRK, degs
DriftAngle, degs
PITCH, degs
ROLL, degs
PotentialTemp, K
Dewpoint, K
TotalAirTemp, K
CabinPressure, hPa
SolarZenithAngle, degs
AircraftSunElevation, degs
SunAzimuth, degs
AircraftSunAzimuth, degs
H2O_MixingRatio, g kg-1
H2O_VaporPressure, hPa
H2O_SatVaporPressureWater, hPa
H2O_SatVaporPressureIce, hPa
H2O_RelativeHumidity, %
H2O_VolMixingRatio_PICARRO, %
H2O_MassMixingRatio_PICARRO, g kg-1
H2O_VaporPressure_PICARRO, hPa
RHi_PICARRO, %
RHw_PICARRO, %
Dewpoint_PICARRO, K
Ground_Elevation, km
Altitude_AGL, km
GroundHeight_CPL, km
MLH_CPL, km
O3_MixingRatio, ppbv
CO2_MixingRatio_PICARRO, ppmv
CH4_MixingRatio_PICARRO, ppmv
CO_MixingRatio_PICARRO, ppmv
CO2_MoleFraction_PFP, ppm
CH4_MoleFraction_PFP, ppb
CO_MoleFraction_PFP, ppb
N2O_MoleFraction_PFP, ppb
SF6_CCGG_MoleFraction_PFP, ppt
H2_MoleFraction_PFP, ppb
CH4C13_PFP, per mil
CO2C14_PFP, per mil
F11B_MoleFraction_PFP, ppt
FC12_MoleFraction_PFP, ppt
F13_MoleFraction_PFP, ppt
F113_MoleFraction_PFP, ppt
F115_MoleFraction_PFP, ppt
HF133a_MoleFraction_PFP, ppt
F23_MoleFraction_PFP, ppt
F32_MoleFraction_PFP, ppt
F134A_MoleFraction_PFP, ppt
F152A_MoleFraction_PFP, ppt
F125_MoleFraction_PFP, ppt
F143a_MoleFraction_PFP, ppt
F227e_MoleFraction_PFP, ppt
F365m_MoleFraction_PFP, ppt
H1211_MoleFraction_PFP, ppt
H1301_MoleFraction_PFP, ppt
H2402_MoleFraction_PFP, ppt
MCFA_MoleFraction_PFP, ppt
CF4_MoleFraction_PFP, ppt
C2F6_MoleFraction_PFP, ppt
SO2F2_MoleFraction_PFP, ppt
MEBR_MoleFraction_PFP, ppt
CH3I_MoleFraction_PFP, ppt
DIBR_MoleFraction_PFP, ppt
[...]
[from data line 703]
63582,   30,          200704.00,         2.0000000,  12.27664904,   35.71874848,   279.2143189,   6.920179286,   414.6,   239.8299939,   308.4269174,   327,   53.52636965,   33.91991674,   316.7002363,   6.7526,   144,   169.868088,   121.716504,   0.55,   -2.2,   265.28,   249.76,   15.52,   0.02,   0.48,   308.42,   225.6899939,   254.2899939,   789.2,   53.2,   36.58,   -179.4,   -84.26,   0.14,   0.09,   0.376,   0.27,   23.046,   0.02430909091,   0.1508727273,   0.1017545455,   37.51636364,   27.15,   227.3618121,   0.253,   6.4996,   0.4182598,   1.516988,   58.14,   407.405,   1.894515385,   0.1093823529,    -999999,   -999999,   -999999,   -999999,   -999999,   -999999,   -999999,   -999999,   -999999,   -999999,   -999999,   -999999,   -999999,   -999999,   -999999,   -999999,   -999999,   -999999,   -999999,   -999999,   -999999,   -999999,   -999999,   -999999,   -999999,   -999999,   -999999,   -999999,   -999999,   -999999,   -999999,   -999999,   -999999,   -999999,   -999999,   -999999,   -999999,   -999999,   -999999,   -999999,   -999999,   -999999,   -999999,   -999999,   -999999,   -999999,   -999999,   -999999,   -999999,   -999999,   -999999,     -999999  
63587,   30,          200705.00,         2.0000000,  12.27753906,   35.71649934,   279.2068359,   6.908109205,   415,   239.8499939,   308.3676647,   327,   53.52505975,   33.4199269,   316.6597247,   6.7406,   144,   169.456536,   121.40784,   0.55,   -2,   265.08,   249.78,   15.36,   0.06,   0.06,   308.3,   225.1499939,   254.2499939,   787.8,   53.2,   37.06,   -179.36,   -83.96,   0.128,   0.08,   0.38,   0.27,   21.64,   0.0238,   0.1476,   0.099725,   36.7925,   26.6275,   227.1849939,   0.25048,   6.49012,   0.416525,   1.46902,   57.74,   407.43,   1.89505,   0.1102571429,    -999999,   -999999,   -999999,   -999999,   -999999,   -999999,   -999999,   -999999,   -999999,   -999999,   -999999,   -999999,   -999999,   -999999,   -999999,   -999999,   -999999,   -999999,   -999999,   -999999,   -999999,   -999999,   -999999,   -999999,   -999999,   -999999,   -999999,   -999999,   -999999,   -999999,   -999999,   -999999,   -999999,   -999999,   -999999,   -999999,   -999999,   -999999,   -999999,   -999999,   -999999,   -999999,   -999999,   -999999,   -999999,   -999999,   -999999,   -999999,   -999999,   -999999,   -999999,     -999999  
63592,   30,          200706.00,         2.0000000,  12.27842919,   35.71424026,   279.1993546,   6.893722645,   416.2,   239.8899939,   308.16476,   327,   53.52374315,   33.63993059,   316.2798455,   6.7294,   144,   169.662312,   121.716504,   0.55,   -2,   264.92,   249.7,   15.32,   0.12,   0.12,   308.16,   224.7099939,   254.2899939,   786.4,   53.2,   37.04,   -179.3,   -83.76,   0.12,   0.08,   0.38,   0.27,   20.564,   0.024475,   0.1519,   0.1028,   39.1275,   28.235,   227.4549939,   0.24528,   6.48412,   0.430241,   1.58894,   56.66,   407.45,   1.89515,   0.11101,    -999999,   -999999,   -999999,   -999999,   -999999,   -999999,   -999999,   -999999,   -999999,   -999999,   -999999,   -999999,   -999999,   -999999,   -999999,   -999999,   -999999,   -999999,   -999999,   -999999,   -999999,   -999999,   -999999,   -999999,   -999999,   -999999,   -999999,   -999999,   -999999,   -999999,   -999999,   -999999,   -999999,   -999999,   -999999,   -999999,   -999999,   -999999,   -999999,   -999999,   -999999,   -999999,   -999999,   -999999,   -999999,   -999999,   -999999,   -999999,   -999999,   -999999,   -999999,     -999999  
63597,   30,          200707.00,         2.0000000,  12.27931973,   35.71197052,   279.1918793,   6.883908085,   416.6,   239.9299939,   308.1315625,   327,   53.52241943,   33.99988377,   315.5399997,   6.719,   144,   169.7652,   121.92228,   0.55,   -2,   264.78,   249.7,   15.16,   0.2,   0.8,   308.1,   224.8099939,   254.3499939,   782.6,   53.2,   36.36,   -179.3,   -83.6,   0.126,   0.08,   0.38,   0.276,   20.672,   0.02508,   0.15574,   0.10558,   38.918,   28.168,   227.7019939,   0.26356,   6.45544,   0.4206074,   1.76882,   55.62,   407.422,   1.8951,   0.1087380952,    -999999,   -999999,   -999999,   -999999,   -999999,   -999999,   -999999,   -999999,   -999999,   -999999,   -999999,   -999999,   -999999,   -999999,   -999999,   -999999,   -999999,   -999999,   -999999,   -999999,   -999999,   -999999,   -999999,   -999999,   -999999,   -999999,   -999999,   -999999,   -999999,   -999999,   -999999,   -999999,   -999999,   -999999,   -999999,   -999999,   -999999,   -999999,   -999999,   -999999,   -999999,   -999999,   -999999,   -999999,   -999999,   -999999,   -999999,   -999999,   -999999,   -999999,   -999999,     -999999  
63602,   30,          200708.00,         2.0000000,  12.28021037,   35.70971832,   279.1844055,   6.874703125,   417.2,   240.0499939,   308.1589327,   327,   53.52111638,   33.87997157,   315.4800476,   6.7086,   144,   169.662312,   121.92228,   0.55,   -2,   264.82,   249.8,   15.04,   0.22,   0.26,   308.12,   225.1099939,   254.3499939,   778,   53.2,   36.78,   -179.3,   -83.54,   0.13,   0.08,   0.38,   0.28,   21.196,   0.02548888889,   0.1580555556,   0.1073222222,   39.50222222,   28.59222222,   227.8533272,   0.24684,   6.46176,   0.4109754,   1.744836,   57,   407.42,   1.89505,   0.11033,    -999999,   -999999,   -999999,   -999999,   -999999,   -999999,   -999999,   -999999,   -999999,   -999999,   -999999,   -999999,   -999999,   -999999,   -999999,   -999999,   -999999,   -999999,   -999999,   -999999,   -999999,   -999999,   -999999,   -999999,   -999999,   -999999,   -999999,   -999999,   -999999,   -999999,   -999999,   -999999,   -999999,   -999999,   -999999,   -999999,   -999999,   -999999,   -999999,   -999999,   -999999,   -999999,   -999999,   -999999,   -999999,   -999999,   -999999,   -999999,   -999999,   -999999,   -999999,     -999999  
63607,   30,          200709.00,         2.0000000,  12.28110192,   35.70746916,   279.1769455,   6.862084405,   418,   240.1099939,   308.067291,   327,   53.51982041,   33.75998756,   315.3600115,   6.697,   144,   169.25076,   121.92228,   0.55,   -2,   264.68,   249.72,   14.96,   0.14,   -0.04,   308.08,   225.7699939,   254.4699939,   773.6,   53.2,   37.18,   -179.3,   -83.42,   0.138,   0.088,   0.386,   0.28,   22.584,   0.02694444444,   0.1671777778,   0.1136888889,   41.02888889,   29.75444444,   228.3766606,   0.23988,   6.45712,   0.402523,   1.684876,   54.08,   407.46,   1.895,   0.1066,    -999999,   -999999,   -999999,   -999999,   -999999,   -999999,   -999999,   -999999,   -999999,   -999999,   -999999,   -999999,   -999999,   -999999,   -999999,   -999999,   -999999,   -999999,   -999999,   -999999,   -999999,   -999999,   -999999,   -999999,   -999999,   -999999,   -999999,   -999999,   -999999,   -999999,   -999999,   -999999,   -999999,   -999999,   -999999,   -999999,   -999999,   -999999,   -999999,   -999999,   -999999,   -999999,   -999999,   -999999,   -999999,   -999999,   -999999,   -999999,   -999999,   -999999,   -999999,     -999999  
63612,   30,          200710.00,         2.0000000,  12.28199358,   35.7052063,   279.169487,   6.845442325,   418.8,   240.2099939,   308.0272726,   327,   53.518514,   33.75996689,   315.3598931,   6.6848,   144,   169.353648,   121.92228,   0.55,   -2,   264.6,   249.68,   15,   0.04,   0.5,   308,   226.4899939,   254.6099939,   768.4,   53.2,   36.74,   -179.3,   -83.46,   0.15,   0.096,   0.39,   0.28,   24.22,   0.027,   0.16762,   0.11424,   41.216,   29.888,   228.4139939,   0.25868,   6.42612,   0.427243,   1.481012,   57,   407.455,   1.89495,   0.1089117647,    -999999,   -999999,   -999999,   -999999,   -999999,   -999999,   -999999,   -999999,   -999999,   -999999,   -999999,   -999999,   -999999,   -999999,   -999999,   -999999,   -999999,   -999999,   -999999,   -999999,   -999999,   -999999,   -999999,   -999999,   -999999,   -999999,   -999999,   -999999,   -999999,   -999999,   -999999,   -999999,   -999999,   -999999,   -999999,   -999999,   -999999,   -999999,   -999999,   -999999,   -999999,   -999999,   -999999,   -999999,   -999999,   -999999,   -999999,   -999999,   -999999,   -999999,   -999999,     -999999  
63617,   30,          200711.00,         2.0000000,  12.28288513,   35.70295028,   279.162027,   6.835140084,   419.4,   240.3899939,   308.132027,   327,   53.51721739,   34.05994609,   315.0597759,   6.6726,   144,   169.7652,   121.92228,   0.55,   -2,   264.68,   249.72,   15,   0.04,   0.64,   308.04,   226.9499939,   254.7899939,   764,   53.2,   36.46,   -179.28,   -83.5,   0.158,   0.1,   0.396,   0.29,   25.154,   0.0276,   0.17125,   0.116925,   42.19,   30.59,   228.6249939,   0.26124,   6.41136,   0.4512148,   1.499,   57.2,   407.4775,   1.894855556,   0.1129,    -999999,   -999999,   -999999,   -999999,   -999999,   -999999,   -999999,   -999999,   -999999,   -999999,   -999999,   -999999,   -999999,   -999999,   -999999,   -999999,   -999999,   -999999,   -999999,   -999999,   -999999,   -999999,   -999999,   -999999,   -999999,   -999999,   -999999,   -999999,   -999999,   -999999,   -999999,   -999999,   -999999,   -999999,   -999999,   -999999,   -999999,   -999999,   -999999,   -999999,   -999999,   -999999,   -999999,   -999999,   -999999,   -999999,   -999999,   -999999,   -999999,   -999999,   -999999,     -999999  
63622,   30,          200712.00,         2.0000000,  12.28377689,   35.700708,   279.15457,   6.822033684,   420.4,   240.4099939,   307.9480533,   327,   53.51593778,   34.49981941,   314.4396521,   6.6604,   143.2,   170.27964,   122.43672,   0.55,   -2,   264.64,   249.8,   14.88,   0.12,   0.12,   307.94,   227.5099939,   254.9099939,   760,   53.2,   36.94,   -179.2,   -83.42,   0.166,   0.106,   0.4,   0.29,   26.626,   0.028525,   0.177025,   0.121075,   42.795,   31.0875,   228.9524939,   0.28196,   6.37844,   0.4521648,   1.499,   58.46,   407.4657143,   1.894654545,   0.1124,    -999999,   -999999,   -999999,   -999999,   -999999,   -999999,   -999999,   -999999,   -999999,   -999999,   -999999,   -999999,   -999999,   -999999,   -999999,   -999999,   -999999,   -999999,   -999999,   -999999,   -999999,   -999999,   -999999,   -999999,   -999999,   -999999,   -999999,   -999999,   -999999,   -999999,   -999999,   -999999,   -999999,   -999999,   -999999,   -999999,   -999999,   -999999,   -999999,   -999999,   -999999,   -999999,   -999999,   -999999,   -999999,   -999999,   -999999,   -999999,   -999999,   -999999,   -999999,     -999999  
63627,   30,          200713.00,         2.0000000,  12.28466905,   35.69846268,   279.1471191,   6.810146484,   421,   240.5099939,   307.9506355,   327,   53.51465867,   34.65992854,   313.9796884,   6.6498,   143,   170.176752,   122.539608,   0.55,   -2,   264.48,   249.72,   14.8,   0.22,   0.06,   307.94,   227.9299939,   255.0299939,   756,   53.2,   37.14,   -179.2,   -83.14,   0.172,   0.11,   0.4,   0.29,   27.568,   0.02967,   0.18406,   0.1261,   43.315,   31.547,   229.3249939,   0.26124,   6.38856,   0.4167456,   1.46902,   56.46,   407.445,   1.894383333,   0.11025,    -999999,   -999999,   -999999,   -999999,   -999999,   -999999,   -999999,   -999999,   -999999,   -999999,   -999999,   -999999,   -999999,   -999999,   -999999,   -999999,   -999999,   -999999,   -999999,   -999999,   -999999,   -999999,   -999999,   -999999,   -999999,   -999999,   -999999,   -999999,   -999999,   -999999,   -999999,   -999999,   -999999,   -999999,   -999999,   -999999,   -999999,   -999999,   -999999,   -999999,   -999999,   -999999,   -999999,   -999999,   -999999,   -999999,   -999999,   -999999,   -999999,   -999999,   -999999,     -999999  
63632,   30,          200714.00,         2.0000000,  12.28556193,   35.69621124,   279.139679,   6.801551124,   421.6,   240.6899939,   308.0557342,   327,   53.51337733,   34.55990333,   313.9600686,   6.64,   143,   169.7652,   122.43672,   0.55,   -1.6,   264.38,   249.7,   14.78,   0.32,   0.46,   308.04,   228.0699939,   255.1499939,   755.2,   53.2,   36.7,   -179.2,   -82.98,   0.18,   0.11,   0.41,   0.3,   27.54,   0.0311,   0.19289,   0.13231,   45.261,   32.977,   229.7709939,   0.26922,   6.37078,   0.431996,   1.46902,   56.3,   407.434,   1.894172727,   0.111975,    -999999,   -999999,   -999999,   -999999,   -999999,   -999999,   -999999,   -999999,   -999999,   -999999,   -999999,   -999999,   -999999,   -999999,   -999999,   -999999,   -999999,   -999999,   -999999,   -999999,   -999999,   -999999,   -999999,   -999999,   -999999,   -999999,   -999999,   -999999,   -999999,   -999999,   -999999,   -999999,   -999999,   -999999,   -999999,   -999999,   -999999,   -999999,   -999999,   -999999,   -999999,   -999999,   -999999,   -999999,   -999999,   -999999,   -999999,   -999999,   -999999,   -999999,   -999999,     -999999  
63637,   30,          200715.00,         2.0000000,  12.28645552,   35.69396134,   279.1322495,   6.793626324,   422,   240.7299939,   308.0234601,   327,   53.5121014,   34.61997024,   314.0200458,   6.633,   143,   169.559424,   122.333832,   0.55,   -1,   264.5,   249.7,   14.86,   0.42,   0.6,   307.98,   228.1899939,   255.1499939,   754.6,   53.2,   36.46,   -179.2,   -83.06,   0.18,   0.11,   0.41,   0.3,   27.778,   0.031025,   0.192375,   0.13205,   44.095,   32.1975,   229.7549939,   0.2643,   6.3687,   0.4254116,   1.46902,   57.54,   407.444,   1.89445,   0.1100285714,    -999999,   -999999,   -999999,   -999999,   -999999,   -999999,   -999999,   -999999,   -999999,   -999999,   -999999,   -999999,   -999999,   -999999,   -999999,   -999999,   -999999,   -999999,   -999999,   -999999,   -999999,   -999999,   -999999,   -999999,   -999999,   -999999,   -999999,   -999999,   -999999,   -999999,   -999999,   -999999,   -999999,   -999999,   -999999,   -999999,   -999999,   -999999,   -999999,   -999999,   -999999,   -999999,   -999999,   -999999,   -999999,   -999999,   -999999,   -999999,   -999999,   -999999,   -999999,     -999999  
63642,   30,          200716.00,         2.0000000,  12.28735043,   35.6917244,   279.1248398,   6.782714484,   422.8,   240.9299939,   308.1125951,   327,   53.51084292,   34.41952568,   314.2779809,   6.6266,   142.8,   169.147872,   122.025168,   0.542,   -1,   264.58,   249.7,   14.86,   0.38,   0.34,   308.08,   228.2699939,   255.2499939,   755.4,   53.2,   36.78,   -179.2,   -83.06,   0.18,   0.114,   0.418,   0.306,   27.524,   0.03043333333,   0.1890222222,   0.1298444444,   43.03777778,   31.44333333,   229.5988828,   0.26742,   6.35918,   0.4193092,   1.46902,   56.28,   407.42,   1.89445,   0.108785,    -999999,   -999999,   -999999,   -999999,   -999999,   -999999,   -999999,   -999999,   -999999,   -999999,   -999999,   -999999,   -999999,   -999999,   -999999,   -999999,   -999999,   -999999,   -999999,   -999999,   -999999,   -999999,   -999999,   -999999,   -999999,   -999999,   -999999,   -999999,   -999999,   -999999,   -999999,   -999999,   -999999,   -999999,   -999999,   -999999,   -999999,   -999999,   -999999,   -999999,   -999999,   -999999,   -999999,   -999999,   -999999,   -999999,   -999999,   -999999,   -999999,   -999999,   -999999,     -999999  
