inputs/ACTAMERICA_Merge/C130/ACTAMERICA-mrg05-c130_merge_20180515_R0.ict
145, 1001
Shook, Michael
NASA Chemistry and Dynamics Branch, NASA Langley Research Center
Merged data file for ACT-AMERICA 2018, Flight 14 (20180515), on the c130 platform. Data is merged to 05 seconds.
NASA ACT-AMERICA 2018
1, 1
2018, 05, 15, 2018, 10, 16
05
UTC,s
106
1, 1, 1, 1, 1, 1, 1, 1, 1, 1, 1, 1, 1, 1, 1, 1, 1, 1, 1, 1, 1, 1, 1, 1, 1, 1, 1, 1, 1, 1, 1, 1, 1, 1, 1, 1, 1, 1, 1, 1, 1, 1, 1, 1, 1, 1, 1, 1, 1, 1, 1, 1, 1, 1, 1, 1, 1, 1, 1, 1, 1, 1, 1, 1, 1, 1, 1, 1, 1, 1, 1, 1, 1, 1, 1, 1, 1, 1, 1, 1, 1, 1, 1, 1, 1, 1, 1, 1, 1, 1, 1, 1, 1, 1, 1, 1, 1, 1, 1, 1, 1, 1, 1, 1, 1, 1
-999999, -999999, -999999, -999999, -999999, -999999, -999999, -999999, -999999, -999999, -999999, -999999, -999999, -999999, -999999, -999999, -999999, -999999, -999999, -999999, -999999, -999999, -999999, -999999, -999999, -999999, -999999, -999999, -999999, -999999, -999999, -999999, -999999, -999999, -999999, -999999, -999999, -999999, -999999, -999999, -999999, -999999, -999999, -999999, -999999, -999999, -999999, -999999, -999999, -999999, -999999, -999999, -999999, -999999, -999999, -999999, -999999, -999999, -999999, -999999, -999999, -999999, -999999, -999999, -999999, -999999, -999999, -999999, -999999, -999999, -999999, -999999, -999999, -999999, -999999, -999999, -999999, -999999, -999999, -999999, -999999, -999999, -999999, -999999, -999999, -999999, -999999, -999999, -999999, -999999, -999999, -999999, -999999, -999999, -999999, -999999, -999999, -999999, -999999, -999999, -999999, -999999, -999999, -999999, -999999, -999999
JDAY, days
INDEX, none
FLIGHT, none
LOCAL_SUN_TIME, hour
LATITUDE, degs
LONGITUDE, degs
ALTP, km
PRESSURE, hPa
TEMPERATURE, K
THETA, K, calculated from ambient temperature and pressure
O3COLUMN, DU, OMI ozone column data extracted along flight track
SZA, deg
WNS, m s-1
WND, Degs
GPS_ALT, km
Radar_ALT, km
GRD_SPD, m s-1
TAS, m/s
IAS, m/s
MachNumber, mach
VerticalSpeed, m s-1
HDG, degs
TRK, degs
DriftAngle, degs
PITCH, degs
ROLL, degs
PotentialTemp_Nav, K
Dewpoint_Nav, K
TotalAirTemp, K
CabinPressure, hPa
SolarZenithAngle, degs
AircraftSunElevation, degs
SunAzimuth, degs
AircraftSunAzimuth, degs
H2O_MixingRatio_Nav, g kg-1
H2O_VaporPressure_Nav, hPa
H2O_SatVaporPressureWater_Nav, hPa
H2O_SatVaporPressureIce_Nav, hPa
H2O_RelativeHumidity_Nav, %
ManeuverFlag, none
H2O_VolMixingRatio_PICARRO, %
H2O_MassMixingRatio_PICARRO, g kg-1
H2O_VaporPressure_PICARRO, hPa
RHi_PICARRO, %
RHw_PICARRO, %
Dewpoint_PICARRO, K
GroundElevation-AMSL_GoogleMaps, km
Altitude-AGL_GoogleMaps, km
GroundHeight-AMSL_CPL, km
MLH-AMSL_CPL, km
O3_MixingRatio, ppbv
CO2_DryMoleFrac_PICARRO, ppm
CH4_DryMoleFrac_PICARRO, ppm
CO_DryMoleFrac_PICARRO, ppm
CO2_MoleFraction_PFP, ppm
CH4_MoleFraction_PFP, ppb
CO_MoleFraction_PFP, ppb
N2O_MoleFraction_PFP, ppb
SF6_CCGG_MoleFraction_PFP, ppt
H2_MoleFraction_PFP, ppb
CH4C13_MoleFraction_PFP, permil
CO2C14_MoleFraction_PFP, permil
F11B_MoleFraction_PFP, ppt
FC12_MoleFraction_PFP, ppt
F13_MoleFraction_PFP, ppt
F113_MoleFraction_PFP, ppt
F115_MoleFraction_PFP, ppt
HF133a_MoleFraction_PFP, ppt
F23_MoleFraction_PFP, ppt
F32_MoleFraction_PFP, ppt
F134A_MoleFraction_PFP, ppt
F152A_MoleFraction_PFP, ppt
F125_MoleFraction_PFP, ppt
F143a_MoleFraction_PFP, ppt
F227e_MoleFraction_PFP, ppt
F365m_MoleFraction_PFP, ppt
H1211_MoleFraction_PFP, ppt
H1301_MoleFraction_PFP, ppt
[...]
[from data line 1774]
59217,   135,          1401775.0,         14.000000,  11.19066199,   37.92329102,   281.1120132,   5.189890624,   526.48,   263.5499939,   316.5688597,   319,   21.85408787,   11.1197797,   230.9383097,   5.4546,   4.651369977,   131.34,   127.0769688,   96.62212081,   0.39,   3.68,   119.14,   114.88,   4.26,   4.46,   0.14,   316.6,   257.1099939,   271.5699939,   918.4,   21.46,   64.78,   148.92,   25.32,   2.234,   1.776,   2.986,   2.724,   59.42,    -999999,  0.3396181818,   2.107927273,   1.7898,   68.65090909,   62.30818182,   257.3445394,   0.75408,   4.70052,   0.7564524,   2.410392,   53.56,   411.35,   1.87467,   0.09185,    -999999,   -999999,   -999999,   -999999,   -999999,   -999999,   -999999,   -999999,   -999999,   -999999,   -999999,   -999999,   -999999,   -999999,   -999999,   -999999,   -999999,   -999999,   -999999,   -999999,   -999999,   -999999,   -999999,   -999999,   -999999,   -999999,   -999999,   -999999,   -999999,   -999999,   -999999,   -999999,   -999999,   -999999,   -999999,   -999999,   -999999,   -999999,   -999999,   -999999,   -999999,   -999999,   -999999,   -999999,   -999999,   -999999,   -999999,   -999999,   -999999,   -999999,   -999999,     -999999  
59222,   135,          1401776.0,         14.000000,  11.19250275,   37.92080154,   281.1187912,   5.208971104,   525.08,   263.3099939,   316.5212883,   319,   21.84034453,   10.93992968,   231.0212058,   5.474,   4.805293979,   131.52,   127.3341888,   96.75587521,   0.39,   3.66,   119,   114.84,   4.16,   4.4,   -0.32,   316.56,   257.0099939,   271.3899939,   918.2,   21.4,   64.64,   149,   26.44,   2.222,   1.76,   2.932,   2.668,   60.046,    -999999,  0.33895,   2.1038,   1.7816,   69.7825,   63.1875,   257.2899939,   0.54018,   4.93382,   0.60205,   2.45836,   53.1,   411.37,   1.8743,   0.08801578947,    -999999,   -999999,   -999999,   -999999,   -999999,   -999999,   -999999,   -999999,   -999999,   -999999,   -999999,   -999999,   -999999,   -999999,   -999999,   -999999,   -999999,   -999999,   -999999,   -999999,   -999999,   -999999,   -999999,   -999999,   -999999,   -999999,   -999999,   -999999,   -999999,   -999999,   -999999,   -999999,   -999999,   -999999,   -999999,   -999999,   -999999,   -999999,   -999999,   -999999,   -999999,   -999999,   -999999,   -999999,   -999999,   -999999,   -999999,   -999999,   -999999,   -999999,   -999999,     -999999  
59227,   135,          1401777.0,         14.000000,  11.19434421,   37.91831284,   281.1255798,   5.223723425,   524.06,   263.1499939,   316.5047422,   319,   21.82661472,   11.01736642,   233.6368532,   5.4918,   4.962814621,   131.76,   127.06668,   96.48836641,   0.39,   3.54,   118.94,   114.82,   4.12,   4.56,   0.22,   316.54,   256.9499939,   271.2099939,   916.6,   21.4,   64.78,   149.06,   25.34,   2.212,   1.752,   2.898,   2.628,   60.47,    -999999,  0.342825,   2.127825,   1.797525,   71.685,   64.78,   257.3974939,   0.35516,   5.13664,    -999999,   -999999,  53.46,   411.4,   1.874627273,   0.08939285714,    -999999,   -999999,   -999999,   -999999,   -999999,   -999999,   -999999,   -999999,   -999999,   -999999,   -999999,   -999999,   -999999,   -999999,   -999999,   -999999,   -999999,   -999999,   -999999,   -999999,   -999999,   -999999,   -999999,   -999999,   -999999,   -999999,   -999999,   -999999,   -999999,   -999999,   -999999,   -999999,   -999999,   -999999,   -999999,   -999999,   -999999,   -999999,   -999999,   -999999,   -999999,   -999999,   -999999,   -999999,   -999999,   -999999,   -999999,   -999999,   -999999,   -999999,   -999999,     -999999  
59232,   135,          1401778.0,         14.000000,  11.19618598,   37.91582032,   281.1323731,   5.244876545,   522.6,   262.9499939,   316.5163841,   319,   21.8128972,   10.81972117,   235.3201505,   5.509,   5.203118944,   131.92,   127.0255248,   96.36490081,   0.39,   3.56,   118.84,   114.84,   4,   4.6,   0,   316.62,   257.0099939,   271.0099939,   916.2,   21.4,   64.7,   149.1,   25.9,   2.234,   1.762,   2.856,   2.586,   61.712,    -999999,  0.352525,   2.18815,   1.844025,   74.1775,   66.9725,   257.7024939,   0.25452,   5.25448,   0.346094,   2.51832,   52.08,   411.44,   1.875842857,   0.0877,    -999999,   -999999,   -999999,   -999999,   -999999,   -999999,   -999999,   -999999,   -999999,   -999999,   -999999,   -999999,   -999999,   -999999,   -999999,   -999999,   -999999,   -999999,   -999999,   -999999,   -999999,   -999999,   -999999,   -999999,   -999999,   -999999,   -999999,   -999999,   -999999,   -999999,   -999999,   -999999,   -999999,   -999999,   -999999,   -999999,   -999999,   -999999,   -999999,   -999999,   -999999,   -999999,   -999999,   -999999,   -999999,   -999999,   -999999,   -999999,   -999999,   -999999,   -999999,     -999999  
59237,   135,          1401779.0,         14.000000,  11.19802846,   37.91332474,   281.1391769,   5.256824705,   521.74,   262.8299939,   316.5208468,   319,   21.79919009,   10.95972709,   235.09945,   5.5268,   5.317845666,   132.04,   127.1387016,   96.38547841,   0.39,   3.62,   118.88,   114.8,   4.02,   4.64,   0,   316.56,   257.2899939,   270.8899939,   915.8,   21.4,   64.62,   149.2,   25.9,   2.294,   1.806,   2.824,   2.558,   64.002,    -999999,  0.3561,   2.2101,   1.858375,   76.4475,   68.855,   257.7974939,   0.21926,   5.30754,   0.3576012,   2.524316,   56.4,   411.538,   1.87705,   0.09158095238,    -999999,   -999999,   -999999,   -999999,   -999999,   -999999,   -999999,   -999999,   -999999,   -999999,   -999999,   -999999,   -999999,   -999999,   -999999,   -999999,   -999999,   -999999,   -999999,   -999999,   -999999,   -999999,   -999999,   -999999,   -999999,   -999999,   -999999,   -999999,   -999999,   -999999,   -999999,   -999999,   -999999,   -999999,   -999999,   -999999,   -999999,   -999999,   -999999,   -999999,   -999999,   -999999,   -999999,   -999999,   -999999,   -999999,   -999999,   -999999,   -999999,   -999999,   -999999,     -999999  
59242,   135,          1401780.0,         14.000000,  11.19987145,   37.91082994,   281.1459885,   5.276514785,   520.38,   262.6299939,   316.5159392,   319,   21.78549795,   11.39833018,   234.0863183,   5.5446,   5.343205026,   132.14,   127.221012,   96.36490081,   0.39,   3.76,   119.04,   114.8,   4.24,   4.64,   0.06,   316.58,   257.6699939,   270.7099939,   914.8,   21.4,   64.68,   149.24,   25.64,   2.37,   1.862,   2.782,   2.514,   66.872,    -999999,  0.3516,   2.182333333,   1.831166667,   76.31333333,   68.63333333,   257.6166606,   0.23314,   5.31146,   0.3397196,   2.536308,   53.46,   411.525,   1.8764,   0.09464166667,    -999999,   -999999,   -999999,   -999999,   -999999,   -999999,   -999999,   -999999,   -999999,   -999999,   -999999,   -999999,   -999999,   -999999,   -999999,   -999999,   -999999,   -999999,   -999999,   -999999,   -999999,   -999999,   -999999,   -999999,   -999999,   -999999,   -999999,   -999999,   -999999,   -999999,   -999999,   -999999,   -999999,   -999999,   -999999,   -999999,   -999999,   -999999,   -999999,   -999999,   -999999,   -999999,   -999999,   -999999,   -999999,   -999999,   -999999,   -999999,   -999999,   -999999,   -999999,     -999999  
59247,   135,          1401781.0,         14.000000,  11.20171475,   37.90833284,   281.1528046,   5.296692545,   518.96,   262.5099939,   316.6184104,   319,   21.77181953,   11.17960465,   232.7098409,   5.564,   5.350946946,   132.2,   127.58112,   96.52952161,   0.39,   3.9,   119,   114.8,   4.2,   4.66,   -0.18,   316.68,   257.6899939,   270.6099939,   913.8,   21.4,   64.58,   149.3,   26.16,   2.378,   1.862,   2.75,   2.484,   67.69,    -999999,  0.3475272727,   2.157109091,   1.805454545,   75.94454545,   68.23454545,   257.4490848,   0.23372,   5.33028,   0.322289,   2.51832,   56.9,   411.51,   1.8764,   0.08986190476,    -999999,   -999999,   -999999,   -999999,   -999999,   -999999,   -999999,   -999999,   -999999,   -999999,   -999999,   -999999,   -999999,   -999999,   -999999,   -999999,   -999999,   -999999,   -999999,   -999999,   -999999,   -999999,   -999999,   -999999,   -999999,   -999999,   -999999,   -999999,   -999999,   -999999,   -999999,   -999999,   -999999,   -999999,   -999999,   -999999,   -999999,   -999999,   -999999,   -999999,   -999999,   -999999,   -999999,   -999999,   -999999,   -999999,   -999999,   -999999,   -999999,   -999999,   -999999,     -999999  
59252,   135,          1401782.0,         14.000000,  11.20355815,   37.90583954,   281.1596222,   5.314980546,   517.66,   262.3899939,   316.7005471,   319,   21.7581613,   10.8596478,   233.5909768,   5.5834,   5.388254467,   132.28,   127.6428528,   96.49865521,   0.39,   3.72,   118.76,   114.72,   4.04,   4.6,   0.1,   316.76,   257.3299939,   270.5299939,   913.6,   21.4,   64.78,   149.38,   25.94,   2.318,   1.81,   2.73,   2.46,   66.288,    -999999,  0.3558571429,   2.208714286,   1.8438,   78.71,   70.60571429,   257.702851,   0.2083,   5.3751,   0.3283982,   2.51832,   54.42,   411.528,   1.877284615,   0.08757142857,    -999999,   -999999,   -999999,   -999999,   -999999,   -999999,   -999999,   -999999,   -999999,   -999999,   -999999,   -999999,   -999999,   -999999,   -999999,   -999999,   -999999,   -999999,   -999999,   -999999,   -999999,   -999999,   -999999,   -999999,   -999999,   -999999,   -999999,   -999999,   -999999,   -999999,   -999999,   -999999,   -999999,   -999999,   -999999,   -999999,   -999999,   -999999,   -999999,   -999999,   -999999,   -999999,   -999999,   -999999,   -999999,   -999999,   -999999,   -999999,   -999999,   -999999,   -999999,     -999999  
59257,   135,          1401783.0,         14.000000,  11.20540215,   37.90334322,   281.166449,   5.331439746,   516.54,   262.3099939,   316.799975,   319,   21.74451434,   11.35941693,   232.6103815,   5.602,   5.357774466,   132.32,   127.684008,   96.42663361,   0.39,   3.66,   119.14,   114.86,   4.26,   4.6,   0.4,   316.84,   257.0299939,   270.4299939,   912.6,   21.3,   64.86,   149.42,   25.12,   2.266,   1.764,   2.71,   2.442,   65.154,    -999999,  0.3478,   2.158555556,   1.797844444,   76.99222222,   69.03888889,   257.3988828,   0.19328,   5.40872,   0.376555,   2.5483,   55.18,   411.54,   1.877315385,   0.09172857143,    -999999,   -999999,   -999999,   -999999,   -999999,   -999999,   -999999,   -999999,   -999999,   -999999,   -999999,   -999999,   -999999,   -999999,   -999999,   -999999,   -999999,   -999999,   -999999,   -999999,   -999999,   -999999,   -999999,   -999999,   -999999,   -999999,   -999999,   -999999,   -999999,   -999999,   -999999,   -999999,   -999999,   -999999,   -999999,   -999999,   -999999,   -999999,   -999999,   -999999,   -999999,   -999999,   -999999,   -999999,   -999999,   -999999,   -999999,   -999999,   -999999,   -999999,   -999999,     -999999  
59262,   135,          1401784.0,         14.000000,  11.20724565,   37.9008377,   281.1732681,   5.351800386,   515.14,   262.1299939,   316.8281677,   319,   21.73088042,   11.3995181,   231.2800028,   5.6206,   5.164592224,   132.4,   127.9720944,   96.56038801,   0.39,   3.68,   119.2,   114.88,   4.32,   4.6,   -0.22,   316.9,   256.9099939,   270.3299939,   911.6,   21.3,   64.66,   149.5,   26.32,   2.248,   1.746,   2.674,   2.406,   65.218,    -999999,  0.343825,   2.134191667,   1.772783333,   77.40083333,   69.25583333,   257.2316606,   0.25586,   5.36474,   0.526262,   2.48834,   57.5,   411.532,   1.877085714,   0.08790555556,    -999999,   -999999,   -999999,   -999999,   -999999,   -999999,   -999999,   -999999,   -999999,   -999999,   -999999,   -999999,   -999999,   -999999,   -999999,   -999999,   -999999,   -999999,   -999999,   -999999,   -999999,   -999999,   -999999,   -999999,   -999999,   -999999,   -999999,   -999999,   -999999,   -999999,   -999999,   -999999,   -999999,   -999999,   -999999,   -999999,   -999999,   -999999,   -999999,   -999999,   -999999,   -999999,   -999999,   -999999,   -999999,   -999999,   -999999,   -999999,   -999999,   -999999,   -999999,     -999999  
59267,   135,          1401785.0,         14.000000,  11.20908976,   37.89833452,   281.1800964,   5.367710946,   514,   261.9899939,   316.8594576,   319,   21.71726242,   11.55993409,   230.220243,   5.6392,   5.120091423,   132.44,   128.1161376,   96.60154321,   0.392,   3.74,   119.18,   114.76,   4.4,   4.66,   -0.3,   316.92,   256.8499939,   270.1899939,   911.4,   21.3,   64.54,   149.56,   26.4,   2.24,   1.74,   2.642,   2.372,   65.772,    -999999,  0.3436444444,   2.132888889,   1.767788889,   77.76888889,   69.53222222,   257.1977717,   0.39254,   5.24666,   0.5347856,   2.48834,   54.9,   411.55,   1.8772,   0.0898,    -999999,   -999999,   -999999,   -999999,   -999999,   -999999,   -999999,   -999999,   -999999,   -999999,   -999999,   -999999,   -999999,   -999999,   -999999,   -999999,   -999999,   -999999,   -999999,   -999999,   -999999,   -999999,   -999999,   -999999,   -999999,   -999999,   -999999,   -999999,   -999999,   -999999,   -999999,   -999999,   -999999,   -999999,   -999999,   -999999,   -999999,   -999999,   -999999,   -999999,   -999999,   -999999,   -999999,   -999999,   -999999,   -999999,   -999999,   -999999,   -999999,   -999999,   -999999,     -999999  
59272,   135,          1401786.0,         14.000000,  11.21093408,   37.89584198,   281.1869278,   5.388071587,   512.6,   261.8099939,   316.8886058,   319,   21.70366995,   11.49977534,   228.4001744,   5.658,   5.122285983,   132.4,   128.4248016,   96.74558641,   0.4,   3.86,   119.14,   114.7,   4.46,   4.62,   0.06,   316.96,   256.8499939,   270.0499939,   911.2,   21.3,   64.76,   149.6,   25.92,   2.25,   1.74,   2.606,   2.336,   66.764,    -999999,  0.34435,   2.1374,   1.766975,   79.6825,   71.05,   257.1899939,   0.44718,   5.21082,   0.552896,   2.48834,   56.1,   411.52,   1.877053846,   0.08829411765,    -999999,   -999999,   -999999,   -999999,   -999999,   -999999,   -999999,   -999999,   -999999,   -999999,   -999999,   -999999,   -999999,   -999999,   -999999,   -999999,   -999999,   -999999,   -999999,   -999999,   -999999,   -999999,   -999999,   -999999,   -999999,   -999999,   -999999,   -999999,   -999999,   -999999,   -999999,   -999999,   -999999,   -999999,   -999999,   -999999,   -999999,   -999999,   -999999,   -999999,   -999999,   -999999,   -999999,   -999999,   -999999,   -999999,   -999999,   -999999,   -999999,   -999999,   -999999,     -999999  
