inputs/ACTAMERICA_Merge/C130/ACTAMERICA-mrg05-c130_merge_20170307_R0.ict
143, 1001
Shook, Michael
NASA Atmospheric Composition Branch, NASA Langley Research Center (SSAI)
Merged data file for ACT-AMERICA 2017, Flight 18 (20170307), on the c130 platform. Data is merged to 05 seconds.
NASA ACT-AMERICA 2017
1, 1
2017, 03, 07, 2018, 02, 23
05
UTC,s
104
1, 1, 1, 1, 1, 1, 1, 1, 1, 1, 1, 1, 1, 1, 1, 1, 1, 1, 1, 1, 1, 1, 1, 1, 1, 1, 1, 1, 1, 1, 1, 1, 1, 1, 1, 1, 1, 1, 1, 1, 1, 1, 1, 1, 1, 1, 1, 1, 1, 1, 1, 1, 1, 1, 1, 1, 1, 1, 1, 1, 1, 1, 1, 1, 1, 1, 1, 1, 1, 1, 1, 1, 1, 1, 1, 1, 1, 1, 1, 1, 1, 1, 1, 1, 1, 1, 1, 1, 1, 1, 1, 1, 1, 1, 1, 1, 1, 1, 1, 1, 1, 1, 1, 1
-999999, -999999, -999999, -999999, -999999, -999999, -999999, -999999, -999999, -999999, -999999, -999999, -999999, -999999, -999999, -999999, -999999, -999999, -999999, -999999, -999999, -999999, -999999, -999999, -999999, -999999, -999999, -999999, -999999, -999999, -999999, -999999, -999999, -999999, -999999, -999999, -999999, -999999, -999999, -999999, -999999, -999999, -999999, -999999, -999999, -999999, -999999, -999999, -999999, -999999, -999999, -999999, -999999, -999999, -999999, -999999, -999999, -999999, -999999, -999999, -999999, -999999, -999999, -999999, -999999, -999999, -999999, -999999, -999999, -999999, -999999, -999999, -999999, -999999, -999999, -999999, -999999, -999999, -999999, -999999, -999999, -999999, -999999, -999999, -999999, -999999, -999999, -999999, -999999, -999999, -999999, -999999, -999999, -999999, -999999, -999999, -999999, -999999, -999999, -999999, -999999, -999999, -999999, -999999
JDAY, days
INDEX, none
FLIGHT, none
LOCAL_SUN_TIME, hour
LATITUDE, degs
LONGITUDE, degs
ALTP, km
PRESSURE, hPa
TEMPERATURE, K
THETA, K
O3COLUMN, DU
SZA, deg
WNS, m s-1
WND, Degs
GPS_ALT, km
GRD_SPD, m s-1
TAS, m/s
IAS, m/s
MachNumber, mach
VerticalSpeed, m s-1
HDG, degs
TRK, degs
DriftAngle, degs
PITCH, degs
ROLL, degs
PotentialTemp, K
Dewpoint, K
TotalAirTemp, K
CabinPressure, hPa
SolarZenithAngle, degs
AircraftSunElevation, degs
SunAzimuth, degs
AircraftSunAzimuth, degs
H2O_MixingRatio, g kg-1
H2O_VaporPressure, hPa
H2O_SatVaporPressureWater, hPa
H2O_SatVaporPressureIce, hPa
H2O_RelativeHumidity, %
H2O_VolMixingRatio_PICARRO, %
H2O_MassMixingRatio_PICARRO, g kg-1
H2O_VaporPressure_PICARRO, hPa
RHi_PICARRO, %
RHw_PICARRO, %
Dewpoint_PICARRO, K
Ground_Elevation, km
Altitude_AGL, km
GroundHeight_CPL, km
MLH_CPL, km
O3_MixingRatio, ppbv
CO2_MixingRatio_PICARRO, ppmv
CH4_MixingRatio_PICARRO, ppmv
CO_MixingRatio_PICARRO, ppmv
CO2_MoleFraction_PFP, ppm
CH4_MoleFraction_PFP, ppb
CO_MoleFraction_PFP, ppb
N2O_MoleFraction_PFP, ppb
SF6_CCGG_MoleFraction_PFP, ppt
H2_MoleFraction_PFP, ppb
CH4C13_PFP, per mil
CO2C14_PFP, per mil
F11B_MoleFraction_PFP, ppt
FC12_MoleFraction_PFP, ppt
F13_MoleFraction_PFP, ppt
F113_MoleFraction_PFP, ppt
F115_MoleFraction_PFP, ppt
HF133a_MoleFraction_PFP, ppt
F23_MoleFraction_PFP, ppt
F32_MoleFraction_PFP, ppt
F134A_MoleFraction_PFP, ppt
F152A_MoleFraction_PFP, ppt
F125_MoleFraction_PFP, ppt
F143a_MoleFraction_PFP, ppt
F227e_MoleFraction_PFP, ppt
F365m_MoleFraction_PFP, ppt
H1211_MoleFraction_PFP, ppt
H1301_MoleFraction_PFP, ppt
H2402_MoleFraction_PFP, ppt
MCFA_MoleFraction_PFP, ppt
CF4_MoleFraction_PFP, ppt
C2F6_MoleFraction_PFP, ppt
SO2F2_MoleFraction_PFP, ppt
MEBR_MoleFraction_PFP, ppt
CH3I_MoleFraction_PFP, ppt
DIBR_MoleFraction_PFP, ppt
[...]
[from data line 124]
57217,   66,          1800125.0,         18.000000,  10.82947698,   37.60758928,   284.0275714,   2.334646109,   762,   273.8099939,   295.9214512,   288,   45.9034635,   10.31986452,   223.8418607,   2.447,   128.8,   141.98544,   127.06668,   0.43,   0,   249.84,   252.74,   -2.9,   1.08,   15.14,   295.9,    -999999,  283.9499939,   978.6,   46.7,   28.68,   151.3,   -95.7,    -999999,   -999999,  6.474,   6.524,    -999999,  0.61316,   3.8058,   4.68312,    -999999,  75.514,   269.5399939,   0,   2.447,   0.1295614,   1.61892,    -999999,  408.91,   1.905888889,   0.1278526316,    -999999,   -999999,   -999999,   -999999,   -999999,   -999999,   -999999,   -999999,   -999999,   -999999,   -999999,   -999999,   -999999,   -999999,   -999999,   -999999,   -999999,   -999999,   -999999,   -999999,   -999999,   -999999,   -999999,   -999999,   -999999,   -999999,   -999999,   -999999,   -999999,   -999999,   -999999,   -999999,   -999999,   -999999,   -999999,   -999999,   -999999,   -999999,   -999999,   -999999,   -999999,   -999999,   -999999,   -999999,   -999999,   -999999,   -999999,   -999999,   -999999,   -999999,   -999999,     -999999  
57222,   66,          1800126.0,         18.000000,  10.83039151,   37.60615464,   284.020456,   2.334707069,   762,   273.8299939,   295.9430663,   288,   45.89761624,   10.37966552,   223.6246609,   2.4484,   129.2,   142.294104,   127.169568,   0.43,   0,   254.9,   258.32,   -3.46,   1,   14.52,   295.96,    -999999,  283.9499939,   978.8,   46.7,   29.32,   151.3,   -99.74,    -999999,   -999999,  6.496,   6.548,    -999999,  0.602475,   3.739575,   4.6012,    -999999,  73.28,   269.3074939,   0,   2.4484,   0.1368076,   1.636908,    -999999,  408.885,   1.9046,   0.13,    -999999,   -999999,   -999999,   -999999,   -999999,   -999999,   -999999,   -999999,   -999999,   -999999,   -999999,   -999999,   -999999,   -999999,   -999999,   -999999,   -999999,   -999999,   -999999,   -999999,   -999999,   -999999,   -999999,   -999999,   -999999,   -999999,   -999999,   -999999,   -999999,   -999999,   -999999,   -999999,   -999999,   -999999,   -999999,   -999999,   -999999,   -999999,   -999999,   -999999,   -999999,   -999999,   -999999,   -999999,   -999999,   -999999,   -999999,   -999999,   -999999,   -999999,   -999999,     -999999  
57227,   66,          1800127.0,         18.000000,  10.83129373,   37.60524018,   284.0131559,   2.336535869,   762,   273.8499939,   295.9646814,   288,   45.89230545,   10.33985879,   223.3812383,   2.449,   130,   142.49988,   127.06668,   0.43,   0,   259.22,   263.12,   -3.86,   0.98,   10.34,   296,    -999999,  283.9499939,   979.8,   46.7,   33.1,   151.3,   -104.2,    -999999,   -999999,  6.51,   6.564,    -999999,  0.608275,   3.775475,   4.64505,    -999999,  73.2875,   269.4299939,   0,   2.449,   0.1347328,   1.624916,    -999999,  408.855,   1.90495,   0.1283,    -999999,   -999999,   -999999,   -999999,   -999999,   -999999,   -999999,   -999999,   -999999,   -999999,   -999999,   -999999,   -999999,   -999999,   -999999,   -999999,   -999999,   -999999,   -999999,   -999999,   -999999,   -999999,   -999999,   -999999,   -999999,   -999999,   -999999,   -999999,   -999999,   -999999,   -999999,   -999999,   -999999,   -999999,   -999999,   -999999,   -999999,   -999999,   -999999,   -999999,   -999999,   -999999,   -999999,   -999999,   -999999,   -999999,   -999999,   -999999,   -999999,   -999999,   -999999,     -999999  
57232,   66,          1800128.0,         18.000000,  10.8321899,   37.60469908,   284.0057651,   2.337206429,   761.8,   273.7899939,   295.9220296,   288,   45.8873667,   10.19977196,   222.5423508,   2.45,   130.8,   142.396992,   127.169568,   0.43,   0,   261.48,   265.6,   -4.14,   0.78,   3.52,   295.96,    -999999,  283.9499939,   979.6,   46.7,   39.5,   151.3,   -107.8,    -999999,   -999999,  6.486,   6.534,    -999999,  0.6122,   3.7998,   4.674925,    -999999,  74.4525,   269.5174939,   0,   2.45,   0.1433304,   1.6489,    -999999,  408.855,   1.90535,   0.1275,    -999999,   -999999,   -999999,   -999999,   -999999,   -999999,   -999999,   -999999,   -999999,   -999999,   -999999,   -999999,   -999999,   -999999,   -999999,   -999999,   -999999,   -999999,   -999999,   -999999,   -999999,   -999999,   -999999,   -999999,   -999999,   -999999,   -999999,   -999999,   -999999,   -999999,   -999999,   -999999,   -999999,   -999999,   -999999,   -999999,   -999999,   -999999,   -999999,   -999999,   -999999,   -999999,   -999999,   -999999,   -999999,   -999999,   -999999,   -999999,   -999999,   -999999,   -999999,     -999999  
57237,   66,          1800129.0,         18.000000,  10.83308339,   37.60429278,   283.9983341,   2.336413949,   762,   273.8299939,   295.9430663,   286,   45.88256659,   10.51995503,   222.80038,   2.4496,   131,   142.911432,   127.889784,   0.43,   0,   261.72,   265.96,   -4.24,   0.58,   -0.48,   295.96,    -999999,  283.9899939,   980.6,   46.7,   44.06,   151.3,   -109.72,    -999999,   -999999,  6.492,   6.544,    -999999,  0.61094,   3.79204,   4.66634,    -999999,  74.432,   269.4919939,   0,   2.4496,   0.14125,   1.6489,    -999999,  408.855,   1.90545,   0.1298,    -999999,   -999999,   -999999,   -999999,   -999999,   -999999,   -999999,   -999999,   -999999,   -999999,   -999999,   -999999,   -999999,   -999999,   -999999,   -999999,   -999999,   -999999,   -999999,   -999999,   -999999,   -999999,   -999999,   -999999,   -999999,   -999999,   -999999,   -999999,   -999999,   -999999,   -999999,   -999999,   -999999,   -999999,   -999999,   -999999,   -999999,   -999999,   -999999,   -999999,   -999999,   -999999,   -999999,   -999999,   -999999,   -999999,   -999999,   -999999,   -999999,   -999999,   -999999,     -999999  
57242,   66,          1800130.0,         18.000000,  10.83397595,   37.60386892,   283.9908892,   2.335377629,   762,   273.8499939,   295.9646814,   286,   45.87775797,   10.43975994,   222.102877,   2.4472,   131,   143.01432,   128.09556,   0.43,   0,   261.24,   265.52,   -4.28,   0.66,   -0.78,   295.98,    -999999,  284.0499939,   981.2,   46.7,   44.66,   151.4,   -109.44,    -999999,   -999999,  6.51,   6.56,    -999999,  0.613575,   3.808325,   4.687025,    -999999,  73.955,   269.5524939,   0,   2.4472,   0.138802,   1.6489,    -999999,  408.8614286,   1.90575,   0.1328,    -999999,   -999999,   -999999,   -999999,   -999999,   -999999,   -999999,   -999999,   -999999,   -999999,   -999999,   -999999,   -999999,   -999999,   -999999,   -999999,   -999999,   -999999,   -999999,   -999999,   -999999,   -999999,   -999999,   -999999,   -999999,   -999999,   -999999,   -999999,   -999999,   -999999,   -999999,   -999999,   -999999,   -999999,   -999999,   -999999,   -999999,   -999999,   -999999,   -999999,   -999999,   -999999,   -999999,   -999999,   -999999,   -999999,   -999999,   -999999,   -999999,   -999999,   -999999,     -999999  
57247,   66,          1800131.0,         18.000000,  10.83486875,   37.60340238,   283.9834479,   2.335011869,   762,   273.8899939,   296.0079116,   286,   45.8729122,   10.45991695,   222.1005738,   2.4472,   131,   143.220096,   128.09556,   0.43,   0,   261,   265.24,   -4.28,   0.72,   0.38,   295.98,    -999999,  284.0899939,   981.2,   46.7,   43.74,   151.4,   -108.68,    -999999,   -999999,  6.514,   6.568,    -999999,  0.6156909091,   3.821545455,   4.703309091,    -999999,  74.21,   269.5981757,   0,   2.4472,   0.1386584,   1.6489,    -999999,  408.8625,   1.9057,   0.1331,    -999999,   -999999,   -999999,   -999999,   -999999,   -999999,   -999999,   -999999,   -999999,   -999999,   -999999,   -999999,   -999999,   -999999,   -999999,   -999999,   -999999,   -999999,   -999999,   -999999,   -999999,   -999999,   -999999,   -999999,   -999999,   -999999,   -999999,   -999999,   -999999,   -999999,   -999999,   -999999,   -999999,   -999999,   -999999,   -999999,   -999999,   -999999,   -999999,   -999999,   -999999,   -999999,   -999999,   -999999,   -999999,   -999999,   -999999,   -999999,   -999999,   -999999,   -999999,     -999999  
57252,   66,          1800132.0,         18.000000,  10.83576096,   37.60292992,   283.9759978,   2.335804349,   762,   273.9499939,   296.0727569,   286,   45.86806678,   10.79880089,   223.4900165,   2.447,   131,   143.631648,   128.507112,   0.43,   0,   261.2,   265.36,   -4.18,   0.86,   1.2,   296.08,    -999999,  284.2699939,   980.8,   46.7,   42.86,   151.4,   -108.48,    -999999,   -999999,  6.546,   6.606,    -999999,  0.60893,   3.77954,   4.65134,    -999999,  72.808,   269.4509939,   0,   2.447,   0.1393142,   1.6489,    -999999,  408.795,   1.904916667,   0.1312,    -999999,   -999999,   -999999,   -999999,   -999999,   -999999,   -999999,   -999999,   -999999,   -999999,   -999999,   -999999,   -999999,   -999999,   -999999,   -999999,   -999999,   -999999,   -999999,   -999999,   -999999,   -999999,   -999999,   -999999,   -999999,   -999999,   -999999,   -999999,   -999999,   -999999,   -999999,   -999999,   -999999,   -999999,   -999999,   -999999,   -999999,   -999999,   -999999,   -999999,   -999999,   -999999,   -999999,   -999999,   -999999,   -999999,   -999999,   -999999,   -999999,   -999999,   -999999,     -999999  
57257,   66,          1800133.0,         18.000000,  10.83665293,   37.60248046,   283.968544,   2.337511229,   761.8,   274.0899939,   296.2462803,   286,   45.8632463,   11.61759838,   225.9520031,   2.4478,   131,   144.351864,   129.021552,   0.438,   0,   261.52,   265.62,   -4.1,   0.86,   0.88,   296.24,    -999999,  284.4499939,   982,   46.7,   43.08,   151.4,   -108.86,    -999999,   -999999,  6.614,   6.682,    -999999,  0.6072454545,   3.7691,   4.638127273,    -999999,  71.00090909,   269.410903,   0,   2.4478,   0.1402858,   1.6489,    -999999,  408.795,   1.90465,   0.1301,    -999999,   -999999,   -999999,   -999999,   -999999,   -999999,   -999999,   -999999,   -999999,   -999999,   -999999,   -999999,   -999999,   -999999,   -999999,   -999999,   -999999,   -999999,   -999999,   -999999,   -999999,   -999999,   -999999,   -999999,   -999999,   -999999,   -999999,   -999999,   -999999,   -999999,   -999999,   -999999,   -999999,   -999999,   -999999,   -999999,   -999999,   -999999,   -999999,   -999999,   -999999,   -999999,   -999999,   -999999,   -999999,   -999999,   -999999,   -999999,   -999999,   -999999,   -999999,     -999999  
57262,   66,          1800134.0,         18.000000,  10.83754501,   37.60205086,   283.9610918,   2.338913309,   761.4,   274.4499939,   296.6798977,   286,   45.85844621,   12.05971024,   228.1810943,   2.4484,   131,   144.55764,   129.12444,   0.44,   0,   261.86,   265.8,   -3.92,   0.84,   0.58,   296.64,    -999999,  284.8899939,   981.6,   46.7,   43.32,   151.4,   -109.3,    -999999,   -999999,  6.79,   6.882,    -999999,  0.6093,   3.7817,   4.6536,    -999999,  69.8075,   269.4549939,   0,   2.4484,   0.1402096,   1.6489,    -999999,  408.79,   1.904472727,   0.1314526316,    -999999,   -999999,   -999999,   -999999,   -999999,   -999999,   -999999,   -999999,   -999999,   -999999,   -999999,   -999999,   -999999,   -999999,   -999999,   -999999,   -999999,   -999999,   -999999,   -999999,   -999999,   -999999,   -999999,   -999999,   -999999,   -999999,   -999999,   -999999,   -999999,   -999999,   -999999,   -999999,   -999999,   -999999,   -999999,   -999999,   -999999,   -999999,   -999999,   -999999,   -999999,   -999999,   -999999,   -999999,   -999999,   -999999,   -999999,   -999999,   -999999,   -999999,   -999999,     -999999  
57267,   66,          1800135.0,         18.000000,  10.83843728,   37.60163086,   283.9536426,   2.333975549,   762,   274.4699939,   296.6347494,   286,   45.85365671,   11.83796484,   227.0104986,   2.4478,   131,   144.351864,   129.12444,   0.44,   0,   261.76,   265.78,   -4.02,   0.72,   0.18,   296.62,    -999999,  284.8699939,   982.8,   46.7,   43.78,   151.4,   -109.5,    -999999,   -999999,  6.794,   6.894,    -999999,  0.611725,   3.796975,   4.673025,    -999999,  71.12,   269.5099939,   0,   2.4478,   0.1389208,   1.6489,    -999999,  408.815,   1.9046,   0.13135,   408.83,   1901.33,   123.09,   329.99,   9.32,   518.92,   -47.36,    -999999,  232.05,   516.66,   3.34,   71.05,   8.59,   0.53,   32.11,   14.7,   99.64,   10.14,   23.42,   20.87,   1.28,   1.02,   3.59,   3.36,   0.41,   2.32,   84.78,   4.71,   2.44,   7.3,   0.24,   1.08,   534.38,   605.05,   73.78,   13.98,   2.7,   230.06,   1547.38,   384.88,   68.49,   38.6,   10.64,   13.3,   51.83,   10.96,   0.23,   0.16,   13.96,   0.66,   4.35,          250.37000  
57272,   66,          1800136.0,         18.000000,  10.83932932,   37.60120656,   283.9461897,   2.334768029,   762,   274.3299939,   296.4834437,   286,   45.84886732,   11.53971507,   225.2616991,   2.447,   131,   144.0432,   128.712888,   0.432,   0,   261.52,   265.68,   -4.18,   0.76,   0.1,   296.44,    -999999,  284.6299939,   983.4,   46.7,   43.86,   151.5,   -109.2,    -999999,   -999999,  6.71,   6.796,    -999999,  0.607,   3.76762,   4.63718,    -999999,  71.23,   269.4079939,   0,   2.447,   0.1387832,   1.6489,    -999999,  408.795,   1.904544444,   0.1294714286,   408.83,   1901.33,   123.09,   329.99,   9.32,   518.92,   -47.36,    -999999,  232.05,   516.66,   3.34,   71.05,   8.59,   0.53,   32.11,   14.7,   99.64,   10.14,   23.42,   20.87,   1.28,   1.02,   3.59,   3.36,   0.41,   2.32,   84.78,   4.71,   2.44,   7.3,   0.24,   1.08,   534.38,   605.05,   73.78,   13.98,   2.7,   230.06,   1547.38,   384.88,   68.49,   38.6,   10.64,   13.3,   51.83,   10.96,   0.23,   0.16,   13.96,   0.66,   4.35,          250.37000  
57277,   66,          1800137.0,         18.000000,  10.84022194,   37.60077444,   283.9387458,   2.334280349,   762,   274.4499939,   296.6131343,   286,   45.84407073,   11.81915261,   226.6223357,   2.4472,   131,   144.351864,   129.021552,   0.438,   0,   261.62,   265.7,   -4.08,   0.92,   0.72,   296.62,    -999999,  284.8699939,   983.2,   46.7,   43.44,   151.5,   -108.94,    -999999,   -999999,  6.786,   6.884,    -999999,  0.605325,   3.757275,   4.62295,    -999999,  69.0975,   269.3624939,   0,   2.4472,   0.139712,   1.6489,   48.9,   408.81,   1.9042,   0.1281,   408.83,   1901.33,   123.09,   329.99,   9.32,   518.92,   -47.36,    -999999,  232.05,   516.66,   3.34,   71.05,   8.59,   0.53,   32.11,   14.7,   99.64,   10.14,   23.42,   20.87,   1.28,   1.02,   3.59,   3.36,   0.41,   2.32,   84.78,   4.71,   2.44,   7.3,   0.24,   1.08,   534.38,   605.05,   73.78,   13.98,   2.7,   230.06,   1547.38,   384.88,   68.49,   38.6,   10.64,   13.3,   51.83,   10.96,   0.23,   0.16,   13.96,   0.66,   4.35,          250.37000  
