inputs/ACTAMERICA_Merge/C130/ACTAMERICA-mrg05-c130_merge_20160722_R3.ict
141, 1001
Shook, Michael
NASA Atmospheric Composition Branch, NASA Langley Research Center (SSAI)
Merged data file for ACT-AMERICA 2016, Flight 04 (20160722), on the c130 platform. Data is merged to 05 seconds.
ACTAmerica - 2016
1, 1
2016, 07, 22, 2018, 08, 24
05
UTC,s
99
1, 1, 1, 1, 1, 1, 1, 1, 1, 1, 1, 1, 1, 1, 1, 1, 1, 1, 1, 1, 1, 1, 1, 1, 1, 1, 1, 1, 1, 1, 1, 1, 1, 1, 1, 1, 1, 1, 1, 1, 1, 1, 1, 1, 1, 1, 1, 1, 1, 1, 1, 1, 1, 1, 1, 1, 1, 1, 1, 1, 1, 1, 1, 1, 1, 1, 1, 1, 1, 1, 1, 1, 1, 1, 1, 1, 1, 1, 1, 1, 1, 1, 1, 1, 1, 1, 1, 1, 1, 1, 1, 1, 1, 1, 1, 1, 1, 1, 1
-999999, -999999, -999999, -999999, -999999, -999999, -999999, -999999, -999999, -999999, -999999, -999999, -999999, -999999, -999999, -999999, -999999, -999999, -999999, -999999, -999999, -999999, -999999, -999999, -999999, -999999, -999999, -999999, -999999, -999999, -999999, -999999, -999999, -999999, -999999, -999999, -999999, -999999, -999999, -999999, -999999, -999999, -999999, -999999, -999999, -999999, -999999, -999999, -999999, -999999, -999999, -999999, -999999, -999999, -999999, -999999, -999999, -999999, -999999, -999999, -999999, -999999, -999999, -999999, -999999, -999999, -999999, -999999, -999999, -999999, -999999, -999999, -999999, -999999, -999999, -999999, -999999, -999999, -999999, -999999, -999999, -999999, -999999, -999999, -999999, -999999, -999999, -999999, -999999, -999999, -999999, -999999, -999999, -999999, -999999, -999999, -999999, -999999, -999999
JDAY, days
INDEX, none
FLIGHT, none
LOCAL_SUN_TIME, hour
LATITUDE, degs
LONGITUDE, degs
ALTP, km
PRESSURE, hPa
TEMPERATURE, K
THETA, K, calculated from ambient temperature and pressure
O3COLUMN, DU, OMI ozone column data extracted along flight track
SZA, deg
WNS, m s-1
WND, Degs
GPS_ALT, km
GRD_SPD, m s-1
TAS, m/s
IAS, m/s
MachNumber, mach
VerticalSpeed, m s-1
HDG, degs
TRK, degs
DriftAngle, degs
PITCH, degs
ROLL, degs
PotentialTemp_Nav, K
Dewpoint, K
TotalAirTemp, K
CabinPressure, hPa
SolarZenithAngle, degs
AircraftSunElevation, degs
SunAzimuth, degs
AircraftSunAzimuth, degs
H2O_MixingRatio_Nav, g kg-1
H2O_VaporPressure_Nav, hPa
H2O_SatVaporPressureWater_Nav, hPa
H2O_SatVaporPressureIce_Nav, hPa
H2O_RelativeHumidity_Nav, %
ManeuverFlag, none
GroundElevation-AMSL_GoogleMaps, km
Altitude-AGL_GoogleMaps, km
GroundHeight-AMSL_CPL, km
MLH-AMSL_CPL, km
O3_MoleFraction, ppb
CO2_DryMoleFrac_PICARRO, ppm
CH4_DryMoleFrac_PICARRO, ppm
CO_DryMoleFrac_PICARRO, ppm
CO2_MoleFraction_PFP, ppm
CH4_MoleFraction_PFP, ppb
CO_MoleFraction_PFP, ppb
N2O_MoleFraction_PFP, ppb
SF6_CCGG_MoleFraction_PFP, ppt
H2_MoleFraction_PFP, ppb
CH4C13_MoleFraction_PFP, permil
CO2C14_MoleFraction_PFP, permil
F11B_MoleFraction_PFP, ppt
FC12_MoleFraction_PFP, ppt
F13_MoleFraction_PFP, ppt
F113_MoleFraction_PFP, ppt
F115_MoleFraction_PFP, ppt
HF133a_MoleFraction_PFP, ppt
F23_MoleFraction_PFP, ppt
F32_MoleFraction_PFP, ppt
F134A_MoleFraction_PFP, ppt
F152A_MoleFraction_PFP, ppt
F125_MoleFraction_PFP, ppt
F143a_MoleFraction_PFP, ppt
F227e_MoleFraction_PFP, ppt
F365m_MoleFraction_PFP, ppt
H1211_MoleFraction_PFP, ppt
H1301_MoleFraction_PFP, ppt
H2402_MoleFraction_PFP, ppt
MCFA_MoleFraction_PFP, ppt
CF4_MoleFraction_PFP, ppt
C2F6_MoleFraction_PFP, ppt
SO2F2_MoleFraction_PFP, ppt
MEBR_MoleFraction_PFP, ppt
CH3I_MoleFraction_PFP, ppt
DIBR_MoleFraction_PFP, ppt
OCS_MoleFraction_PFP, ppt
[...]
[from data line 696]
61117,   204,          400697.00,         4.0000000,  11.93227594,   39.0004532,   284.3195558,   0.3558844844,   970.6,   299.3299939,   301.8929784,   300,   18.79468277,   5.51788831,   264.3950329,   0.403,   117.2,   116.469216,   111.942144,   0.338,   0,   163.86,   161.16,   2.7,   1.72,   0.48,   301.86,    -999999,  306.1499939,   941.4,   19.1,   69.36,   171.6,   6.66,    -999999,   -999999,   -999999,   -999999,   -999999,  6,   0.01906,   0.38394,    -999999,   -999999,  61.32,   383.7728571,   2.0059,   0.187,    -999999,   -999999,   -999999,   -999999,   -999999,   -999999,   -999999,   -999999,   -999999,   -999999,   -999999,   -999999,   -999999,   -999999,   -999999,   -999999,   -999999,   -999999,   -999999,   -999999,   -999999,   -999999,   -999999,   -999999,   -999999,   -999999,   -999999,   -999999,   -999999,   -999999,   -999999,   -999999,   -999999,   -999999,   -999999,   -999999,   -999999,   -999999,   -999999,   -999999,   -999999,   -999999,   -999999,   -999999,   -999999,   -999999,   -999999,   -999999,   -999999,   -999999,   -999999,     -999999  
61122,   204,          400698.00,         4.0000000,  11.93381079,   38.9954194,   284.3217452,   0.3547262444,   970.8,   299.3299939,   301.8752072,   298,   18.78874197,   4.988812016,   268.4683379,   0.4054,   118,   116.469216,   111.839256,   0.338,   0,   163.66,   161.32,   2.28,   1.32,   -0.52,   301.84,    -999999,  306.1499939,   941,   19.1,   69.54,   171.66,   9.66,    -999999,   -999999,   -999999,   -999999,   -999999,  6,   0.01948,   0.38592,    -999999,   -999999,  59.88,   383.04,   2.00755,   0.187,    -999999,   -999999,   -999999,   -999999,   -999999,   -999999,   -999999,   -999999,   -999999,   -999999,   -999999,   -999999,   -999999,   -999999,   -999999,   -999999,   -999999,   -999999,   -999999,   -999999,   -999999,   -999999,   -999999,   -999999,   -999999,   -999999,   -999999,   -999999,   -999999,   -999999,   -999999,   -999999,   -999999,   -999999,   -999999,   -999999,   -999999,   -999999,   -999999,   -999999,   -999999,   -999999,   -999999,   -999999,   -999999,   -999999,   -999999,   -999999,   -999999,   -999999,   -999999,     -999999  
61127,   204,          400699.00,         4.0000000,  11.9353478,   38.9903806,   284.323967,   0.3530193644,   971,   299.2099939,   301.7364275,   298,   18.78281524,   5.412163907,   257.3616444,   0.4026,   118,   117.498096,   113.073912,   0.34,   0,   163.4,   160.72,   2.64,   1.56,   -1.16,   301.66,    -999999,  306.1499939,   941.2,   19.1,   69.14,   171.7,   11.56,    -999999,   -999999,   -999999,   -999999,   -999999,  6,   0.02006,   0.38254,    -999999,   -999999,  61,   383.67,   2.0151,   0.1845,    -999999,   -999999,   -999999,   -999999,   -999999,   -999999,   -999999,   -999999,   -999999,   -999999,   -999999,   -999999,   -999999,   -999999,   -999999,   -999999,   -999999,   -999999,   -999999,   -999999,   -999999,   -999999,   -999999,   -999999,   -999999,   -999999,   -999999,   -999999,   -999999,   -999999,   -999999,   -999999,   -999999,   -999999,   -999999,   -999999,   -999999,   -999999,   -999999,   -999999,   -999999,   -999999,   -999999,   -999999,   -999999,   -999999,   -999999,   -999999,   -999999,   -999999,   -999999,     -999999  
61132,   204,          400700.00,         4.0000000,  11.93688713,   38.985354,   284.3262236,   0.3532632044,   971,   299.1899939,   301.7162586,   298,   18.77691979,   5.454350786,   254.4748928,   0.4016,   118,   117.80676,   113.1768,   0.34,   0,   163.48,   160.74,   2.7,   1.9,   0.12,   301.68,    -999999,  306.1499939,   941.2,   19.1,   69.06,   171.8,   8.1,    -999999,   -999999,   -999999,   -999999,   -999999,  6,   0.02026,   0.38134,    -999999,   -999999,  61.64,   385.425,   2.0141,   0.1828947368,    -999999,   -999999,   -999999,   -999999,   -999999,   -999999,   -999999,   -999999,   -999999,   -999999,   -999999,   -999999,   -999999,   -999999,   -999999,   -999999,   -999999,   -999999,   -999999,   -999999,   -999999,   -999999,   -999999,   -999999,   -999999,   -999999,   -999999,   -999999,   -999999,   -999999,   -999999,   -999999,   -999999,   -999999,   -999999,   -999999,   -999999,   -999999,   -999999,   -999999,   -999999,   -999999,   -999999,   -999999,   -999999,   -999999,   -999999,   -999999,   -999999,   -999999,   -999999,     -999999  
61137,   204,          400701.00,         4.0000000,  11.93842555,   38.9803354,   284.3284666,   0.3535070444,   971,   299.2899939,   301.817103,   298,   18.7710533,   5.640537393,   255.5515173,   0.4014,   117.4,   117.395208,   112.765248,   0.34,   0,   163.64,   160.82,   2.82,   1.98,   0.68,   301.74,    -999999,  306.1499939,   941.6,   19.1,   69.1,   171.84,   6.54,    -999999,   -999999,   -999999,   -999999,   -999999,  6,   0.01996,   0.38144,    -999999,   -999999,  59.48,   385.31,   2.006955556,   0.1841578947,    -999999,   -999999,   -999999,   -999999,   -999999,   -999999,   -999999,   -999999,   -999999,   -999999,   -999999,   -999999,   -999999,   -999999,   -999999,   -999999,   -999999,   -999999,   -999999,   -999999,   -999999,   -999999,   -999999,   -999999,   -999999,   -999999,   -999999,   -999999,   -999999,   -999999,   -999999,   -999999,   -999999,   -999999,   -999999,   -999999,   -999999,   -999999,   -999999,   -999999,   -999999,   -999999,   -999999,   -999999,   -999999,   -999999,   -999999,   -999999,   -999999,   -999999,   -999999,     -999999  
61142,   204,          400702.00,         4.0000000,  11.93996236,   38.9753144,   284.3306854,   0.3541166444,   971,   299.2899939,   301.817103,   298,   18.76520576,   6.477544557,   258.4364086,   0.4038,   117,   116.880768,   112.353696,   0.34,   0,   164.34,   161.12,   3.18,   1.74,   -0.16,   301.8,    -999999,  306.1499939,   941.4,   19,   69.2,   171.9,   8.2,    -999999,   -999999,   -999999,   -999999,   -999999,  6,   0.02098,   0.38282,    -999999,   -999999,  60.26,   384.7685714,   2.0072,   0.1832631579,    -999999,   -999999,   -999999,   -999999,   -999999,   -999999,   -999999,   -999999,   -999999,   -999999,   -999999,   -999999,   -999999,   -999999,   -999999,   -999999,   -999999,   -999999,   -999999,   -999999,   -999999,   -999999,   -999999,   -999999,   -999999,   -999999,   -999999,   -999999,   -999999,   -999999,   -999999,   -999999,   -999999,   -999999,   -999999,   -999999,   -999999,   -999999,   -999999,   -999999,   -999999,   -999999,   -999999,   -999999,   -999999,   -999999,   -999999,   -999999,   -999999,   -999999,   -999999,     -999999  
61147,   204,          400703.00,         4.0000000,  11.94149885,   38.9702988,   284.3328994,   0.3544824044,   971,   299.2899939,   301.817103,   298,   18.75938424,   6.231927824,   258.6782343,   0.4034,   117,   116.880768,   112.353696,   0.34,   0,   164.04,   161,   3.02,   1.66,   -0.2,   301.78,    -999999,  306.1499939,   941,   19,   69.32,   172,   8.62,    -999999,   -999999,   -999999,   -999999,   -999999,  6,   0.02092,   0.38248,    -999999,   -999999,  59.1,   384.9385714,   1.998855556,   0.1841052632,   384.34,   2000.35,   181.92,   330.3,   9.31,   504.11,   -47.73,    -999999,  236.36,   518.7,   3.34,   73.62,   8.65,   0.59,   29.4,   30.72,   135.62,   22.16,   38.67,   21.92,   1.37,   1.23,   3.68,   3.48,   0.41,   2.75,   82.29,   4.71,   2.24,   8.12,   0.99,   0.82,   429.02,   544.81,   64.3,   19.07,   6.85,   234.65,   2362.28,   819.69,   195.72,   82.07,   89.6,   162.35,   50.8,   92.4,   0.15,   0.18,   1.97,   0.68,   35.69,          276.77000  
61152,   204,          400704.00,         4.0000000,  11.94303463,   38.9652794,   284.3351028,   0.3546652844,   971,   299.2499939,   301.7767652,   298,   18.75357975,   5.504957585,   260.3144717,   0.4032,   117,   116.880768,   112.250808,   0.34,   0,   163.86,   161.12,   2.66,   1.56,   0.14,   301.76,    -999999,  306.1299939,   941.2,   19,   69.44,   172.04,   8.02,    -999999,   -999999,   -999999,   -999999,   -999999,  6,   0.01984,   0.38336,    -999999,   -999999,  57.36,   384.82,   1.99825,   0.1895,   384.34,   2000.35,   181.92,   330.3,   9.31,   504.11,   -47.73,    -999999,  236.36,   518.7,   3.34,   73.62,   8.65,   0.59,   29.4,   30.72,   135.62,   22.16,   38.67,   21.92,   1.37,   1.23,   3.68,   3.48,   0.41,   2.75,   82.29,   4.71,   2.24,   8.12,   0.99,   0.82,   429.02,   544.81,   64.3,   19.07,   6.85,   234.65,   2362.28,   819.69,   195.72,   82.07,   89.6,   162.35,   50.8,   92.4,   0.15,   0.18,   1.97,   0.68,   35.69,          276.77000  
61157,   204,          400705.00,         4.0000000,  11.944569,   38.9602486,   284.337285,   0.3544214444,   970.8,   299.2299939,   301.7743569,   298,   18.74778504,   5.930655602,   265.8957325,   0.403,   117.8,   116.469216,   112.045032,   0.338,   0,   164.18,   161.34,   2.78,   1.4,   0.1,   301.7,    -999999,  306.0299939,   940.8,   19,   69.6,   172.1,   8.02,    -999999,   -999999,   -999999,   -999999,   -999999,  6,   0.02162,   0.38138,    -999999,   -999999,  57.44,   383.28,   2.00105,   0.184,   384.34,   2000.35,   181.92,   330.3,   9.31,   504.11,   -47.73,    -999999,  236.36,   518.7,   3.34,   73.62,   8.65,   0.59,   29.4,   30.72,   135.62,   22.16,   38.67,   21.92,   1.37,   1.23,   3.68,   3.48,   0.41,   2.75,   82.29,   4.71,   2.24,   8.12,   0.99,   0.82,   429.02,   544.81,   64.3,   19.07,   6.85,   234.65,   2362.28,   819.69,   195.72,   82.07,   89.6,   162.35,   50.8,   92.4,   0.15,   0.18,   1.97,   0.68,   35.69,          276.77000  
61162,   204,          400706.00,         4.0000000,  11.94610365,   38.9552072,   284.3394714,   0.3546652844,   971,   299.1299939,   301.655752,   298,   18.74200007,   5.619232238,   257.5857168,   0.4028,   118,   117.498096,   112.971024,   0.34,   0,   164.06,   161.24,   2.9,   1.66,   -0.78,   301.64,    -999999,  306.0899939,   941,   19,   69.28,   172.18,   10.3,    -999999,   -999999,   -999999,   -999999,   -999999,  6,   0.02132,   0.38148,    -999999,   -999999,  57.14,   383.66,   2.00085,   0.1865,    -999999,   -999999,   -999999,   -999999,   -999999,   -999999,   -999999,   -999999,   -999999,   -999999,   -999999,   -999999,   -999999,   -999999,   -999999,   -999999,   -999999,   -999999,   -999999,   -999999,   -999999,   -999999,   -999999,   -999999,   -999999,   -999999,   -999999,   -999999,   -999999,   -999999,   -999999,   -999999,   -999999,   -999999,   -999999,   -999999,   -999999,   -999999,   -999999,   -999999,   -999999,   -999999,   -999999,   -999999,   -999999,   -999999,   -999999,   -999999,   -999999,   -999999,   -999999,     -999999  
61167,   204,          400707.00,         4.0000000,  11.94763952,   38.9501666,   284.3416762,   0.3558844844,   971,   299.1299939,   301.655752,   298,   18.73623581,   5.96399358,   251.9166515,   0.4036,   118,   118.115424,   113.588352,   0.34,   0,   164.04,   161,   2.86,   1.3,   -0.78,   301.66,    -999999,  306.1499939,   940.8,   19,   69.64,   172.22,   10.66,    -999999,   -999999,   -999999,   -999999,   -999999,  6,   0.01728,   0.38632,    -999999,   -999999,  57.9,   383.51,   2.00155,   0.1864210526,    -999999,   -999999,   -999999,   -999999,   -999999,   -999999,   -999999,   -999999,   -999999,   -999999,   -999999,   -999999,   -999999,   -999999,   -999999,   -999999,   -999999,   -999999,   -999999,   -999999,   -999999,   -999999,   -999999,   -999999,   -999999,   -999999,   -999999,   -999999,   -999999,   -999999,   -999999,   -999999,   -999999,   -999999,   -999999,   -999999,   -999999,   -999999,   -999999,   -999999,   -999999,   -999999,   -999999,   -999999,   -999999,   -999999,   -999999,   -999999,   -999999,   -999999,   -999999,     -999999  
61172,   204,          400708.00,         4.0000000,  11.94917787,   38.9451242,   284.343918,   0.3561283244,   970.6,   299.2499939,   301.8122935,   298,   18.73048918,   6.011740751,   257.5824254,   0.4032,   118,   117.80676,   113.1768,   0.34,   0,   163.72,   160.76,   2.96,   1.32,   -0.58,   301.76,    -999999,  306.1499939,   940.6,   19,   69.6,   172.3,   10.38,    -999999,   -999999,   -999999,   -999999,   -999999,  6,   0.01804,   0.38516,    -999999,   -999999,  58.34,   384.34,   2.001033333,   0.186,    -999999,   -999999,   -999999,   -999999,   -999999,   -999999,   -999999,   -999999,   -999999,   -999999,   -999999,   -999999,   -999999,   -999999,   -999999,   -999999,   -999999,   -999999,   -999999,   -999999,   -999999,   -999999,   -999999,   -999999,   -999999,   -999999,   -999999,   -999999,   -999999,   -999999,   -999999,   -999999,   -999999,   -999999,   -999999,   -999999,   -999999,   -999999,   -999999,   -999999,   -999999,   -999999,   -999999,   -999999,   -999999,   -999999,   -999999,   -999999,   -999999,   -999999,   -999999,     -999999  
61177,   204,          400709.00,         4.0000000,  11.95071617,   38.9400782,   284.3461592,   0.3514953643,   971,   299.2299939,   301.7565964,   298,   18.72475961,   5.775050425,   258.9778234,   0.399,   118,   117.600984,   113.279688,   0.34,   0,   163.82,   161.02,   2.88,   1.8,   0.58,   301.7,    -999999,  306.1499939,   941.4,   19,   69.32,   172.36,   7.06,    -999999,   -999999,   -999999,   -999999,   -999999,  6,   0.0185,   0.3805,    -999999,   -999999,  59.3,   384.81,   2.00285,   0.1865,    -999999,   -999999,   -999999,   -999999,   -999999,   -999999,   -999999,   -999999,   -999999,   -999999,   -999999,   -999999,   -999999,   -999999,   -999999,   -999999,   -999999,   -999999,   -999999,   -999999,   -999999,   -999999,   -999999,   -999999,   -999999,   -999999,   -999999,   -999999,   -999999,   -999999,   -999999,   -999999,   -999999,   -999999,   -999999,   -999999,   -999999,   -999999,   -999999,   -999999,   -999999,   -999999,   -999999,   -999999,   -999999,   -999999,   -999999,   -999999,   -999999,   -999999,   -999999,     -999999  
