inputs/ACTAMERICA_Merge/C130/ACTAMERICA-mrg05-c130_merge_20170125_R0.ict
143, 1001
Shook, Michael
NASA Atmospheric Composition Branch, NASA Langley Research Center (SSAI)
Merged data file for ACT-AMERICA 2017, Flight 01 (20170125), on the c130 platform. Data is merged to 05 seconds.
NASA ACT-AMERICA 2017
1, 1
2017, 01, 25, 2018, 02, 23
05
UTC,s
104
1, 1, 1, 1, 1, 1, 1, 1, 1, 1, 1, 1, 1, 1, 1, 1, 1, 1, 1, 1, 1, 1, 1, 1, 1, 1, 1, 1, 1, 1, 1, 1, 1, 1, 1, 1, 1, 1, 1, 1, 1, 1, 1, 1, 1, 1, 1, 1, 1, 1, 1, 1, 1, 1, 1, 1, 1, 1, 1, 1, 1, 1, 1, 1, 1, 1, 1, 1, 1, 1, 1, 1, 1, 1, 1, 1, 1, 1, 1, 1, 1, 1, 1, 1, 1, 1, 1, 1, 1, 1, 1, 1, 1, 1, 1, 1, 1, 1, 1, 1, 1, 1, 1, 1
-999999, -999999, -999999, -999999, -999999, -999999, -999999, -999999, -999999, -999999, -999999, -999999, -999999, -999999, -999999, -999999, -999999, -999999, -999999, -999999, -999999, -999999, -999999, -999999, -999999, -999999, -999999, -999999, -999999, -999999, -999999, -999999, -999999, -999999, -999999, -999999, -999999, -999999, -999999, -999999, -999999, -999999, -999999, -999999, -999999, -999999, -999999, -999999, -999999, -999999, -999999, -999999, -999999, -999999, -999999, -999999, -999999, -999999, -999999, -999999, -999999, -999999, -999999, -999999, -999999, -999999, -999999, -999999, -999999, -999999, -999999, -999999, -999999, -999999, -999999, -999999, -999999, -999999, -999999, -999999, -999999, -999999, -999999, -999999, -999999, -999999, -999999, -999999, -999999, -999999, -999999, -999999, -999999, -999999, -999999, -999999, -999999, -999999, -999999, -999999, -999999, -999999, -999999, -999999
JDAY, days
INDEX, none
FLIGHT, none
LOCAL_SUN_TIME, hour
LATITUDE, degs
LONGITUDE, degs
ALTP, km
PRESSURE, hPa
TEMPERATURE, K
THETA, K
O3COLUMN, DU
SZA, deg
WNS, m s-1
WND, Degs
GPS_ALT, km
GRD_SPD, m s-1
TAS, m/s
IAS, m/s
MachNumber, mach
VerticalSpeed, m s-1
HDG, degs
TRK, degs
DriftAngle, degs
PITCH, degs
ROLL, degs
PotentialTemp, K
Dewpoint, K
TotalAirTemp, K
CabinPressure, hPa
SolarZenithAngle, degs
AircraftSunElevation, degs
SunAzimuth, degs
AircraftSunAzimuth, degs
H2O_MixingRatio, g kg-1
H2O_VaporPressure, hPa
H2O_SatVaporPressureWater, hPa
H2O_SatVaporPressureIce, hPa
H2O_RelativeHumidity, %
H2O_VolMixingRatio_PICARRO, %
H2O_MassMixingRatio_PICARRO, g kg-1
H2O_VaporPressure_PICARRO, hPa
RHi_PICARRO, %
RHw_PICARRO, %
Dewpoint_PICARRO, K
Ground_Elevation, km
Altitude_AGL, km
GroundHeight_CPL, km
MLH_CPL, km
O3_MixingRatio, ppbv
CO2_MixingRatio_PICARRO, ppmv
CH4_MixingRatio_PICARRO, ppmv
CO_MixingRatio_PICARRO, ppmv
CO2_MoleFraction_PFP, ppm
CH4_MoleFraction_PFP, ppb
CO_MoleFraction_PFP, ppb
N2O_MoleFraction_PFP, ppb
SF6_CCGG_MoleFraction_PFP, ppt
H2_MoleFraction_PFP, ppb
CH4C13_PFP, per mil
CO2C14_PFP, per mil
F11B_MoleFraction_PFP, ppt
FC12_MoleFraction_PFP, ppt
F13_MoleFraction_PFP, ppt
F113_MoleFraction_PFP, ppt
F115_MoleFraction_PFP, ppt
HF133a_MoleFraction_PFP, ppt
F23_MoleFraction_PFP, ppt
F32_MoleFraction_PFP, ppt
F134A_MoleFraction_PFP, ppt
F152A_MoleFraction_PFP, ppt
F125_MoleFraction_PFP, ppt
F143a_MoleFraction_PFP, ppt
F227e_MoleFraction_PFP, ppt
F365m_MoleFraction_PFP, ppt
H1211_MoleFraction_PFP, ppt
H1301_MoleFraction_PFP, ppt
H2402_MoleFraction_PFP, ppt
MCFA_MoleFraction_PFP, ppt
CF4_MoleFraction_PFP, ppt
C2F6_MoleFraction_PFP, ppt
SO2F2_MoleFraction_PFP, ppt
MEBR_MoleFraction_PFP, ppt
CH3I_MoleFraction_PFP, ppt
DIBR_MoleFraction_PFP, ppt
[...]
[from data line 770]
74552,   25,          100771.00,         1.0000000,  15.59128052,   36.57243574,   283.2254578,   4.956840541,   542.6,   262.8299939,   312.9953213,   261,   75.27499174,   41.43988379,   274.2599422,   5.069,   76.2,   104.94576,   80.76708001,   0.32,   4.2,   311.9,   331.24,   -19.54,   7.64,   -12.2,   313,   252.9499939,   268.3499939,   939.2,   73,   27.68,   -130.2,   -77.76,   1.52,   1.25,   2.83,   2.562,   44.12,   0.19845,   1.231775,   1.07365,   44.405,   39.97,   251.3524939,   0.00586,   5.06314,   0.1141464,   0.62958,   20.6,   405.6342857,   1.85255,   0.07115,    -999999,   -999999,   -999999,   -999999,   -999999,   -999999,   -999999,   -999999,   -999999,   -999999,   -999999,   -999999,   -999999,   -999999,   -999999,   -999999,   -999999,   -999999,   -999999,   -999999,   -999999,   -999999,   -999999,   -999999,   -999999,   -999999,   -999999,   -999999,   -999999,   -999999,   -999999,   -999999,   -999999,   -999999,   -999999,   -999999,   -999999,   -999999,   -999999,   -999999,   -999999,   -999999,   -999999,   -999999,   -999999,   -999999,   -999999,   -999999,   -999999,   -999999,   -999999,     -999999  
74557,   25,          100772.00,         1.0000000,  15.59251539,   36.57523804,   283.2231476,   4.983723902,   540.8,   262.6299939,   313.0542185,   261,   75.28845983,   41.37993456,   273.8400677,   5.0946,   73.2,   104.94576,   80.76708001,   0.32,   4,   305.98,   323.4,   -17.78,   7.6,   -12.2,   313.08,   252.8299939,   268.1899939,   938.6,   73,   26.68,   -130.2,   -71.72,   1.512,   1.238,   2.786,   2.518,   44.368,   0.1967222222,   1.221,   1.060877778,   44.62777778,   40.09444444,   251.2166606,   0.01294,   5.08166,   0.1096186,   0.71952,   23.4,   405.63,   1.8526,   0.07665,    -999999,   -999999,   -999999,   -999999,   -999999,   -999999,   -999999,   -999999,   -999999,   -999999,   -999999,   -999999,   -999999,   -999999,   -999999,   -999999,   -999999,   -999999,   -999999,   -999999,   -999999,   -999999,   -999999,   -999999,   -999999,   -999999,   -999999,   -999999,   -999999,   -999999,   -999999,   -999999,   -999999,   -999999,   -999999,   -999999,   -999999,   -999999,   -999999,   -999999,   -999999,   -999999,   -999999,   -999999,   -999999,   -999999,   -999999,   -999999,   -999999,   -999999,   -999999,     -999999  
74562,   25,          100773.00,         1.0000000,  15.59372667,   36.57765806,   283.2204834,   5.006157182,   538.8,   262.4299939,   313.1471395,   261,   75.30147009,   41.13996524,   273.620175,   5.1208,   70.2,   105.048648,   80.76708001,   0.32,   4,   300.12,   315.14,   -15.34,   7.66,   -12.28,   313.1,   252.5899939,   267.9699939,   938.2,   73,   25.5,   -130.2,   -65.32,   1.484,   1.214,   2.742,   2.474,   44.158,   0.197225,   1.224125,   1.05965,   45.38,   40.69,   251.2049939,   0.01472,   5.10608,   0.1234342,   0.71952,   21.2,   405.615,   1.853,   0.07155,    -999999,   -999999,   -999999,   -999999,   -999999,   -999999,   -999999,   -999999,   -999999,   -999999,   -999999,   -999999,   -999999,   -999999,   -999999,   -999999,   -999999,   -999999,   -999999,   -999999,   -999999,   -999999,   -999999,   -999999,   -999999,   -999999,   -999999,   -999999,   -999999,   -999999,   -999999,   -999999,   -999999,   -999999,   -999999,   -999999,   -999999,   -999999,   -999999,   -999999,   -999999,   -999999,   -999999,   -999999,   -999999,   -999999,   -999999,   -999999,   -999999,   -999999,   -999999,     -999999  
74567,   25,          100774.00,         1.0000000,  15.59491699,   36.57965928,   283.2175049,   5.030906942,   537.2,   262.2099939,   313.1505961,   261,   75.31402542,   40.91985983,   273.2601172,   5.1464,   68.2,   104.94576,   80.76708001,   0.32,   4,   294.2,   306.54,   -12.78,   7.7,   -12.24,   313.12,   252.2299939,   267.8099939,   936.2,   73,   24.3,   -130.2,   -59.48,   1.446,   1.174,   2.692,   2.422,   43.566,   0.1966555556,   1.220522222,   1.052977778,   46.32222222,   41.42111111,   251.1333272,   0.01188,   5.13452,   0.1146478,   0.71952,   22.38,   405.645,   1.8522,   0.0732,    -999999,   -999999,   -999999,   -999999,   -999999,   -999999,   -999999,   -999999,   -999999,   -999999,   -999999,   -999999,   -999999,   -999999,   -999999,   -999999,   -999999,   -999999,   -999999,   -999999,   -999999,   -999999,   -999999,   -999999,   -999999,   -999999,   -999999,   -999999,   -999999,   -999999,   -999999,   -999999,   -999999,   -999999,   -999999,   -999999,   -999999,   -999999,   -999999,   -999999,   -999999,   -999999,   -999999,   -999999,   -999999,   -999999,   -999999,   -999999,   -999999,   -999999,   -999999,     -999999  
74572,   25,          100775.00,         1.0000000,  15.59609053,   36.58122632,   283.2142746,   5.056205342,   535.6,   261.9699939,   313.1307201,   261,   75.32615623,   40.7599496,   273.0001473,   5.1722,   66.6,   105.357312,   80.76708001,   0.33,   4,   288.28,   297.56,   -9.6,   7.7,   -12.4,   313.14,   251.9099939,   267.4699939,   935,   73.04,   22.94,   -130.1,   -53.18,   1.41,   1.138,   2.644,   2.374,   43.208,   0.1978153846,   1.227869231,   1.056223077,   47.51307692,   42.37692308,   251.166917,   0.0102,   5.162,   0.129981,   0.71952,   19.62,   405.625,   1.85215,   0.07606315789,    -999999,   -999999,   -999999,   -999999,   -999999,   -999999,   -999999,   -999999,   -999999,   -999999,   -999999,   -999999,   -999999,   -999999,   -999999,   -999999,   -999999,   -999999,   -999999,   -999999,   -999999,   -999999,   -999999,   -999999,   -999999,   -999999,   -999999,   -999999,   -999999,   -999999,   -999999,   -999999,   -999999,   -999999,   -999999,   -999999,   -999999,   -999999,   -999999,   -999999,   -999999,   -999999,   -999999,   -999999,   -999999,   -999999,   -999999,   -999999,   -999999,   -999999,   -999999,     -999999  
74577,   25,          100776.00,         1.0000000,  15.59725094,   36.58232958,   283.2108475,   5.084368863,   533.4,   261.7299939,   313.211971,   261,   75.33787939,   40.43991588,   272.8802671,   5.1982,   65.2,   104.94576,   80.45841601,   0.322,   4.4,   282.4,   288.22,   -6.36,   7.78,   -12.4,   313.2,   251.5099939,   267.3099939,   934.2,   73.1,   21.58,   -130.1,   -47.46,   1.366,   1.106,   2.596,   2.326,   42.49,   0.19646,   1.21944,   1.04502,   47.986,   42.706,   251.0459939,   0.01576,   5.18244,   0.1255606,   0.71952,   19.84,   405.59,   1.8525,   0.07715,    -999999,   -999999,   -999999,   -999999,   -999999,   -999999,   -999999,   -999999,   -999999,   -999999,   -999999,   -999999,   -999999,   -999999,   -999999,   -999999,   -999999,   -999999,   -999999,   -999999,   -999999,   -999999,   -999999,   -999999,   -999999,   -999999,   -999999,   -999999,   -999999,   -999999,   -999999,   -999999,   -999999,   -999999,   -999999,   -999999,   -999999,   -999999,   -999999,   -999999,   -999999,   -999999,   -999999,   -999999,   -999999,   -999999,   -999999,   -999999,   -999999,   -999999,   -999999,     -999999  
74582,   25,          100777.00,         1.0000000,  15.59840251,   36.58295668,   283.2072876,   5.104180863,   532,   261.5099939,   313.1837762,   261,   75.34922819,   39.9799611,   272.8397199,   5.2242,   65,   104.94576,   80.25264001,   0.32,   4.6,   276.46,   278.72,   -2.7,   7.86,   -12.44,   313.16,   251.1899939,   266.9899939,   933,   73.1,   20.02,   -130.1,   -41.26,   1.334,   1.074,   2.544,   2.274,   42.106,   0.1931,   1.19864,   1.02366,   47.836,   42.492,   250.8099939,   0.0181,   5.2061,   0.1164446,   0.71952,   21.16,   405.61,   1.851922222,   0.07705,    -999999,   -999999,   -999999,   -999999,   -999999,   -999999,   -999999,   -999999,   -999999,   -999999,   -999999,   -999999,   -999999,   -999999,   -999999,   -999999,   -999999,   -999999,   -999999,   -999999,   -999999,   -999999,   -999999,   -999999,   -999999,   -999999,   -999999,   -999999,   -999999,   -999999,   -999999,   -999999,   -999999,   -999999,   -999999,   -999999,   -999999,   -999999,   -999999,   -999999,   -999999,   -999999,   -999999,   -999999,   -999999,   -999999,   -999999,   -999999,   -999999,   -999999,   -999999,     -999999  
74587,   25,          100778.00,         1.0000000,  15.59954949,   36.58310088,   283.2036591,   5.133441663,   530,   261.3299939,   313.3051869,   261,   75.36023942,   39.59993758,   272.7400505,   5.2498,   65,   104.842872,   79.94397601,   0.32,   4,   270.52,   269.2,   0.78,   7.7,   -12.48,   313.24,   250.8099939,   266.7899939,   931.6,   73.1,   18.7,   -130.1,   -35.74,   1.296,   1.036,   2.496,   2.226,   41.462,   0.19055,   1.182775,   1.006775,   48.295,   42.775,   250.6224939,   0.02134,   5.22846,   0.1235666,   0.71952,   20.44,   405.6285714,   1.852244444,   0.0781,    -999999,   -999999,   -999999,   -999999,   -999999,   -999999,   -999999,   -999999,   -999999,   -999999,   -999999,   -999999,   -999999,   -999999,   -999999,   -999999,   -999999,   -999999,   -999999,   -999999,   -999999,   -999999,   -999999,   -999999,   -999999,   -999999,   -999999,   -999999,   -999999,   -999999,   -999999,   -999999,   -999999,   -999999,   -999999,   -999999,   -999999,   -999999,   -999999,   -999999,   -999999,   -999999,   -999999,   -999999,   -999999,   -999999,   -999999,   -999999,   -999999,   -999999,   -999999,     -999999  
74592,   25,          100779.00,         1.0000000,  15.60069556,   36.58275146,   283.2000168,   5.153863264,   528.4,   261.1499939,   313.3599626,   261,   75.37094159,   39.2599631,   272.8401935,   5.2734,   65.8,   104.739984,   79.73820001,   0.32,   4,   264.58,   259.7,   4.48,   7.7,   -12.52,   313.26,   250.4899939,   266.5499939,   931.6,   73.1,   17.2,   -130.1,   -29.74,   1.264,   1.006,   2.46,   2.192,   40.892,   0.1859,   1.153733333,   0.9796833333,   47.16666667,   41.76,   250.3116606,   0.01778,   5.25562,   0.1214234,   0.71952,   21.8,   405.65,   1.85235,   0.0728,    -999999,   -999999,   -999999,   -999999,   -999999,   -999999,   -999999,   -999999,   -999999,   -999999,   -999999,   -999999,   -999999,   -999999,   -999999,   -999999,   -999999,   -999999,   -999999,   -999999,   -999999,   -999999,   -999999,   -999999,   -999999,   -999999,   -999999,   -999999,   -999999,   -999999,   -999999,   -999999,   -999999,   -999999,   -999999,   -999999,   -999999,   -999999,   -999999,   -999999,   -999999,   -999999,   -999999,   -999999,   -999999,   -999999,   -999999,   -999999,   -999999,   -999999,   -999999,     -999999  
74597,   25,          100780.00,         1.0000000,  15.60184479,   36.58191148,   283.1964218,   5.179527424,   526.6,   260.9499939,   313.4254032,   261,   75.38137563,   38.83985662,   272.2003603,   5.2968,   67.4,   104.534208,   79.73820001,   0.32,   4,   258.34,   250.44,   7.4,   7.7,   -12.44,   313.36,   250.1699939,   266.3699939,   931.8,   73.1,   15.6,   -130.1,   -23.98,   1.232,   0.982,   2.424,   2.154,   40.388,   0.1815,   1.12648,   0.95313,   46.851,   41.387,   249.9999939,   0.01302,   5.28378,   0.1116416,   0.7375078,   24.08,   405.68,   1.853,   0.07933684211,    -999999,   -999999,   -999999,   -999999,   -999999,   -999999,   -999999,   -999999,   -999999,   -999999,   -999999,   -999999,   -999999,   -999999,   -999999,   -999999,   -999999,   -999999,   -999999,   -999999,   -999999,   -999999,   -999999,   -999999,   -999999,   -999999,   -999999,   -999999,   -999999,   -999999,   -999999,   -999999,   -999999,   -999999,   -999999,   -999999,   -999999,   -999999,   -999999,   -999999,   -999999,   -999999,   -999999,   -999999,   -999999,   -999999,   -999999,   -999999,   -999999,   -999999,   -999999,     -999999  
74602,   25,          100781.00,         1.0000000,  15.60300174,   36.58058852,   283.1929428,   5.199461344,   525.4,   260.7299939,   313.3653538,   261,   75.39159003,   38.59975023,   271.6604663,   5.3196,   69.2,   104.94576,   79.73820001,   0.322,   4,   252.04,   241.44,   10.3,   7.44,   -12.48,   313.36,   249.8499939,   266.2299939,   932.2,   73.1,   14.22,   -130.1,   -17.84,   1.2,   0.95,   2.388,   2.118,   39.846,   0.1766666667,   1.0966,   0.9249444444,   46.42444444,   40.91888889,   249.6622161,   0.00694,   5.31266,   0.1187624,   0.8454354,   23.16,   405.715,   1.85375,   0.0775,    -999999,   -999999,   -999999,   -999999,   -999999,   -999999,   -999999,   -999999,   -999999,   -999999,   -999999,   -999999,   -999999,   -999999,   -999999,   -999999,   -999999,   -999999,   -999999,   -999999,   -999999,   -999999,   -999999,   -999999,   -999999,   -999999,   -999999,   -999999,   -999999,   -999999,   -999999,   -999999,   -999999,   -999999,   -999999,   -999999,   -999999,   -999999,   -999999,   -999999,   -999999,   -999999,   -999999,   -999999,   -999999,   -999999,   -999999,   -999999,   -999999,   -999999,   -999999,     -999999  
74607,   25,          100782.00,         1.0000000,  15.60416999,   36.57880248,   283.1896332,   5.219943905,   524,   260.5699939,   313.4118892,   261,   75.40163124,   38.4799676,   271.5798856,   5.3412,   72.2,   105.357312,   80.25264001,   0.33,   4,   246.12,   233,   12.74,   7.4,   -12.4,   313.4,   249.5499939,   266.0699939,   933.2,   73.1,   12.86,   -130.06,   -12.36,   1.17,   0.93,   2.358,   2.09,   39.304,   0.174825,   1.08515,   0.912475,   46.6875,   41.065,   249.5099939,   0.00698,   5.33422,   0.1187792,   0.8634234,   23.28,   405.69,   1.853822222,   0.07650526316,    -999999,   -999999,   -999999,   -999999,   -999999,   -999999,   -999999,   -999999,   -999999,   -999999,   -999999,   -999999,   -999999,   -999999,   -999999,   -999999,   -999999,   -999999,   -999999,   -999999,   -999999,   -999999,   -999999,   -999999,   -999999,   -999999,   -999999,   -999999,   -999999,   -999999,   -999999,   -999999,   -999999,   -999999,   -999999,   -999999,   -999999,   -999999,   -999999,   -999999,   -999999,   -999999,   -999999,   -999999,   -999999,   -999999,   -999999,   -999999,   -999999,   -999999,   -999999,     -999999  
