inputs/ACTAMERICA_Merge/C130/ACTAMERICA-mrg05-c130_merge_20170201_R0.ict
143, 1001
Shook, Michael
NASA Atmospheric Composition Branch, NASA Langley Research Center (SSAI)
Merged data file for ACT-AMERICA 2017, Flight 03 (20170201), on the c130 platform. Data is merged to 05 seconds.
NASA ACT-AMERICA 2017
1, 1
2017, 02, 01, 2018, 02, 23
05
UTC,s
104
1, 1, 1, 1, 1, 1, 1, 1, 1, 1, 1, 1, 1, 1, 1, 1, 1, 1, 1, 1, 1, 1, 1, 1, 1, 1, 1, 1, 1, 1, 1, 1, 1, 1, 1, 1, 1, 1, 1, 1, 1, 1, 1, 1, 1, 1, 1, 1, 1, 1, 1, 1, 1, 1, 1, 1, 1, 1, 1, 1, 1, 1, 1, 1, 1, 1, 1, 1, 1, 1, 1, 1, 1, 1, 1, 1, 1, 1, 1, 1, 1, 1, 1, 1, 1, 1, 1, 1, 1, 1, 1, 1, 1, 1, 1, 1, 1, 1, 1, 1, 1, 1, 1, 1
-999999, -999999, -999999, -999999, -999999, -999999, -999999, -999999, -999999, -999999, -999999, -999999, -999999, -999999, -999999, -999999, -999999, -999999, -999999, -999999, -999999, -999999, -999999, -999999, -999999, -999999, -999999, -999999, -999999, -999999, -999999, -999999, -999999, -999999, -999999, -999999, -999999, -999999, -999999, -999999, -999999, -999999, -999999, -999999, -999999, -999999, -999999, -999999, -999999, -999999, -999999, -999999, -999999, -999999, -999999, -999999, -999999, -999999, -999999, -999999, -999999, -999999, -999999, -999999, -999999, -999999, -999999, -999999, -999999, -999999, -999999, -999999, -999999, -999999, -999999, -999999, -999999, -999999, -999999, -999999, -999999, -999999, -999999, -999999, -999999, -999999, -999999, -999999, -999999, -999999, -999999, -999999, -999999, -999999, -999999, -999999, -999999, -999999, -999999, -999999, -999999, -999999, -999999, -999999
JDAY, days
INDEX, none
FLIGHT, none
LOCAL_SUN_TIME, hour
LATITUDE, degs
LONGITUDE, degs
ALTP, km
PRESSURE, hPa
TEMPERATURE, K
THETA, K
O3COLUMN, DU
SZA, deg
WNS, m s-1
WND, Degs
GPS_ALT, km
GRD_SPD, m s-1
TAS, m/s
IAS, m/s
MachNumber, mach
VerticalSpeed, m s-1
HDG, degs
TRK, degs
DriftAngle, degs
PITCH, degs
ROLL, degs
PotentialTemp, K
Dewpoint, K
TotalAirTemp, K
CabinPressure, hPa
SolarZenithAngle, degs
AircraftSunElevation, degs
SunAzimuth, degs
AircraftSunAzimuth, degs
H2O_MixingRatio, g kg-1
H2O_VaporPressure, hPa
H2O_SatVaporPressureWater, hPa
H2O_SatVaporPressureIce, hPa
H2O_RelativeHumidity, %
H2O_VolMixingRatio_PICARRO, %
H2O_MassMixingRatio_PICARRO, g kg-1
H2O_VaporPressure_PICARRO, hPa
RHi_PICARRO, %
RHw_PICARRO, %
Dewpoint_PICARRO, K
Ground_Elevation, km
Altitude_AGL, km
GroundHeight_CPL, km
MLH_CPL, km
O3_MixingRatio, ppbv
CO2_MixingRatio_PICARRO, ppmv
CH4_MixingRatio_PICARRO, ppmv
CO_MixingRatio_PICARRO, ppmv
CO2_MoleFraction_PFP, ppm
CH4_MoleFraction_PFP, ppb
CO_MoleFraction_PFP, ppb
N2O_MoleFraction_PFP, ppb
SF6_CCGG_MoleFraction_PFP, ppt
H2_MoleFraction_PFP, ppb
CH4C13_PFP, per mil
CO2C14_PFP, per mil
F11B_MoleFraction_PFP, ppt
FC12_MoleFraction_PFP, ppt
F13_MoleFraction_PFP, ppt
F113_MoleFraction_PFP, ppt
F115_MoleFraction_PFP, ppt
HF133a_MoleFraction_PFP, ppt
F23_MoleFraction_PFP, ppt
F32_MoleFraction_PFP, ppt
F134A_MoleFraction_PFP, ppt
F152A_MoleFraction_PFP, ppt
F125_MoleFraction_PFP, ppt
F143a_MoleFraction_PFP, ppt
F227e_MoleFraction_PFP, ppt
F365m_MoleFraction_PFP, ppt
H1211_MoleFraction_PFP, ppt
H1301_MoleFraction_PFP, ppt
H2402_MoleFraction_PFP, ppt
MCFA_MoleFraction_PFP, ppt
CF4_MoleFraction_PFP, ppt
C2F6_MoleFraction_PFP, ppt
SO2F2_MoleFraction_PFP, ppt
MEBR_MoleFraction_PFP, ppt
CH3I_MoleFraction_PFP, ppt
DIBR_MoleFraction_PFP, ppt
[...]
[from data line 2195]
71817,   32,          302196.00,         3.0000000,  13.67672146,   38.60751036,   265.9029053,   4.650943257,   565,   260.2499939,   306.3613903,   306,   60.49207427,   28.87986982,   273.9797785,   4.679,   126.2,   126.655128,   100.418688,   0.39,   0,   356.6,   9.74,   -13.12,   2.3,   -0.16,   306.3,   257.5699939,   268.3099939,   894.4,   59,   33,   -155.9,   -151.62,   2.164,   1.844,   2.296,   2.026,   80.338,   0.319575,   1.9835,   1.8094,   91.1475,   80.31,   257.4749939,   0.24046,   4.43854,   0.3354338,   0.9113916,   40.8,   406.9042857,   1.874588889,   0.09435,    -999999,   -999999,   -999999,   -999999,   -999999,   -999999,   -999999,   -999999,   -999999,   -999999,   -999999,   -999999,   -999999,   -999999,   -999999,   -999999,   -999999,   -999999,   -999999,   -999999,   -999999,   -999999,   -999999,   -999999,   -999999,   -999999,   -999999,   -999999,   -999999,   -999999,   -999999,   -999999,   -999999,   -999999,   -999999,   -999999,   -999999,   -999999,   -999999,   -999999,   -999999,   -999999,   -999999,   -999999,   -999999,   -999999,   -999999,   -999999,   -999999,   -999999,   -999999,     -999999  
71822,   32,          302197.00,         3.0000000,  13.67819255,   38.61308898,   265.9041382,   4.649663097,   565,   260.2299939,   306.3378467,   306,   60.50505828,   29.15980516,   273.1991081,   4.6794,   124.8,   125.00892,   99.18403201,   0.39,   0,   356.54,   9.88,   -13.38,   2.3,   -0.12,   306.24,   257.6499939,   267.9899939,   894.6,   59,   32.98,   -155.9,   -151.46,   2.176,   1.86,   2.294,   2.024,   80.98,   0.320325,   1.9884,   1.81385,   91.3725,   80.505,   257.5024939,   0.24448,   4.43492,   0.3354998,   0.929379,   41.48,   406.915,   1.8746,   0.09375,    -999999,   -999999,   -999999,   -999999,   -999999,   -999999,   -999999,   -999999,   -999999,   -999999,   -999999,   -999999,   -999999,   -999999,   -999999,   -999999,   -999999,   -999999,   -999999,   -999999,   -999999,   -999999,   -999999,   -999999,   -999999,   -999999,   -999999,   -999999,   -999999,   -999999,   -999999,   -999999,   -999999,   -999999,   -999999,   -999999,   -999999,   -999999,   -999999,   -999999,   -999999,   -999999,   -999999,   -999999,   -999999,   -999999,   -999999,   -999999,   -999999,   -999999,   -999999,     -999999  
71827,   32,          302198.00,         3.0000000,  13.67966424,   38.61860884,   265.9053802,   4.646432217,   565.6,   260.2099939,   306.2214266,   306,   60.51799765,   29.11991164,   272.8003434,   4.679,   123.4,   123.4656,   97.84648801,   0.38,   0,   356.62,   10.12,   -13.5,   2.38,   0.16,   306.22,   257.6299939,   267.8899939,   895,   59,   32.9,   -155.86,   -151.34,   2.17,   1.856,   2.294,   2.024,   80.854,   0.3197,   1.98435,   1.81015,   91.19,   80.3425,   257.4824939,   0.24516,   4.43384,   0.335877,   0.929379,   39.5,   406.92,   1.8747,   0.09885,    -999999,   -999999,   -999999,   -999999,   -999999,   -999999,   -999999,   -999999,   -999999,   -999999,   -999999,   -999999,   -999999,   -999999,   -999999,   -999999,   -999999,   -999999,   -999999,   -999999,   -999999,   -999999,   -999999,   -999999,   -999999,   -999999,   -999999,   -999999,   -999999,   -999999,   -999999,   -999999,   -999999,   -999999,   -999999,   -999999,   -999999,   -999999,   -999999,   -999999,   -999999,   -999999,   -999999,   -999999,   -999999,   -999999,   -999999,   -999999,   -999999,   -999999,   -999999,     -999999  
71832,   32,          302199.00,         3.0000000,  13.68113746,   38.62406844,   265.9066452,   4.644176697,   566,   260.2499939,   306.2066428,   306,   60.53089616,   29.17986821,   272.5197398,   4.679,   122.2,   121.92228,   96.61183201,   0.38,   0,   356.68,   10.36,   -13.72,   2.56,   -0.32,   306.24,   257.5499939,   267.7099939,   894.8,   59,   33.28,   -155.8,   -151.62,   2.158,   1.84,   2.298,   2.03,   80.138,   0.3196090909,   1.983754545,   1.809581818,   91.16,   80.32,   257.4781757,   0.23934,   4.43966,   0.33637,   0.929379,   39.22,   406.89,   1.87435,   0.0973,    -999999,   -999999,   -999999,   -999999,   -999999,   -999999,   -999999,   -999999,   -999999,   -999999,   -999999,   -999999,   -999999,   -999999,   -999999,   -999999,   -999999,   -999999,   -999999,   -999999,   -999999,   -999999,   -999999,   -999999,   -999999,   -999999,   -999999,   -999999,   -999999,   -999999,   -999999,   -999999,   -999999,   -999999,   -999999,   -999999,   -999999,   -999999,   -999999,   -999999,   -999999,   -999999,   -999999,   -999999,   -999999,   -999999,   -999999,   -999999,   -999999,   -999999,   -999999,     -999999  
71837,   32,          302200.00,         3.0000000,  13.68261047,   38.62946166,   265.9079071,   4.645517817,   565.8,   260.3099939,   306.3081665,   306,   60.5437389,   29.27997186,   272.3400274,   4.6788,   120.6,   120.481848,   95.27428801,   0.37,   0,   356.52,   10.4,   -13.88,   2.72,   -0.36,   306.3,   257.4499939,   267.5099939,   895.6,   59.1,   33.42,   -155.8,   -151.42,   2.14,   1.83,   2.308,   2.04,   79.1,   0.3187,   1.978311111,   1.804633333,   90.90888889,   80.09777778,   257.4444383,   0.23908,   4.43972,   0.336132,   0.929379,   39.76,   406.8985714,   1.8745,   0.09471052632,    -999999,   -999999,   -999999,   -999999,   -999999,   -999999,   -999999,   -999999,   -999999,   -999999,   -999999,   -999999,   -999999,   -999999,   -999999,   -999999,   -999999,   -999999,   -999999,   -999999,   -999999,   -999999,   -999999,   -999999,   -999999,   -999999,   -999999,   -999999,   -999999,   -999999,   -999999,   -999999,   -999999,   -999999,   -999999,   -999999,   -999999,   -999999,   -999999,   -999999,   -999999,   -999999,   -999999,   -999999,   -999999,   -999999,   -999999,   -999999,   -999999,   -999999,   -999999,     -999999  
71842,   32,          302201.00,         3.0000000,  13.68408339,   38.63479004,   265.9091675,   4.644115737,   565.8,   260.3099939,   306.3081665,   306,   60.55652787,   29.27993937,   272.3804645,   4.6782,   119.4,   118.938528,   94.24540801,   0.37,   0,   356.58,   10.64,   -14.08,   2.92,   0.22,   306.3,   257.4499939,   267.3699939,   895.2,   59.1,   33.28,   -155.8,   -151.06,   2.14,   1.83,   2.31,   2.042,   79.08,   0.319425,   1.982625,   1.80855,   91.1075,   80.2725,   257.4724939,   0.2397,   4.4385,   0.3365574,   0.947367,   40.08,   406.8857143,   1.8746,   0.0955,    -999999,   -999999,   -999999,   -999999,   -999999,   -999999,   -999999,   -999999,   -999999,   -999999,   -999999,   -999999,   -999999,   -999999,   -999999,   -999999,   -999999,   -999999,   -999999,   -999999,   -999999,   -999999,   -999999,   -999999,   -999999,   -999999,   -999999,   -999999,   -999999,   -999999,   -999999,   -999999,   -999999,   -999999,   -999999,   -999999,   -999999,   -999999,   -999999,   -999999,   -999999,   -999999,   -999999,   -999999,   -999999,   -999999,   -999999,   -999999,   -999999,   -999999,   -999999,     -999999  
71847,   32,          302202.00,         3.0000000,  13.68555773,   38.64006194,   265.9104492,   4.644237657,   566,   260.3299939,   306.3007697,   306,   60.56927884,   29.4599921,   272.6200273,   4.678,   118.2,   117.80676,   93.31941601,   0.366,   0,   356.54,   10.88,   -14.28,   3,   -0.02,   306.3,   257.4499939,   267.3099939,   896.4,   59.1,   33.48,   -155.8,   -151.14,   2.14,   1.83,   2.31,   2.042,   79.058,   0.3179090909,   1.973181818,   1.799945455,   90.67363636,   79.89,   257.4118121,   0.25244,   4.42556,   0.336931,   0.959359,   39.84,   406.87,   1.87425,   0.0954,    -999999,   -999999,   -999999,   -999999,   -999999,   -999999,   -999999,   -999999,   -999999,   -999999,   -999999,   -999999,   -999999,   -999999,   -999999,   -999999,   -999999,   -999999,   -999999,   -999999,   -999999,   -999999,   -999999,   -999999,   -999999,   -999999,   -999999,   -999999,   -999999,   -999999,   -999999,   -999999,   -999999,   -999999,   -999999,   -999999,   -999999,   -999999,   -999999,   -999999,   -999999,   -999999,   -999999,   -999999,   -999999,   -999999,   -999999,   -999999,   -999999,   -999999,   -999999,     -999999  
71852,   32,          302203.00,         3.0000000,  13.68703257,   38.64527586,   265.9117386,   4.641982137,   566,   260.3699939,   306.3478332,   306,   60.58198548,   29.81996319,   272.3996648,   4.677,   116.8,   116.469216,   92.29053601,   0.36,   0,   356.38,   11.02,   -14.64,   3.12,   -0.06,   306.36,   257.5099939,   267.1699939,   896.6,   59.1,   33.58,   -155.72,   -150.96,   2.148,   1.836,   2.322,   2.052,   79.086,   0.3167,   1.965814286,   1.793228571,   90.33714286,   79.59428571,   257.3685653,   0.2431,   4.4339,   0.3364752,   0.929379,   42.48,   406.9214286,   1.8746,   0.0974,    -999999,   -999999,   -999999,   -999999,   -999999,   -999999,   -999999,   -999999,   -999999,   -999999,   -999999,   -999999,   -999999,   -999999,   -999999,   -999999,   -999999,   -999999,   -999999,   -999999,   -999999,   -999999,   -999999,   -999999,   -999999,   -999999,   -999999,   -999999,   -999999,   -999999,   -999999,   -999999,   -999999,   -999999,   -999999,   -999999,   -999999,   -999999,   -999999,   -999999,   -999999,   -999999,   -999999,   -999999,   -999999,   -999999,   -999999,   -999999,   -999999,   -999999,   -999999,     -999999  
71857,   32,          302204.00,         3.0000000,  13.68850782,   38.6504303,   265.913034,   4.641494457,   566,   260.3699939,   306.3478332,   306,   60.59464595,   29.73998885,   272.6599866,   4.677,   115.8,   115.337448,   91.36454401,   0.36,   0,   356.5,   11.26,   -14.72,   3.24,   0.34,   306.36,   257.5499939,   266.9899939,   897,   59.1,   33.46,   -155.7,   -150.76,   2.152,   1.84,   2.32,   2.052,   79.33,   0.3170125,   1.96765,   1.7949,   90.42,   79.6675,   257.3799939,   0.2443,   4.4327,   0.3373176,   0.9533634,   39.48,   406.9,   1.8744,   0.09842105263,    -999999,   -999999,   -999999,   -999999,   -999999,   -999999,   -999999,   -999999,   -999999,   -999999,   -999999,   -999999,   -999999,   -999999,   -999999,   -999999,   -999999,   -999999,   -999999,   -999999,   -999999,   -999999,   -999999,   -999999,   -999999,   -999999,   -999999,   -999999,   -999999,   -999999,   -999999,   -999999,   -999999,   -999999,   -999999,   -999999,   -999999,   -999999,   -999999,   -999999,   -999999,   -999999,   -999999,   -999999,   -999999,   -999999,   -999999,   -999999,   -999999,   -999999,   -999999,     -999999  
71862,   32,          302205.00,         3.0000000,  13.6899845,   38.65553128,   265.9143509,   4.641067737,   566,   260.3699939,   306.3478332,   306,   60.60727121,   29.7590655,   273.2215731,   4.6772,   114.6,   114.514344,   90.54144001,   0.356,   0,   356.68,   11.56,   -14.88,   3.32,   0.02,   306.32,   257.4699939,   266.9499939,   897.8,   59.1,   33.68,   -155.7,   -151,   2.144,   1.832,   2.318,   2.048,   78.902,   0.31538,   1.95762,   1.78576,   89.96,   79.259,   257.3159939,   0.24338,   4.43382,   0.337704,   0.9533634,   40.48,   406.86,   1.8744,   0.09755,    -999999,   -999999,   -999999,   -999999,   -999999,   -999999,   -999999,   -999999,   -999999,   -999999,   -999999,   -999999,   -999999,   -999999,   -999999,   -999999,   -999999,   -999999,   -999999,   -999999,   -999999,   -999999,   -999999,   -999999,   -999999,   -999999,   -999999,   -999999,   -999999,   -999999,   -999999,   -999999,   -999999,   -999999,   -999999,   -999999,   -999999,   -999999,   -999999,   -999999,   -999999,   -999999,   -999999,   -999999,   -999999,   -999999,   -999999,   -999999,   -999999,   -999999,   -999999,     -999999  
71867,   32,          302206.00,         3.0000000,  13.69146179,   38.6605812,   265.9156769,   4.638385497,   566,   260.3699939,   306.3478332,   306,   60.61985891,   29.59974121,   274.2185133,   4.6774,   113.6,   113.794128,   90.12988801,   0.35,   0,   356.68,   11.64,   -14.96,   3.44,   -0.94,   306.28,   257.3499939,   266.8899939,   898.4,   59.1,   34.28,   -155.7,   -151.52,   2.12,   1.81,   2.318,   2.048,   78.134,   0.3134,   1.945271429,   1.774228571,   89.38,   78.74714286,   257.2399939,   0.2421,   4.4353,   0.3167896,   0.9773478,   42.3,   406.9028571,   1.875,   0.09637894737,   406.4,   1875.96,   94.87,   329.57,   9.21,   517.84,   -47.41,    -999999,  232.78,   516.03,   3.35,   70.79,   8.64,   0.51,   30.34,   13.17,   97.22,   8.84,   22.58,   20.48,   1.29,   1.02,   3.49,   3.28,   0.42,   2.95,   83.8,   4.61,   2.54,   6.8,   0.33,   1.02,   522.95,   570.73,   56.52,   11.52,   2.01,   128.63,   924.04,   186.13,   29.06,   26.27,   5.02,   10.32,   28.97,   18.68,   0.2,   0.17,   111.88,   0.62,   5.19,          245.99000  
71872,   32,          302207.00,         3.0000000,  13.69293481,   38.66558532,   265.9169388,   4.638385497,   566,   260.3899939,   306.3713649,   306,   60.63238684,   29.91973557,   274.7614313,   4.679,   112.2,   113.1768,   89.51256001,   0.35,   0,   355.62,   10.82,   -15.28,   3.46,   -3.04,   306.3,   257.2099939,   266.8499939,   899.2,   59.1,   35.28,   -155.66,   -151.48,   2.092,   1.792,   2.324,   2.054,   77.024,   0.31176,   1.93512,   1.76492,   88.91,   78.336,   257.1779939,   0.24154,   4.43746,   0.345384,   0.971352,   43.18,   406.875,   1.8752,   0.1005473684,   406.4,   1875.96,   94.87,   329.57,   9.21,   517.84,   -47.41,    -999999,  232.78,   516.03,   3.35,   70.79,   8.64,   0.51,   30.34,   13.17,   97.22,   8.84,   22.58,   20.48,   1.29,   1.02,   3.49,   3.28,   0.42,   2.95,   83.8,   4.61,   2.54,   6.8,   0.33,   1.02,   522.95,   570.73,   56.52,   11.52,   2.01,   128.63,   924.04,   186.13,   29.06,   26.27,   5.02,   10.32,   28.97,   18.68,   0.2,   0.17,   111.88,   0.62,   5.19,          245.99000  
