inputs/ACTAMERICA_Merge/C130/ACTAMERICA-mrg05-c130_merge_20171103_R0.ict
145, 1001
Shook, Michael
NASA Atmospheric Composition Branch, NASA Langley Research Center (SSAI)
Merged data file for ACT-AMERICA Fall 2017, Flight 18 (20171103), on the c130 platform. Data is merged to 05 seconds.
NASA ACT-AMERICA Fall 2017
1, 1
2017, 11, 03, 2018, 07, 05
05
UTC,s
106
1, 1, 1, 1, 1, 1, 1, 1, 1, 1, 1, 1, 1, 1, 1, 1, 1, 1, 1, 1, 1, 1, 1, 1, 1, 1, 1, 1, 1, 1, 1, 1, 1, 1, 1, 1, 1, 1, 1, 1, 1, 1, 1, 1, 1, 1, 1, 1, 1, 1, 1, 1, 1, 1, 1, 1, 1, 1, 1, 1, 1, 1, 1, 1, 1, 1, 1, 1, 1, 1, 1, 1, 1, 1, 1, 1, 1, 1, 1, 1, 1, 1, 1, 1, 1, 1, 1, 1, 1, 1, 1, 1, 1, 1, 1, 1, 1, 1, 1, 1, 1, 1, 1, 1, 1, 1
-999999, -999999, -999999, -999999, -999999, -999999, -999999, -999999, -999999, -999999, -999999, -999999, -999999, -999999, -999999, -999999, -999999, -999999, -999999, -999999, -999999, -999999, -999999, -999999, -999999, -999999, -999999, -999999, -999999, -999999, -999999, -999999, -999999, -999999, -999999, -999999, -999999, -999999, -999999, -999999, -999999, -999999, -999999, -999999, -999999, -999999, -999999, -999999, -999999, -999999, -999999, -999999, -999999, -999999, -999999, -999999, -999999, -999999, -999999, -999999, -999999, -999999, -999999, -999999, -999999, -999999, -999999, -999999, -999999, -999999, -999999, -999999, -999999, -999999, -999999, -999999, -999999, -999999, -999999, -999999, -999999, -999999, -999999, -999999, -999999, -999999, -999999, -999999, -999999, -999999, -999999, -999999, -999999, -999999, -999999, -999999, -999999, -999999, -999999, -999999, -999999, -999999, -999999, -999999, -999999, -999999
JDAY, days
INDEX, none
FLIGHT, none
LOCAL_SUN_TIME, hour
LATITUDE, degs
LONGITUDE, degs
ALTP, km
PRESSURE, hPa
TEMPERATURE, K
THETA, K, calculated from ambient temperature and pressure
O3COLUMN, DU, OMI ozone column data extracted along flight track
SZA, deg
WNS, m s-1
WND, Degs
GPS_ALT, km
GRD_SPD, m s-1
TAS, m/s
IAS, m/s
MachNumber, mach
VerticalSpeed, m s-1
HDG, degs
TRK, degs
DriftAngle, degs
PITCH, degs
ROLL, degs
PotentialTemp_Nav, K
Dewpoint, K
TotalAirTemp, K
CabinPressure, hPa
SolarZenithAngle, degs
AircraftSunElevation, degs
SunAzimuth, degs
AircraftSunAzimuth, degs
H2O_MixingRatio_Nav, g kg-1
H2O_VaporPressure_Nav, hPa
H2O_SatVaporPressureWater_Nav, hPa
H2O_SatVaporPressureIce_Nav, hPa
H2O_RelativeHumidity_Nav, %
ManeuverFlag, none
H2O_VolMixingRatio_PICARRO, %
H2O_MassMixingRatio_PICARRO, g kg-1
H2O_VaporPressure_PICARRO, hPa
RHi_PICARRO, %
RHw_PICARRO, %
Dewpoint_PICARRO, K
GPS_ALT, km
GroundElevation-AMSL_GoogleMaps, km
Altitude-AGL_GoogleMaps, km
GroundHeight-AMSL_CPL, km
MLH-AMSL_CPL, km
O3_MixingRatio, ppbv
CO2_DryMoleFrac_PICARRO, ppm
CH4_DryMoleFrac_PICARRO, ppm
CO_DryMoleFrac_PICARRO, ppm
CO2_MoleFraction_PFP, ppm
CH4_MoleFraction_PFP, ppb
CO_MoleFraction_PFP, ppb
N2O_MoleFraction_PFP, ppb
SF6_CCGG_MoleFraction_PFP, ppt
H2_MoleFraction_PFP, ppb
CH4C13_PFP, permil
CO2C14_PFP, permil
F11B_MoleFraction_PFP, ppt
FC12_MoleFraction_PFP, ppt
F13_MoleFraction_PFP, ppt
F113_MoleFraction_PFP, ppt
F115_MoleFraction_PFP, ppt
HF133a_MoleFraction_PFP, ppt
F23_MoleFraction_PFP, ppt
F32_MoleFraction_PFP, ppt
F134A_MoleFraction_PFP, ppt
F152A_MoleFraction_PFP, ppt
F125_MoleFraction_PFP, ppt
F143a_MoleFraction_PFP, ppt
F227e_MoleFraction_PFP, ppt
F365m_MoleFraction_PFP, ppt
H1211_MoleFraction_PFP, ppt
H1301_MoleFraction_PFP, ppt
[...]
[from data line 2146]
71762,   307,          1802147.0,         18.000000,  13.67315067,   36.12789232,   266.07851,   0.7354824091,   927,   292.9899939,   299.4046765,   266,   56.40859773,   5.820403501,   146.9369344,   0.7762,   126.44,   132.0361704,   125.4924936,   0.384,   1.3,   168.4,   169.4,   -1,   1.02,   0.76,   299.32,   287.7499939,   301.7099939,   1001,   58.26,   31.2,   -146.7,   44.64,   12.038,   16.754,   23.37,   28.306,   71.692,    -999999,  1.83415,   11.3845,   17.040275,    -999999,  77.89,   288.1349939,   0.7762,   0.41444,   0.36176,    -999999,   -999999,  34.88,   419.56,   2.01525,   0.14213,    -999999,   -999999,   -999999,   -999999,   -999999,   -999999,   -999999,   -999999,   -999999,   -999999,   -999999,   -999999,   -999999,   -999999,   -999999,   -999999,   -999999,   -999999,   -999999,   -999999,   -999999,   -999999,   -999999,   -999999,   -999999,   -999999,   -999999,   -999999,   -999999,   -999999,   -999999,   -999999,   -999999,   -999999,   -999999,   -999999,   -999999,   -999999,   -999999,   -999999,   -999999,   -999999,   -999999,   -999999,   -999999,   -999999,   -999999,   -999999,   -999999,   -999999,   -999999,     -999999  
71767,   307,          1802148.0,         18.000000,  13.67462578,   36.12230484,   266.0798034,   0.7406640092,   926.8,   293.2499939,   299.6888439,   266,   56.41252474,   5.684871316,   152.5210155,   0.782,   125.9,   131.5217304,   124.906032,   0.38,   1.02,   168.56,   169.3,   -0.72,   0.98,   0.44,   299.64,   287.6299939,   301.8899939,   1001,   58.3,   30.92,   -146.7,   44.56,   11.944,   16.618,   23.73,   28.808,   70.036,    -999999,  1.822266667,   11.3106,   16.91673333,    -999999,  76.03666667,   288.0199939,   0.782,   0.42284,   0.35916,    -999999,   -999999,  36.36,   418.055,   2.01205,   0.14419,   417.56,   2012.27,   140.42,   331.28,   9.53,   472.97,   -47.65,    -999999,  233.38,   513.91,   3.26,   70.21,   8.71,   0.54,   31.51,   21.68,   117.98,   16.4,   29.47,   23.63,   1.44,   1.23,   3.49,   3.37,   0.42,   2.21,   84.43,   5.13,   2.23,   7.8,   0.99,   1.06,   447.94,   680.42,   67.4,   17.35,   6.84,   254.13,   6586.3,   3956.6,   1317.93,   588.84,   342.57,   380.69,   104.9,    -999999,  0.31,   0.2,   17.51,   0.64,   139.22,          261.13000  
71772,   307,          1802149.0,         18.000000,  13.67610136,   36.1167456,   266.0811038,   0.7458456092,   926.2,   293.3899939,   299.8874004,   266,   56.41648783,   5.787833489,   155.2060771,   0.7856,   125.4,   131.130756,   124.4739024,   0.38,   0.5,   168.58,   169.2,   -0.62,   0.82,   0.58,   299.84,   287.3299939,   301.9899939,   1000.8,   58.3,   31.02,   -146.7,   44.54,   11.752,   16.34,   23.952,   29.118,   68.22,    -999999,  1.813075,   11.2536,   16.825375,    -999999,  74.185,   287.9349939,   0.7856,   0.40686,   0.37874,    -999999,   -999999,  37.2,   416.675,   2.0096,   0.14317,   417.56,   2012.27,   140.42,   331.28,   9.53,   472.97,   -47.65,    -999999,  233.38,   513.91,   3.26,   70.21,   8.71,   0.54,   31.51,   21.68,   117.98,   16.4,   29.47,   23.63,   1.44,   1.23,   3.49,   3.37,   0.42,   2.21,   84.43,   5.13,   2.23,   7.8,   0.99,   1.06,   447.94,   680.42,   67.4,   17.35,   6.84,   254.13,   6586.3,   3956.6,   1317.93,   588.84,   342.57,   380.69,   104.9,    -999999,  0.31,   0.2,   17.51,   0.64,   139.22,          261.13000  
71777,   307,          1802150.0,         18.000000,  13.67757703,   36.1112001,   266.0824055,   0.7455408092,   926,   293.3099939,   299.8241281,   266,   56.42047204,   5.498219697,   150.0888103,   0.7876,   125.1,   130.5031392,   123.877152,   0.38,   0.26,   168.4,   169.22,   -0.8,   0.64,   0.88,   299.76,   287.5899939,   301.8499939,   1000.6,   58.3,   31.42,   -146.68,   44.74,   11.95,   16.616,   23.868,   29.004,   69.62,    -999999,  1.818475,   11.286925,   16.86615,    -999999,  74.3675,   287.9724939,   0.7876,   0.3747,   0.4129,    -999999,   -999999,  36.6,   417.42,   2.01125,   0.139375,   417.56,   2012.27,   140.42,   331.28,   9.53,   472.97,   -47.65,    -999999,  233.38,   513.91,   3.26,   70.21,   8.71,   0.54,   31.51,   21.68,   117.98,   16.4,   29.47,   23.63,   1.44,   1.23,   3.49,   3.37,   0.42,   2.21,   84.43,   5.13,   2.23,   7.8,   0.99,   1.06,   447.94,   680.42,   67.4,   17.35,   6.84,   254.13,   6586.3,   3956.6,   1317.93,   588.84,   342.57,   380.69,   104.9,    -999999,  0.31,   0.2,   17.51,   0.64,   139.22,          261.13000  
71782,   307,          1802151.0,         18.000000,  13.67905231,   36.10566536,   266.0837013,   0.7455408092,   926,   293.3499939,   299.8650164,   266,   56.42447194,   5.58162547,   149.9027715,   0.7876,   124.98,   130.4516952,   123.8359968,   0.38,   -0.16,   168.42,   169.28,   -0.84,   0.62,   1.02,   299.78,   287.5699939,   301.8499939,   1000.2,   58.3,   31.6,   -146.6,   44.76,   11.948,   16.612,   23.878,   29.018,   69.572,    -999999,  1.8148,   11.26425,   16.826775,    -999999,  74.195,   287.9374939,   0.7876,   0.39456,   0.39304,    -999999,   -999999,  37.08,   417.53,   2.011244444,   0.1362444444,    -999999,   -999999,   -999999,   -999999,   -999999,   -999999,   -999999,   -999999,   -999999,   -999999,   -999999,   -999999,   -999999,   -999999,   -999999,   -999999,   -999999,   -999999,   -999999,   -999999,   -999999,   -999999,   -999999,   -999999,   -999999,   -999999,   -999999,   -999999,   -999999,   -999999,   -999999,   -999999,   -999999,   -999999,   -999999,   -999999,   -999999,   -999999,   -999999,   -999999,   -999999,   -999999,   -999999,   -999999,   -999999,   -999999,   -999999,   -999999,   -999999,   -999999,   -999999,     -999999  
71787,   307,          1802152.0,         18.000000,  13.680527,   36.10013738,   266.0849884,   0.7467600092,   926,   293.3899939,   299.9059048,   266,   56.42848288,   5.89319692,   153.105278,   0.7878,   124.68,   130.4825616,   123.8462856,   0.38,   0.4,   168.6,   169.34,   -0.74,   1,   0.88,   299.86,   287.7899939,   301.9099939,   999.8,   58.3,   31.32,   -146.6,   44.44,   12.108,   16.834,   23.96,   29.13,   70.258,    -999999,  1.808625,   11.225925,   16.77045,    -999999,  73.9475,   287.8849939,   0.7878,   0.40596,   0.38184,    -999999,   -999999,  35.76,   417.345,   2.01055,   0.1407105263,    -999999,   -999999,   -999999,   -999999,   -999999,   -999999,   -999999,   -999999,   -999999,   -999999,   -999999,   -999999,   -999999,   -999999,   -999999,   -999999,   -999999,   -999999,   -999999,   -999999,   -999999,   -999999,   -999999,   -999999,   -999999,   -999999,   -999999,   -999999,   -999999,   -999999,   -999999,   -999999,   -999999,   -999999,   -999999,   -999999,   -999999,   -999999,   -999999,   -999999,   -999999,   -999999,   -999999,   -999999,   -999999,   -999999,   -999999,   -999999,   -999999,   -999999,   -999999,     -999999  
71792,   307,          1802153.0,         18.000000,  13.68200107,   36.0946269,   266.0862661,   0.7488936093,   926,   293.3699939,   299.8854606,   266,   56.43251394,   5.318328356,   155.9997104,   0.7902,   124.2,   129.484548,   122.8894272,   0.378,   0.94,   168.74,   169.32,   -0.56,   1.16,   0.76,   299.82,   287.6499939,   301.7499939,   999.8,   58.3,   31.04,   -146.6,   44.46,   12.006,   16.688,   23.914,   29.062,   69.79,    -999999,  1.813275,   11.2549,   16.811875,    -999999,  73.4425,   287.9224939,   0.7902,   0.44458,   0.34562,    -999999,   -999999,  33.86,   418.1028571,   2.0124,   0.1435,    -999999,   -999999,   -999999,   -999999,   -999999,   -999999,   -999999,   -999999,   -999999,   -999999,   -999999,   -999999,   -999999,   -999999,   -999999,   -999999,   -999999,   -999999,   -999999,   -999999,   -999999,   -999999,   -999999,   -999999,   -999999,   -999999,   -999999,   -999999,   -999999,   -999999,   -999999,   -999999,   -999999,   -999999,   -999999,   -999999,   -999999,   -999999,   -999999,   -999999,   -999999,   -999999,   -999999,   -999999,   -999999,   -999999,   -999999,   -999999,   -999999,   -999999,   -999999,     -999999  
71797,   307,          1802154.0,         18.000000,  13.68347509,   36.08913624,   266.087543,   0.7537704093,   925.2,   293.3099939,   299.898177,   266,   56.43657054,   5.97222343,   158.8706569,   0.7962,   123.68,   129.6491688,   123.002604,   0.38,   1.02,   168.84,   169.32,   -0.5,   1.3,   0.6,   299.82,   287.4699939,   301.7099939,   999,   58.3,   30.84,   -146.6,   44.24,   11.87,   16.49,   23.824,   28.94,   69.222,    -999999,  1.80435,   11.199325,   16.72255,    -999999,  73.7325,   287.8399939,   0.7962,   0.49522,   0.30098,    -999999,   -999999,  36.5,   418.11,   2.01225,   0.1419,    -999999,   -999999,   -999999,   -999999,   -999999,   -999999,   -999999,   -999999,   -999999,   -999999,   -999999,   -999999,   -999999,   -999999,   -999999,   -999999,   -999999,   -999999,   -999999,   -999999,   -999999,   -999999,   -999999,   -999999,   -999999,   -999999,   -999999,   -999999,   -999999,   -999999,   -999999,   -999999,   -999999,   -999999,   -999999,   -999999,   -999999,   -999999,   -999999,   -999999,   -999999,   -999999,   -999999,   -999999,   -999999,   -999999,   -999999,   -999999,   -999999,   -999999,   -999999,     -999999  
71802,   307,          1802155.0,         18.000000,  13.68495138,   36.08366348,   266.0888541,   0.7587081694,   925,   293.4299939,   300.0394051,   266,   56.44066498,   5.671154674,   152.3026574,   0.8034,   123.04,   128.5997112,   121.9531464,   0.372,   2.08,   168.36,   169.12,   -0.76,   1.8,   -0.08,   300.02,   287.5699939,   301.7299939,   999.8,   58.3,   30.3,   -146.5,   44.44,   11.942,   16.576,   24.052,   29.26,   68.922,    -999999,  1.811425,   11.2432,   16.77945,    -999999,  73.9875,   287.8949939,   0.8034,   0.48868,   0.31472,    -999999,   -999999,  35.64,   418.1971429,   2.01245,   0.14045,    -999999,   -999999,   -999999,   -999999,   -999999,   -999999,   -999999,   -999999,   -999999,   -999999,   -999999,   -999999,   -999999,   -999999,   -999999,   -999999,   -999999,   -999999,   -999999,   -999999,   -999999,   -999999,   -999999,   -999999,   -999999,   -999999,   -999999,   -999999,   -999999,   -999999,   -999999,   -999999,   -999999,   -999999,   -999999,   -999999,   -999999,   -999999,   -999999,   -999999,   -999999,   -999999,   -999999,   -999999,   -999999,   -999999,   -999999,   -999999,   -999999,   -999999,   -999999,     -999999  
71807,   307,          1802156.0,         18.000000,  13.68642765,   36.07824462,   266.0901648,   0.7693152095,   923.6,   293.2899939,   300.0260628,   266,   56.44481475,   4.229011343,   149.7984424,   0.8176,   122,   126.192132,   119.6278776,   0.37,   3.6,   168.2,   168.88,   -0.66,   2.6,   1.38,   299.96,   287.4699939,   301.2499939,   998.8,   58.3,   30.02,   -146.5,   44.44,   11.896,   16.49,   23.792,   28.898,   69.318,    -999999,  1.828975,   11.352325,   16.92045,    -999999,  73.44,   288.0224939,   0.8176,   0.47968,   0.33792,    -999999,   -999999,  32.76,   418.705,   2.0139,   0.1475,    -999999,   -999999,   -999999,   -999999,   -999999,   -999999,   -999999,   -999999,   -999999,   -999999,   -999999,   -999999,   -999999,   -999999,   -999999,   -999999,   -999999,   -999999,   -999999,   -999999,   -999999,   -999999,   -999999,   -999999,   -999999,   -999999,   -999999,   -999999,   -999999,   -999999,   -999999,   -999999,   -999999,   -999999,   -999999,   -999999,   -999999,   -999999,   -999999,   -999999,   -999999,   -999999,   -999999,   -999999,   -999999,   -999999,   -999999,   -999999,   -999999,   -999999,   -999999,     -999999  
71812,   307,          1802157.0,         18.000000,  13.68790158,   36.07287532,   266.0914403,   0.7883956897,   921.6,   293.0499939,   299.9662826,   266,   56.44900207,   4.55196244,   152.5027892,   0.836,   120.64,   125.1323856,   118.526976,   0.364,   3.68,   168.66,   169.32,   -0.6,   2.9,   1.84,   299.92,   287.6899939,   300.8899939,   998.4,   58.3,   30.62,   -146.5,   43.42,   12.076,   16.702,   23.462,   28.432,   71.19,    -999999,  1.812366667,   11.24906667,   16.748,    -999999,  72.48666667,   287.8633272,   0.836,   0.4757,   0.3603,    -999999,   -999999,  35.94,   419.1371429,   2.0145,   0.1428526316,    -999999,   -999999,   -999999,   -999999,   -999999,   -999999,   -999999,   -999999,   -999999,   -999999,   -999999,   -999999,   -999999,   -999999,   -999999,   -999999,   -999999,   -999999,   -999999,   -999999,   -999999,   -999999,   -999999,   -999999,   -999999,   -999999,   -999999,   -999999,   -999999,   -999999,   -999999,   -999999,   -999999,   -999999,   -999999,   -999999,   -999999,   -999999,   -999999,   -999999,   -999999,   -999999,   -999999,   -999999,   -999999,   -999999,   -999999,   -999999,   -999999,   -999999,   -999999,     -999999  
71817,   307,          1802158.0,         18.000000,  13.68937231,   36.06756434,   266.092668,   0.80589121,   919.4,   293.0299939,   300.1507013,   266,   56.4532294,   6.59495782,   169.1750876,   0.8546,   119.34,   125.8731792,   119.1340152,   0.368,   3.6,   169.36,   169.4,   -0.02,   2.64,   0.54,   300.08,   287.5499939,   300.9699939,   998.4,   58.3,   29.94,   -146.5,   43.22,   11.998,   16.56,   23.44,   28.402,   70.658,    -999999,  1.7736,   11.008425,   16.361825,    -999999,  72.82,   287.4999939,   0.8546,   0.46246,   0.39214,    -999999,   -999999,  36.94,   418.59,   2.01205,   0.1392,    -999999,   -999999,   -999999,   -999999,   -999999,   -999999,   -999999,   -999999,   -999999,   -999999,   -999999,   -999999,   -999999,   -999999,   -999999,   -999999,   -999999,   -999999,   -999999,   -999999,   -999999,   -999999,   -999999,   -999999,   -999999,   -999999,   -999999,   -999999,   -999999,   -999999,   -999999,   -999999,   -999999,   -999999,   -999999,   -999999,   -999999,   -999999,   -999999,   -999999,   -999999,   -999999,   -999999,   -999999,   -999999,   -999999,   -999999,   -999999,   -999999,   -999999,   -999999,     -999999  
