inputs/ACTAMERICA_Merge/C130/ACTAMERICA-mrg05-c130_merge_20160819_R3.ict
141, 1001
Shook, Michael
NASA Atmospheric Composition Branch, NASA Langley Research Center (SSAI)
Merged data file for ACT-AMERICA 2016, Flight 18 (20160819), on the c130 platform. Data is merged to 05 seconds.
ACTAmerica - 2016
1, 1
2016, 08, 19, 2018, 08, 24
05
UTC,s
99
1, 1, 1, 1, 1, 1, 1, 1, 1, 1, 1, 1, 1, 1, 1, 1, 1, 1, 1, 1, 1, 1, 1, 1, 1, 1, 1, 1, 1, 1, 1, 1, 1, 1, 1, 1, 1, 1, 1, 1, 1, 1, 1, 1, 1, 1, 1, 1, 1, 1, 1, 1, 1, 1, 1, 1, 1, 1, 1, 1, 1, 1, 1, 1, 1, 1, 1, 1, 1, 1, 1, 1, 1, 1, 1, 1, 1, 1, 1, 1, 1, 1, 1, 1, 1, 1, 1, 1, 1, 1, 1, 1, 1, 1, 1, 1, 1, 1, 1
-999999, -999999, -999999, -999999, -999999, -999999, -999999, -999999, -999999, -999999, -999999, -999999, -999999, -999999, -999999, -999999, -999999, -999999, -999999, -999999, -999999, -999999, -999999, -999999, -999999, -999999, -999999, -999999, -999999, -999999, -999999, -999999, -999999, -999999, -999999, -999999, -999999, -999999, -999999, -999999, -999999, -999999, -999999, -999999, -999999, -999999, -999999, -999999, -999999, -999999, -999999, -999999, -999999, -999999, -999999, -999999, -999999, -999999, -999999, -999999, -999999, -999999, -999999, -999999, -999999, -999999, -999999, -999999, -999999, -999999, -999999, -999999, -999999, -999999, -999999, -999999, -999999, -999999, -999999, -999999, -999999, -999999, -999999, -999999, -999999, -999999, -999999, -999999, -999999, -999999, -999999, -999999, -999999, -999999, -999999, -999999, -999999, -999999, -999999
JDAY, days
INDEX, none
FLIGHT, none
LOCAL_SUN_TIME, hour
LATITUDE, degs
LONGITUDE, degs
ALTP, km
PRESSURE, hPa
TEMPERATURE, K
THETA, K, calculated from ambient temperature and pressure
O3COLUMN, DU, OMI ozone column data extracted along flight track
SZA, deg
WNS, m s-1
WND, Degs
GPS_ALT, km
GRD_SPD, m s-1
TAS, m/s
IAS, m/s
MachNumber, mach
VerticalSpeed, m s-1
HDG, degs
TRK, degs
DriftAngle, degs
PITCH, degs
ROLL, degs
PotentialTemp_Nav, K
Dewpoint, K
TotalAirTemp, K
CabinPressure, hPa
SolarZenithAngle, degs
AircraftSunElevation, degs
SunAzimuth, degs
AircraftSunAzimuth, degs
H2O_MixingRatio_Nav, g kg-1
H2O_VaporPressure_Nav, hPa
H2O_SatVaporPressureWater_Nav, hPa
H2O_SatVaporPressureIce_Nav, hPa
H2O_RelativeHumidity_Nav, %
ManeuverFlag, none
GroundElevation-AMSL_GoogleMaps, km
Altitude-AGL_GoogleMaps, km
GroundHeight-AMSL_CPL, km
MLH-AMSL_CPL, km
O3_MoleFraction, ppb
CO2_DryMoleFrac_PICARRO, ppm
CH4_DryMoleFrac_PICARRO, ppm
CO_DryMoleFrac_PICARRO, ppm
CO2_MoleFraction_PFP, ppm
CH4_MoleFraction_PFP, ppb
CO_MoleFraction_PFP, ppb
N2O_MoleFraction_PFP, ppb
SF6_CCGG_MoleFraction_PFP, ppt
H2_MoleFraction_PFP, ppb
CH4C13_MoleFraction_PFP, permil
CO2C14_MoleFraction_PFP, permil
F11B_MoleFraction_PFP, ppt
FC12_MoleFraction_PFP, ppt
F13_MoleFraction_PFP, ppt
F113_MoleFraction_PFP, ppt
F115_MoleFraction_PFP, ppt
HF133a_MoleFraction_PFP, ppt
F23_MoleFraction_PFP, ppt
F32_MoleFraction_PFP, ppt
F134A_MoleFraction_PFP, ppt
F152A_MoleFraction_PFP, ppt
F125_MoleFraction_PFP, ppt
F143a_MoleFraction_PFP, ppt
F227e_MoleFraction_PFP, ppt
F365m_MoleFraction_PFP, ppt
H1211_MoleFraction_PFP, ppt
H1301_MoleFraction_PFP, ppt
H2402_MoleFraction_PFP, ppt
MCFA_MoleFraction_PFP, ppt
CF4_MoleFraction_PFP, ppt
C2F6_MoleFraction_PFP, ppt
SO2F2_MoleFraction_PFP, ppt
MEBR_MoleFraction_PFP, ppt
CH3I_MoleFraction_PFP, ppt
DIBR_MoleFraction_PFP, ppt
OCS_MoleFraction_PFP, ppt
[...]
[from data line 203]
47537,   232,          1800204.0,         18.000000,  6.93220104,   31.5724972,   265.9017656,   3.037880678,   697,   281.4299939,   312.0046151,   282,   71.58379124,   3.159791051,   211.5006365,   3.2068,   144,   149.1876,   126.0378,   0.44,   0,   180.52,   179.3,   1.2,   0.96,   0.02,   311.98,   274.2099939,   292.6299939,   927.2,   72.6,   17.68,   85.8,   -94.3,   6.356,   6.668,   10.988,   11.908,   60.688,   6,   0.1167,   3.0901,    -999999,   -999999,   -999999,  401.645,   1.84285,   0.0555,    -999999,   -999999,   -999999,   -999999,   -999999,   -999999,   -999999,   -999999,   -999999,   -999999,   -999999,   -999999,   -999999,   -999999,   -999999,   -999999,   -999999,   -999999,   -999999,   -999999,   -999999,   -999999,   -999999,   -999999,   -999999,   -999999,   -999999,   -999999,   -999999,   -999999,   -999999,   -999999,   -999999,   -999999,   -999999,   -999999,   -999999,   -999999,   -999999,   -999999,   -999999,   -999999,   -999999,   -999999,   -999999,   -999999,   -999999,   -999999,   -999999,   -999999,   -999999,     -999999  
47542,   232,          1800205.0,         18.000000,  6.933596316,   31.5659968,   265.9018614,   3.038246438,   697,   281.4899939,   312.0711335,   282,   71.56643675,   3.279365467,   211.2939434,   3.2074,   144,   149.1876,   126.0378,   0.44,   0,   180.54,   179.28,   1.22,   0.9,   -0.06,   312.04,   275.4899939,   292.6899939,   928,   72.56,   17.84,   85.8,   -94.26,   6.976,   7.32,   10.984,   11.904,   66.64,   6,   0.12658,   3.08082,    -999999,   -999999,   -999999,  401.665,   1.843145455,   0.05347368421,    -999999,   -999999,   -999999,   -999999,   -999999,   -999999,   -999999,   -999999,   -999999,   -999999,   -999999,   -999999,   -999999,   -999999,   -999999,   -999999,   -999999,   -999999,   -999999,   -999999,   -999999,   -999999,   -999999,   -999999,   -999999,   -999999,   -999999,   -999999,   -999999,   -999999,   -999999,   -999999,   -999999,   -999999,   -999999,   -999999,   -999999,   -999999,   -999999,   -999999,   -999999,   -999999,   -999999,   -999999,   -999999,   -999999,   -999999,   -999999,   -999999,   -999999,   -999999,     -999999  
47547,   232,          1800206.0,         18.000000,  6.934992031,   31.5595034,   265.9019638,   3.039343718,   697,   281.6699939,   312.2706888,   282,   71.54907383,   3.039653976,   210.0065788,   3.2084,   144,   149.084712,   126.0378,   0.44,   0,   180.36,   179.18,   1.18,   0.86,   -0.14,   312.3,   274.8699939,   292.8499939,   927.8,   72.5,   17.92,   85.8,   -94.18,   6.668,   6.998,   10.928,   11.838,   64.038,   6,   0.14848,   3.05992,    -999999,   -999999,   -999999,  401.675,   1.8431,   0.054,    -999999,   -999999,   -999999,   -999999,   -999999,   -999999,   -999999,   -999999,   -999999,   -999999,   -999999,   -999999,   -999999,   -999999,   -999999,   -999999,   -999999,   -999999,   -999999,   -999999,   -999999,   -999999,   -999999,   -999999,   -999999,   -999999,   -999999,   -999999,   -999999,   -999999,   -999999,   -999999,   -999999,   -999999,   -999999,   -999999,   -999999,   -999999,   -999999,   -999999,   -999999,   -999999,   -999999,   -999999,   -999999,   -999999,   -999999,   -999999,   -999999,   -999999,   -999999,     -999999  
47552,   232,          1800207.0,         18.000000,  6.936389053,   31.553011,   265.9020858,   3.039343718,   697,   281.6699939,   312.2706888,   282,   71.53169181,   2.859693721,   209.4223659,   3.2076,   144,   148.776048,   125.832024,   0.44,   0,   180.2,   179.06,   1.1,   0.76,   -0.02,   312.22,   274.3699939,   292.7699939,   928.4,   72.5,   17.8,   85.8,   -93.96,   6.428,   6.748,   11.032,   11.964,   61.14,   6,   0.13108,   3.07652,    -999999,   -999999,   -999999,  401.675,   1.84305,   0.05257894737,    -999999,   -999999,   -999999,   -999999,   -999999,   -999999,   -999999,   -999999,   -999999,   -999999,   -999999,   -999999,   -999999,   -999999,   -999999,   -999999,   -999999,   -999999,   -999999,   -999999,   -999999,   -999999,   -999999,   -999999,   -999999,   -999999,   -999999,   -999999,   -999999,   -999999,   -999999,   -999999,   -999999,   -999999,   -999999,   -999999,   -999999,   -999999,   -999999,   -999999,   -999999,   -999999,   -999999,   -999999,   -999999,   -999999,   -999999,   -999999,   -999999,   -999999,   -999999,     -999999  
47557,   232,          1800208.0,         18.000000,  6.937786196,   31.5465132,   265.9022096,   3.038977958,   697,   281.6499939,   312.248516,   282,   71.51430625,   2.819787689,   209.1368716,   3.2062,   144,   148.981824,   126.0378,   0.44,   0,   180.18,   179.06,   1.06,   0.84,   0.42,   312.2,   274.3699939,   292.7499939,   928.2,   72.5,   17.36,   85.8,   -93.92,   6.426,   6.748,   11.024,   11.954,   61.196,   6,   0.14194,   3.06426,    -999999,   -999999,   -999999,  401.66,   1.84355,   0.05705,    -999999,   -999999,   -999999,   -999999,   -999999,   -999999,   -999999,   -999999,   -999999,   -999999,   -999999,   -999999,   -999999,   -999999,   -999999,   -999999,   -999999,   -999999,   -999999,   -999999,   -999999,   -999999,   -999999,   -999999,   -999999,   -999999,   -999999,   -999999,   -999999,   -999999,   -999999,   -999999,   -999999,   -999999,   -999999,   -999999,   -999999,   -999999,   -999999,   -999999,   -999999,   -999999,   -999999,   -999999,   -999999,   -999999,   -999999,   -999999,   -999999,   -999999,   -999999,     -999999  
47562,   232,          1800209.0,         18.000000,  6.939182911,   31.5400176,   265.902327,   3.038612198,   697,   281.6499939,   312.248516,   282,   71.49692362,   2.859809283,   209.4909186,   3.206,   144,   148.67316,   125.934912,   0.44,   0,   180.32,   179.22,   1.1,   1,   0.56,   312.2,   274.1499939,   292.7499939,   928.8,   72.5,   17.26,   85.8,   -94.02,   6.322,   6.64,   11.076,   12.02,   59.94,   6,   0.13548,   3.07052,    -999999,   -999999,   -999999,  401.65,   1.8437,   0.0585,    -999999,   -999999,   -999999,   -999999,   -999999,   -999999,   -999999,   -999999,   -999999,   -999999,   -999999,   -999999,   -999999,   -999999,   -999999,   -999999,   -999999,   -999999,   -999999,   -999999,   -999999,   -999999,   -999999,   -999999,   -999999,   -999999,   -999999,   -999999,   -999999,   -999999,   -999999,   -999999,   -999999,   -999999,   -999999,   -999999,   -999999,   -999999,   -999999,   -999999,   -999999,   -999999,   -999999,   -999999,   -999999,   -999999,   -999999,   -999999,   -999999,   -999999,   -999999,     -999999  
47567,   232,          1800210.0,         18.000000,  6.94057832,   31.5335274,   265.9024248,   3.036783398,   697,   281.5899939,   312.1819976,   282,   71.47955494,   2.879889103,   210.3305539,   3.207,   143.2,   148.67316,   125.52336,   0.44,   0,   180.4,   179.3,   1.1,   0.92,   0.24,   312.14,   273.9899939,   292.6899939,   928.6,   72.5,   17.62,   85.8,   -94.1,   6.25,   6.562,   11.106,   12.056,   59.09,   6,   0.12108,   3.08592,    -999999,   -999999,   -999999,  401.66,   1.8433,   0.0557,    -999999,   -999999,   -999999,   -999999,   -999999,   -999999,   -999999,   -999999,   -999999,   -999999,   -999999,   -999999,   -999999,   -999999,   -999999,   -999999,   -999999,   -999999,   -999999,   -999999,   -999999,   -999999,   -999999,   -999999,   -999999,   -999999,   -999999,   -999999,   -999999,   -999999,   -999999,   -999999,   -999999,   -999999,   -999999,   -999999,   -999999,   -999999,   -999999,   -999999,   -999999,   -999999,   -999999,   -999999,   -999999,   -999999,   -999999,   -999999,   -999999,   -999999,   -999999,     -999999  
47572,   232,          1800211.0,         18.000000,  6.941973702,   31.5270398,   265.9025222,   3.038246438,   697,   281.5499939,   312.137652,   282,   71.46218407,   2.919930586,   211.302741,   3.2062,   143,   148.67316,   125.52336,   0.44,   0,   180.4,   179.3,   1.1,   0.9,   0.14,   312.14,   273.8899939,   292.6499939,   929.2,   72.42,   17.74,   85.8,   -94.1,   6.206,   6.516,   11.248,   12.232,   57.922,   6,   0.11538,   3.09082,    -999999,   -999999,   -999999,  401.6885714,   1.8436,   0.05473684211,    -999999,   -999999,   -999999,   -999999,   -999999,   -999999,   -999999,   -999999,   -999999,   -999999,   -999999,   -999999,   -999999,   -999999,   -999999,   -999999,   -999999,   -999999,   -999999,   -999999,   -999999,   -999999,   -999999,   -999999,   -999999,   -999999,   -999999,   -999999,   -999999,   -999999,   -999999,   -999999,   -999999,   -999999,   -999999,   -999999,   -999999,   -999999,   -999999,   -999999,   -999999,   -999999,   -999999,   -999999,   -999999,   -999999,   -999999,   -999999,   -999999,   -999999,   -999999,     -999999  
47577,   232,          1800212.0,         18.000000,  6.943369191,   31.5205508,   265.9026212,   3.036783398,   697,   281.4899939,   312.0711335,   282,   71.44480958,   2.899983025,   211.24,   3.206,   143,   148.67316,   125.52336,   0.44,   0,   180.4,   179.3,   1.1,   0.9,   0.18,   312.06,   273.9099939,   292.5899939,   929.2,   72.4,   17.7,   85.8,   -94.1,   6.214,   6.524,   11.212,   12.188,   58.194,   6,   0.10844,   3.09756,    -999999,   -999999,   -999999,  401.69,   1.8434,   0.0603,   401.68,   1846.35,   62.74,   329.21,   9.1,   531.73,   -47.4,    -999999,  234,   516.83,   3.31,   71.55,   8.56,   0.49,   29.75,   13.26,   96.81,   8.07,   21.86,   19.93,   1.21,   0.95,   4.8,   3.34,   0.41,   2.49,   82.2,   4.62,   2.11,   7.2,   0.33,   0.88,    -999999,  544.69,   35.08,   7.14,   3.73,   11.82,   422.18,   20.89,   4.76,   3.35,   1.57,   1.46,   4.3,   101.41,   0.18,   0.15,    -999999,  0.64,   5.36,          243.40000  
47582,   232,          1800213.0,         18.000000,  6.944764893,   31.5140618,   265.9027234,   3.037880678,   697,   281.4699939,   312.0489607,   282,   71.42743001,   3.019640772,   212.1993234,   3.2056,   143,   148.570272,   125.52336,   0.44,   0,   180.4,   179.24,   1.14,   0.9,   0.16,   312.02,   273.9499939,   292.5499939,   929.6,   72.4,   17.74,   85.86,   -94.1,   6.23,   6.54,   11.19,   12.158,   58.476,   6,   0.10816,   3.09744,    -999999,   -999999,   -999999,  401.665,   1.8434,   0.0572,   401.68,   1846.35,   62.74,   329.21,   9.1,   531.73,   -47.4,    -999999,  234,   516.83,   3.31,   71.55,   8.56,   0.49,   29.75,   13.26,   96.81,   8.07,   21.86,   19.93,   1.21,   0.95,   4.8,   3.34,   0.41,   2.49,   82.2,   4.62,   2.11,   7.2,   0.33,   0.88,    -999999,  544.69,   35.08,   7.14,   3.73,   11.82,   422.18,   20.89,   4.76,   3.35,   1.57,   1.46,   4.3,   101.41,   0.18,   0.15,    -999999,  0.64,   5.36,          243.40000  
47587,   232,          1800214.0,         18.000000,  6.946160609,   31.507576,   265.9028258,   3.038612198,   697,   281.5299939,   312.1154792,   282,   71.4100477,   2.959957602,   211.0229708,   3.2056,   143,   148.67316,   125.52336,   0.44,   0,   180.4,   179.3,   1.1,   0.94,   0.16,   312.12,   273.9899939,   292.6299939,   930,   72.4,   17.74,   85.9,   -94.08,   6.252,   6.56,   11.196,   12.168,   58.61,   6,   0.10914,   3.09646,    -999999,   -999999,   -999999,  401.6857143,   1.8434,   0.05922222222,   401.68,   1846.35,   62.74,   329.21,   9.1,   531.73,   -47.4,    -999999,  234,   516.83,   3.31,   71.55,   8.56,   0.49,   29.75,   13.26,   96.81,   8.07,   21.86,   19.93,   1.21,   0.95,   4.8,   3.34,   0.41,   2.49,   82.2,   4.62,   2.11,   7.2,   0.33,   0.88,    -999999,  544.69,   35.08,   7.14,   3.73,   11.82,   422.18,   20.89,   4.76,   3.35,   1.57,   1.46,   4.3,   101.41,   0.18,   0.15,    -999999,  0.64,   5.36,          243.40000  
47592,   232,          1800215.0,         18.000000,  6.947555924,   31.5010898,   265.9029222,   3.038246438,   697,   281.4899939,   312.0711335,   282,   71.39266817,   2.839986748,   210.2626758,   3.206,   143,   148.67316,   125.52336,   0.44,   0,   180.4,   179.3,   1.1,   0.9,   0.1,   312.06,   273.9699939,   292.5899939,   930,   72.4,   17.8,   85.9,   -94.04,   6.24,   6.55,   11.176,   12.138,   58.646,   6,   0.10054,   3.10546,    -999999,   -999999,   -999999,  401.655,   1.84345,   0.05794736842,    -999999,   -999999,   -999999,   -999999,   -999999,   -999999,   -999999,   -999999,   -999999,   -999999,   -999999,   -999999,   -999999,   -999999,   -999999,   -999999,   -999999,   -999999,   -999999,   -999999,   -999999,   -999999,   -999999,   -999999,   -999999,   -999999,   -999999,   -999999,   -999999,   -999999,   -999999,   -999999,   -999999,   -999999,   -999999,   -999999,   -999999,   -999999,   -999999,   -999999,   -999999,   -999999,   -999999,   -999999,   -999999,   -999999,   -999999,   -999999,   -999999,   -999999,   -999999,     -999999  
47597,   232,          1800216.0,         18.000000,  6.948951533,   31.494606,   265.903023,   3.038246438,   697,   281.4499939,   312.0267879,   282,   71.37528239,   2.75996943,   209.7239139,   3.2052,   143,   148.67316,   125.52336,   0.44,   0,   180.32,   179.3,   1.06,   0.9,   0.1,   312.04,   274.0299939,   292.5499939,   930.2,   72.4,   17.8,   85.9,   -94,   6.27,   6.58,   11.16,   12.124,   58.974,   6,   0.10738,   3.09782,    -999999,   -999999,   -999999,  401.68,   1.84345,   0.0582,    -999999,   -999999,   -999999,   -999999,   -999999,   -999999,   -999999,   -999999,   -999999,   -999999,   -999999,   -999999,   -999999,   -999999,   -999999,   -999999,   -999999,   -999999,   -999999,   -999999,   -999999,   -999999,   -999999,   -999999,   -999999,   -999999,   -999999,   -999999,   -999999,   -999999,   -999999,   -999999,   -999999,   -999999,   -999999,   -999999,   -999999,   -999999,   -999999,   -999999,   -999999,   -999999,   -999999,   -999999,   -999999,   -999999,   -999999,   -999999,   -999999,   -999999,   -999999,     -999999  
47602,   232,          1800217.0,         18.000000,  6.950346916,   31.4881226,   265.9031204,   3.035259398,   697.2,   281.4299939,   311.9790405,   282,   71.35789712,   2.779966648,   208.7388503,   3.205,   143,   148.67316,   125.52336,   0.44,   0,   180.34,   179.3,   1.04,   0.96,   0.16,   311.98,   274.0099939,   292.5099939,   930,   72.3,   17.8,   85.9,   -94,   6.258,   6.57,   11.118,   12.07,   59.114,   6,   0.10724,   3.09776,    -999999,   -999999,   -999999,  401.6328571,   1.84325,   0.05773684211,    -999999,   -999999,   -999999,   -999999,   -999999,   -999999,   -999999,   -999999,   -999999,   -999999,   -999999,   -999999,   -999999,   -999999,   -999999,   -999999,   -999999,   -999999,   -999999,   -999999,   -999999,   -999999,   -999999,   -999999,   -999999,   -999999,   -999999,   -999999,   -999999,   -999999,   -999999,   -999999,   -999999,   -999999,   -999999,   -999999,   -999999,   -999999,   -999999,   -999999,   -999999,   -999999,   -999999,   -999999,   -999999,   -999999,   -999999,   -999999,   -999999,   -999999,   -999999,     -999999  
