inputs/ACTAMERICA_Merge/C130/ACTAMERICA-mrg05-c130_merge_20171021_R0.ict
145, 1001
Shook, Michael
NASA Atmospheric Composition Branch, NASA Langley Research Center (SSAI)
Merged data file for ACT-AMERICA Fall 2017, Flight 11 (20171021), on the c130 platform. Data is merged to 05 seconds.
NASA ACT-AMERICA Fall 2017
1, 1
2017, 10, 21, 2018, 07, 05
05
UTC,s
106
1, 1, 1, 1, 1, 1, 1, 1, 1, 1, 1, 1, 1, 1, 1, 1, 1, 1, 1, 1, 1, 1, 1, 1, 1, 1, 1, 1, 1, 1, 1, 1, 1, 1, 1, 1, 1, 1, 1, 1, 1, 1, 1, 1, 1, 1, 1, 1, 1, 1, 1, 1, 1, 1, 1, 1, 1, 1, 1, 1, 1, 1, 1, 1, 1, 1, 1, 1, 1, 1, 1, 1, 1, 1, 1, 1, 1, 1, 1, 1, 1, 1, 1, 1, 1, 1, 1, 1, 1, 1, 1, 1, 1, 1, 1, 1, 1, 1, 1, 1, 1, 1, 1, 1, 1, 1
-999999, -999999, -999999, -999999, -999999, -999999, -999999, -999999, -999999, -999999, -999999, -999999, -999999, -999999, -999999, -999999, -999999, -999999, -999999, -999999, -999999, -999999, -999999, -999999, -999999, -999999, -999999, -999999, -999999, -999999, -999999, -999999, -999999, -999999, -999999, -999999, -999999, -999999, -999999, -999999, -999999, -999999, -999999, -999999, -999999, -999999, -999999, -999999, -999999, -999999, -999999, -999999, -999999, -999999, -999999, -999999, -999999, -999999, -999999, -999999, -999999, -999999, -999999, -999999, -999999, -999999, -999999, -999999, -999999, -999999, -999999, -999999, -999999, -999999, -999999, -999999, -999999, -999999, -999999, -999999, -999999, -999999, -999999, -999999, -999999, -999999, -999999, -999999, -999999, -999999, -999999, -999999, -999999, -999999, -999999, -999999, -999999, -999999, -999999, -999999, -999999, -999999, -999999, -999999, -999999, -999999
JDAY, days
INDEX, none
FLIGHT, none
LOCAL_SUN_TIME, hour
LATITUDE, degs
LONGITUDE, degs
ALTP, km
PRESSURE, hPa
TEMPERATURE, K
THETA, K, calculated from ambient temperature and pressure
O3COLUMN, DU, OMI ozone column data extracted along flight track
SZA, deg
WNS, m s-1
WND, Degs
GPS_ALT, km
GRD_SPD, m s-1
TAS, m/s
IAS, m/s
MachNumber, mach
VerticalSpeed, m s-1
HDG, degs
TRK, degs
DriftAngle, degs
PITCH, degs
ROLL, degs
PotentialTemp_Nav, K
Dewpoint, K
TotalAirTemp, K
CabinPressure, hPa
SolarZenithAngle, degs
AircraftSunElevation, degs
SunAzimuth, degs
AircraftSunAzimuth, degs
H2O_MixingRatio_Nav, g kg-1
H2O_VaporPressure_Nav, hPa
H2O_SatVaporPressureWater_Nav, hPa
H2O_SatVaporPressureIce_Nav, hPa
H2O_RelativeHumidity_Nav, %
ManeuverFlag, none
H2O_VolMixingRatio_PICARRO, %
H2O_MassMixingRatio_PICARRO, g kg-1
H2O_VaporPressure_PICARRO, hPa
RHi_PICARRO, %
RHw_PICARRO, %
Dewpoint_PICARRO, K
GPS_ALT, km
GroundElevation-AMSL_GoogleMaps, km
Altitude-AGL_GoogleMaps, km
GroundHeight-AMSL_CPL, km
MLH-AMSL_CPL, km
O3_MixingRatio, ppbv
CO2_DryMoleFrac_PICARRO, ppm
CH4_DryMoleFrac_PICARRO, ppm
CO_DryMoleFrac_PICARRO, ppm
CO2_MoleFraction_PFP, ppm
CH4_MoleFraction_PFP, ppb
CO_MoleFraction_PFP, ppb
N2O_MoleFraction_PFP, ppb
SF6_CCGG_MoleFraction_PFP, ppt
H2_MoleFraction_PFP, ppb
CH4C13_PFP, permil
CO2C14_PFP, permil
F11B_MoleFraction_PFP, ppt
FC12_MoleFraction_PFP, ppt
F13_MoleFraction_PFP, ppt
F113_MoleFraction_PFP, ppt
F115_MoleFraction_PFP, ppt
HF133a_MoleFraction_PFP, ppt
F23_MoleFraction_PFP, ppt
F32_MoleFraction_PFP, ppt
F134A_MoleFraction_PFP, ppt
F152A_MoleFraction_PFP, ppt
F125_MoleFraction_PFP, ppt
F143a_MoleFraction_PFP, ppt
F227e_MoleFraction_PFP, ppt
F365m_MoleFraction_PFP, ppt
H1211_MoleFraction_PFP, ppt
H1301_MoleFraction_PFP, ppt
[...]
[from data line 2484]
70092,   294,          1102485.0,         11.000000,  12.66118798,   42.15387718,   257.857403,   3.499713643,   656.6,   263.7699939,   297.4576487,   160.2189941,   53.6169583,   16.51643564,   300.7380324,   3.5056,   111.06,   117.5186736,   99.50298481,   0.36,   5.66,   4.52,   12.44,   -7.92,   5.02,   -16.34,   297.36,   243.4099939,   270.5899939,   828.4,   54.58,   41.34,   -163.7,   105.38,   0.536,   0.53,   3.034,   2.774,   17.492,    -999999,  0.094575,   0.587025,   0.62415,   22.3825,   20.47,   245.2974939,   3.5056,   1.19498,   2.31062,   1.320292,   2.33844,   50.84,   405.27,   1.9274,   0.12135,    -999999,   -999999,   -999999,   -999999,   -999999,   -999999,   -999999,   -999999,   -999999,   -999999,   -999999,   -999999,   -999999,   -999999,   -999999,   -999999,   -999999,   -999999,   -999999,   -999999,   -999999,   -999999,   -999999,   -999999,   -999999,   -999999,   -999999,   -999999,   -999999,   -999999,   -999999,   -999999,   -999999,   -999999,   -999999,   -999999,   -999999,   -999999,   -999999,   -999999,   -999999,   -999999,   -999999,   -999999,   -999999,   -999999,   -999999,   -999999,   -999999,   -999999,   -999999,     -999999  
70097,   294,          1102486.0,         11.000000,  12.66264981,   42.15875138,   257.8584972,   3.529279244,   654.4,   263.6499939,   297.6075678,   160.2189941,   53.62514424,   16.43942892,   302.1145957,   3.5342,   108.8,   117.0659664,   98.92681201,   0.36,   5.58,   359.38,   6.9,   -7.56,   5.18,   -9.26,   297.6,   241.3899939,   270.4699939,   829.8,   54.6,   42.82,   -163.6,   -170.56,   0.44,   0.438,   3.016,   2.752,   14.494,    -999999,  0.09479,   0.58842,   0.62341,   22.947,   20.92,   245.3139939,   3.5342,   1.19268,   2.34152,   1.311088,   2.33844,   53.2,   405.265,   1.9274,   0.1177,    -999999,   -999999,   -999999,   -999999,   -999999,   -999999,   -999999,   -999999,   -999999,   -999999,   -999999,   -999999,   -999999,   -999999,   -999999,   -999999,   -999999,   -999999,   -999999,   -999999,   -999999,   -999999,   -999999,   -999999,   -999999,   -999999,   -999999,   -999999,   -999999,   -999999,   -999999,   -999999,   -999999,   -999999,   -999999,   -999999,   -999999,   -999999,   -999999,   -999999,   -999999,   -999999,   -999999,   -999999,   -999999,   -999999,   -999999,   -999999,   -999999,   -999999,   -999999,     -999999  
70102,   294,          1102487.0,         11.000000,  12.66408059,   42.16358674,   257.8591256,   3.557077004,   652.2,   263.4099939,   297.6228762,   160.2189941,   53.63322571,   15.31533768,   303.1569941,   3.561,   107.64,   115.9136208,   97.85677681,   0.36,   5.22,   358.16,   5.04,   -6.9,   4.92,   3.26,   297.58,   242.4099939,   270.1099939,   829.6,   54.6,   39.7,   -163.6,   -159.36,   0.486,   0.482,   2.952,   2.69,   16.268,    -999999,  0.09553333333,   0.5930111111,   0.6259888889,   23.04444444,   21.00888889,   245.3555495,   3.561,   1.191,   2.37,   1.3165,   2.33844,   49.52,   405.325,   1.927246154,   0.1130785714,    -999999,   -999999,   -999999,   -999999,   -999999,   -999999,   -999999,   -999999,   -999999,   -999999,   -999999,   -999999,   -999999,   -999999,   -999999,   -999999,   -999999,   -999999,   -999999,   -999999,   -999999,   -999999,   -999999,   -999999,   -999999,   -999999,   -999999,   -999999,   -999999,   -999999,   -999999,   -999999,   -999999,   -999999,   -999999,   -999999,   -999999,   -999999,   -999999,   -999999,   -999999,   -999999,   -999999,   -999999,   -999999,   -999999,   -999999,   -999999,   -999999,   -999999,   -999999,     -999999  
70107,   294,          1102488.0,         11.000000,  12.6655167,   42.16839962,   257.8598338,   3.581948684,   650,   263.1099939,   297.5710474,   160.2189941,   53.64130384,   15.17753606,   302.8280305,   3.5866,   107.56,   115.1419608,   97.06453921,   0.35,   5.14,   0.38,   7.46,   -7.06,   5.04,   5,   297.52,   241.6299939,   269.7099939,   830.2,   54.6,   38.66,   -163.6,   -158.96,   0.456,   0.448,   2.884,   2.62,   15.486,    -999999,  0.09626666667,   0.5977,   0.6288666667,   24.04666667,   21.82888889,   245.4077717,   3.5866,   1.20026,   2.38634,   1.3275,   2.356428,   49.88,   405.365,   1.9276875,   0.1208,    -999999,   -999999,   -999999,   -999999,   -999999,   -999999,   -999999,   -999999,   -999999,   -999999,   -999999,   -999999,   -999999,   -999999,   -999999,   -999999,   -999999,   -999999,   -999999,   -999999,   -999999,   -999999,   -999999,   -999999,   -999999,   -999999,   -999999,   -999999,   -999999,   -999999,   -999999,   -999999,   -999999,   -999999,   -999999,   -999999,   -999999,   -999999,   -999999,   -999999,   -999999,   -999999,   -999999,   -999999,   -999999,   -999999,   -999999,   -999999,   -999999,   -999999,   -999999,     -999999  
70112,   294,          1102489.0,         11.000000,  12.66696984,   42.1731859,   257.8607976,   3.604930605,   648.2,   262.8299939,   297.489984,   160.2189941,   53.64940228,   15.65903818,   302.1134154,   3.6108,   107.64,   114.7612752,   96.67356481,   0.35,   4.62,   2.26,   9.78,   -7.48,   5.02,   7.54,   297.46,   242.3099939,   269.3899939,   831,   54.6,   38.22,   -163.6,   -159.64,   0.488,   0.478,   2.822,   2.556,   16.882,    -999999,  0.09456666667,   0.5870111111,   0.6155111111,   24.02777778,   21.76444444,   245.1744383,   3.6108,   1.20278,   2.40802,   1.31654,   2.464356,   49.08,   405.38,   1.927546154,   0.119847619,    -999999,   -999999,   -999999,   -999999,   -999999,   -999999,   -999999,   -999999,   -999999,   -999999,   -999999,   -999999,   -999999,   -999999,   -999999,   -999999,   -999999,   -999999,   -999999,   -999999,   -999999,   -999999,   -999999,   -999999,   -999999,   -999999,   -999999,   -999999,   -999999,   -999999,   -999999,   -999999,   -999999,   -999999,   -999999,   -999999,   -999999,   -999999,   -999999,   -999999,   -999999,   -999999,   -999999,   -999999,   -999999,   -999999,   -999999,   -999999,   -999999,   -999999,   -999999,     -999999  
70117,   294,          1102490.0,         11.000000,  12.66844822,   42.1779346,   257.86214,   3.629863245,   646,   262.6899939,   297.6204804,   160.2189941,   53.65752992,   14.89643356,   304.7889872,   3.634,   108.4,   114.6583872,   96.44721121,   0.35,   4.64,   7.3,   14.52,   -7.26,   4.96,   15.24,   297.58,   241.0099939,   269.2499939,   830.6,   54.6,   36.56,   -163.52,   -159.56,   0.432,   0.422,   2.798,   2.528,   15.106,    -999999,  0.078875,   0.489625,   0.51165,   20.4825,   18.5,   243.1349939,   3.634,   1.20206,   2.43194,   1.29641,   2.536308,   49.76,   405.294,   1.927784615,   0.1136,    -999999,   -999999,   -999999,   -999999,   -999999,   -999999,   -999999,   -999999,   -999999,   -999999,   -999999,   -999999,   -999999,   -999999,   -999999,   -999999,   -999999,   -999999,   -999999,   -999999,   -999999,   -999999,   -999999,   -999999,   -999999,   -999999,   -999999,   -999999,   -999999,   -999999,   -999999,   -999999,   -999999,   -999999,   -999999,   -999999,   -999999,   -999999,   -999999,   -999999,   -999999,   -999999,   -999999,   -999999,   -999999,   -999999,   -999999,   -999999,   -999999,   -999999,   -999999,     -999999  
70122,   294,          1102491.0,         11.000000,  12.66997549,   42.18258842,   257.8642157,   3.650406765,   644.4,   262.6899939,   297.831428,   160.2189941,   53.66568706,   14.65861757,   304.6672505,   3.6546,   110.32,   114.5452104,   96.24143521,   0.35,   3.4,   14.8,   22.22,   -7.44,   4.1,   17.34,   297.84,   239.3499939,   269.2499939,   830.8,   54.6,   36.54,   -163.5,   -164.6,   0.368,   0.358,   2.798,   2.528,   12.82,    -999999,  0.07288888889,   0.4524777778,   0.4716555556,   19.29333333,   17.38444444,   242.3377717,   3.6546,   1.19424,   2.46036,   1.31391,   2.572284,   47.54,   405.325,   1.927775,   0.1111714286,    -999999,   -999999,   -999999,   -999999,   -999999,   -999999,   -999999,   -999999,   -999999,   -999999,   -999999,   -999999,   -999999,   -999999,   -999999,   -999999,   -999999,   -999999,   -999999,   -999999,   -999999,   -999999,   -999999,   -999999,   -999999,   -999999,   -999999,   -999999,   -999999,   -999999,   -999999,   -999999,   -999999,   -999999,   -999999,   -999999,   -999999,   -999999,   -999999,   -999999,   -999999,   -999999,   -999999,   -999999,   -999999,   -999999,   -999999,   -999999,   -999999,   -999999,   -999999,     -999999  
70127,   294,          1102492.0,         11.000000,  12.67155726,   42.18711634,   257.867109,   3.665829645,   643.4,   262.5099939,   297.7594424,   160.2189941,   53.67385747,   15.87890747,   302.3214044,   3.6688,   112.56,   114.9670512,   96.51923281,   0.35,   2.16,   19.74,   27.96,   -8.2,   3.26,   9.56,   297.76,   239.7099939,   269.0299939,   830.6,   54.6,   38.42,   -163.5,   -174.9,   0.386,   0.374,   2.752,   2.484,   13.556,    -999999,  0.0761,   0.4723,   0.49078,   20.278,   18.254,   242.7519939,   3.6688,   1.21024,   2.45856,   1.328304,   2.674216,   50.06,   405.33,   1.927428571,   0.12015,    -999999,   -999999,   -999999,   -999999,   -999999,   -999999,   -999999,   -999999,   -999999,   -999999,   -999999,   -999999,   -999999,   -999999,   -999999,   -999999,   -999999,   -999999,   -999999,   -999999,   -999999,   -999999,   -999999,   -999999,   -999999,   -999999,   -999999,   -999999,   -999999,   -999999,   -999999,   -999999,   -999999,   -999999,   -999999,   -999999,   -999999,   -999999,   -999999,   -999999,   -999999,   -999999,   -999999,   -999999,   -999999,   -999999,   -999999,   -999999,   -999999,   -999999,   -999999,     -999999  
70132,   294,          1102493.0,         11.000000,  12.67317226,   42.19155754,   257.8705006,   3.673876365,   642.2,   262.3099939,   297.6913272,   160.2189941,   53.68202974,   16.07924752,   301.7164104,   3.6762,   114.68,   116.057664,   97.44522481,   0.36,   0.46,   22.86,   31.1,   -8.24,   2.5,   7.42,   297.6,   240.0499939,   268.9499939,   830.8,   54.6,   38.36,   -163.48,   35.72,   0.398,   0.384,   2.708,   2.438,   14.208,    -999999,  0.077125,   0.478575,   0.4962,   20.7825,   18.6825,   242.8499939,   3.6762,   1.2226,   2.4536,   1.335408,   2.6982,   47.78,   405.274,   1.9276,   0.1172333333,    -999999,   -999999,   -999999,   -999999,   -999999,   -999999,   -999999,   -999999,   -999999,   -999999,   -999999,   -999999,   -999999,   -999999,   -999999,   -999999,   -999999,   -999999,   -999999,   -999999,   -999999,   -999999,   -999999,   -999999,   -999999,   -999999,   -999999,   -999999,   -999999,   -999999,   -999999,   -999999,   -999999,   -999999,   -999999,   -999999,   -999999,   -999999,   -999999,   -999999,   -999999,   -999999,   -999999,   -999999,   -999999,   -999999,   -999999,   -999999,   -999999,   -999999,   -999999,     -999999  
70137,   294,          1102494.0,         11.000000,  12.67481015,   42.19596092,   257.8742356,   3.674242125,   642.4,   262.2699939,   297.6194527,   160.2189941,   53.69022754,   16.65983036,   302.6942369,   3.6756,   116.84,   118.0331136,   99.13258801,   0.362,   -0.6,   24.6,   32.98,   -8.44,   1.88,   2.42,   297.6,   239.7299939,   269.2099939,   831.2,   54.6,   37.68,   -163.4,   174.24,   0.382,   0.372,   2.698,   2.432,   13.792,    -999999,  0.07565,   0.469525,   0.486175,   20.7575,   18.62,   242.6524939,   3.6756,   1.24938,   2.42622,   1.35648,   2.6982,   50.5,   405.26,   1.9278,   0.1160461538,    -999999,   -999999,   -999999,   -999999,   -999999,   -999999,   -999999,   -999999,   -999999,   -999999,   -999999,   -999999,   -999999,   -999999,   -999999,   -999999,   -999999,   -999999,   -999999,   -999999,   -999999,   -999999,   -999999,   -999999,   -999999,   -999999,   -999999,   -999999,   -999999,   -999999,   -999999,   -999999,   -999999,   -999999,   -999999,   -999999,   -999999,   -999999,   -999999,   -999999,   -999999,   -999999,   -999999,   -999999,   -999999,   -999999,   -999999,   -999999,   -999999,   -999999,   -999999,     -999999  
70142,   294,          1102495.0,         11.000000,  12.67645879,   42.20039766,   257.8781318,   3.672230445,   642.8,   262.2899939,   297.5892177,   160.2189941,   53.69849179,   16.67911342,   303.4441279,   3.6712,   118.64,   119.9571192,   100.778796,   0.37,   -1,   24.94,   33.26,   -8.3,   1.7,   1.36,   297.6,   239.2499939,   269.4299939,   831,   54.62,   37.2,   -163.4,   172.54,   0.364,   0.354,   2.706,   2.438,   13.112,    -999999,  0.06935,   0.430475,   0.44575,   19.09,   17.115,   241.7424939,   3.6712,   1.2476,   2.4236,   1.362912,   2.6982,   47.7,   405.255,   1.9277,   0.117565,    -999999,   -999999,   -999999,   -999999,   -999999,   -999999,   -999999,   -999999,   -999999,   -999999,   -999999,   -999999,   -999999,   -999999,   -999999,   -999999,   -999999,   -999999,   -999999,   -999999,   -999999,   -999999,   -999999,   -999999,   -999999,   -999999,   -999999,   -999999,   -999999,   -999999,   -999999,   -999999,   -999999,   -999999,   -999999,   -999999,   -999999,   -999999,   -999999,   -999999,   -999999,   -999999,   -999999,   -999999,   -999999,   -999999,   -999999,   -999999,   -999999,   -999999,   -999999,     -999999  
70147,   294,          1102496.0,         11.000000,  12.67811312,   42.20488504,   257.8821134,   3.670584525,   642.8,   262.4899939,   297.8161339,   160.2189941,   53.70682743,   16.25860476,   302.9151326,   3.6662,   120.34,   121.304952,   101.910564,   0.37,   -0.64,   25.64,   33.64,   -8.02,   1.74,   3.08,   297.82,   238.8099939,   269.8299939,   830.8,   54.7,   37.32,   -163.4,   172.46,   0.35,   0.34,   2.75,   2.482,   12.372,    -999999,  0.06706666667,   0.4162666667,   0.4311888889,   18.46111111,   16.55888889,   241.401105,   3.6662,   1.2473,   2.4189,   1.356944,   2.6982,   50.78,   405.275,   1.927946154,   0.1154857143,    -999999,   -999999,   -999999,   -999999,   -999999,   -999999,   -999999,   -999999,   -999999,   -999999,   -999999,   -999999,   -999999,   -999999,   -999999,   -999999,   -999999,   -999999,   -999999,   -999999,   -999999,   -999999,   -999999,   -999999,   -999999,   -999999,   -999999,   -999999,   -999999,   -999999,   -999999,   -999999,   -999999,   -999999,   -999999,   -999999,   -999999,   -999999,   -999999,   -999999,   -999999,   -999999,   -999999,   -999999,   -999999,   -999999,   -999999,   -999999,   -999999,   -999999,   -999999,     -999999  
70152,   294,          1102497.0,         11.000000,  12.67978052,   42.20937038,   257.8862912,   3.667780365,   643,   262.5099939,   297.8123539,   160.2189941,   53.71520078,   15.61981872,   300.7005122,   3.6636,   122.56,   122.0457456,   102.5381808,   0.376,   -0.64,   28.7,   36.34,   -7.62,   1.8,   11.24,   297.78,   238.5299939,   269.9699939,   831,   54.7,   38.54,   -163.34,   176.06,   0.34,   0.33,   2.752,   2.484,   12.036,    -999999,  0.0697375,   0.4327375,   0.44845,   18.92,   16.99375,   241.8049939,   3.6636,   1.24504,   2.41856,   1.342632,   2.6982,   49.14,   405.26,   1.928246154,   0.1150625,    -999999,   -999999,   -999999,   -999999,   -999999,   -999999,   -999999,   -999999,   -999999,   -999999,   -999999,   -999999,   -999999,   -999999,   -999999,   -999999,   -999999,   -999999,   -999999,   -999999,   -999999,   -999999,   -999999,   -999999,   -999999,   -999999,   -999999,   -999999,   -999999,   -999999,   -999999,   -999999,   -999999,   -999999,   -999999,   -999999,   -999999,   -999999,   -999999,   -999999,   -999999,   -999999,   -999999,   -999999,   -999999,   -999999,   -999999,   -999999,   -999999,   -999999,   -999999,     -999999  
