inputs/ACTAMERICA_Merge/C130/ACTAMERICA-mrg05-c130_merge_20170226_R0.ict
143, 1001
Shook, Michael
NASA Atmospheric Composition Branch, NASA Langley Research Center (SSAI)
Merged data file for ACT-AMERICA 2017, Flight 12 (20170226), on the c130 platform. Data is merged to 05 seconds.
NASA ACT-AMERICA 2017
1, 1
2017, 02, 26, 2018, 02, 23
05
UTC,s
104
1, 1, 1, 1, 1, 1, 1, 1, 1, 1, 1, 1, 1, 1, 1, 1, 1, 1, 1, 1, 1, 1, 1, 1, 1, 1, 1, 1, 1, 1, 1, 1, 1, 1, 1, 1, 1, 1, 1, 1, 1, 1, 1, 1, 1, 1, 1, 1, 1, 1, 1, 1, 1, 1, 1, 1, 1, 1, 1, 1, 1, 1, 1, 1, 1, 1, 1, 1, 1, 1, 1, 1, 1, 1, 1, 1, 1, 1, 1, 1, 1, 1, 1, 1, 1, 1, 1, 1, 1, 1, 1, 1, 1, 1, 1, 1, 1, 1, 1, 1, 1, 1, 1, 1
-999999, -999999, -999999, -999999, -999999, -999999, -999999, -999999, -999999, -999999, -999999, -999999, -999999, -999999, -999999, -999999, -999999, -999999, -999999, -999999, -999999, -999999, -999999, -999999, -999999, -999999, -999999, -999999, -999999, -999999, -999999, -999999, -999999, -999999, -999999, -999999, -999999, -999999, -999999, -999999, -999999, -999999, -999999, -999999, -999999, -999999, -999999, -999999, -999999, -999999, -999999, -999999, -999999, -999999, -999999, -999999, -999999, -999999, -999999, -999999, -999999, -999999, -999999, -999999, -999999, -999999, -999999, -999999, -999999, -999999, -999999, -999999, -999999, -999999, -999999, -999999, -999999, -999999, -999999, -999999, -999999, -999999, -999999, -999999, -999999, -999999, -999999, -999999, -999999, -999999, -999999, -999999, -999999, -999999, -999999, -999999, -999999, -999999, -999999, -999999, -999999, -999999, -999999, -999999
JDAY, days
INDEX, none
FLIGHT, none
LOCAL_SUN_TIME, hour
LATITUDE, degs
LONGITUDE, degs
ALTP, km
PRESSURE, hPa
TEMPERATURE, K
THETA, K
O3COLUMN, DU
SZA, deg
WNS, m s-1
WND, Degs
GPS_ALT, km
GRD_SPD, m s-1
TAS, m/s
IAS, m/s
MachNumber, mach
VerticalSpeed, m s-1
HDG, degs
TRK, degs
DriftAngle, degs
PITCH, degs
ROLL, degs
PotentialTemp, K
Dewpoint, K
TotalAirTemp, K
CabinPressure, hPa
SolarZenithAngle, degs
AircraftSunElevation, degs
SunAzimuth, degs
AircraftSunAzimuth, degs
H2O_MixingRatio, g kg-1
H2O_VaporPressure, hPa
H2O_SatVaporPressureWater, hPa
H2O_SatVaporPressureIce, hPa
H2O_RelativeHumidity, %
H2O_VolMixingRatio_PICARRO, %
H2O_MassMixingRatio_PICARRO, g kg-1
H2O_VaporPressure_PICARRO, hPa
RHi_PICARRO, %
RHw_PICARRO, %
Dewpoint_PICARRO, K
Ground_Elevation, km
Altitude_AGL, km
GroundHeight_CPL, km
MLH_CPL, km
O3_MixingRatio, ppbv
CO2_MixingRatio_PICARRO, ppmv
CH4_MixingRatio_PICARRO, ppmv
CO_MixingRatio_PICARRO, ppmv
CO2_MoleFraction_PFP, ppm
CH4_MoleFraction_PFP, ppb
CO_MoleFraction_PFP, ppb
N2O_MoleFraction_PFP, ppb
SF6_CCGG_MoleFraction_PFP, ppt
H2_MoleFraction_PFP, ppb
CH4C13_PFP, per mil
CO2C14_PFP, per mil
F11B_MoleFraction_PFP, ppt
FC12_MoleFraction_PFP, ppt
F13_MoleFraction_PFP, ppt
F113_MoleFraction_PFP, ppt
F115_MoleFraction_PFP, ppt
HF133a_MoleFraction_PFP, ppt
F23_MoleFraction_PFP, ppt
F32_MoleFraction_PFP, ppt
F134A_MoleFraction_PFP, ppt
F152A_MoleFraction_PFP, ppt
F125_MoleFraction_PFP, ppt
F143a_MoleFraction_PFP, ppt
F227e_MoleFraction_PFP, ppt
F365m_MoleFraction_PFP, ppt
H1211_MoleFraction_PFP, ppt
H1301_MoleFraction_PFP, ppt
H2402_MoleFraction_PFP, ppt
MCFA_MoleFraction_PFP, ppt
CF4_MoleFraction_PFP, ppt
C2F6_MoleFraction_PFP, ppt
SO2F2_MoleFraction_PFP, ppt
MEBR_MoleFraction_PFP, ppt
CH3I_MoleFraction_PFP, ppt
DIBR_MoleFraction_PFP, ppt
[...]
[from data line 286]
62082,   57,          1200287.0,         12.000000,  10.892263,   42.0444766,   264.6985283,   3.985747729,   617,   253.3899939,   290.8760663,   382.5,   53.00234759,   12.79997991,   279.340156,   3.789,   157,   150.525144,   126.55224,   0.47,   0,   40.08,   44.16,   -4.06,   0.7,   0.34,   290.92,   240.1899939,   264.7299939,   799.2,   53.76,   36.74,   155.1,   114.86,   0.42,   0.39,   1.304,   1.074,   29.92,   0.06913333333,   0.4292666667,   0.4285888889,   40.72,   33.56666667,   241.3355495,   0.4137,   3.4059,   0.521735,   0.7974672,   57.76,   410.67,   1.923,   0.145005,    -999999,   -999999,   -999999,   -999999,   -999999,   -999999,   -999999,   -999999,   -999999,   -999999,   -999999,   -999999,   -999999,   -999999,   -999999,   -999999,   -999999,   -999999,   -999999,   -999999,   -999999,   -999999,   -999999,   -999999,   -999999,   -999999,   -999999,   -999999,   -999999,   -999999,   -999999,   -999999,   -999999,   -999999,   -999999,   -999999,   -999999,   -999999,   -999999,   -999999,   -999999,   -999999,   -999999,   -999999,   -999999,   -999999,   -999999,   -999999,   -999999,   -999999,   -999999,     -999999  
62087,   57,          1200288.0,         12.000000,  10.89409327,   42.04957958,   264.7051491,   3.986540209,   617,   253.4299939,   290.9219838,   382.5,   52.99991144,   13.31529229,   279.5376928,   3.78968,   157,   150.21648,   126.55224,   0.47,   0,   39.58,   43.82,   -4.26,   0.82,   -2.9,   290.9,   240.3099939,   264.6499939,   800,   53.7,   35.46,   155.1,   114.66,   0.42,   0.396,   1.3,   1.07,   30.31,   0.06931,   0.43002,   0.42932,   40.791,   33.625,   241.3539939,   0.41706,   3.40314,   0.3267446,   0.7135236,   58.08,   410.655,   1.9229,   0.1428315789,    -999999,   -999999,   -999999,   -999999,   -999999,   -999999,   -999999,   -999999,   -999999,   -999999,   -999999,   -999999,   -999999,   -999999,   -999999,   -999999,   -999999,   -999999,   -999999,   -999999,   -999999,   -999999,   -999999,   -999999,   -999999,   -999999,   -999999,   -999999,   -999999,   -999999,   -999999,   -999999,   -999999,   -999999,   -999999,   -999999,   -999999,   -999999,   -999999,   -999999,   -999999,   -999999,   -999999,   -999999,   -999999,   -999999,   -999999,   -999999,   -999999,   -999999,   -999999,     -999999  
62092,   57,          1200289.0,         12.000000,  10.89590962,   42.05480676,   264.711561,   3.988247089,   617,   253.3899939,   290.8760663,   382.5,   52.99765921,   14.21644017,   280.3980404,   3.7895,   156.6,   150.21648,   126.140688,   0.47,   0,   35.28,   40.06,   -4.8,   0.56,   -20.04,   290.86,   240.4499939,   264.5899939,   800.6,   53.7,   21.02,   155.12,   114.68,   0.428,   0.4,   1.294,   1.066,   30.826,   0.069675,   0.432325,   0.431525,   40.995,   33.7975,   241.4074939,   0.41186,   3.40854,   0.3509744,   0.605595,   56.88,   410.6814286,   1.9228,   0.14085,    -999999,   -999999,   -999999,   -999999,   -999999,   -999999,   -999999,   -999999,   -999999,   -999999,   -999999,   -999999,   -999999,   -999999,   -999999,   -999999,   -999999,   -999999,   -999999,   -999999,   -999999,   -999999,   -999999,   -999999,   -999999,   -999999,   -999999,   -999999,   -999999,   -999999,   -999999,   -999999,   -999999,   -999999,   -999999,   -999999,   -999999,   -999999,   -999999,   -999999,   -999999,   -999999,   -999999,   -999999,   -999999,   -999999,   -999999,   -999999,   -999999,   -999999,   -999999,     -999999  
62097,   57,          1200290.0,         12.000000,  10.89766642,   42.06047742,   264.7170796,   3.987820369,   617,   253.4099939,   290.899025,   382.5,   52.99606855,   15.07693378,   280.3908246,   3.79018,   154.8,   150.113592,   126.346464,   0.47,   0.8,   25.7,   31.18,   -5.46,   1.3,   -26.96,   290.9,   240.6299939,   264.6099939,   801.8,   53.7,   14.64,   155.2,   120.28,   0.438,   0.408,   1.298,   1.07,   31.298,   0.06875,   0.42691,   0.42597,   40.471,   33.361,   241.2729939,   0.41592,   3.40388,   0.486314,   0.761491,   58.08,   410.66,   1.9222,   0.1413,    -999999,   -999999,   -999999,   -999999,   -999999,   -999999,   -999999,   -999999,   -999999,   -999999,   -999999,   -999999,   -999999,   -999999,   -999999,   -999999,   -999999,   -999999,   -999999,   -999999,   -999999,   -999999,   -999999,   -999999,   -999999,   -999999,   -999999,   -999999,   -999999,   -999999,   -999999,   -999999,   -999999,   -999999,   -999999,   -999999,   -999999,   -999999,   -999999,   -999999,   -999999,   -999999,   -999999,   -999999,   -999999,   -999999,   -999999,   -999999,   -999999,   -999999,   -999999,     -999999  
62102,   57,          1200291.0,         12.000000,  10.89932981,   42.0666656,   264.7211971,   3.992087569,   616.4,   253.4299939,   291.0028647,   382.5,   52.99534047,   14.85910022,   277.3940678,   3.79566,   152.4,   149.70204,   125.729136,   0.47,   0,   16.08,   21.62,   -5.56,   0.64,   -27.42,   290.94,   240.7499939,   264.5299939,   803,   53.7,   16.46,   155.2,   128.28,   0.44,   0.41,   1.298,   1.068,   31.666,   0.06953,   0.43147,   0.43057,   41.334,   34.037,   241.3809939,   0.39294,   3.43166,   0.5124218,   0.833443,   56.16,   410.635,   1.9221,   0.14495,    -999999,   -999999,   -999999,   -999999,   -999999,   -999999,   -999999,   -999999,   -999999,   -999999,   -999999,   -999999,   -999999,   -999999,   -999999,   -999999,   -999999,   -999999,   -999999,   -999999,   -999999,   -999999,   -999999,   -999999,   -999999,   -999999,   -999999,   -999999,   -999999,   -999999,   -999999,   -999999,   -999999,   -999999,   -999999,   -999999,   -999999,   -999999,   -999999,   -999999,   -999999,   -999999,   -999999,   -999999,   -999999,   -999999,   -999999,   -999999,   -999999,   -999999,   -999999,     -999999  
62107,   57,          1200292.0,         12.000000,  10.90089531,   42.07319172,   264.7238464,   3.989100529,   616.8,   253.2699939,   290.7652457,   382.5,   52.99532294,   15.53842857,   275.1849262,   3.7916,   150.6,   149.70204,   126.0378,   0.47,   -0.6,   5.92,   11.86,   -5.94,   0.48,   -27,   290.8,   240.7899939,   264.4499939,   802.8,   53.7,   19.42,   155.2,   135.88,   0.442,   0.41,   1.288,   1.06,   32.074,   0.06876666667,   0.4269666667,   0.4262222222,   41.28222222,   33.96111111,   241.2788828,   0.40312,   3.41808,   0.5280622,   0.8334434,   60,   410.6333333,   1.92225,   0.1419,    -999999,   -999999,   -999999,   -999999,   -999999,   -999999,   -999999,   -999999,   -999999,   -999999,   -999999,   -999999,   -999999,   -999999,   -999999,   -999999,   -999999,   -999999,   -999999,   -999999,   -999999,   -999999,   -999999,   -999999,   -999999,   -999999,   -999999,   -999999,   -999999,   -999999,   -999999,   -999999,   -999999,   -999999,   -999999,   -999999,   -999999,   -999999,   -999999,   -999999,   -999999,   -999999,   -999999,   -999999,   -999999,   -999999,   -999999,   -999999,   -999999,   -999999,   -999999,     -999999  
62112,   57,          1200293.0,         12.000000,  10.90235628,   42.07987556,   264.7249275,   3.984894289,   617,   253.3099939,   290.7842312,   382.5,   52.99587168,   15.61932238,   273.6003817,   3.78896,   148.6,   150.113592,   126.0378,   0.47,   0,   355.86,   1.84,   -5.96,   0.76,   -26.48,   290.76,   240.7499939,   264.5099939,   804,   53.7,   23.76,   155.3,   144.18,   0.44,   0.41,   1.286,   1.066,   31.886,   0.06849090909,   0.4250545455,   0.4245181818,   41.11363636,   33.82454545,   241.2372666,   0.40016,   3.41804,   0.5129008,   0.86942,   58.86,   410.6433333,   1.922622222,   0.14375,    -999999,   -999999,   -999999,   -999999,   -999999,   -999999,   -999999,   -999999,   -999999,   -999999,   -999999,   -999999,   -999999,   -999999,   -999999,   -999999,   -999999,   -999999,   -999999,   -999999,   -999999,   -999999,   -999999,   -999999,   -999999,   -999999,   -999999,   -999999,   -999999,   -999999,   -999999,   -999999,   -999999,   -999999,   -999999,   -999999,   -999999,   -999999,   -999999,   -999999,   -999999,   -999999,   -999999,   -999999,   -999999,   -999999,   -999999,   -999999,   -999999,   -999999,   -999999,     -999999  
62117,   57,          1200294.0,         12.000000,  10.90371326,   42.08650512,   264.7244489,   3.986540209,   617,   253.3299939,   290.80719,   382.5,   52.99678432,   15.35885476,   272.4148502,   3.78828,   146.6,   150.21648,   126.449352,   0.47,   -0.4,   346.22,   351.96,   -5.76,   0.38,   -26.76,   290.78,   240.6899939,   264.5499939,   804.8,   53.7,   27.12,   155.3,   151.4,   0.44,   0.41,   1.29,   1.062,   31.694,   0.0692,   0.429525,   0.4291,   41.56,   34.1925,   241.3499939,   0.40752,   3.41068,   0.5290032,   0.893404,   57.46,   410.64,   1.922581818,   0.1459,    -999999,   -999999,   -999999,   -999999,   -999999,   -999999,   -999999,   -999999,   -999999,   -999999,   -999999,   -999999,   -999999,   -999999,   -999999,   -999999,   -999999,   -999999,   -999999,   -999999,   -999999,   -999999,   -999999,   -999999,   -999999,   -999999,   -999999,   -999999,   -999999,   -999999,   -999999,   -999999,   -999999,   -999999,   -999999,   -999999,   -999999,   -999999,   -999999,   -999999,   -999999,   -999999,   -999999,   -999999,   -999999,   -999999,   -999999,   -999999,   -999999,   -999999,   -999999,     -999999  
62122,   57,          1200295.0,         12.000000,  10.90497073,   42.0928961,   264.7224776,   3.982090129,   617.2,   253.3299939,   290.7802628,   382.5,   52.99786912,   15.97872829,   270.5758441,   3.7824,   144.8,   150.936696,   126.963792,   0.47,   -0.6,   336.24,   341.98,   -5.74,   0.44,   -26.28,   290.74,   240.5899939,   264.6499939,   806,   53.7,   31.34,   155.3,   159.8,   0.434,   0.404,   1.29,   1.062,   31.374,   0.06914444444,   0.4292222222,   0.4288555556,   41.16888889,   33.9,   241.3399939,   0.41936,   3.39304,   0.5348714,   0.86942,   57.18,   410.69,   1.923318182,   0.1432,    -999999,   -999999,   -999999,   -999999,   -999999,   -999999,   -999999,   -999999,   -999999,   -999999,   -999999,   -999999,   -999999,   -999999,   -999999,   -999999,   -999999,   -999999,   -999999,   -999999,   -999999,   -999999,   -999999,   -999999,   -999999,   -999999,   -999999,   -999999,   -999999,   -999999,   -999999,   -999999,   -999999,   -999999,   -999999,   -999999,   -999999,   -999999,   -999999,   -999999,   -999999,   -999999,   -999999,   -999999,   -999999,   -999999,   -999999,   -999999,   -999999,   -999999,   -999999,     -999999  
62127,   57,          1200296.0,         12.000000,  10.90613148,   42.0988455,   264.7190555,   3.981724369,   617,   253.3299939,   290.80719,   382.5,   52.99892352,   15.87788783,   268.7301113,   3.78234,   142.8,   150.936696,   126.963792,   0.47,   0.6,   326.24,   331.6,   -5.38,   1.1,   -25.98,   290.76,   240.5499939,   264.6499939,   807.2,   53.7,   36.26,   155.3,   167.88,   0.43,   0.4,   1.29,   1.064,   31.246,   0.07010909091,   0.4351181818,   0.4345181818,   41.72454545,   34.35545455,   241.4799939,   0.39758,   3.41382,   0.4943538,   0.86942,   55.42,   410.725,   1.923281818,   0.1453789474,    -999999,   -999999,   -999999,   -999999,   -999999,   -999999,   -999999,   -999999,   -999999,   -999999,   -999999,   -999999,   -999999,   -999999,   -999999,   -999999,   -999999,   -999999,   -999999,   -999999,   -999999,   -999999,   -999999,   -999999,   -999999,   -999999,   -999999,   -999999,   -999999,   -999999,   -999999,   -999999,   -999999,   -999999,   -999999,   -999999,   -999999,   -999999,   -999999,   -999999,   -999999,   -999999,   -999999,   -999999,   -999999,   -999999,   -999999,   -999999,   -999999,   -999999,   -999999,     -999999  
62132,   57,          1200297.0,         12.000000,  10.9072056,   42.10416394,   264.714334,   3.983370289,   617,   253.3499939,   290.8301487,   382.5,   52.99972936,   15.23868221,   266.5649658,   3.78756,   140.6,   150.21648,   126.449352,   0.47,   0.4,   316.7,   321.42,   -4.76,   0.96,   -26.2,   290.78,   240.4899939,   264.5499939,   808.6,   53.7,   40.66,   155.38,   104.28,   0.43,   0.4,   1.29,   1.062,   31.072,   0.07015555556,   0.4355111111,   0.4348555556,   42.11444444,   34.64888889,   241.4855495,   0.39146,   3.42554,   0.49371,   0.86942,   57.16,   410.715,   1.923688889,   0.1433714286,    -999999,   -999999,   -999999,   -999999,   -999999,   -999999,   -999999,   -999999,   -999999,   -999999,   -999999,   -999999,   -999999,   -999999,   -999999,   -999999,   -999999,   -999999,   -999999,   -999999,   -999999,   -999999,   -999999,   -999999,   -999999,   -999999,   -999999,   -999999,   -999999,   -999999,   -999999,   -999999,   -999999,   -999999,   -999999,   -999999,   -999999,   -999999,   -999999,   -999999,   -999999,   -999999,   -999999,   -999999,   -999999,   -999999,   -999999,   -999999,   -999999,   -999999,   -999999,     -999999  
62137,   57,          1200298.0,         12.000000,  10.90820547,   42.10872594,   264.7084987,   3.985686769,   617,   253.2699939,   290.7383137,   382.5,   53.00011968,   14.73826629,   264.4664898,   3.78846,   139.2,   150.21648,   126.140688,   0.47,   0,   307.18,   311.3,   -4.12,   0.46,   -26.26,   290.72,   240.5499939,   264.4699939,   808.8,   53.7,   44.3,   155.4,   -175.48,   0.43,   0.4,   1.282,   1.06,   31.396,   0.0701,   0.435,   0.4345909091,   41.85636364,   34.45636364,   241.4790848,   0.38886,   3.42934,   0.494652,   0.86942,   57.56,   410.715,   1.92365,   0.1450157895,    -999999,   -999999,   -999999,   -999999,   -999999,   -999999,   -999999,   -999999,   -999999,   -999999,   -999999,   -999999,   -999999,   -999999,   -999999,   -999999,   -999999,   -999999,   -999999,   -999999,   -999999,   -999999,   -999999,   -999999,   -999999,   -999999,   -999999,   -999999,   -999999,   -999999,   -999999,   -999999,   -999999,   -999999,   -999999,   -999999,   -999999,   -999999,   -999999,   -999999,   -999999,   -999999,   -999999,   -999999,   -999999,   -999999,   -999999,   -999999,   -999999,   -999999,   -999999,     -999999  
62142,   57,          1200299.0,         12.000000,  10.90914234,   42.11241392,   264.7017184,   3.984101809,   617,   253.3499939,   290.8301487,   382.5,   52.99993954,   14.29735762,   262.2360829,   3.78412,   138.6,   150.21648,   126.55224,   0.47,   -0.6,   297.48,   300.92,   -3.44,   0.44,   -26.12,   290.78,   240.5699939,   264.5499939,   810.2,   53.7,   48.54,   155.4,   -165.56,   0.432,   0.402,   1.29,   1.06,   31.324,   0.0696,   0.43198,   0.43172,   40.64,   33.532,   241.4099939,   0.38352,   3.43068,   0.5064802,   0.761491,   58.06,   410.685,   1.9232,   0.1399,    -999999,   -999999,   -999999,   -999999,   -999999,   -999999,   -999999,   -999999,   -999999,   -999999,   -999999,   -999999,   -999999,   -999999,   -999999,   -999999,   -999999,   -999999,   -999999,   -999999,   -999999,   -999999,   -999999,   -999999,   -999999,   -999999,   -999999,   -999999,   -999999,   -999999,   -999999,   -999999,   -999999,   -999999,   -999999,   -999999,   -999999,   -999999,   -999999,   -999999,   -999999,   -999999,   -999999,   -999999,   -999999,   -999999,   -999999,   -999999,   -999999,   -999999,   -999999,     -999999  
