inputs/ACTAMERICA_Merge/C130/ACTAMERICA-mrg05-c130_merge_20170215_R0.ict
143, 1001
Shook, Michael
NASA Atmospheric Composition Branch, NASA Langley Research Center (SSAI)
Merged data file for ACT-AMERICA 2017, Flight 08 (20170215), on the c130 platform. Data is merged to 05 seconds.
NASA ACT-AMERICA 2017
1, 1
2017, 02, 15, 2018, 02, 23
05
UTC,s
104
1, 1, 1, 1, 1, 1, 1, 1, 1, 1, 1, 1, 1, 1, 1, 1, 1, 1, 1, 1, 1, 1, 1, 1, 1, 1, 1, 1, 1, 1, 1, 1, 1, 1, 1, 1, 1, 1, 1, 1, 1, 1, 1, 1, 1, 1, 1, 1, 1, 1, 1, 1, 1, 1, 1, 1, 1, 1, 1, 1, 1, 1, 1, 1, 1, 1, 1, 1, 1, 1, 1, 1, 1, 1, 1, 1, 1, 1, 1, 1, 1, 1, 1, 1, 1, 1, 1, 1, 1, 1, 1, 1, 1, 1, 1, 1, 1, 1, 1, 1, 1, 1, 1, 1
-999999, -999999, -999999, -999999, -999999, -999999, -999999, -999999, -999999, -999999, -999999, -999999, -999999, -999999, -999999, -999999, -999999, -999999, -999999, -999999, -999999, -999999, -999999, -999999, -999999, -999999, -999999, -999999, -999999, -999999, -999999, -999999, -999999, -999999, -999999, -999999, -999999, -999999, -999999, -999999, -999999, -999999, -999999, -999999, -999999, -999999, -999999, -999999, -999999, -999999, -999999, -999999, -999999, -999999, -999999, -999999, -999999, -999999, -999999, -999999, -999999, -999999, -999999, -999999, -999999, -999999, -999999, -999999, -999999, -999999, -999999, -999999, -999999, -999999, -999999, -999999, -999999, -999999, -999999, -999999, -999999, -999999, -999999, -999999, -999999, -999999, -999999, -999999, -999999, -999999, -999999, -999999, -999999, -999999, -999999, -999999, -999999, -999999, -999999, -999999, -999999, -999999, -999999, -999999
JDAY, days
INDEX, none
FLIGHT, none
LOCAL_SUN_TIME, hour
LATITUDE, degs
LONGITUDE, degs
ALTP, km
PRESSURE, hPa
TEMPERATURE, K
THETA, K
O3COLUMN, DU
SZA, deg
WNS, m s-1
WND, Degs
GPS_ALT, km
GRD_SPD, m s-1
TAS, m/s
IAS, m/s
MachNumber, mach
VerticalSpeed, m s-1
HDG, degs
TRK, degs
DriftAngle, degs
PITCH, degs
ROLL, degs
PotentialTemp, K
Dewpoint, K
TotalAirTemp, K
CabinPressure, hPa
SolarZenithAngle, degs
AircraftSunElevation, degs
SunAzimuth, degs
AircraftSunAzimuth, degs
H2O_MixingRatio, g kg-1
H2O_VaporPressure, hPa
H2O_SatVaporPressureWater, hPa
H2O_SatVaporPressureIce, hPa
H2O_RelativeHumidity, %
H2O_VolMixingRatio_PICARRO, %
H2O_MassMixingRatio_PICARRO, g kg-1
H2O_VaporPressure_PICARRO, hPa
RHi_PICARRO, %
RHw_PICARRO, %
Dewpoint_PICARRO, K
Ground_Elevation, km
Altitude_AGL, km
GroundHeight_CPL, km
MLH_CPL, km
O3_MixingRatio, ppbv
CO2_MixingRatio_PICARRO, ppmv
CH4_MixingRatio_PICARRO, ppmv
CO_MixingRatio_PICARRO, ppmv
CO2_MoleFraction_PFP, ppm
CH4_MoleFraction_PFP, ppb
CO_MoleFraction_PFP, ppb
N2O_MoleFraction_PFP, ppb
SF6_CCGG_MoleFraction_PFP, ppt
H2_MoleFraction_PFP, ppb
CH4C13_PFP, per mil
CO2C14_PFP, per mil
F11B_MoleFraction_PFP, ppt
FC12_MoleFraction_PFP, ppt
F13_MoleFraction_PFP, ppt
F113_MoleFraction_PFP, ppt
F115_MoleFraction_PFP, ppt
HF133a_MoleFraction_PFP, ppt
F23_MoleFraction_PFP, ppt
F32_MoleFraction_PFP, ppt
F134A_MoleFraction_PFP, ppt
F152A_MoleFraction_PFP, ppt
F125_MoleFraction_PFP, ppt
F143a_MoleFraction_PFP, ppt
F227e_MoleFraction_PFP, ppt
F365m_MoleFraction_PFP, ppt
H1211_MoleFraction_PFP, ppt
H1301_MoleFraction_PFP, ppt
H2402_MoleFraction_PFP, ppt
MCFA_MoleFraction_PFP, ppt
CF4_MoleFraction_PFP, ppt
C2F6_MoleFraction_PFP, ppt
SO2F2_MoleFraction_PFP, ppt
MEBR_MoleFraction_PFP, ppt
CH3I_MoleFraction_PFP, ppt
DIBR_MoleFraction_PFP, ppt
[...]
[from data line 204]
65842,   46,          800205.00,         8.0000000,  11.75922926,   40.92157718,   262.0363555,   6.099718635,   464.8,   251.1099939,   312.5581479,   369.6669922,   53.70950336,   10.27997089,   333.5591445,   6.1904,   112,   124.288704,   91.05588001,   0.39,   3,   279.58,   270,   9.56,   5.62,   0.3,   312.58,   224.3499939,   258.8499939,   842.8,   53.8,   37.76,   171,   -104.1,   0.11,   0.07,   1.066,   0.862,   6.992,   0.0145,   0.08996,   0.06728,   8.304,   6.666,   223.6899939,   0.55042,   5.63998,   0.7076956,   1.037308,   53.16,   408.34,   1.89715,   0.1200736842,    -999999,   -999999,   -999999,   -999999,   -999999,   -999999,   -999999,   -999999,   -999999,   -999999,   -999999,   -999999,   -999999,   -999999,   -999999,   -999999,   -999999,   -999999,   -999999,   -999999,   -999999,   -999999,   -999999,   -999999,   -999999,   -999999,   -999999,   -999999,   -999999,   -999999,   -999999,   -999999,   -999999,   -999999,   -999999,   -999999,   -999999,   -999999,   -999999,   -999999,   -999999,   -999999,   -999999,   -999999,   -999999,   -999999,   -999999,   -999999,   -999999,   -999999,   -999999,     -999999  
65847,   46,          800206.00,         8.0000000,  11.7601742,   40.9216066,   262.0296963,   6.115385356,   463.6,   250.9499939,   312.589788,   369.6669922,   53.70871771,   10.25997724,   333.4395705,   6.209,   112,   124.49448,   91.05588001,   0.39,   3,   279.52,   270.04,   9.44,   5.62,   0.06,   312.56,   224.2699939,   258.6499939,   843.6,   53.8,   37.92,   171,   -104.1,   0.11,   0.07,   1.05,   0.85,   7.026,   0.0162,   0.100575,   0.075075,   9.2625,   7.4375,   224.6524939,   0.54918,   5.65982,   0.7076902,   1.037308,   52.28,   408.28,   1.89585,   0.11745,    -999999,   -999999,   -999999,   -999999,   -999999,   -999999,   -999999,   -999999,   -999999,   -999999,   -999999,   -999999,   -999999,   -999999,   -999999,   -999999,   -999999,   -999999,   -999999,   -999999,   -999999,   -999999,   -999999,   -999999,   -999999,   -999999,   -999999,   -999999,   -999999,   -999999,   -999999,   -999999,   -999999,   -999999,   -999999,   -999999,   -999999,   -999999,   -999999,   -999999,   -999999,   -999999,   -999999,   -999999,   -999999,   -999999,   -999999,   -999999,   -999999,   -999999,   -999999,     -999999  
65852,   46,          800207.00,         8.0000000,  11.76111876,   40.92163592,   262.0230314,   6.131295916,   462.6,   250.8099939,   312.6082078,   369.6669922,   53.70793548,   10.33995825,   333.2384907,   6.227,   112,   124.49448,   91.05588001,   0.39,   3,   279.5,   270.04,   9.46,   5.58,   0.08,   312.56,   224.2099939,   258.5699939,   845.8,   53.8,   37.98,   171.06,   -104,   0.106,   0.07,   1.036,   0.836,   7.084,   0.0176,   0.109275,   0.08135,   10.3025,   8.25,   225.3524939,   0.5481,   5.6789,   0.7128366,   1.025316,   54.06,   408.2057143,   1.8952,   0.11575,    -999999,   -999999,   -999999,   -999999,   -999999,   -999999,   -999999,   -999999,   -999999,   -999999,   -999999,   -999999,   -999999,   -999999,   -999999,   -999999,   -999999,   -999999,   -999999,   -999999,   -999999,   -999999,   -999999,   -999999,   -999999,   -999999,   -999999,   -999999,   -999999,   -999999,   -999999,   -999999,   -999999,   -999999,   -999999,   -999999,   -999999,   -999999,   -999999,   -999999,   -999999,   -999999,   -999999,   -999999,   -999999,   -999999,   -999999,   -999999,   -999999,   -999999,   -999999,     -999999  
65857,   46,          800208.00,         8.0000000,  11.76206294,   40.92166484,   262.0163608,   6.152936716,   461.4,   250.6899939,   312.6906069,   369.6669922,   53.70715637,   10.25994111,   333.4781664,   6.2454,   112,   124.49448,   91.05588001,   0.39,   3,   279.52,   270.04,   9.48,   5.54,   0.08,   312.68,   224.1499939,   258.3899939,   847.8,   53.8,   37.9,   171.1,   -104.02,   0.1,   0.07,   1.024,   0.824,   7.112,   0.01915,   0.11885,   0.088225,   11.405,   9.11,   226.0799939,   0.5457,   5.6997,   0.7036478,   1.013324,   55.1,   408.16,   1.8949,   0.1184315789,    -999999,   -999999,   -999999,   -999999,   -999999,   -999999,   -999999,   -999999,   -999999,   -999999,   -999999,   -999999,   -999999,   -999999,   -999999,   -999999,   -999999,   -999999,   -999999,   -999999,   -999999,   -999999,   -999999,   -999999,   -999999,   -999999,   -999999,   -999999,   -999999,   -999999,   -999999,   -999999,   -999999,   -999999,   -999999,   -999999,   -999999,   -999999,   -999999,   -999999,   -999999,   -999999,   -999999,   -999999,   -999999,   -999999,   -999999,   -999999,   -999999,   -999999,   -999999,     -999999  
65862,   46,          800209.00,         8.0000000,  11.7630068,   40.92169594,   262.0096854,   6.168237676,   460.2,   250.5299939,   312.7236306,   369.6669922,   53.7063829,   10.37990511,   333.0984581,   6.264,   112,   124.597368,   91.05588001,   0.39,   3,   279.48,   270.08,   9.4,   5.54,   0.14,   312.64,   224.0699939,   258.3099939,   849.4,   53.8,   37.86,   171.1,   -104.04,   0.1,   0.07,   1.008,   0.808,   7.162,   0.0204,   0.12664,   0.09382,   12.16,   9.714,   226.6319939,   0.54862,   5.71538,   0.7094078,   1.001332,   53.64,   408.1357143,   1.8941,   0.1144947368,    -999999,   -999999,   -999999,   -999999,   -999999,   -999999,   -999999,   -999999,   -999999,   -999999,   -999999,   -999999,   -999999,   -999999,   -999999,   -999999,   -999999,   -999999,   -999999,   -999999,   -999999,   -999999,   -999999,   -999999,   -999999,   -999999,   -999999,   -999999,   -999999,   -999999,   -999999,   -999999,   -999999,   -999999,   -999999,   -999999,   -999999,   -999999,   -999999,   -999999,   -999999,   -999999,   -999999,   -999999,   -999999,   -999999,   -999999,   -999999,   -999999,   -999999,   -999999,     -999999  
65867,   46,          800210.00,         8.0000000,  11.7639502,   40.92172882,   262.003003,   6.188903116,   459,   250.3499939,   312.7321542,   369.6669922,   53.70561478,   10.01981593,   333.7748489,   6.2822,   112.8,   124.49448,   90.74721601,   0.39,   3,   279.46,   270.08,   9.38,   5.46,   -0.08,   312.72,   224.0099939,   258.1099939,   851.2,   53.8,   38.02,   171.1,   -104.08,   0.1,   0.07,   0.996,   0.798,   7.216,   0.02122222222,   0.1317111111,   0.09736666667,   12.76888889,   10.18888889,   226.9688828,   0.55002,   5.73218,   0.7076498,   1.01932,   54.48,   408.0314286,   1.89275,   0.1112052632,    -999999,   -999999,   -999999,   -999999,   -999999,   -999999,   -999999,   -999999,   -999999,   -999999,   -999999,   -999999,   -999999,   -999999,   -999999,   -999999,   -999999,   -999999,   -999999,   -999999,   -999999,   -999999,   -999999,   -999999,   -999999,   -999999,   -999999,   -999999,   -999999,   -999999,   -999999,   -999999,   -999999,   -999999,   -999999,   -999999,   -999999,   -999999,   -999999,   -999999,   -999999,   -999999,   -999999,   -999999,   -999999,   -999999,   -999999,   -999999,   -999999,   -999999,   -999999,     -999999  
65872,   46,          800211.00,         8.0000000,  11.76489272,   40.9217561,   261.9963075,   6.202741037,   458.4,   250.1899939,   312.6491091,   375,   53.70484499,   9.699938906,   334.3189681,   6.2988,   113,   124.49448,   90.54144001,   0.39,   3,   279.26,   269.94,   9.3,   5.52,   -0.12,   312.7,   223.9499939,   257.8899939,   853.2,   53.8,   38.22,   171.1,   -103.9,   0.1,   0.07,   0.984,   0.784,   7.252,   0.0234,   0.14512,   0.107,   14.43,   11.484,   227.8179939,   0.54956,   5.74924,   0.7247226,   0.995336,   55.32,   407.9628571,   1.891622222,   0.10815,    -999999,   -999999,   -999999,   -999999,   -999999,   -999999,   -999999,   -999999,   -999999,   -999999,   -999999,   -999999,   -999999,   -999999,   -999999,   -999999,   -999999,   -999999,   -999999,   -999999,   -999999,   -999999,   -999999,   -999999,   -999999,   -999999,   -999999,   -999999,   -999999,   -999999,   -999999,   -999999,   -999999,   -999999,   -999999,   -999999,   -999999,   -999999,   -999999,   -999999,   -999999,   -999999,   -999999,   -999999,   -999999,   -999999,   -999999,   -999999,   -999999,   -999999,   -999999,     -999999  
65877,   46,          800212.00,         8.0000000,  11.76583449,   40.9217786,   261.9896007,   6.222492077,   457,   250.0499939,   312.7473602,   375,   53.70407425,   9.659926236,   334.3391302,   6.3164,   113,   124.49448,   90.54144001,   0.39,   3,   279.26,   270,   9.28,   5.64,   0.38,   312.76,   223.8499939,   257.8099939,   854.2,   53.8,   37.66,   171.1,   -103.62,   0.1,   0.07,   0.97,   0.774,   7.268,   0.02543846154,   0.1577769231,   0.1159923077,   15.79384615,   12.55692308,   228.5615324,   0.55196,   5.76444,   0.7156226,   1.0493,   57.24,   407.8614286,   1.890127273,   0.10915,    -999999,   -999999,   -999999,   -999999,   -999999,   -999999,   -999999,   -999999,   -999999,   -999999,   -999999,   -999999,   -999999,   -999999,   -999999,   -999999,   -999999,   -999999,   -999999,   -999999,   -999999,   -999999,   -999999,   -999999,   -999999,   -999999,   -999999,   -999999,   -999999,   -999999,   -999999,   -999999,   -999999,   -999999,   -999999,   -999999,   -999999,   -999999,   -999999,   -999999,   -999999,   -999999,   -999999,   -999999,   -999999,   -999999,   -999999,   -999999,   -999999,   -999999,   -999999,     -999999  
65882,   46,          800213.00,         8.0000000,  11.76677602,   40.92180986,   261.9828903,   6.238524557,   456,   249.8899939,   312.7429203,   375,   53.70331562,   9.479884457,   334.5974684,   6.335,   113,   124.49448,   90.54144001,   0.39,   3,   279.32,   270.06,   9.26,   5.66,   0.06,   312.78,   223.8099939,   257.6499939,   855.4,   53.8,   37.92,   171.18,   -103.74,   0.1,   0.07,   0.954,   0.764,   7.332,   0.0278,   0.1725,   0.1265,   17.6175,   13.975,   229.3524939,   0.55282,   5.78218,   0.7218962,   1.0493,   54,   407.79,   1.8886,   0.1121894737,    -999999,   -999999,   -999999,   -999999,   -999999,   -999999,   -999999,   -999999,   -999999,   -999999,   -999999,   -999999,   -999999,   -999999,   -999999,   -999999,   -999999,   -999999,   -999999,   -999999,   -999999,   -999999,   -999999,   -999999,   -999999,   -999999,   -999999,   -999999,   -999999,   -999999,   -999999,   -999999,   -999999,   -999999,   -999999,   -999999,   -999999,   -999999,   -999999,   -999999,   -999999,   -999999,   -999999,   -999999,   -999999,   -999999,   -999999,   -999999,   -999999,   -999999,   -999999,     -999999  
65887,   46,          800214.00,         8.0000000,  11.76771718,   40.9218384,   261.9761744,   6.258824237,   454.4,   249.7099939,   312.8316558,   375,   53.70255776,   9.43990556,   334.5773307,   6.3536,   113,   124.391592,   90.54144001,   0.39,   3,   279.16,   270.02,   9.14,   5.66,   -0.08,   312.82,   223.7299939,   257.4099939,   857.2,   53.8,   38.08,   171.2,   -103.56,   0.1,   0.07,   0.944,   0.75,   7.378,   0.0292,   0.181425,   0.1327,   18.895,   14.9575,   229.7999939,   0.55358,   5.80002,   0.7213736,   1.0493,   53.88,   407.7185714,   1.88808,   0.1089631579,    -999999,   -999999,   -999999,   -999999,   -999999,   -999999,   -999999,   -999999,   -999999,   -999999,   -999999,   -999999,   -999999,   -999999,   -999999,   -999999,   -999999,   -999999,   -999999,   -999999,   -999999,   -999999,   -999999,   -999999,   -999999,   -999999,   -999999,   -999999,   -999999,   -999999,   -999999,   -999999,   -999999,   -999999,   -999999,   -999999,   -999999,   -999999,   -999999,   -999999,   -999999,   -999999,   -999999,   -999999,   -999999,   -999999,   -999999,   -999999,   -999999,   -999999,   -999999,     -999999  
65892,   46,          800215.00,         8.0000000,  11.76865795,   40.92186116,   261.9694526,   6.276075918,   453.6,   249.5099939,   312.738512,   375,   53.70179763,   9.29995794,   334.7189242,   6.3716,   113,   124.185816,   90.02700001,   0.39,   3,   279.02,   269.92,   9.08,   5.68,   -0.08,   312.78,   223.6499939,   257.2699939,   858,   53.8,   38.08,   171.2,   -103.42,   0.1,   0.07,   0.926,   0.736,   7.436,   0.03142727273,   0.1949272727,   0.1423090909,   20.36,   16.10818182,   230.4536303,   0.55736,   5.81424,   0.715338,   1.0493,   53.32,   407.7357143,   1.887444444,   0.11215,    -999999,   -999999,   -999999,   -999999,   -999999,   -999999,   -999999,   -999999,   -999999,   -999999,   -999999,   -999999,   -999999,   -999999,   -999999,   -999999,   -999999,   -999999,   -999999,   -999999,   -999999,   -999999,   -999999,   -999999,   -999999,   -999999,   -999999,   -999999,   -999999,   -999999,   -999999,   -999999,   -999999,   -999999,   -999999,   -999999,   -999999,   -999999,   -999999,   -999999,   -999999,   -999999,   -999999,   -999999,   -999999,   -999999,   -999999,   -999999,   -999999,   -999999,   -999999,     -999999  
65897,   46,          800216.00,         8.0000000,  11.76959837,   40.92187912,   261.9627256,   6.293754318,   452.4,   249.3499939,   312.7746031,   375,   53.70103616,   9.339951575,   334.5385436,   6.3896,   113,   124.49448,   90.02700001,   0.39,   3,   278.9,   269.88,   9.06,   5.66,   0.18,   312.78,   223.8899939,   257.1299939,   860.4,   53.8,   37.92,   171.2,   -103.24,   0.102,   0.07,   0.91,   0.722,   7.76,   0.03169090909,   0.1968636364,   0.1433909091,   20.66454545,   16.33545455,   230.5263575,   0.5582,   5.8314,   0.7236864,   1.07928,   52.8,   407.71,   1.887409091,   0.1087,    -999999,   -999999,   -999999,   -999999,   -999999,   -999999,   -999999,   -999999,   -999999,   -999999,   -999999,   -999999,   -999999,   -999999,   -999999,   -999999,   -999999,   -999999,   -999999,   -999999,   -999999,   -999999,   -999999,   -999999,   -999999,   -999999,   -999999,   -999999,   -999999,   -999999,   -999999,   -999999,   -999999,   -999999,   -999999,   -999999,   -999999,   -999999,   -999999,   -999999,   -999999,   -999999,   -999999,   -999999,   -999999,   -999999,   -999999,   -999999,   -999999,   -999999,   -999999,     -999999  
