inputs/ACTAMERICA_Merge/C130/ACTAMERICA-mrg05-c130_merge_20170307_R0.ict
143, 1001
Shook, Michael
NASA Atmospheric Composition Branch, NASA Langley Research Center (SSAI)
Merged data file for ACT-AMERICA 2017, Flight 18 (20170307), on the c130 platform. Data is merged to 05 seconds.
NASA ACT-AMERICA 2017
1, 1
2017, 03, 07, 2018, 02, 23
05
UTC,s
104
1, 1, 1, 1, 1, 1, 1, 1, 1, 1, 1, 1, 1, 1, 1, 1, 1, 1, 1, 1, 1, 1, 1, 1, 1, 1, 1, 1, 1, 1, 1, 1, 1, 1, 1, 1, 1, 1, 1, 1, 1, 1, 1, 1, 1, 1, 1, 1, 1, 1, 1, 1, 1, 1, 1, 1, 1, 1, 1, 1, 1, 1, 1, 1, 1, 1, 1, 1, 1, 1, 1, 1, 1, 1, 1, 1, 1, 1, 1, 1, 1, 1, 1, 1, 1, 1, 1, 1, 1, 1, 1, 1, 1, 1, 1, 1, 1, 1, 1, 1, 1, 1, 1, 1
-999999, -999999, -999999, -999999, -999999, -999999, -999999, -999999, -999999, -999999, -999999, -999999, -999999, -999999, -999999, -999999, -999999, -999999, -999999, -999999, -999999, -999999, -999999, -999999, -999999, -999999, -999999, -999999, -999999, -999999, -999999, -999999, -999999, -999999, -999999, -999999, -999999, -999999, -999999, -999999, -999999, -999999, -999999, -999999, -999999, -999999, -999999, -999999, -999999, -999999, -999999, -999999, -999999, -999999, -999999, -999999, -999999, -999999, -999999, -999999, -999999, -999999, -999999, -999999, -999999, -999999, -999999, -999999, -999999, -999999, -999999, -999999, -999999, -999999, -999999, -999999, -999999, -999999, -999999, -999999, -999999, -999999, -999999, -999999, -999999, -999999, -999999, -999999, -999999, -999999, -999999, -999999, -999999, -999999, -999999, -999999, -999999, -999999, -999999, -999999, -999999, -999999, -999999, -999999
JDAY, days
INDEX, none
FLIGHT, none
LOCAL_SUN_TIME, hour
LATITUDE, degs
LONGITUDE, degs
ALTP, km
PRESSURE, hPa
TEMPERATURE, K
THETA, K
O3COLUMN, DU
SZA, deg
WNS, m s-1
WND, Degs
GPS_ALT, km
GRD_SPD, m s-1
TAS, m/s
IAS, m/s
MachNumber, mach
VerticalSpeed, m s-1
HDG, degs
TRK, degs
DriftAngle, degs
PITCH, degs
ROLL, degs
PotentialTemp, K
Dewpoint, K
TotalAirTemp, K
CabinPressure, hPa
SolarZenithAngle, degs
AircraftSunElevation, degs
SunAzimuth, degs
AircraftSunAzimuth, degs
H2O_MixingRatio, g kg-1
H2O_VaporPressure, hPa
H2O_SatVaporPressureWater, hPa
H2O_SatVaporPressureIce, hPa
H2O_RelativeHumidity, %
H2O_VolMixingRatio_PICARRO, %
H2O_MassMixingRatio_PICARRO, g kg-1
H2O_VaporPressure_PICARRO, hPa
RHi_PICARRO, %
RHw_PICARRO, %
Dewpoint_PICARRO, K
Ground_Elevation, km
Altitude_AGL, km
GroundHeight_CPL, km
MLH_CPL, km
O3_MixingRatio, ppbv
CO2_MixingRatio_PICARRO, ppmv
CH4_MixingRatio_PICARRO, ppmv
CO_MixingRatio_PICARRO, ppmv
CO2_MoleFraction_PFP, ppm
CH4_MoleFraction_PFP, ppb
CO_MoleFraction_PFP, ppb
N2O_MoleFraction_PFP, ppb
SF6_CCGG_MoleFraction_PFP, ppt
H2_MoleFraction_PFP, ppb
CH4C13_PFP, per mil
CO2C14_PFP, per mil
F11B_MoleFraction_PFP, ppt
FC12_MoleFraction_PFP, ppt
F13_MoleFraction_PFP, ppt
F113_MoleFraction_PFP, ppt
F115_MoleFraction_PFP, ppt
HF133a_MoleFraction_PFP, ppt
F23_MoleFraction_PFP, ppt
F32_MoleFraction_PFP, ppt
F134A_MoleFraction_PFP, ppt
F152A_MoleFraction_PFP, ppt
F125_MoleFraction_PFP, ppt
F143a_MoleFraction_PFP, ppt
F227e_MoleFraction_PFP, ppt
F365m_MoleFraction_PFP, ppt
H1211_MoleFraction_PFP, ppt
H1301_MoleFraction_PFP, ppt
H2402_MoleFraction_PFP, ppt
MCFA_MoleFraction_PFP, ppt
CF4_MoleFraction_PFP, ppt
C2F6_MoleFraction_PFP, ppt
SO2F2_MoleFraction_PFP, ppt
MEBR_MoleFraction_PFP, ppt
CH3I_MoleFraction_PFP, ppt
DIBR_MoleFraction_PFP, ppt
[...]
[from data line 3390]
73547,   66,          1803391.0,         18.000000,  15.37134938,   37.65794008,   284.1139906,   4.03707605,   613,   268.3299939,   308.5992045,   288,   63.61548154,   17.07975494,   255.0373532,   4.1662,   160.4,   144.763416,   117.703872,   0.44,   -11,   47.84,   50.72,   -2.88,   -3.96,   -6.04,   308.62,   261.0699939,   278.8499939,   760.2,   61.38,   25.4,   -123.1,   -175.18,   2.654,   2.454,   4.32,   4.13,   56.796,   0.4212909091,   2.614836364,   2.608418182,   64.18909091,   61.22272727,   261.9699939,   0,   4.1662,   0.111273,   2.032644,   50.7,   406.965,   1.87365,   0.10225,    -999999,   -999999,   -999999,   -999999,   -999999,   -999999,   -999999,   -999999,   -999999,   -999999,   -999999,   -999999,   -999999,   -999999,   -999999,   -999999,   -999999,   -999999,   -999999,   -999999,   -999999,   -999999,   -999999,   -999999,   -999999,   -999999,   -999999,   -999999,   -999999,   -999999,   -999999,   -999999,   -999999,   -999999,   -999999,   -999999,   -999999,   -999999,   -999999,   -999999,   -999999,   -999999,   -999999,   -999999,   -999999,   -999999,   -999999,   -999999,   -999999,   -999999,   -999999,     -999999  
73552,   66,          1803392.0,         18.000000,  15.37320193,   37.66258198,   284.1209456,   3.979895569,   617.4,   268.4499939,   308.1069595,   288,   63.63674975,   17.35897075,   256.3973552,   4.1086,   159.4,   143.837424,   117.29232,   0.44,   -11,   46.18,   49.42,   -3.22,   -3.9,   -2.58,   308.1,   261.6299939,   278.8499939,   755.8,   61.4,   25.2,   -123.1,   -171.54,   2.756,   2.566,   4.366,   4.176,   58.796,   0.4326,   2.68505,   2.69235,   65.88,   62.88,   262.3674939,   0,   4.1086,   0.109433,   2.044636,   54.18,   406.82,   1.871108333,   0.1012,    -999999,   -999999,   -999999,   -999999,   -999999,   -999999,   -999999,   -999999,   -999999,   -999999,   -999999,   -999999,   -999999,   -999999,   -999999,   -999999,   -999999,   -999999,   -999999,   -999999,   -999999,   -999999,   -999999,   -999999,   -999999,   -999999,   -999999,   -999999,   -999999,   -999999,   -999999,   -999999,   -999999,   -999999,   -999999,   -999999,   -999999,   -999999,   -999999,   -999999,   -999999,   -999999,   -999999,   -999999,   -999999,   -999999,   -999999,   -999999,   -999999,   -999999,   -999999,     -999999  
73557,   66,          1803393.0,         18.000000,  15.37504543,   37.66726964,   284.1277648,   3.920703408,   622,   268.5099939,   307.5229204,   288,   63.65795059,   16.24732236,   252.8808473,   4.0504,   158.2,   143.01432,   116.983656,   0.436,   -11,   46.26,   49.02,   -2.76,   -3.72,   -0.06,   307.46,   262.9699939,   278.7499939,   753.2,   61.4,   24.92,   -123,   -169.74,   3.044,   2.858,   4.376,   4.186,   65.342,   0.4694,   2.913625,   2.945025,   72.0625,   68.7775,   263.4949939,   0,   4.0504,   0.1162648,   2.026648,   51.3,   406.93,   1.8731,   0.101375,    -999999,   -999999,   -999999,   -999999,   -999999,   -999999,   -999999,   -999999,   -999999,   -999999,   -999999,   -999999,   -999999,   -999999,   -999999,   -999999,   -999999,   -999999,   -999999,   -999999,   -999999,   -999999,   -999999,   -999999,   -999999,   -999999,   -999999,   -999999,   -999999,   -999999,   -999999,   -999999,   -999999,   -999999,   -999999,   -999999,   -999999,   -999999,   -999999,   -999999,   -999999,   -999999,   -999999,   -999999,   -999999,   -999999,   -999999,   -999999,   -999999,   -999999,   -999999,     -999999  
73562,   66,          1803394.0,         18.000000,  15.37688563,   37.67193984,   284.1345344,   3.863644848,   627,   268.4299939,   306.7288341,   288,   63.67911007,   16.33869148,   250.5496979,   3.9918,   157,   141.265224,   116.160552,   0.43,   -11,   46.64,   49.18,   -2.56,   -3.62,   0.96,   306.72,   264.4299939,   278.3499939,   749.4,   61.4,   24.76,   -123,   -169.4,   3.388,   3.202,   4.354,   4.166,   73.544,   0.4983,   3.09292,   3.15014,   76.684,   73.232,   264.3579939,   0,   3.9918,   0.1078704,   1.97868,   49.94,   407.325,   1.87835,   0.10323,    -999999,   -999999,   -999999,   -999999,   -999999,   -999999,   -999999,   -999999,   -999999,   -999999,   -999999,   -999999,   -999999,   -999999,   -999999,   -999999,   -999999,   -999999,   -999999,   -999999,   -999999,   -999999,   -999999,   -999999,   -999999,   -999999,   -999999,   -999999,   -999999,   -999999,   -999999,   -999999,   -999999,   -999999,   -999999,   -999999,   -999999,   -999999,   -999999,   -999999,   -999999,   -999999,   -999999,   -999999,   -999999,   -999999,   -999999,   -999999,   -999999,   -999999,   -999999,     -999999  
73567,   66,          1803395.0,         18.000000,  15.37872427,   37.67654824,   284.1412807,   3.805062287,   631.6,   268.6899939,   306.3853764,   288,   63.70022348,   16.37980681,   249.8189254,   3.934,   156,   139.92768,   115.440336,   0.428,   -11,   46.96,   49.44,   -2.5,   -3.52,   0.36,   306.36,   264.6099939,   278.4499939,   747,   61.4,   24.84,   -123,   -169.88,   3.408,   3.248,   4.442,   4.258,   73.128,   0.509225,   3.1606,   3.2448,   76.58,   73.3925,   264.7374939,   0,   3.934,   0.1057044,   1.960692,   50.68,   407.3171429,   1.87855,   0.1020263158,    -999999,   -999999,   -999999,   -999999,   -999999,   -999999,   -999999,   -999999,   -999999,   -999999,   -999999,   -999999,   -999999,   -999999,   -999999,   -999999,   -999999,   -999999,   -999999,   -999999,   -999999,   -999999,   -999999,   -999999,   -999999,   -999999,   -999999,   -999999,   -999999,   -999999,   -999999,   -999999,   -999999,   -999999,   -999999,   -999999,   -999999,   -999999,   -999999,   -999999,   -999999,   -999999,   -999999,   -999999,   -999999,   -999999,   -999999,   -999999,   -999999,   -999999,   -999999,     -999999  
73572,   66,          1803396.0,         18.000000,  15.38056073,   37.68110984,   284.1479943,   3.747455086,   636,   269.1299939,   306.2789954,   288,   63.7212922,   16.4599798,   249.7997572,   3.8766,   155,   138.8988,   114.72012,   0.42,   -11,   46.94,   49.48,   -2.5,   -3.64,   -0.32,   306.18,   264.7899939,   278.8099939,   745.8,   61.5,   24.96,   -123,   -170.36,   3.43,   3.292,   4.588,   4.418,   71.774,   0.5132,   3.18544,   3.29064,   75.222,   72.352,   264.9179939,   0.00022,   3.87638,   0.1113508,   1.9487,   49.24,   407.3785714,   1.87915,   0.1020157895,    -999999,   -999999,   -999999,   -999999,   -999999,   -999999,   -999999,   -999999,   -999999,   -999999,   -999999,   -999999,   -999999,   -999999,   -999999,   -999999,   -999999,   -999999,   -999999,   -999999,   -999999,   -999999,   -999999,   -999999,   -999999,   -999999,   -999999,   -999999,   -999999,   -999999,   -999999,   -999999,   -999999,   -999999,   -999999,   -999999,   -999999,   -999999,   -999999,   -999999,   -999999,   -999999,   -999999,   -999999,   -999999,   -999999,   -999999,   -999999,   -999999,   -999999,   -999999,     -999999  
73577,   66,          1803397.0,         18.000000,  15.38239429,   37.68564708,   284.1546644,   3.690457486,   641,   269.3699939,   305.867011,   288,   63.74232022,   16.43992568,   250.4212895,   3.8206,   154,   138.075696,   114.617232,   0.42,   -11,   46.84,   49.4,   -2.58,   -3.88,   -0.18,   305.86,   265.2899939,   278.9499939,   744.2,   61.5,   24.68,   -122.98,   -170.2,   3.542,   3.426,   4.676,   4.514,   73.226,   0.52474,   3.257,   3.39328,   77.566,   74.61,   265.3119939,   0.0004,   3.8202,   0.1030418,   1.9487,   48.24,   407.3057143,   1.8768,   0.09966315789,    -999999,   -999999,   -999999,   -999999,   -999999,   -999999,   -999999,   -999999,   -999999,   -999999,   -999999,   -999999,   -999999,   -999999,   -999999,   -999999,   -999999,   -999999,   -999999,   -999999,   -999999,   -999999,   -999999,   -999999,   -999999,   -999999,   -999999,   -999999,   -999999,   -999999,   -999999,   -999999,   -999999,   -999999,   -999999,   -999999,   -999999,   -999999,   -999999,   -999999,   -999999,   -999999,   -999999,   -999999,   -999999,   -999999,   -999999,   -999999,   -999999,   -999999,   -999999,     -999999  
73582,   66,          1803398.0,         18.000000,  15.38422569,   37.69016268,   284.161302,   3.635471565,   645.8,   269.3699939,   305.2157365,   288,   63.76331653,   16.6968372,   251.4757913,   3.7634,   153.2,   137.35548,   114.308568,   0.42,   -11,   46.74,   49.48,   -2.74,   -3.94,   0.18,   305.22,   266.6499939,   278.8699939,   742.2,   61.5,   24.46,   -122.9,   -169.88,   3.906,   3.802,   4.676,   4.514,   81.314,   0.5433666667,   3.372566667,   3.543333333,   80.04111111,   77.09333333,   265.8722161,   0.00046,   3.76294,   0.10714688,   1.9487,   49.4,   407.305,   1.87795,   0.09913684211,    -999999,   -999999,   -999999,   -999999,   -999999,   -999999,   -999999,   -999999,   -999999,   -999999,   -999999,   -999999,   -999999,   -999999,   -999999,   -999999,   -999999,   -999999,   -999999,   -999999,   -999999,   -999999,   -999999,   -999999,   -999999,   -999999,   -999999,   -999999,   -999999,   -999999,   -999999,   -999999,   -999999,   -999999,   -999999,   -999999,   -999999,   -999999,   -999999,   -999999,   -999999,   -999999,   -999999,   -999999,   -999999,   -999999,   -999999,   -999999,   -999999,   -999999,   -999999,     -999999  
73587,   66,          1803399.0,         18.000000,  15.38605554,   37.69465166,   284.1679164,   3.577620524,   650.6,   269.6299939,   304.8646325,   288,   63.78428489,   16.81934324,   251.1632653,   3.7044,   152.8,   136.635264,   113.999904,   0.418,   -11,   46.8,   49.5,   -2.76,   -3.74,   0.08,   304.84,   266.8899939,   278.9499939,   741.8,   61.5,   24.62,   -122.9,   -169.92,   3.948,   3.872,   4.764,   4.61,   81.3,   0.5478166667,   3.400216667,   3.598175,   77.915,   75.41083333,   266.0691606,   0.00092,   3.70348,   0.10443488,   1.9487,   47.82,   407.2785714,   1.87745,   0.1008210526,    -999999,   -999999,   -999999,   -999999,   -999999,   -999999,   -999999,   -999999,   -999999,   -999999,   -999999,   -999999,   -999999,   -999999,   -999999,   -999999,   -999999,   -999999,   -999999,   -999999,   -999999,   -999999,   -999999,   -999999,   -999999,   -999999,   -999999,   -999999,   -999999,   -999999,   -999999,   -999999,   -999999,   -999999,   -999999,   -999999,   -999999,   -999999,   -999999,   -999999,   -999999,   -999999,   -999999,   -999999,   -999999,   -999999,   -999999,   -999999,   -999999,   -999999,   -999999,     -999999  
73592,   66,          1803400.0,         18.000000,  15.38788353,   37.69911614,   284.174503,   3.520440044,   655.2,   270.0699939,   304.7480534,   288,   63.80522327,   17.01995251,   251.0415989,   3.6468,   152,   135.709272,   113.485464,   0.41,   -11,   46.76,   49.5,   -2.76,   -3.76,   -0.12,   304.7,   266.9699939,   279.2899939,   740.8,   61.52,   24.74,   -122.9,   -169.98,   3.944,   3.896,   4.926,   4.788,   79.114,   0.5513363636,   3.422054545,   3.637109091,   76.39909091,   74.20545455,   266.2127212,   0.00086,   3.64594,   0.09715252,   1.9487,   48.54,   407.3871429,   1.8791,   0.10405,    -999999,   -999999,   -999999,   -999999,   -999999,   -999999,   -999999,   -999999,   -999999,   -999999,   -999999,   -999999,   -999999,   -999999,   -999999,   -999999,   -999999,   -999999,   -999999,   -999999,   -999999,   -999999,   -999999,   -999999,   -999999,   -999999,   -999999,   -999999,   -999999,   -999999,   -999999,   -999999,   -999999,   -999999,   -999999,   -999999,   -999999,   -999999,   -999999,   -999999,   -999999,   -999999,   -999999,   -999999,   -999999,   -999999,   -999999,   -999999,   -999999,   -999999,   -999999,     -999999  
73597,   66,          1803401.0,         18.000000,  15.38970935,   37.7035624,   284.1810569,   3.464417803,   660,   270.4699939,   304.5635802,   288,   63.82613157,   17.23915705,   250.4223922,   3.5886,   151,   134.577504,   112.971024,   0.41,   -11,   46.68,   49.5,   -2.78,   -3.94,   -0.1,   304.52,   267.2699939,   279.4699939,   740.8,   61.6,   24.58,   -122.9,   -169.92,   4.006,   3.986,   5.072,   4.946,   78.61,   0.5561769231,   3.452115385,   3.701607692,   75.88076923,   73.90769231,   266.4415324,   0.00106,   3.58754,   0.1041291,   1.936708,   44.78,   407.49,   1.88035,   0.0979,    -999999,   -999999,   -999999,   -999999,   -999999,   -999999,   -999999,   -999999,   -999999,   -999999,   -999999,   -999999,   -999999,   -999999,   -999999,   -999999,   -999999,   -999999,   -999999,   -999999,   -999999,   -999999,   -999999,   -999999,   -999999,   -999999,   -999999,   -999999,   -999999,   -999999,   -999999,   -999999,   -999999,   -999999,   -999999,   -999999,   -999999,   -999999,   -999999,   -999999,   -999999,   -999999,   -999999,   -999999,   -999999,   -999999,   -999999,   -999999,   -999999,   -999999,   -999999,     -999999  
73602,   66,          1803402.0,         18.000000,  15.39153365,   37.7079931,   284.1875881,   3.407542122,   665,   270.8099939,   304.2895772,   288,   63.84701787,   17.29886101,   251.3031203,   3.5302,   151,   134.165952,   112.971024,   0.41,   -11,   46.68,   49.56,   -2.9,   -3.76,   0.34,   304.3,   267.6699939,   279.8499939,   740.4,   61.6,   24.46,   -122.86,   -169.68,   4.098,   4.11,   5.208,   5.094,   78.982,   0.558825,   3.468675,   3.745625,   73.255,   71.7375,   266.5949939,   0.00094,   3.52926,   0.0954617,   1.88874,   48.38,   407.085,   1.8743,   0.09626470588,    -999999,   -999999,   -999999,   -999999,   -999999,   -999999,   -999999,   -999999,   -999999,   -999999,   -999999,   -999999,   -999999,   -999999,   -999999,   -999999,   -999999,   -999999,   -999999,   -999999,   -999999,   -999999,   -999999,   -999999,   -999999,   -999999,   -999999,   -999999,   -999999,   -999999,   -999999,   -999999,   -999999,   -999999,   -999999,   -999999,   -999999,   -999999,   -999999,   -999999,   -999999,   -999999,   -999999,   -999999,   -999999,   -999999,   -999999,   -999999,   -999999,   -999999,   -999999,     -999999  
73607,   66,          1803403.0,         18.000000,  15.39335701,   37.7123999,   284.1941052,   3.351824681,   669.8,   271.3099939,   304.2255976,   288,   63.86788386,   17.39985806,   250.6820694,   3.4738,   150,   133.342848,   112.456584,   0.404,   -11,   46.8,   49.64,   -2.84,   -3.68,   0.2,   304.22,   267.8699939,   280.2099939,   739.6,   61.6,   24.68,   -122.8,   -169.84,   4.134,   4.176,   5.4,   5.308,   77.298,   0.56304,   3.49472,   3.79648,   72.018,   70.778,   266.7699939,   0.00086,   3.47294,   0.1132454,   1.88874,   50.98,   407,   1.8732,   0.0968,    -999999,   -999999,   -999999,   -999999,   -999999,   -999999,   -999999,   -999999,   -999999,   -999999,   -999999,   -999999,   -999999,   -999999,   -999999,   -999999,   -999999,   -999999,   -999999,   -999999,   -999999,   -999999,   -999999,   -999999,   -999999,   -999999,   -999999,   -999999,   -999999,   -999999,   -999999,   -999999,   -999999,   -999999,   -999999,   -999999,   -999999,   -999999,   -999999,   -999999,   -999999,   -999999,   -999999,   -999999,   -999999,   -999999,   -999999,   -999999,   -999999,   -999999,   -999999,     -999999  
