inputs/ACTAMERICA_Merge/C130/ACTAMERICA-mrg05-c130_merge_20171024_R0.ict
145, 1001
Shook, Michael
NASA Atmospheric Composition Branch, NASA Langley Research Center (SSAI)
Merged data file for ACT-AMERICA Fall 2017, Flight 13 (20171024), on the c130 platform. Data is merged to 05 seconds.
NASA ACT-AMERICA Fall 2017
1, 1
2017, 10, 24, 2018, 07, 05
05
UTC,s
106
1, 1, 1, 1, 1, 1, 1, 1, 1, 1, 1, 1, 1, 1, 1, 1, 1, 1, 1, 1, 1, 1, 1, 1, 1, 1, 1, 1, 1, 1, 1, 1, 1, 1, 1, 1, 1, 1, 1, 1, 1, 1, 1, 1, 1, 1, 1, 1, 1, 1, 1, 1, 1, 1, 1, 1, 1, 1, 1, 1, 1, 1, 1, 1, 1, 1, 1, 1, 1, 1, 1, 1, 1, 1, 1, 1, 1, 1, 1, 1, 1, 1, 1, 1, 1, 1, 1, 1, 1, 1, 1, 1, 1, 1, 1, 1, 1, 1, 1, 1, 1, 1, 1, 1, 1, 1
-999999, -999999, -999999, -999999, -999999, -999999, -999999, -999999, -999999, -999999, -999999, -999999, -999999, -999999, -999999, -999999, -999999, -999999, -999999, -999999, -999999, -999999, -999999, -999999, -999999, -999999, -999999, -999999, -999999, -999999, -999999, -999999, -999999, -999999, -999999, -999999, -999999, -999999, -999999, -999999, -999999, -999999, -999999, -999999, -999999, -999999, -999999, -999999, -999999, -999999, -999999, -999999, -999999, -999999, -999999, -999999, -999999, -999999, -999999, -999999, -999999, -999999, -999999, -999999, -999999, -999999, -999999, -999999, -999999, -999999, -999999, -999999, -999999, -999999, -999999, -999999, -999999, -999999, -999999, -999999, -999999, -999999, -999999, -999999, -999999, -999999, -999999, -999999, -999999, -999999, -999999, -999999, -999999, -999999, -999999, -999999, -999999, -999999, -999999, -999999, -999999, -999999, -999999, -999999, -999999, -999999
JDAY, days
INDEX, none
FLIGHT, none
LOCAL_SUN_TIME, hour
LATITUDE, degs
LONGITUDE, degs
ALTP, km
PRESSURE, hPa
TEMPERATURE, K
THETA, K, calculated from ambient temperature and pressure
O3COLUMN, DU, OMI ozone column data extracted along flight track
SZA, deg
WNS, m s-1
WND, Degs
GPS_ALT, km
GRD_SPD, m s-1
TAS, m/s
IAS, m/s
MachNumber, mach
VerticalSpeed, m s-1
HDG, degs
TRK, degs
DriftAngle, degs
PITCH, degs
ROLL, degs
PotentialTemp_Nav, K
Dewpoint, K
TotalAirTemp, K
CabinPressure, hPa
SolarZenithAngle, degs
AircraftSunElevation, degs
SunAzimuth, degs
AircraftSunAzimuth, degs
H2O_MixingRatio_Nav, g kg-1
H2O_VaporPressure_Nav, hPa
H2O_SatVaporPressureWater_Nav, hPa
H2O_SatVaporPressureIce_Nav, hPa
H2O_RelativeHumidity_Nav, %
ManeuverFlag, none
H2O_VolMixingRatio_PICARRO, %
H2O_MassMixingRatio_PICARRO, g kg-1
H2O_VaporPressure_PICARRO, hPa
RHi_PICARRO, %
RHw_PICARRO, %
Dewpoint_PICARRO, K
GPS_ALT, km
GroundElevation-AMSL_GoogleMaps, km
Altitude-AGL_GoogleMaps, km
GroundHeight-AMSL_CPL, km
MLH-AMSL_CPL, km
O3_MixingRatio, ppbv
CO2_DryMoleFrac_PICARRO, ppm
CH4_DryMoleFrac_PICARRO, ppm
CO_DryMoleFrac_PICARRO, ppm
CO2_MoleFraction_PFP, ppm
CH4_MoleFraction_PFP, ppb
CO_MoleFraction_PFP, ppb
N2O_MoleFraction_PFP, ppb
SF6_CCGG_MoleFraction_PFP, ppt
H2_MoleFraction_PFP, ppb
CH4C13_PFP, permil
CO2C14_PFP, permil
F11B_MoleFraction_PFP, ppt
FC12_MoleFraction_PFP, ppt
F13_MoleFraction_PFP, ppt
F113_MoleFraction_PFP, ppt
F115_MoleFraction_PFP, ppt
HF133a_MoleFraction_PFP, ppt
F23_MoleFraction_PFP, ppt
F32_MoleFraction_PFP, ppt
F134A_MoleFraction_PFP, ppt
F152A_MoleFraction_PFP, ppt
F125_MoleFraction_PFP, ppt
F143a_MoleFraction_PFP, ppt
F227e_MoleFraction_PFP, ppt
F365m_MoleFraction_PFP, ppt
H1211_MoleFraction_PFP, ppt
H1301_MoleFraction_PFP, ppt
[...]
[from data line 120]
59222,   297,          1300121.0,         13.000000,  9.974283143,   41.20182038,   262.8454971,   2.379512669,   757.4,   270.6899939,   293.0560485,   299,   59.90496682,   32.9199922,   351.0199271,   2.4094,   114,   140.8125168,   126.3670416,   0.43,   1.14,   320.46,   312.1,   8.3,   1.44,   -0.32,   293.02,   245.1899939,   280.5099939,   910,   58.6,   32.94,   149,   -171.18,   0.546,   0.624,   5.156,   5.042,   12.11,    -999999,  0.08445,   0.5241083333,   0.641775,   12.92416667,   12.61416667,   245.6233272,   2.4094,   0.4874,   1.922,   0.6187224,   1.58894,   44,   405.792,   1.929771429,   0.11295,    -999999,   -999999,   -999999,   -999999,   -999999,   -999999,   -999999,   -999999,   -999999,   -999999,   -999999,   -999999,   -999999,   -999999,   -999999,   -999999,   -999999,   -999999,   -999999,   -999999,   -999999,   -999999,   -999999,   -999999,   -999999,   -999999,   -999999,   -999999,   -999999,   -999999,   -999999,   -999999,   -999999,   -999999,   -999999,   -999999,   -999999,   -999999,   -999999,   -999999,   -999999,   -999999,   -999999,   -999999,   -999999,   -999999,   -999999,   -999999,   -999999,   -999999,   -999999,     -999999  
59227,   297,          1300122.0,         13.000000,  9.975340153,   41.2052536,   262.840519,   2.383779869,   757,   270.5899939,   292.9920044,   299,   59.90095558,   32.57978957,   350.8605892,   2.4136,   113.8,   140.3289432,   125.9246232,   0.43,   0.4,   320.34,   312.08,   8.28,   0.96,   -0.3,   292.96,   245.2499939,   280.3499939,   911.6,   58.6,   32.48,   149,   -171.06,   0.55,   0.63,   5.122,   5.004,   12.292,    -999999,  0.0854,   0.530175,   0.648725,   13.0625,   12.75,   245.7424939,   2.4136,   0.48742,   1.92618,   0.614982,   1.61892,   44.3,   405.795,   1.9294,   0.11305,    -999999,   -999999,   -999999,   -999999,   -999999,   -999999,   -999999,   -999999,   -999999,   -999999,   -999999,   -999999,   -999999,   -999999,   -999999,   -999999,   -999999,   -999999,   -999999,   -999999,   -999999,   -999999,   -999999,   -999999,   -999999,   -999999,   -999999,   -999999,   -999999,   -999999,   -999999,   -999999,   -999999,   -999999,   -999999,   -999999,   -999999,   -999999,   -999999,   -999999,   -999999,   -999999,   -999999,   -999999,   -999999,   -999999,   -999999,   -999999,   -999999,   -999999,   -999999,     -999999  
59232,   297,          1300123.0,         13.000000,  9.976390295,   41.20868682,   262.8354378,   2.381951069,   757,   270.5899939,   292.9920044,   299,   59.89699255,   32.33996085,   351.000062,   2.4114,   114.1,   140.390676,   125.9657784,   0.43,   -1.28,   320.24,   312,   8.26,   0.44,   -0.3,   292.92,   245.3299939,   280.3499939,   913.8,   58.6,   32,   149,   -171.02,   0.55,   0.63,   5.12,   5.002,   12.33,    -999999,  0.08455555556,   0.5248888889,   0.6421333333,   13.26222222,   12.90666667,   245.6333272,   2.4114,   0.48442,   1.92698,   0.6229604,   1.61892,   43.46,   405.76,   1.929546154,   0.1108764706,    -999999,   -999999,   -999999,   -999999,   -999999,   -999999,   -999999,   -999999,   -999999,   -999999,   -999999,   -999999,   -999999,   -999999,   -999999,   -999999,   -999999,   -999999,   -999999,   -999999,   -999999,   -999999,   -999999,   -999999,   -999999,   -999999,   -999999,   -999999,   -999999,   -999999,   -999999,   -999999,   -999999,   -999999,   -999999,   -999999,   -999999,   -999999,   -999999,   -999999,   -999999,   -999999,   -999999,   -999999,   -999999,   -999999,   -999999,   -999999,   -999999,   -999999,   -999999,     -999999  
59237,   297,          1300124.0,         13.000000,  9.977442729,   41.21212006,   262.8303909,   2.373538589,   758,   270.6099939,   292.9031619,   299,   59.89301861,   32.55996832,   351.0398035,   2.4056,   114.42,   140.853672,   126.4699296,   0.43,   -0.54,   320.22,   311.96,   8.3,   1.24,   -0.28,   292.82,   245.2499939,   280.4099939,   915.8,   58.6,   32.74,   149.08,   -170.92,   0.55,   0.63,   5.116,   4.998,   12.306,    -999999,  0.08542,   0.53021,   0.64892,   13.402,   13.042,   245.7459939,   2.4056,   0.4803,   1.9253,   0.6197906,   1.61892,   43.14,   405.77,   1.9296,   0.1088933333,    -999999,   -999999,   -999999,   -999999,   -999999,   -999999,   -999999,   -999999,   -999999,   -999999,   -999999,   -999999,   -999999,   -999999,   -999999,   -999999,   -999999,   -999999,   -999999,   -999999,   -999999,   -999999,   -999999,   -999999,   -999999,   -999999,   -999999,   -999999,   -999999,   -999999,   -999999,   -999999,   -999999,   -999999,   -999999,   -999999,   -999999,   -999999,   -999999,   -999999,   -999999,   -999999,   -999999,   -999999,   -999999,   -999999,   -999999,   -999999,   -999999,   -999999,   -999999,     -999999  
59242,   297,          1300125.0,         13.000000,  9.978490584,   41.21555328,   262.8252754,   2.377500989,   758,   270.6699939,   292.9681048,   299,   59.88907805,   33.03978601,   350.8407383,   2.4084,   114,   140.8948272,   126.449352,   0.43,   1.42,   320.28,   311.9,   8.36,   1.76,   -0.04,   293,   245.2499939,   280.5499939,   917.8,   58.6,   33.26,   149.1,   -170.72,   0.55,   0.63,   5.16,   5.044,   12.144,    -999999,  0.0883,   0.5480333333,   0.6710111111,   13.80111111,   13.43666667,   246.0988828,   2.4084,   0.48322,   1.92518,   0.612091,   1.61892,   43.14,   405.9625,   1.9301375,   0.11215,    -999999,   -999999,   -999999,   -999999,   -999999,   -999999,   -999999,   -999999,   -999999,   -999999,   -999999,   -999999,   -999999,   -999999,   -999999,   -999999,   -999999,   -999999,   -999999,   -999999,   -999999,   -999999,   -999999,   -999999,   -999999,   -999999,   -999999,   -999999,   -999999,   -999999,   -999999,   -999999,   -999999,   -999999,   -999999,   -999999,   -999999,   -999999,   -999999,   -999999,   -999999,   -999999,   -999999,   -999999,   -999999,   -999999,   -999999,   -999999,   -999999,   -999999,   -999999,     -999999  
59247,   297,          1300126.0,         13.000000,  9.979545304,   41.21898652,   262.8202629,   2.383048349,   757,   270.9499939,   293.3818086,   299,   59.8850971,   32.13996873,   350.1401992,   2.4142,   113.46,   139.8145032,   125.3484504,   0.42,   0.44,   320,   311.9,   8.1,   1.26,   -0.06,   293.36,   245.1699939,   280.7499939,   919,   58.6,   32.8,   149.1,   -170.44,   0.548,   0.622,   5.262,   5.162,   11.852,    -999999,  0.08025,   0.49799,   0.60944,   12.243,   11.951,   245.0679939,   2.4142,   0.48368,   1.93052,   0.615471,   1.61892,   42.48,   405.964,   1.9303,   0.1146,    -999999,   -999999,   -999999,   -999999,   -999999,   -999999,   -999999,   -999999,   -999999,   -999999,   -999999,   -999999,   -999999,   -999999,   -999999,   -999999,   -999999,   -999999,   -999999,   -999999,   -999999,   -999999,   -999999,   -999999,   -999999,   -999999,   -999999,   -999999,   -999999,   -999999,   -999999,   -999999,   -999999,   -999999,   -999999,   -999999,   -999999,   -999999,   -999999,   -999999,   -999999,   -999999,   -999999,   -999999,   -999999,   -999999,   -999999,   -999999,   -999999,   -999999,   -999999,     -999999  
59252,   297,          1300127.0,         13.000000,  9.980597737,   41.22241972,   262.8152161,   2.377805789,   757.8,   270.9499939,   293.2932839,   299,   59.88113474,   32.01998824,   349.8600876,   2.4098,   113.54,   139.8350808,   125.4307608,   0.42,   -1.76,   319.9,   311.88,   8,   0.9,   0.14,   293.26,   245.0899939,   280.7499939,   920.8,   58.6,   32.4,   149.1,   -170.28,   0.54,   0.618,   5.262,   5.16,   11.746,    -999999,  0.08137,   0.5051,   0.6179,   12.134,   11.879,   245.2149939,   2.4098,   0.48404,   1.92576,   0.6093262,   1.61892,   43.8,   405.97,   1.9305,   0.1104705882,    -999999,   -999999,   -999999,   -999999,   -999999,   -999999,   -999999,   -999999,   -999999,   -999999,   -999999,   -999999,   -999999,   -999999,   -999999,   -999999,   -999999,   -999999,   -999999,   -999999,   -999999,   -999999,   -999999,   -999999,   -999999,   -999999,   -999999,   -999999,   -999999,   -999999,   -999999,   -999999,   -999999,   -999999,   -999999,   -999999,   -999999,   -999999,   -999999,   -999999,   -999999,   -999999,   -999999,   -999999,   -999999,   -999999,   -999999,   -999999,   -999999,   -999999,   -999999,     -999999  
59257,   297,          1300128.0,         13.000000,  9.98165017,   41.22585298,   262.8101692,   2.370734429,   758,   270.9099939,   293.2278763,   299,   59.87717629,   32.43589898,   350.7813097,   2.4044,   113.32,   139.773348,   125.420472,   0.42,   -0.2,   320.32,   312.06,   8.24,   2.04,   0.38,   293.16,   244.9499939,   280.6099939,   922,   58.6,   33.44,   149.1,   -170.4,   0.53,   0.61,   5.238,   5.13,   11.65,    -999999,  0.08936,   0.55456,   0.67912,   13.34,   13.056,   246.2339939,   2.4044,   0.48108,   1.92332,   0.6077746,   1.61892,   44.86,   405.96,   1.930476923,   0.1088461538,    -999999,   -999999,   -999999,   -999999,   -999999,   -999999,   -999999,   -999999,   -999999,   -999999,   -999999,   -999999,   -999999,   -999999,   -999999,   -999999,   -999999,   -999999,   -999999,   -999999,   -999999,   -999999,   -999999,   -999999,   -999999,   -999999,   -999999,   -999999,   -999999,   -999999,   -999999,   -999999,   -999999,   -999999,   -999999,   -999999,   -999999,   -999999,   -999999,   -999999,   -999999,   -999999,   -999999,   -999999,   -999999,   -999999,   -999999,   -999999,   -999999,   -999999,   -999999,     -999999  
59262,   297,          1300129.0,         13.000000,  9.982707179,   41.22928618,   262.805191,   2.374209149,   758,   270.5299939,   292.8165714,   299,   59.87319222,   32.45884477,   350.7813303,   2.4072,   112.32,   138.8782224,   124.6796784,   0.42,   0.76,   320.46,   312.2,   8.3,   2.36,   -0.14,   292.76,   244.8699939,   280.1299939,   923.2,   58.6,   33.92,   149.12,   -170.88,   0.53,   0.61,   5.096,   4.972,   11.91,    -999999,  0.08693636364,   0.5394727273,   0.6607909091,   13.27272727,   12.95727273,   245.9445394,   2.4072,   0.48212,   1.92508,   0.6110898,   1.61892,   44.22,   405.742,   1.929225,   0.1118,    -999999,   -999999,   -999999,   -999999,   -999999,   -999999,   -999999,   -999999,   -999999,   -999999,   -999999,   -999999,   -999999,   -999999,   -999999,   -999999,   -999999,   -999999,   -999999,   -999999,   -999999,   -999999,   -999999,   -999999,   -999999,   -999999,   -999999,   -999999,   -999999,   -999999,   -999999,   -999999,   -999999,   -999999,   -999999,   -999999,   -999999,   -999999,   -999999,   -999999,   -999999,   -999999,   -999999,   -999999,   -999999,   -999999,   -999999,   -999999,   -999999,   -999999,   -999999,     -999999  
59267,   297,          1300130.0,         13.000000,  9.98376648,   41.23254778,   262.8002472,   2.377805789,   757.8,   270.2299939,   292.5139107,   299,   59.86905633,   32.35961745,   349.881335,   2.4112,   111.6,   138.2608944,   124.1652384,   0.42,   0.72,   320.18,   312,   8.16,   2,   -0.66,   292.48,   244.8099939,   279.7899939,   923.4,   58.6,   33.58,   149.2,   -170.88,   0.528,   0.6,   4.982,   4.848,   12.088,    -999999,  0.08397,   0.52132,   0.63821,   13.321,   12.947,   245.5679939,   2.4112,   0.48478,   1.92642,   0.614657,   1.61892,   45.26,   405.7266667,   1.9275,   0.107052381,    -999999,   -999999,   -999999,   -999999,   -999999,   -999999,   -999999,   -999999,   -999999,   -999999,   -999999,   -999999,   -999999,   -999999,   -999999,   -999999,   -999999,   -999999,   -999999,   -999999,   -999999,   -999999,   -999999,   -999999,   -999999,   -999999,   -999999,   -999999,   -999999,   -999999,   -999999,   -999999,   -999999,   -999999,   -999999,   -999999,   -999999,   -999999,   -999999,   -999999,   -999999,   -999999,   -999999,   -999999,   -999999,   -999999,   -999999,   -999999,   -999999,   -999999,   -999999,     -999999  
59272,   297,          1300131.0,         13.000000,  9.984825778,   41.23598098,   262.7953033,   2.381585309,   757,   270.1499939,   292.515577,   299,   59.86506532,   32.31946057,   350.3798866,   2.4142,   111.22,   137.715588,   123.6507984,   0.42,   0.52,   320.24,   311.94,   8.3,   1.56,   0.18,   292.46,   244.7499939,   279.5499939,   924.4,   58.6,   33.02,   149.2,   -170.44,   0.522,   0.6,   4.958,   4.822,   12.098,    -999999,  0.08458,   0.52488,   0.64224,   13.492,   13.104,   245.6299939,   2.4142,   0.4875,   1.9267,   0.6161246,   1.61892,   47.46,   405.71,   1.9277,   0.1121588235,    -999999,   -999999,   -999999,   -999999,   -999999,   -999999,   -999999,   -999999,   -999999,   -999999,   -999999,   -999999,   -999999,   -999999,   -999999,   -999999,   -999999,   -999999,   -999999,   -999999,   -999999,   -999999,   -999999,   -999999,   -999999,   -999999,   -999999,   -999999,   -999999,   -999999,   -999999,   -999999,   -999999,   -999999,   -999999,   -999999,   -999999,   -999999,   -999999,   -999999,   -999999,   -999999,   -999999,   -999999,   -999999,   -999999,   -999999,   -999999,   -999999,   -999999,   -999999,     -999999  
59277,   297,          1300132.0,         13.000000,  9.985885078,   41.23924256,   262.7903595,   2.380609949,   757.4,   270.3299939,   292.6663031,   299,   59.86093717,   32.29988137,   352.0996906,   2.4146,   111.3,   137.304036,   123.2804016,   0.42,   -0.3,   320.74,   312.16,   8.6,   0.96,   0.06,   292.58,   244.7499939,   279.7099939,   925.8,   58.6,   32.48,   149.2,   -171.08,   0.52,   0.6,   5.01,   4.878,   11.938,    -999999,  0.08676,   0.53844,   0.6587,   13.838,   13.44,   245.9099939,   2.4146,   0.48798,   1.92662,   0.633239,   1.61892,   45.46,   405.692,   1.9288,   0.1110785714,    -999999,   -999999,   -999999,   -999999,   -999999,   -999999,   -999999,   -999999,   -999999,   -999999,   -999999,   -999999,   -999999,   -999999,   -999999,   -999999,   -999999,   -999999,   -999999,   -999999,   -999999,   -999999,   -999999,   -999999,   -999999,   -999999,   -999999,   -999999,   -999999,   -999999,   -999999,   -999999,   -999999,   -999999,   -999999,   -999999,   -999999,   -999999,   -999999,   -999999,   -999999,   -999999,   -999999,   -999999,   -999999,   -999999,   -999999,   -999999,   -999999,   -999999,   -999999,     -999999  
