inputs/ACTAMERICA_Merge/C130/ACTAMERICA-mrg05-c130_merge_20170130_R0.ict
143, 1001
Shook, Michael
NASA Atmospheric Composition Branch, NASA Langley Research Center (SSAI)
Merged data file for ACT-AMERICA 2017, Flight 02 (20170130), on the c130 platform. Data is merged to 05 seconds.
NASA ACT-AMERICA 2017
1, 1
2017, 01, 30, 2018, 02, 23
05
UTC,s
104
1, 1, 1, 1, 1, 1, 1, 1, 1, 1, 1, 1, 1, 1, 1, 1, 1, 1, 1, 1, 1, 1, 1, 1, 1, 1, 1, 1, 1, 1, 1, 1, 1, 1, 1, 1, 1, 1, 1, 1, 1, 1, 1, 1, 1, 1, 1, 1, 1, 1, 1, 1, 1, 1, 1, 1, 1, 1, 1, 1, 1, 1, 1, 1, 1, 1, 1, 1, 1, 1, 1, 1, 1, 1, 1, 1, 1, 1, 1, 1, 1, 1, 1, 1, 1, 1, 1, 1, 1, 1, 1, 1, 1, 1, 1, 1, 1, 1, 1, 1, 1, 1, 1, 1
-999999, -999999, -999999, -999999, -999999, -999999, -999999, -999999, -999999, -999999, -999999, -999999, -999999, -999999, -999999, -999999, -999999, -999999, -999999, -999999, -999999, -999999, -999999, -999999, -999999, -999999, -999999, -999999, -999999, -999999, -999999, -999999, -999999, -999999, -999999, -999999, -999999, -999999, -999999, -999999, -999999, -999999, -999999, -999999, -999999, -999999, -999999, -999999, -999999, -999999, -999999, -999999, -999999, -999999, -999999, -999999, -999999, -999999, -999999, -999999, -999999, -999999, -999999, -999999, -999999, -999999, -999999, -999999, -999999, -999999, -999999, -999999, -999999, -999999, -999999, -999999, -999999, -999999, -999999, -999999, -999999, -999999, -999999, -999999, -999999, -999999, -999999, -999999, -999999, -999999, -999999, -999999, -999999, -999999, -999999, -999999, -999999, -999999, -999999, -999999, -999999, -999999, -999999, -999999
JDAY, days
INDEX, none
FLIGHT, none
LOCAL_SUN_TIME, hour
LATITUDE, degs
LONGITUDE, degs
ALTP, km
PRESSURE, hPa
TEMPERATURE, K
THETA, K
O3COLUMN, DU
SZA, deg
WNS, m s-1
WND, Degs
GPS_ALT, km
GRD_SPD, m s-1
TAS, m/s
IAS, m/s
MachNumber, mach
VerticalSpeed, m s-1
HDG, degs
TRK, degs
DriftAngle, degs
PITCH, degs
ROLL, degs
PotentialTemp, K
Dewpoint, K
TotalAirTemp, K
CabinPressure, hPa
SolarZenithAngle, degs
AircraftSunElevation, degs
SunAzimuth, degs
AircraftSunAzimuth, degs
H2O_MixingRatio, g kg-1
H2O_VaporPressure, hPa
H2O_SatVaporPressureWater, hPa
H2O_SatVaporPressureIce, hPa
H2O_RelativeHumidity, %
H2O_VolMixingRatio_PICARRO, %
H2O_MassMixingRatio_PICARRO, g kg-1
H2O_VaporPressure_PICARRO, hPa
RHi_PICARRO, %
RHw_PICARRO, %
Dewpoint_PICARRO, K
Ground_Elevation, km
Altitude_AGL, km
GroundHeight_CPL, km
MLH_CPL, km
O3_MixingRatio, ppbv
CO2_MixingRatio_PICARRO, ppmv
CH4_MixingRatio_PICARRO, ppmv
CO_MixingRatio_PICARRO, ppmv
CO2_MoleFraction_PFP, ppm
CH4_MoleFraction_PFP, ppb
CO_MoleFraction_PFP, ppb
N2O_MoleFraction_PFP, ppb
SF6_CCGG_MoleFraction_PFP, ppt
H2_MoleFraction_PFP, ppb
CH4C13_PFP, per mil
CO2C14_PFP, per mil
F11B_MoleFraction_PFP, ppt
FC12_MoleFraction_PFP, ppt
F13_MoleFraction_PFP, ppt
F113_MoleFraction_PFP, ppt
F115_MoleFraction_PFP, ppt
HF133a_MoleFraction_PFP, ppt
F23_MoleFraction_PFP, ppt
F32_MoleFraction_PFP, ppt
F134A_MoleFraction_PFP, ppt
F152A_MoleFraction_PFP, ppt
F125_MoleFraction_PFP, ppt
F143a_MoleFraction_PFP, ppt
F227e_MoleFraction_PFP, ppt
F365m_MoleFraction_PFP, ppt
H1211_MoleFraction_PFP, ppt
H1301_MoleFraction_PFP, ppt
H2402_MoleFraction_PFP, ppt
MCFA_MoleFraction_PFP, ppt
CF4_MoleFraction_PFP, ppt
C2F6_MoleFraction_PFP, ppt
SO2F2_MoleFraction_PFP, ppt
MEBR_MoleFraction_PFP, ppt
CH3I_MoleFraction_PFP, ppt
DIBR_MoleFraction_PFP, ppt
[...]
[from data line 675]
63442,   30,          200676.00,         2.0000000,  12.25158746,   35.78111802,   279.4217285,   7.26563961,   395,   237.1099939,   309.1774687,   327,   53.56355788,   34.23994569,   316.9400111,   7.0874,   137.4,   164.003472,   115.23456,   0.53,   -2,   266.32,   250,   16.36,   0.54,   0.12,   309.2,   215.9499939,   250.5899939,   791,   53.2,   36.84,   -179.8,   -85.32,   0.05,   0.03,   0.29,   0.2,   9.68,   0.0138,   0.08561111111,   0.0549,   27.38555556,   19.29555556,   221.9288828,   0.2191,   6.8683,   0.3937432,   1.7988,   63.78,   407.03,   1.890458333,   0.1070222222,    -999999,   -999999,   -999999,   -999999,   -999999,   -999999,   -999999,   -999999,   -999999,   -999999,   -999999,   -999999,   -999999,   -999999,   -999999,   -999999,   -999999,   -999999,   -999999,   -999999,   -999999,   -999999,   -999999,   -999999,   -999999,   -999999,   -999999,   -999999,   -999999,   -999999,   -999999,   -999999,   -999999,   -999999,   -999999,   -999999,   -999999,   -999999,   -999999,   -999999,   -999999,   -999999,   -999999,   -999999,   -999999,   -999999,   -999999,   -999999,   -999999,   -999999,   -999999,     -999999  
63447,   30,          200677.00,         2.0000000,  12.25249824,   35.77898712,   279.4145569,   7.25728809,   395.2,   237.2299939,   309.2892062,   327,   53.56229904,   34.29984493,   316.680233,   7.0762,   138,   164.312136,   115.646112,   0.53,   -2,   266.18,   250,   16.24,   0.48,   -0.12,   309.24,   215.9699939,   250.7699939,   791.6,   53.2,   37.14,   -179.8,   -85.2,   0.05,   0.03,   0.29,   0.202,   9.602,   0.0144,   0.08948888889,   0.05748888889,   28.68666667,   20.21777778,   222.3388828,   0.22018,   6.85602,   0.3749588,   1.67888,   62.86,   407.03,   1.89045,   0.1084190476,    -999999,   -999999,   -999999,   -999999,   -999999,   -999999,   -999999,   -999999,   -999999,   -999999,   -999999,   -999999,   -999999,   -999999,   -999999,   -999999,   -999999,   -999999,   -999999,   -999999,   -999999,   -999999,   -999999,   -999999,   -999999,   -999999,   -999999,   -999999,   -999999,   -999999,   -999999,   -999999,   -999999,   -999999,   -999999,   -999999,   -999999,   -999999,   -999999,   -999999,   -999999,   -999999,   -999999,   -999999,   -999999,   -999999,   -999999,   -999999,   -999999,   -999999,   -999999,     -999999  
63452,   30,          200678.00,         2.0000000,  12.25340759,   35.77684402,   279.4073639,   7.24582761,   396,   237.3099939,   309.2147953,   327,   53.56102989,   34.17993727,   316.7,   7.064,   138.2,   164.6208,   115.851888,   0.53,   -2,   266.02,   249.9,   16.18,   0.28,   -0.02,   309.22,   215.9899939,   250.9099939,   791,   53.2,   37.08,   -179.8,   -85.14,   0.05,   0.03,   0.29,   0.21,   9.542,   0.01428181818,   0.08868181818,   0.05707272727,   28.17272727,   19.87181818,   222.2645394,   0.21704,   6.84696,   0.3502624,   1.67888,   65.04,   407.01,   1.8901,   0.11183,    -999999,   -999999,   -999999,   -999999,   -999999,   -999999,   -999999,   -999999,   -999999,   -999999,   -999999,   -999999,   -999999,   -999999,   -999999,   -999999,   -999999,   -999999,   -999999,   -999999,   -999999,   -999999,   -999999,   -999999,   -999999,   -999999,   -999999,   -999999,   -999999,   -999999,   -999999,   -999999,   -999999,   -999999,   -999999,   -999999,   -999999,   -999999,   -999999,   -999999,   -999999,   -999999,   -999999,   -999999,   -999999,   -999999,   -999999,   -999999,   -999999,   -999999,   -999999,     -999999  
63457,   30,          200679.00,         2.0000000,  12.25431512,   35.77468414,   279.4001434,   7.229673209,   396.8,   237.4499939,   309.2188626,   327,   53.55974545,   34.07994588,   316.8397883,   7.0506,   139,   165.13524,   116.26344,   0.54,   -2,   265.98,   249.9,   16.14,   0.26,   0.18,   309.18,   216.0499939,   251.1299939,   790.4,   53.2,   36.88,   -179.8,   -85.14,   0.05,   0.03,   0.3,   0.21,   9.472,   0.0131,   0.081375,   0.0525,   25.625,   18.0925,   221.5574939,   0.21644,   6.83416,   0.390997,   1.67888,   63.76,   406.985,   1.8904,   0.110415,    -999999,   -999999,   -999999,   -999999,   -999999,   -999999,   -999999,   -999999,   -999999,   -999999,   -999999,   -999999,   -999999,   -999999,   -999999,   -999999,   -999999,   -999999,   -999999,   -999999,   -999999,   -999999,   -999999,   -999999,   -999999,   -999999,   -999999,   -999999,   -999999,   -999999,   -999999,   -999999,   -999999,   -999999,   -999999,   -999999,   -999999,   -999999,   -999999,   -999999,   -999999,   -999999,   -999999,   -999999,   -999999,   -999999,   -999999,   -999999,   -999999,   -999999,   -999999,     -999999  
63462,   30,          200680.00,         2.0000000,  12.25522102,   35.77251512,   279.3928986,   7.216566809,   397.4,   237.6099939,   309.293671,   327,   53.55845352,   33.97990899,   316.8798112,   7.0372,   139.4,   165.64968,   116.674992,   0.54,   -2,   265.92,   249.9,   16.06,   0.36,   0.16,   309.16,   216.0499939,   251.3099939,   789.6,   53.2,   36.9,   -179.76,   -85.04,   0.05,   0.03,   0.3,   0.21,   9.364,   0.013075,   0.081025,   0.05235,   25.33,   17.895,   221.5299939,   0.2303,   6.8069,   0.3786714,   1.67888,   60.4,   406.965,   1.89025,   0.11035,    -999999,   -999999,   -999999,   -999999,   -999999,   -999999,   -999999,   -999999,   -999999,   -999999,   -999999,   -999999,   -999999,   -999999,   -999999,   -999999,   -999999,   -999999,   -999999,   -999999,   -999999,   -999999,   -999999,   -999999,   -999999,   -999999,   -999999,   -999999,   -999999,   -999999,   -999999,   -999999,   -999999,   -999999,   -999999,   -999999,   -999999,   -999999,   -999999,   -999999,   -999999,   -999999,   -999999,   -999999,   -999999,   -999999,   -999999,   -999999,   -999999,   -999999,   -999999,     -999999  
63467,   30,          200681.00,         2.0000000,  12.25612518,   35.77034682,   279.3856277,   7.202850809,   398.4,   237.6899939,   309.1757207,   327,   53.55716381,   33.75997078,   317.1797385,   7.0244,   140,   165.64968,   116.77788,   0.54,   -2,   265.92,   249.9,   16.06,   0.36,   0.12,   309.18,   216.0499939,   251.4299939,   790,   53.2,   36.94,   -179.7,   -85,   0.05,   0.03,   0.306,   0.22,   9.218,   0.01348,   0.08366,   0.05416,   25.246,   17.894,   221.7979939,   0.2181,   6.8063,   0.370309,   1.660892,   58.96,   406.985,   1.890311111,   0.11445,    -999999,   -999999,   -999999,   -999999,   -999999,   -999999,   -999999,   -999999,   -999999,   -999999,   -999999,   -999999,   -999999,   -999999,   -999999,   -999999,   -999999,   -999999,   -999999,   -999999,   -999999,   -999999,   -999999,   -999999,   -999999,   -999999,   -999999,   -999999,   -999999,   -999999,   -999999,   -999999,   -999999,   -999999,   -999999,   -999999,   -999999,   -999999,   -999999,   -999999,   -999999,   -999999,   -999999,   -999999,   -999999,   -999999,   -999999,   -999999,   -999999,   -999999,   -999999,     -999999  
63472,   30,          200682.00,         2.0000000,  12.25702823,   35.7681694,   279.3783402,   7.193889689,   399,   237.8099939,   309.1988365,   327,   53.5558671,   33.51980846,   317.3796536,   7.014,   140,   165.64968,   116.77788,   0.54,   -2,   265.88,   249.9,   16.02,   0.36,   0.18,   309.22,   216.1299939,   251.6099939,   790.2,   53.2,   36.88,   -179.7,   -84.92,   0.05,   0.03,   0.31,   0.22,   9.218,   0.01405714286,   0.08728571429,   0.0566,   25.86857143,   18.37142857,   222.1885653,   0.21438,   6.79962,   0.3854794,   1.624916,   64.36,   407,   1.89055,   0.1133411765,    -999999,   -999999,   -999999,   -999999,   -999999,   -999999,   -999999,   -999999,   -999999,   -999999,   -999999,   -999999,   -999999,   -999999,   -999999,   -999999,   -999999,   -999999,   -999999,   -999999,   -999999,   -999999,   -999999,   -999999,   -999999,   -999999,   -999999,   -999999,   -999999,   -999999,   -999999,   -999999,   -999999,   -999999,   -999999,   -999999,   -999999,   -999999,   -999999,   -999999,   -999999,   -999999,   -999999,   -999999,   -999999,   -999999,   -999999,   -999999,   -999999,   -999999,   -999999,     -999999  
63477,   30,          200683.00,         2.0000000,  12.25792986,   35.76598588,   279.3710312,   7.179076409,   399.6,   237.9299939,   309.222075,   327,   53.55456607,   33.19983806,   317.4001204,   7.0042,   140.6,   165.855456,   117.086544,   0.54,   -2,   265.76,   249.94,   15.86,   0.42,   0.08,   309.22,   216.1499939,   251.7299939,   790,   53.2,   36.92,   -179.7,   -84.76,   0.05,   0.03,   0.31,   0.22,   9.136,   0.01398,   0.08678,   0.05634,   25.656,   18.226,   222.1659939,   0.21426,   6.78994,   0.3772306,   1.67888,   64.04,   406.99625,   1.89035,   0.10745,    -999999,   -999999,   -999999,   -999999,   -999999,   -999999,   -999999,   -999999,   -999999,   -999999,   -999999,   -999999,   -999999,   -999999,   -999999,   -999999,   -999999,   -999999,   -999999,   -999999,   -999999,   -999999,   -999999,   -999999,   -999999,   -999999,   -999999,   -999999,   -999999,   -999999,   -999999,   -999999,   -999999,   -999999,   -999999,   -999999,   -999999,   -999999,   -999999,   -999999,   -999999,   -999999,   -999999,   -999999,   -999999,   -999999,   -999999,   -999999,   -999999,   -999999,   -999999,     -999999  
63482,   30,          200684.00,         2.0000000,  12.25883077,   35.76379856,   279.3637116,   7.173041369,   400,   238.0299939,   309.2636206,   327,   53.55326372,   33.03994727,   317.3599273,   6.9968,   141,   166.16412,   117.29232,   0.54,   -2,   265.6,   249.84,   15.76,   0.36,   -0.2,   309.22,   216.1499939,   251.8299939,   789.6,   53.2,   37.22,   -179.7,   -84.54,   0.05,   0.03,   0.314,   0.22,   9.078,   0.013775,   0.0854,   0.0555,   24.845,   17.6775,   222.0349939,   0.20972,   6.78708,   0.3692922,   1.606928,   64.94,   407,   1.890216667,   0.10765,    -999999,   -999999,   -999999,   -999999,   -999999,   -999999,   -999999,   -999999,   -999999,   -999999,   -999999,   -999999,   -999999,   -999999,   -999999,   -999999,   -999999,   -999999,   -999999,   -999999,   -999999,   -999999,   -999999,   -999999,   -999999,   -999999,   -999999,   -999999,   -999999,   -999999,   -999999,   -999999,   -999999,   -999999,   -999999,   -999999,   -999999,   -999999,   -999999,   -999999,   -999999,   -999999,   -999999,   -999999,   -999999,   -999999,   -999999,   -999999,   -999999,   -999999,   -999999,     -999999  
63487,   30,          200685.00,         2.0000000,  12.25973005,   35.76158294,   279.3563675,   7.161276089,   401,   238.0899939,   309.1209725,   327,   53.5519347,   32.89985146,   317.5792708,   6.9862,   141.2,   166.369896,   117.498096,   0.54,   -2,   265.48,   249.7,   15.8,   0.2,   0.34,   309.16,   216.1499939,   251.9499939,   789.6,   53.2,   36.86,   -179.7,   -84.58,   0.05,   0.03,   0.32,   0.224,   9,   0.0144,   0.089325,   0.05815,   26.0275,   18.5175,   222.4274939,   0.20904,   6.77716,   0.3864836,   1.582944,   64.18,   407.01,   1.89016,   0.1072789474,    -999999,   -999999,   -999999,   -999999,   -999999,   -999999,   -999999,   -999999,   -999999,   -999999,   -999999,   -999999,   -999999,   -999999,   -999999,   -999999,   -999999,   -999999,   -999999,   -999999,   -999999,   -999999,   -999999,   -999999,   -999999,   -999999,   -999999,   -999999,   -999999,   -999999,   -999999,   -999999,   -999999,   -999999,   -999999,   -999999,   -999999,   -999999,   -999999,   -999999,   -999999,   -999999,   -999999,   -999999,   -999999,   -999999,   -999999,   -999999,   -999999,   -999999,   -999999,     -999999  
63492,   30,          200686.00,         2.0000000,  12.26062792,   35.75936586,   279.3490021,   7.148108728,   401.4,   238.2099939,   309.188685,   327,   53.55060596,   32.71993166,   318.01956,   6.9746,   142,   166.472784,   117.703872,   0.54,   -2,   265.66,   249.82,   15.88,   0.12,   0.56,   309.12,   216.2299939,   252.0899939,   789.8,   53.2,   36.48,   -179.68,   -84.84,   0.05,   0.03,   0.32,   0.23,   9.002,   0.01412,   0.08778,   0.05728,   25.562,   18.188,   222.3039939,   0.20748,   6.76712,   0.3868764,   1.546968,   62.6,   406.97,   1.890711111,   0.1069761905,    -999999,   -999999,   -999999,   -999999,   -999999,   -999999,   -999999,   -999999,   -999999,   -999999,   -999999,   -999999,   -999999,   -999999,   -999999,   -999999,   -999999,   -999999,   -999999,   -999999,   -999999,   -999999,   -999999,   -999999,   -999999,   -999999,   -999999,   -999999,   -999999,   -999999,   -999999,   -999999,   -999999,   -999999,   -999999,   -999999,   -999999,   -999999,   -999999,   -999999,   -999999,   -999999,   -999999,   -999999,   -999999,   -999999,   -999999,   -999999,   -999999,   -999999,   -999999,     -999999  
63497,   30,          200687.00,         2.0000000,  12.26152425,   35.75715486,   279.3416138,   7.132076248,   402.2,   238.3299939,   309.1685146,   327,   53.54928491,   32.35987296,   318.378987,   6.9622,   142,   166.67856,   117.909648,   0.54,   -2,   265.68,   249.9,   15.8,   0.12,   -0.02,   309.1,   216.2499939,   252.2299939,   789.8,   53.2,   37,   -179.6,   -84.76,   0.05,   0.03,   0.322,   0.23,   8.914,   0.01375,   0.08525,   0.05574,   24.408,   17.396,   222.0659939,   0.21532,   6.74688,   0.3936114,   1.52898,   60.12,   407.025,   1.8906,   0.1091,    -999999,   -999999,   -999999,   -999999,   -999999,   -999999,   -999999,   -999999,   -999999,   -999999,   -999999,   -999999,   -999999,   -999999,   -999999,   -999999,   -999999,   -999999,   -999999,   -999999,   -999999,   -999999,   -999999,   -999999,   -999999,   -999999,   -999999,   -999999,   -999999,   -999999,   -999999,   -999999,   -999999,   -999999,   -999999,   -999999,   -999999,   -999999,   -999999,   -999999,   -999999,   -999999,   -999999,   -999999,   -999999,   -999999,   -999999,   -999999,   -999999,   -999999,   -999999,     -999999  
63502,   30,          200688.00,         2.0000000,  12.26241896,   35.75493162,   279.3342011,   7.120981528,   402.8,   238.3699939,   309.0887319,   327,   53.54795316,   32.09971289,   318.7388792,   6.9498,   143,   166.781448,   118.115424,   0.54,   -2,   265.58,   249.78,   15.86,   0.04,   -0.04,   309.04,   216.2499939,   252.3299939,   790,   53.2,   37.16,   -179.6,   -84.72,   0.05,   0.03,   0.328,   0.23,   8.854,   0.01421111111,   0.08834444444,   0.05788888889,   25.34444444,   18.06555556,   222.3722161,   0.21964,   6.73016,   0.4046806,   1.52898,   61.74,   407.005,   1.89065,   0.109435,    -999999,   -999999,   -999999,   -999999,   -999999,   -999999,   -999999,   -999999,   -999999,   -999999,   -999999,   -999999,   -999999,   -999999,   -999999,   -999999,   -999999,   -999999,   -999999,   -999999,   -999999,   -999999,   -999999,   -999999,   -999999,   -999999,   -999999,   -999999,   -999999,   -999999,   -999999,   -999999,   -999999,   -999999,   -999999,   -999999,   -999999,   -999999,   -999999,   -999999,   -999999,   -999999,   -999999,   -999999,   -999999,   -999999,   -999999,   -999999,   -999999,   -999999,   -999999,     -999999  
