inputs/ACTAMERICA_Merge/C130/ACTAMERICA-mrg05-c130_merge_20171026_R0.ict
145, 1001
Shook, Michael
NASA Atmospheric Composition Branch, NASA Langley Research Center (SSAI)
Merged data file for ACT-AMERICA Fall 2017, Flight 14 (20171026), on the c130 platform. Data is merged to 05 seconds.
NASA ACT-AMERICA Fall 2017
1, 1
2017, 10, 26, 2018, 07, 05
05
UTC,s
106
1, 1, 1, 1, 1, 1, 1, 1, 1, 1, 1, 1, 1, 1, 1, 1, 1, 1, 1, 1, 1, 1, 1, 1, 1, 1, 1, 1, 1, 1, 1, 1, 1, 1, 1, 1, 1, 1, 1, 1, 1, 1, 1, 1, 1, 1, 1, 1, 1, 1, 1, 1, 1, 1, 1, 1, 1, 1, 1, 1, 1, 1, 1, 1, 1, 1, 1, 1, 1, 1, 1, 1, 1, 1, 1, 1, 1, 1, 1, 1, 1, 1, 1, 1, 1, 1, 1, 1, 1, 1, 1, 1, 1, 1, 1, 1, 1, 1, 1, 1, 1, 1, 1, 1, 1, 1
-999999, -999999, -999999, -999999, -999999, -999999, -999999, -999999, -999999, -999999, -999999, -999999, -999999, -999999, -999999, -999999, -999999, -999999, -999999, -999999, -999999, -999999, -999999, -999999, -999999, -999999, -999999, -999999, -999999, -999999, -999999, -999999, -999999, -999999, -999999, -999999, -999999, -999999, -999999, -999999, -999999, -999999, -999999, -999999, -999999, -999999, -999999, -999999, -999999, -999999, -999999, -999999, -999999, -999999, -999999, -999999, -999999, -999999, -999999, -999999, -999999, -999999, -999999, -999999, -999999, -999999, -999999, -999999, -999999, -999999, -999999, -999999, -999999, -999999, -999999, -999999, -999999, -999999, -999999, -999999, -999999, -999999, -999999, -999999, -999999, -999999, -999999, -999999, -999999, -999999, -999999, -999999, -999999, -999999, -999999, -999999, -999999, -999999, -999999, -999999, -999999, -999999, -999999, -999999, -999999, -999999
JDAY, days
INDEX, none
FLIGHT, none
LOCAL_SUN_TIME, hour
LATITUDE, degs
LONGITUDE, degs
ALTP, km
PRESSURE, hPa
TEMPERATURE, K
THETA, K, calculated from ambient temperature and pressure
O3COLUMN, DU, OMI ozone column data extracted along flight track
SZA, deg
WNS, m s-1
WND, Degs
GPS_ALT, km
GRD_SPD, m s-1
TAS, m/s
IAS, m/s
MachNumber, mach
VerticalSpeed, m s-1
HDG, degs
TRK, degs
DriftAngle, degs
PITCH, degs
ROLL, degs
PotentialTemp_Nav, K
Dewpoint, K
TotalAirTemp, K
CabinPressure, hPa
SolarZenithAngle, degs
AircraftSunElevation, degs
SunAzimuth, degs
AircraftSunAzimuth, degs
H2O_MixingRatio_Nav, g kg-1
H2O_VaporPressure_Nav, hPa
H2O_SatVaporPressureWater_Nav, hPa
H2O_SatVaporPressureIce_Nav, hPa
H2O_RelativeHumidity_Nav, %
ManeuverFlag, none
H2O_VolMixingRatio_PICARRO, %
H2O_MassMixingRatio_PICARRO, g kg-1
H2O_VaporPressure_PICARRO, hPa
RHi_PICARRO, %
RHw_PICARRO, %
Dewpoint_PICARRO, K
GPS_ALT, km
GroundElevation-AMSL_GoogleMaps, km
Altitude-AGL_GoogleMaps, km
GroundHeight-AMSL_CPL, km
MLH-AMSL_CPL, km
O3_MixingRatio, ppbv
CO2_DryMoleFrac_PICARRO, ppm
CH4_DryMoleFrac_PICARRO, ppm
CO_DryMoleFrac_PICARRO, ppm
CO2_MoleFraction_PFP, ppm
CH4_MoleFraction_PFP, ppb
CO_MoleFraction_PFP, ppb
N2O_MoleFraction_PFP, ppb
SF6_CCGG_MoleFraction_PFP, ppt
H2_MoleFraction_PFP, ppb
CH4C13_PFP, permil
CO2C14_PFP, permil
F11B_MoleFraction_PFP, ppt
FC12_MoleFraction_PFP, ppt
F13_MoleFraction_PFP, ppt
F113_MoleFraction_PFP, ppt
F115_MoleFraction_PFP, ppt
HF133a_MoleFraction_PFP, ppt
F23_MoleFraction_PFP, ppt
F32_MoleFraction_PFP, ppt
F134A_MoleFraction_PFP, ppt
F152A_MoleFraction_PFP, ppt
F125_MoleFraction_PFP, ppt
F143a_MoleFraction_PFP, ppt
F227e_MoleFraction_PFP, ppt
F365m_MoleFraction_PFP, ppt
H1211_MoleFraction_PFP, ppt
H1301_MoleFraction_PFP, ppt
[...]
[from data line 1197]
68222,   299,          1401198.0,         14.000000,  12.61732057,   41.00775446,   264.9910585,   6.745285043,   425,   248.9299939,   317.8716708,   282,   54.11921456,   30.25891518,   251.2418358,   6.7944,   153.46,   164.7133992,   117.0351,   0.52,   0.26,   314.88,   325.3,   -10.46,   1.38,   0.6,   317.84,   243.7699939,   262.3499939,   821,   55,   35.32,   -164.5,   -118,   0.85,   0.55,   0.876,   0.688,   62.636,    -999999,  0.1447,   0.8982,   0.61935,   90.3775,   71.36,   245.2424939,   6.7944,   0.3338,   6.4606,   0.5015304,   1.52898,   52.44,   404.254,   1.8941,   0.08014,    -999999,   -999999,   -999999,   -999999,   -999999,   -999999,   -999999,   -999999,   -999999,   -999999,   -999999,   -999999,   -999999,   -999999,   -999999,   -999999,   -999999,   -999999,   -999999,   -999999,   -999999,   -999999,   -999999,   -999999,   -999999,   -999999,   -999999,   -999999,   -999999,   -999999,   -999999,   -999999,   -999999,   -999999,   -999999,   -999999,   -999999,   -999999,   -999999,   -999999,   -999999,   -999999,   -999999,   -999999,   -999999,   -999999,   -999999,   -999999,   -999999,   -999999,   -999999,     -999999  
68227,   299,          1401199.0,         14.000000,  12.61836419,   41.01342874,   264.9858795,   6.747052883,   425,   248.8499939,   317.7695146,   282,   54.12707369,   29.97857487,   251.2816656,   6.7972,   153.3,   164.4047352,   116.7984576,   0.52,   0.52,   315,   325.38,   -10.36,   1.36,   0.22,   317.76,   243.8499939,   262.3099939,   820.4,   55,   35.66,   -164.48,   -118.18,   0.858,   0.55,   0.87,   0.688,   63.324,    -999999,  0.147125,   0.91305,   0.629425,   93.9275,   74,   245.4174939,   6.7972,   0.35262,   6.44458,   0.5219622,   1.52898,   54.08,   404.29,   1.8939,   0.08485,    -999999,   -999999,   -999999,   -999999,   -999999,   -999999,   -999999,   -999999,   -999999,   -999999,   -999999,   -999999,   -999999,   -999999,   -999999,   -999999,   -999999,   -999999,   -999999,   -999999,   -999999,   -999999,   -999999,   -999999,   -999999,   -999999,   -999999,   -999999,   -999999,   -999999,   -999999,   -999999,   -999999,   -999999,   -999999,   -999999,   -999999,   -999999,   -999999,   -999999,   -999999,   -999999,   -999999,   -999999,   -999999,   -999999,   -999999,   -999999,   -999999,   -999999,   -999999,     -999999  
68232,   299,          1401200.0,         14.000000,  12.61940796,   41.01909632,   264.9807028,   6.749918003,   424.8,   248.7899939,   317.7356254,   282,   54.13492967,   30.05957741,   249.9996694,   6.7978,   153.24,   163.7874072,   116.3354616,   0.52,   -0.38,   314.82,   325.3,   -10.5,   1.04,   0.28,   317.7,   243.9499939,   262.0699939,   820.4,   55.08,   35.46,   -164.4,   -118.14,   0.866,   0.556,   0.864,   0.682,   64.286,    -999999,  0.1489285714,   0.9243,   0.6370285714,   95.77142857,   75.39571429,   245.5442796,   6.7978,   0.35664,   6.44116,   0.5088654,   1.504996,   52.12,   404.285,   1.894046154,   0.0764125,    -999999,   -999999,   -999999,   -999999,   -999999,   -999999,   -999999,   -999999,   -999999,   -999999,   -999999,   -999999,   -999999,   -999999,   -999999,   -999999,   -999999,   -999999,   -999999,   -999999,   -999999,   -999999,   -999999,   -999999,   -999999,   -999999,   -999999,   -999999,   -999999,   -999999,   -999999,   -999999,   -999999,   -999999,   -999999,   -999999,   -999999,   -999999,   -999999,   -999999,   -999999,   -999999,   -999999,   -999999,   -999999,   -999999,   -999999,   -999999,   -999999,   -999999,   -999999,     -999999  
68237,   299,          1401201.0,         14.000000,  12.62045113,   41.02476456,   264.9755169,   6.748211123,   425,   248.7099939,   317.5907413,   282,   54.14278801,   30.37976819,   250.3356144,   6.795,   153.44,   164.3018472,   116.7470136,   0.52,   -0.92,   314.72,   325.28,   -10.56,   0.84,   0.52,   317.62,   244.1099939,   262.0699939,   820.2,   55.1,   35.2,   -164.4,   -118.26,   0.88,   0.566,   0.858,   0.676,   65.778,    -999999,  0.15171,   0.94171,   0.64897,   97.562,   76.807,   245.7459939,   6.795,   0.34904,   6.44596,   0.49842,   1.493004,   54.24,   404.28,   1.89408,   0.080175,    -999999,   -999999,   -999999,   -999999,   -999999,   -999999,   -999999,   -999999,   -999999,   -999999,   -999999,   -999999,   -999999,   -999999,   -999999,   -999999,   -999999,   -999999,   -999999,   -999999,   -999999,   -999999,   -999999,   -999999,   -999999,   -999999,   -999999,   -999999,   -999999,   -999999,   -999999,   -999999,   -999999,   -999999,   -999999,   -999999,   -999999,   -999999,   -999999,   -999999,   -999999,   -999999,   -999999,   -999999,   -999999,   -999999,   -999999,   -999999,   -999999,   -999999,   -999999,     -999999  
68242,   299,          1401202.0,         14.000000,  12.62149368,   41.03044314,   264.9703219,   6.742480883,   425,   248.7499939,   317.6418194,   282,   54.15065822,   30.39952899,   249.9373668,   6.7906,   153.72,   164.4047352,   116.8499016,   0.52,   -0.46,   314.74,   325.3,   -10.58,   1.04,   0.6,   317.6,   244.3299939,   262.1499939,   821,   55.1,   35.08,   -164.4,   -118.02,   0.898,   0.576,   0.86,   0.68,   66.826,    -999999,  0.1527777778,   0.9483555556,   0.6537666667,   98.28444444,   77.37444444,   245.8266606,   6.7906,   0.3391,   6.4515,   0.5075492,   1.433044,   52.88,   404.28,   1.8942,   0.08035,    -999999,   -999999,   -999999,   -999999,   -999999,   -999999,   -999999,   -999999,   -999999,   -999999,   -999999,   -999999,   -999999,   -999999,   -999999,   -999999,   -999999,   -999999,   -999999,   -999999,   -999999,   -999999,   -999999,   -999999,   -999999,   -999999,   -999999,   -999999,   -999999,   -999999,   -999999,   -999999,   -999999,   -999999,   -999999,   -999999,   -999999,   -999999,   -999999,   -999999,   -999999,   -999999,   -999999,   -999999,   -999999,   -999999,   -999999,   -999999,   -999999,   -999999,   -999999,     -999999  
68247,   299,          1401203.0,         14.000000,  12.62253626,   41.03613064,   264.9651272,   6.744797363,   425,   248.7299939,   317.6162804,   282,   54.15854029,   30.4195435,   250.0585798,   6.7906,   153.72,   164.415024,   116.8601904,   0.52,   0.36,   314.78,   325.36,   -10.58,   1.34,   0.44,   317.64,   244.5699939,   262.1499939,   820.6,   55.1,   35.42,   -164.4,   -117.86,   0.92,   0.594,   0.862,   0.68,   68.428,    -999999,  0.15223,   0.94491,   0.6517,   97.979,   77.138,   245.7959939,   6.7906,   0.36612,   6.42448,   0.5273804,   1.37908,   52.4,   404.275,   1.8945,   0.0746,    -999999,   -999999,   -999999,   -999999,   -999999,   -999999,   -999999,   -999999,   -999999,   -999999,   -999999,   -999999,   -999999,   -999999,   -999999,   -999999,   -999999,   -999999,   -999999,   -999999,   -999999,   -999999,   -999999,   -999999,   -999999,   -999999,   -999999,   -999999,   -999999,   -999999,   -999999,   -999999,   -999999,   -999999,   -999999,   -999999,   -999999,   -999999,   -999999,   -999999,   -999999,   -999999,   -999999,   -999999,   -999999,   -999999,   -999999,   -999999,   -999999,   -999999,   -999999,     -999999  
68252,   299,          1401204.0,         14.000000,  12.62357926,   41.0418168,   264.9599389,   6.747662483,   425,   248.6699939,   317.5396632,   282,   54.16642501,   30.71983937,   249.8600921,   6.7926,   153.62,   164.36358,   116.7984576,   0.52,   0.24,   314.68,   325.38,   -10.68,   1.2,   0.46,   317.56,   244.8299939,   262.0699939,   821.2,   55.1,   35.34,   -164.4,   -117.8,   0.942,   0.606,   0.856,   0.676,   70.556,    -999999,  0.1562555556,   0.9699,   0.6689111111,   100.5633333,   79.16888889,   246.0755495,   6.7926,   0.3733,   6.4193,   0.552736,   1.37908,   52.08,   404.334,   1.89465,   0.07843076923,    -999999,   -999999,   -999999,   -999999,   -999999,   -999999,   -999999,   -999999,   -999999,   -999999,   -999999,   -999999,   -999999,   -999999,   -999999,   -999999,   -999999,   -999999,   -999999,   -999999,   -999999,   -999999,   -999999,   -999999,   -999999,   -999999,   -999999,   -999999,   -999999,   -999999,   -999999,   -999999,   -999999,   -999999,   -999999,   -999999,   -999999,   -999999,   -999999,   -999999,   -999999,   -999999,   -999999,   -999999,   -999999,   -999999,   -999999,   -999999,   -999999,   -999999,   -999999,     -999999  
68257,   299,          1401205.0,         14.000000,  12.62462246,   41.0475025,   264.9547536,   6.745894643,   425,   248.6899939,   317.5652023,   282,   54.17431281,   30.45956645,   249.579908,   6.793,   153.64,   164.1166488,   116.6338368,   0.52,   0,   314.74,   325.4,   -10.66,   1.12,   0.52,   317.58,   245.0699939,   262.0499939,   820,   55.1,   35.32,   -164.38,   -117.88,   0.962,   0.618,   0.86,   0.678,   72.03,    -999999,  0.15755,   0.97775,   0.6742,   101.355,   79.795,   246.1649939,   6.793,   0.38002,   6.41298,   0.5347792,   1.385076,   53.56,   404.315,   1.8946,   0.0808,    -999999,   -999999,   -999999,   -999999,   -999999,   -999999,   -999999,   -999999,   -999999,   -999999,   -999999,   -999999,   -999999,   -999999,   -999999,   -999999,   -999999,   -999999,   -999999,   -999999,   -999999,   -999999,   -999999,   -999999,   -999999,   -999999,   -999999,   -999999,   -999999,   -999999,   -999999,   -999999,   -999999,   -999999,   -999999,   -999999,   -999999,   -999999,   -999999,   -999999,   -999999,   -999999,   -999999,   -999999,   -999999,   -999999,   -999999,   -999999,   -999999,   -999999,   -999999,     -999999  
68262,   299,          1401206.0,         14.000000,  12.62566564,   41.05319118,   264.949568,   6.744187763,   425,   248.6299939,   317.4885852,   282,   54.18220652,   30.41930887,   249.1804742,   6.793,   153.74,   163.9828944,   116.5618152,   0.52,   -0.12,   314.74,   325.4,   -10.64,   1.12,   0.32,   317.48,   245.3299939,   261.9699939,   820.2,   55.1,   35.36,   -164.3,   -117.94,   0.984,   0.632,   0.854,   0.674,   73.996,    -999999,  0.1571111111,   0.9751111111,   0.6723888889,   101.5988889,   79.94555556,   246.131105,   6.793,   0.3776,   6.4154,   0.5581756,   1.421052,   53.38,   404.3,   1.8946,   0.0804,    -999999,   -999999,   -999999,   -999999,   -999999,   -999999,   -999999,   -999999,   -999999,   -999999,   -999999,   -999999,   -999999,   -999999,   -999999,   -999999,   -999999,   -999999,   -999999,   -999999,   -999999,   -999999,   -999999,   -999999,   -999999,   -999999,   -999999,   -999999,   -999999,   -999999,   -999999,   -999999,   -999999,   -999999,   -999999,   -999999,   -999999,   -999999,   -999999,   -999999,   -999999,   -999999,   -999999,   -999999,   -999999,   -999999,   -999999,   -999999,   -999999,   -999999,   -999999,     -999999  
68267,   299,          1401207.0,         14.000000,  12.62670845,   41.05888108,   264.9443767,   6.745894643,   425,   248.7299939,   317.6162804,   282,   54.19010365,   30.53974789,   249.7592667,   6.792,   153.78,   164.3944464,   116.8190352,   0.52,   -0.08,   314.72,   325.34,   -10.64,   1.12,   0.3,   317.62,   245.4699939,   262.1299939,   820.2,   55.1,   35.34,   -164.3,   -117.96,   0.996,   0.64,   0.86,   0.68,   74.354,    -999999,  0.15905,   0.987175,   0.6807,   105.44,   82.765,   246.2699939,   6.792,   0.38882,   6.40318,   0.55759,   1.457028,   53.74,   404.275,   1.8946,   0.08056111111,    -999999,   -999999,   -999999,   -999999,   -999999,   -999999,   -999999,   -999999,   -999999,   -999999,   -999999,   -999999,   -999999,   -999999,   -999999,   -999999,   -999999,   -999999,   -999999,   -999999,   -999999,   -999999,   -999999,   -999999,   -999999,   -999999,   -999999,   -999999,   -999999,   -999999,   -999999,   -999999,   -999999,   -999999,   -999999,   -999999,   -999999,   -999999,   -999999,   -999999,   -999999,   -999999,   -999999,   -999999,   -999999,   -999999,   -999999,   -999999,   -999999,   -999999,   -999999,     -999999  
68272,   299,          1401208.0,         14.000000,  12.62775076,   41.06456926,   264.9391781,   6.744736403,   425,   248.7499939,   317.6418194,   282,   54.19800104,   30.19997081,   250.1600662,   6.7924,   153.76,   164.4458904,   116.8704792,   0.52,   0.24,   314.82,   325.3,   -10.5,   1.24,   0.26,   317.62,   245.5699939,   262.1499939,   820.2,   55.1,   35.5,   -164.3,   -117.96,   1.01,   0.65,   0.86,   0.68,   75.06,    -999999,  0.15816,   0.98151,   0.67683,   101.978,   80.266,   246.2069939,   6.7924,   0.3876,   6.4048,   0.5587064,   1.46902,   52.76,   404.225,   1.8945,   0.08130666667,    -999999,   -999999,   -999999,   -999999,   -999999,   -999999,   -999999,   -999999,   -999999,   -999999,   -999999,   -999999,   -999999,   -999999,   -999999,   -999999,   -999999,   -999999,   -999999,   -999999,   -999999,   -999999,   -999999,   -999999,   -999999,   -999999,   -999999,   -999999,   -999999,   -999999,   -999999,   -999999,   -999999,   -999999,   -999999,   -999999,   -999999,   -999999,   -999999,   -999999,   -999999,   -999999,   -999999,   -999999,   -999999,   -999999,   -999999,   -999999,   -999999,   -999999,   -999999,     -999999  
68277,   299,          1401209.0,         14.000000,  12.62879282,   41.07025288,   264.9339756,   6.745346003,   425,   248.7699939,   317.6673584,   282,   54.20589641,   30.15947502,   249.8393228,   6.7934,   153.72,   164.260692,   116.7161472,   0.52,   0.16,   314.78,   325.3,   -10.52,   1.2,   0.52,   317.7,   245.6499939,   262.1899939,   820.2,   55.1,   35.24,   -164.3,   -117.88,   1.01,   0.65,   0.868,   0.682,   74.984,    -999999,  0.1587428571,   0.9852142857,   0.6792285714,   102.1071429,   80.38714286,   246.242851,   6.7934,   0.38022,   6.41318,   0.5588908,   1.475016,   51.88,   404.26,   1.89435,   0.08235,    -999999,   -999999,   -999999,   -999999,   -999999,   -999999,   -999999,   -999999,   -999999,   -999999,   -999999,   -999999,   -999999,   -999999,   -999999,   -999999,   -999999,   -999999,   -999999,   -999999,   -999999,   -999999,   -999999,   -999999,   -999999,   -999999,   -999999,   -999999,   -999999,   -999999,   -999999,   -999999,   -999999,   -999999,   -999999,   -999999,   -999999,   -999999,   -999999,   -999999,   -999999,   -999999,   -999999,   -999999,   -999999,   -999999,   -999999,   -999999,   -999999,   -999999,   -999999,     -999999  
68282,   299,          1401210.0,         14.000000,  12.62983502,   41.07593772,   264.9287753,   6.745955603,   425,   248.8099939,   317.7184365,   282,   54.21379637,   30.25982297,   249.9594179,   6.793,   153.76,   164.3841576,   116.7881688,   0.52,   -0.36,   314.82,   325.3,   -10.54,   1.06,   0.48,   317.72,   245.6299939,   262.2699939,   821,   55.1,   35.16,   -164.3,   -117.92,   1.01,   0.65,   0.868,   0.686,   74.722,    -999999,  0.15775,   0.979,   0.674925,   101.465,   79.88,   246.1749939,   6.793,   0.38438,   6.40862,   0.5460912,   1.499,   56.6,   404.225,   1.894746154,   0.08555,    -999999,   -999999,   -999999,   -999999,   -999999,   -999999,   -999999,   -999999,   -999999,   -999999,   -999999,   -999999,   -999999,   -999999,   -999999,   -999999,   -999999,   -999999,   -999999,   -999999,   -999999,   -999999,   -999999,   -999999,   -999999,   -999999,   -999999,   -999999,   -999999,   -999999,   -999999,   -999999,   -999999,   -999999,   -999999,   -999999,   -999999,   -999999,   -999999,   -999999,   -999999,   -999999,   -999999,   -999999,   -999999,   -999999,   -999999,   -999999,   -999999,   -999999,   -999999,     -999999  
