inputs/ACTAMERICA_Merge/C130/ACTAMERICA-mrg05-c130_merge_20180515_R0.ict
145, 1001
Shook, Michael
NASA Chemistry and Dynamics Branch, NASA Langley Research Center
Merged data file for ACT-AMERICA 2018, Flight 14 (20180515), on the c130 platform. Data is merged to 05 seconds.
NASA ACT-AMERICA 2018
1, 1
2018, 05, 15, 2018, 10, 16
05
UTC,s
106
1, 1, 1, 1, 1, 1, 1, 1, 1, 1, 1, 1, 1, 1, 1, 1, 1, 1, 1, 1, 1, 1, 1, 1, 1, 1, 1, 1, 1, 1, 1, 1, 1, 1, 1, 1, 1, 1, 1, 1, 1, 1, 1, 1, 1, 1, 1, 1, 1, 1, 1, 1, 1, 1, 1, 1, 1, 1, 1, 1, 1, 1, 1, 1, 1, 1, 1, 1, 1, 1, 1, 1, 1, 1, 1, 1, 1, 1, 1, 1, 1, 1, 1, 1, 1, 1, 1, 1, 1, 1, 1, 1, 1, 1, 1, 1, 1, 1, 1, 1, 1, 1, 1, 1, 1, 1
-999999, -999999, -999999, -999999, -999999, -999999, -999999, -999999, -999999, -999999, -999999, -999999, -999999, -999999, -999999, -999999, -999999, -999999, -999999, -999999, -999999, -999999, -999999, -999999, -999999, -999999, -999999, -999999, -999999, -999999, -999999, -999999, -999999, -999999, -999999, -999999, -999999, -999999, -999999, -999999, -999999, -999999, -999999, -999999, -999999, -999999, -999999, -999999, -999999, -999999, -999999, -999999, -999999, -999999, -999999, -999999, -999999, -999999, -999999, -999999, -999999, -999999, -999999, -999999, -999999, -999999, -999999, -999999, -999999, -999999, -999999, -999999, -999999, -999999, -999999, -999999, -999999, -999999, -999999, -999999, -999999, -999999, -999999, -999999, -999999, -999999, -999999, -999999, -999999, -999999, -999999, -999999, -999999, -999999, -999999, -999999, -999999, -999999, -999999, -999999, -999999, -999999, -999999, -999999, -999999, -999999
JDAY, days
INDEX, none
FLIGHT, none
LOCAL_SUN_TIME, hour
LATITUDE, degs
LONGITUDE, degs
ALTP, km
PRESSURE, hPa
TEMPERATURE, K
THETA, K, calculated from ambient temperature and pressure
O3COLUMN, DU, OMI ozone column data extracted along flight track
SZA, deg
WNS, m s-1
WND, Degs
GPS_ALT, km
Radar_ALT, km
GRD_SPD, m s-1
TAS, m/s
IAS, m/s
MachNumber, mach
VerticalSpeed, m s-1
HDG, degs
TRK, degs
DriftAngle, degs
PITCH, degs
ROLL, degs
PotentialTemp_Nav, K
Dewpoint_Nav, K
TotalAirTemp, K
CabinPressure, hPa
SolarZenithAngle, degs
AircraftSunElevation, degs
SunAzimuth, degs
AircraftSunAzimuth, degs
H2O_MixingRatio_Nav, g kg-1
H2O_VaporPressure_Nav, hPa
H2O_SatVaporPressureWater_Nav, hPa
H2O_SatVaporPressureIce_Nav, hPa
H2O_RelativeHumidity_Nav, %
ManeuverFlag, none
H2O_VolMixingRatio_PICARRO, %
H2O_MassMixingRatio_PICARRO, g kg-1
H2O_VaporPressure_PICARRO, hPa
RHi_PICARRO, %
RHw_PICARRO, %
Dewpoint_PICARRO, K
GroundElevation-AMSL_GoogleMaps, km
Altitude-AGL_GoogleMaps, km
GroundHeight-AMSL_CPL, km
MLH-AMSL_CPL, km
O3_MixingRatio, ppbv
CO2_DryMoleFrac_PICARRO, ppm
CH4_DryMoleFrac_PICARRO, ppm
CO_DryMoleFrac_PICARRO, ppm
CO2_MoleFraction_PFP, ppm
CH4_MoleFraction_PFP, ppb
CO_MoleFraction_PFP, ppb
N2O_MoleFraction_PFP, ppb
SF6_CCGG_MoleFraction_PFP, ppt
H2_MoleFraction_PFP, ppb
CH4C13_MoleFraction_PFP, permil
CO2C14_MoleFraction_PFP, permil
F11B_MoleFraction_PFP, ppt
FC12_MoleFraction_PFP, ppt
F13_MoleFraction_PFP, ppt
F113_MoleFraction_PFP, ppt
F115_MoleFraction_PFP, ppt
HF133a_MoleFraction_PFP, ppt
F23_MoleFraction_PFP, ppt
F32_MoleFraction_PFP, ppt
F134A_MoleFraction_PFP, ppt
F152A_MoleFraction_PFP, ppt
F125_MoleFraction_PFP, ppt
F143a_MoleFraction_PFP, ppt
F227e_MoleFraction_PFP, ppt
F365m_MoleFraction_PFP, ppt
H1211_MoleFraction_PFP, ppt
H1301_MoleFraction_PFP, ppt
[...]
[from data line 2000]
60347,   135,          1402001.0,         14.000000,  11.62550863,   37.4750328,   282.9263794,   5.402701987,   511.58,   263.5699939,   319.2004723,   321,   19.30702265,   8.67922991,   227.5585297,   5.65,   5.601431589,   166.02,   160.7213448,   121.1609088,   0.49,   -6.52,   97.38,   95.28,   2.12,   -1.4,   -0.1,   319.24,   250.1099939,   276.4299939,   891,   19,   71.4,   165.4,   72.78,   1.258,   0.974,   2.992,   2.726,   32.536,    -999999,  0.18531,   1.1502,   0.95107,   36.564,   33.173,   249.9769939,   0.03734,   5.61266,   0.1746828,   0.9653556,   54.82,   411.26,   1.87258,   0.0898047619,    -999999,   -999999,   -999999,   -999999,   -999999,   -999999,   -999999,   -999999,   -999999,   -999999,   -999999,   -999999,   -999999,   -999999,   -999999,   -999999,   -999999,   -999999,   -999999,   -999999,   -999999,   -999999,   -999999,   -999999,   -999999,   -999999,   -999999,   -999999,   -999999,   -999999,   -999999,   -999999,   -999999,   -999999,   -999999,   -999999,   -999999,   -999999,   -999999,   -999999,   -999999,   -999999,   -999999,   -999999,   -999999,   -999999,   -999999,   -999999,   -999999,   -999999,   -999999,     -999999  
60352,   135,          1402002.0,         14.000000,  11.62751936,   37.4743431,   282.9357071,   5.373502146,   513.62,   263.7899939,   319.1038594,   321,   19.29966887,   8.779773541,   229.3179981,   5.6174,   5.563331589,   165.84,   160.2892152,   120.9859992,   0.49,   -6.4,   97.4,   95.3,   2.1,   -1.38,   -0.32,   319.22,   250.6699939,   276.5899939,   892.8,   19,   71.18,   165.48,   72.98,   1.322,   1.024,   3.052,   2.79,   33.546,    -999999,  0.185325,   1.1504,   0.95485,   36.0975,   32.8125,   250.0224939,   0.03252,   5.58488,   0.1786448,   0.9413712,   57.16,   411.27,   1.87295,   0.089015,    -999999,   -999999,   -999999,   -999999,   -999999,   -999999,   -999999,   -999999,   -999999,   -999999,   -999999,   -999999,   -999999,   -999999,   -999999,   -999999,   -999999,   -999999,   -999999,   -999999,   -999999,   -999999,   -999999,   -999999,   -999999,   -999999,   -999999,   -999999,   -999999,   -999999,   -999999,   -999999,   -999999,   -999999,   -999999,   -999999,   -999999,   -999999,   -999999,   -999999,   -999999,   -999999,   -999999,   -999999,   -999999,   -999999,   -999999,   -999999,   -999999,   -999999,   -999999,     -999999  
60357,   135,          1402003.0,         14.000000,  11.62952949,   37.47365188,   282.9450256,   5.342534466,   515.76,   264.0699939,   319.0633137,   321,   19.29234879,   8.798415335,   229.6831461,   5.5856,   5.530839908,   165.68,   160.0731504,   121.0065768,   0.49,   -6.32,   97.4,   95.3,   2.08,   -1.36,   -0.28,   319.14,   250.4499939,   276.8299939,   893.8,   19,   71.22,   165.56,   72.98,   1.288,   1.004,   3.114,   2.854,   32.22,    -999999,  0.1897,   1.177575,   0.9811,   36.1625,   32.965,   250.3249939,   0.02914,   5.55646,   0.1554386,   0.929379,   56.92,   411.23,   1.8728,   0.08652307692,    -999999,   -999999,   -999999,   -999999,   -999999,   -999999,   -999999,   -999999,   -999999,   -999999,   -999999,   -999999,   -999999,   -999999,   -999999,   -999999,   -999999,   -999999,   -999999,   -999999,   -999999,   -999999,   -999999,   -999999,   -999999,   -999999,   -999999,   -999999,   -999999,   -999999,   -999999,   -999999,   -999999,   -999999,   -999999,   -999999,   -999999,   -999999,   -999999,   -999999,   -999999,   -999999,   -999999,   -999999,   -999999,   -999999,   -999999,   -999999,   -999999,   -999999,   -999999,     -999999  
60362,   135,          1402004.0,         14.000000,  11.6315392,   37.47295838,   282.9543381,   5.312603106,   517.84,   264.2299939,   318.8897207,   321,   19.285061,   8.958348139,   233.9718902,   5.5548,   5.520232868,   165.6,   159.4146672,   120.6979128,   0.49,   -6.24,   97.34,   95.32,   2,   -1.36,   -0.48,   318.92,   249.8699939,   276.8499939,   895.4,   19,   71.04,   165.64,   73.32,   1.224,   0.956,   3.15,   2.89,   30.344,    -999999,  0.21092,   1.30918,   1.09566,   39.276,   35.914,   251.5799939,   0.02184,   5.53296,   0.160317,   0.929379,   60.26,   411.27,   1.873514286,   0.0902,    -999999,   -999999,   -999999,   -999999,   -999999,   -999999,   -999999,   -999999,   -999999,   -999999,   -999999,   -999999,   -999999,   -999999,   -999999,   -999999,   -999999,   -999999,   -999999,   -999999,   -999999,   -999999,   -999999,   -999999,   -999999,   -999999,   -999999,   -999999,   -999999,   -999999,   -999999,   -999999,   -999999,   -999999,   -999999,   -999999,   -999999,   -999999,   -999999,   -999999,   -999999,   -999999,   -999999,   -999999,   -999999,   -999999,   -999999,   -999999,   -999999,   -999999,   -999999,     -999999  
60367,   135,          1402005.0,         14.000000,  11.63354882,   37.47226564,   282.963649,   5.282732705,   519.94,   264.2699939,   318.5694152,   321,   19.27780745,   9.035905423,   235.0190362,   5.523,   5.466039428,   165.6,   159.1986024,   120.7699344,   0.49,   -6.36,   97.22,   95.24,   1.96,   -1.44,   -0.78,   318.6,   249.6699939,   276.8699939,   896.4,   19,   70.78,   165.72,   74,   1.198,   0.94,   3.158,   2.898,   29.748,    -999999,  0.222,   1.378075,   1.157675,   41.4975,   37.9425,   252.2149939,   0.03458,   5.48842,   0.169619,   0.929379,   58.06,   411.35,   1.87445,   0.0854,    -999999,   -999999,   -999999,   -999999,   -999999,   -999999,   -999999,   -999999,   -999999,   -999999,   -999999,   -999999,   -999999,   -999999,   -999999,   -999999,   -999999,   -999999,   -999999,   -999999,   -999999,   -999999,   -999999,   -999999,   -999999,   -999999,   -999999,   -999999,   -999999,   -999999,   -999999,   -999999,   -999999,   -999999,   -999999,   -999999,   -999999,   -999999,   -999999,   -999999,   -999999,   -999999,   -999999,   -999999,   -999999,   -999999,   -999999,   -999999,   -999999,   -999999,   -999999,     -999999  
60372,   135,          1402006.0,         14.000000,  11.63555874,   37.47159194,   282.9729645,   5.248656065,   522.34,   264.5499939,   318.4876052,   321,   19.27060443,   9.317915803,   236.3383913,   5.491,   5.431901827,   165.6,   158.8384944,   120.6773352,   0.49,   -6.38,   97.12,   95.12,   1.98,   -1.4,   -0.34,   318.54,   250.2699939,   277.1099939,   898.6,   19,   71.2,   165.82,   73.74,   1.254,   0.986,   3.234,   2.976,   30.578,    -999999,  0.2141888889,   1.329388889,   1.120966667,   39.89888889,   36.51333333,   251.8466606,   0.04122,   5.44978,   0.1724702,   0.953363,   58.68,   411.315,   1.873438462,   0.08192307692,    -999999,   -999999,   -999999,   -999999,   -999999,   -999999,   -999999,   -999999,   -999999,   -999999,   -999999,   -999999,   -999999,   -999999,   -999999,   -999999,   -999999,   -999999,   -999999,   -999999,   -999999,   -999999,   -999999,   -999999,   -999999,   -999999,   -999999,   -999999,   -999999,   -999999,   -999999,   -999999,   -999999,   -999999,   -999999,   -999999,   -999999,   -999999,   -999999,   -999999,   -999999,   -999999,   -999999,   -999999,   -999999,   -999999,   -999999,   -999999,   -999999,   -999999,   -999999,     -999999  
60377,   135,          1402007.0,         14.000000,  11.63756846,   37.47092208,   282.9822769,   5.217017824,   524.54,   264.9299939,   318.5623063,   321,   19.26343905,   9.579850735,   236.2377868,   5.4594,   5.406542467,   165.54,   158.6121408,   120.6773352,   0.49,   -6.36,   97.26,   95.24,   2.06,   -1.4,   0.14,   318.6,   251.1699939,   277.4499939,   899.4,   19,   71.66,   165.9,   73.16,   1.356,   1.072,   3.326,   3.076,   32.226,    -999999,  0.2118333333,   1.314777778,   1.113744444,   38.62,   35.44555556,   251.7699939,   0.04282,   5.41658,   0.1790902,   0.959359,   56.96,   411.26,   1.8732,   0.08799,    -999999,   -999999,   -999999,   -999999,   -999999,   -999999,   -999999,   -999999,   -999999,   -999999,   -999999,   -999999,   -999999,   -999999,   -999999,   -999999,   -999999,   -999999,   -999999,   -999999,   -999999,   -999999,   -999999,   -999999,   -999999,   -999999,   -999999,   -999999,   -999999,   -999999,   -999999,   -999999,   -999999,   -999999,   -999999,   -999999,   -999999,   -999999,   -999999,   -999999,   -999999,   -999999,   -999999,   -999999,   -999999,   -999999,   -999999,   -999999,   -999999,   -999999,   -999999,     -999999  
60382,   135,          1402008.0,         14.000000,  11.63957787,   37.47024306,   282.9915848,   5.189463904,   526.5,   265.0499939,   318.3671622,   321,   19.25629914,   10.01429656,   231.0432246,   5.4284,   5.383377667,   165.5,   158.8796496,   121.0580208,   0.49,   -6.36,   97.62,   95.22,   2.38,   -1.4,   -0.3,   318.46,   251.9899939,   277.6299939,   901,   19,   71.24,   166,   73.4,   1.446,   1.148,   3.362,   3.112,   34.152,    -999999,  0.2434,   1.51084,   1.28548,   43.33,   39.892,   253.4219939,   0.05098,   5.37742,   0.1731982,   0.959359,   56.68,   411.42,   1.874523077,   0.08935714286,    -999999,   -999999,   -999999,   -999999,   -999999,   -999999,   -999999,   -999999,   -999999,   -999999,   -999999,   -999999,   -999999,   -999999,   -999999,   -999999,   -999999,   -999999,   -999999,   -999999,   -999999,   -999999,   -999999,   -999999,   -999999,   -999999,   -999999,   -999999,   -999999,   -999999,   -999999,   -999999,   -999999,   -999999,   -999999,   -999999,   -999999,   -999999,   -999999,   -999999,   -999999,   -999999,   -999999,   -999999,   -999999,   -999999,   -999999,   -999999,   -999999,   -999999,   -999999,     -999999  
60387,   135,          1402009.0,         14.000000,  11.64158729,   37.4695633,   283.0008926,   5.159044864,   528.66,   265.1899939,   318.1629313,   320,   19.24919185,   10.4161231,   226.6386107,   5.3962,   5.340827586,   165.4,   159.1060032,   121.4489952,   0.49,   -6.38,   97.88,   95.2,   2.64,   -1.38,   -0.28,   318.22,   252.8099939,   277.7699939,   902.4,   19,   71.26,   166.08,   73.06,   1.544,   1.23,   3.396,   3.146,   36.288,    -999999,  0.25845,   1.604175,   1.37045,   45.9325,   42.315,   254.1724939,   0.03398,   5.36222,   0.1604008,   0.959359,   59.24,   411.4857143,   1.87675,   0.0907625,    -999999,   -999999,   -999999,   -999999,   -999999,   -999999,   -999999,   -999999,   -999999,   -999999,   -999999,   -999999,   -999999,   -999999,   -999999,   -999999,   -999999,   -999999,   -999999,   -999999,   -999999,   -999999,   -999999,   -999999,   -999999,   -999999,   -999999,   -999999,   -999999,   -999999,   -999999,   -999999,   -999999,   -999999,   -999999,   -999999,   -999999,   -999999,   -999999,   -999999,   -999999,   -999999,   -999999,   -999999,   -999999,   -999999,   -999999,   -999999,   -999999,   -999999,   -999999,     -999999  
60392,   135,          1402010.0,         14.000000,  11.64359619,   37.46888656,   283.0101929,   5.130149823,   530.7,   265.3299939,   317.9807995,   320,   19.24212246,   10.77902486,   224.1036978,   5.3646,   5.297241185,   165.24,   159.0957144,   121.6239048,   0.49,   -6.3,   98.04,   95.2,   2.82,   -1.34,   -0.36,   318.02,   253.7499939,   277.9099939,   903.6,   19,   71.16,   166.16,   73,   1.67,   1.34,   3.434,   3.186,   38.968,    -999999,  0.259075,   1.60795,   1.379275,   45.2825,   41.8125,   254.2474939,   0.04316,   5.32144,   0.1660708,   0.9833438,   60.78,   411.52,   1.8773,   0.08753529412,    -999999,   -999999,   -999999,   -999999,   -999999,   -999999,   -999999,   -999999,   -999999,   -999999,   -999999,   -999999,   -999999,   -999999,   -999999,   -999999,   -999999,   -999999,   -999999,   -999999,   -999999,   -999999,   -999999,   -999999,   -999999,   -999999,   -999999,   -999999,   -999999,   -999999,   -999999,   -999999,   -999999,   -999999,   -999999,   -999999,   -999999,   -999999,   -999999,   -999999,   -999999,   -999999,   -999999,   -999999,   -999999,   -999999,   -999999,   -999999,   -999999,   -999999,   -999999,     -999999  
60397,   135,          1402011.0,         14.000000,  11.64560449,   37.4682106,   283.019484,   5.099425983,   532.9,   265.5899939,   317.9164024,   320,   19.23508915,   10.93973781,   223.9771502,   5.3334,   5.276088065,   165.12,   158.8899384,   121.6444824,   0.49,   -6.24,   98.06,   95.2,   2.86,   -1.46,   -0.44,   317.98,   254.4299939,   278.1499939,   905.2,   18.96,   71.16,   166.24,   73.48,   1.762,   1.418,   3.502,   3.258,   40.454,    -999999,  0.25244,   1.56688,   1.34948,   43.58,   40.314,   253.9939939,   0.0433,   5.2901,   0.1733816,   0.98934,   60.26,   411.52,   1.876745455,   0.08855,    -999999,   -999999,   -999999,   -999999,   -999999,   -999999,   -999999,   -999999,   -999999,   -999999,   -999999,   -999999,   -999999,   -999999,   -999999,   -999999,   -999999,   -999999,   -999999,   -999999,   -999999,   -999999,   -999999,   -999999,   -999999,   -999999,   -999999,   -999999,   -999999,   -999999,   -999999,   -999999,   -999999,   -999999,   -999999,   -999999,   -999999,   -999999,   -999999,   -999999,   -999999,   -999999,   -999999,   -999999,   -999999,   -999999,   -999999,   -999999,   -999999,   -999999,   -999999,     -999999  
60402,   135,          1402012.0,         14.000000,  11.64761258,   37.46754226,   283.028772,   5.071628223,   534.9,   265.8699939,   317.9111278,   320,   19.22809725,   11.21995228,   223.2989309,   5.302,   5.261152865,   165.1,   158.7973392,   121.7370816,   0.49,   -6.34,   98.12,   95.1,   2.98,   -1.54,   -0.32,   317.96,   254.3699939,   278.4099939,   906.6,   18.9,   71.28,   166.32,   73.64,   1.748,   1.41,   3.582,   3.342,   39.406,    -999999,  0.2501333333,   1.552566667,   1.342566667,   42.45666667,   39.36666667,   253.9333272,   0.03688,   5.26512,   0.1669268,   0.98934,   57.78,   411.48,   1.876530769,   0.09315555556,    -999999,   -999999,   -999999,   -999999,   -999999,   -999999,   -999999,   -999999,   -999999,   -999999,   -999999,   -999999,   -999999,   -999999,   -999999,   -999999,   -999999,   -999999,   -999999,   -999999,   -999999,   -999999,   -999999,   -999999,   -999999,   -999999,   -999999,   -999999,   -999999,   -999999,   -999999,   -999999,   -999999,   -999999,   -999999,   -999999,   -999999,   -999999,   -999999,   -999999,   -999999,   -999999,   -999999,   -999999,   -999999,   -999999,   -999999,   -999999,   -999999,   -999999,   -999999,     -999999  
