inputs/ACTAMERICA_Merge/C130/ACTAMERICA-mrg05-c130_merge_20160810_R3.ict
141, 1001
Shook, Michael
NASA Atmospheric Composition Branch, NASA Langley Research Center (SSAI)
Merged data file for ACT-AMERICA 2016, Flight 13 (20160810), on the c130 platform. Data is merged to 05 seconds.
ACTAmerica - 2016
1, 1
2016, 08, 10, 2018, 08, 24
05
UTC,s
99
1, 1, 1, 1, 1, 1, 1, 1, 1, 1, 1, 1, 1, 1, 1, 1, 1, 1, 1, 1, 1, 1, 1, 1, 1, 1, 1, 1, 1, 1, 1, 1, 1, 1, 1, 1, 1, 1, 1, 1, 1, 1, 1, 1, 1, 1, 1, 1, 1, 1, 1, 1, 1, 1, 1, 1, 1, 1, 1, 1, 1, 1, 1, 1, 1, 1, 1, 1, 1, 1, 1, 1, 1, 1, 1, 1, 1, 1, 1, 1, 1, 1, 1, 1, 1, 1, 1, 1, 1, 1, 1, 1, 1, 1, 1, 1, 1, 1, 1
-999999, -999999, -999999, -999999, -999999, -999999, -999999, -999999, -999999, -999999, -999999, -999999, -999999, -999999, -999999, -999999, -999999, -999999, -999999, -999999, -999999, -999999, -999999, -999999, -999999, -999999, -999999, -999999, -999999, -999999, -999999, -999999, -999999, -999999, -999999, -999999, -999999, -999999, -999999, -999999, -999999, -999999, -999999, -999999, -999999, -999999, -999999, -999999, -999999, -999999, -999999, -999999, -999999, -999999, -999999, -999999, -999999, -999999, -999999, -999999, -999999, -999999, -999999, -999999, -999999, -999999, -999999, -999999, -999999, -999999, -999999, -999999, -999999, -999999, -999999, -999999, -999999, -999999, -999999, -999999, -999999, -999999, -999999, -999999, -999999, -999999, -999999, -999999, -999999, -999999, -999999, -999999, -999999, -999999, -999999, -999999, -999999, -999999, -999999
JDAY, days
INDEX, none
FLIGHT, none
LOCAL_SUN_TIME, hour
LATITUDE, degs
LONGITUDE, degs
ALTP, km
PRESSURE, hPa
TEMPERATURE, K
THETA, K, calculated from ambient temperature and pressure
O3COLUMN, DU, OMI ozone column data extracted along flight track
SZA, deg
WNS, m s-1
WND, Degs
GPS_ALT, km
GRD_SPD, m s-1
TAS, m/s
IAS, m/s
MachNumber, mach
VerticalSpeed, m s-1
HDG, degs
TRK, degs
DriftAngle, degs
PITCH, degs
ROLL, degs
PotentialTemp_Nav, K
Dewpoint, K
TotalAirTemp, K
CabinPressure, hPa
SolarZenithAngle, degs
AircraftSunElevation, degs
SunAzimuth, degs
AircraftSunAzimuth, degs
H2O_MixingRatio_Nav, g kg-1
H2O_VaporPressure_Nav, hPa
H2O_SatVaporPressureWater_Nav, hPa
H2O_SatVaporPressureIce_Nav, hPa
H2O_RelativeHumidity_Nav, %
ManeuverFlag, none
GroundElevation-AMSL_GoogleMaps, km
Altitude-AGL_GoogleMaps, km
GroundHeight-AMSL_CPL, km
MLH-AMSL_CPL, km
O3_MoleFraction, ppb
CO2_DryMoleFrac_PICARRO, ppm
CH4_DryMoleFrac_PICARRO, ppm
CO_DryMoleFrac_PICARRO, ppm
CO2_MoleFraction_PFP, ppm
CH4_MoleFraction_PFP, ppb
CO_MoleFraction_PFP, ppb
N2O_MoleFraction_PFP, ppb
SF6_CCGG_MoleFraction_PFP, ppt
H2_MoleFraction_PFP, ppb
CH4C13_MoleFraction_PFP, permil
CO2C14_MoleFraction_PFP, permil
F11B_MoleFraction_PFP, ppt
FC12_MoleFraction_PFP, ppt
F13_MoleFraction_PFP, ppt
F113_MoleFraction_PFP, ppt
F115_MoleFraction_PFP, ppt
HF133a_MoleFraction_PFP, ppt
F23_MoleFraction_PFP, ppt
F32_MoleFraction_PFP, ppt
F134A_MoleFraction_PFP, ppt
F152A_MoleFraction_PFP, ppt
F125_MoleFraction_PFP, ppt
F143a_MoleFraction_PFP, ppt
F227e_MoleFraction_PFP, ppt
F365m_MoleFraction_PFP, ppt
H1211_MoleFraction_PFP, ppt
H1301_MoleFraction_PFP, ppt
H2402_MoleFraction_PFP, ppt
MCFA_MoleFraction_PFP, ppt
CF4_MoleFraction_PFP, ppt
C2F6_MoleFraction_PFP, ppt
SO2F2_MoleFraction_PFP, ppt
MEBR_MoleFraction_PFP, ppt
CH3I_MoleFraction_PFP, ppt
DIBR_MoleFraction_PFP, ppt
OCS_MoleFraction_PFP, ppt
[...]
[from data line 3170]
75292,   223,          1303171.0,         13.000000,  14.56509789,   40.910324,   264.749385,   0.6782409684,   934,   301.6299939,   307.5720355,   290,   41.8342065,   2.31932294,   166.3050726,   0.7126,   132,   131.079312,   123.156936,   0.38,   0,   262.92,   267.2,   -97.12,   0.12,   -0.68,   307.54,   293.0299939,   310.2499939,   960.6,   40.92,   48.96,   -117.9,   -19.74,   16.768,   23.44,   39.242,   51.57,   59.728,   6,   0.32384,   0.38876,    -999999,   -999999,   -999999,  398.135,   1.9162,   0.115,    -999999,   -999999,   -999999,   -999999,   -999999,   -999999,   -999999,   -999999,   -999999,   -999999,   -999999,   -999999,   -999999,   -999999,   -999999,   -999999,   -999999,   -999999,   -999999,   -999999,   -999999,   -999999,   -999999,   -999999,   -999999,   -999999,   -999999,   -999999,   -999999,   -999999,   -999999,   -999999,   -999999,   -999999,   -999999,   -999999,   -999999,   -999999,   -999999,   -999999,   -999999,   -999999,   -999999,   -999999,   -999999,   -999999,   -999999,   -999999,   -999999,   -999999,   -999999,     -999999  
75297,   223,          1303172.0,         13.000000,  14.56596118,   40.9100198,   264.741501,   0.6787896084,   933.8,   301.5299939,   307.4888794,   290,   41.84287121,   2.577408219,   164.6530012,   0.7098,   132.8,   131.079312,   123.156936,   0.38,   0,   262.84,   267.14,   -97.2,   0.44,   0.32,   307.44,   293.9099939,   310.1699939,   961.2,   41,   48.28,   -117.9,   -20.58,   17.726,   24.766,   39.038,   51.262,   63.45,   6,   0.31862,   0.39118,    -999999,   -999999,   -999999,  398.56,   1.91725,   0.11565,   397.63,   1924.38,   115.81,   331.58,   9.03,   523.26,   -47.59,    -999999,  231.85,   517.03,   3.43,   71.35,   8.71,   0.5,   28.39,   19.98,   110.98,   13.65,   26.24,   21.29,   1.25,   1,   3.63,   3.29,   0.42,   2.53,   81.66,   4.66,   2.1,   8.25,   1.16,   0.73,   503.34,   591.63,   38.03,   9.66,   2.64,   87.07,   3745.57,   1876.16,   563.12,   234.36,   161.33,   166.26,   31.37,   68,   0.2,   0.15,   6.04,   0.65,   60.99,          257.84000  
75302,   223,          1303173.0,         13.000000,  14.56682455,   40.9097222,   264.7336182,   0.6778752084,   934,   301.5699939,   307.5108535,   290,   41.85154075,   3.299309064,   160.9872819,   0.7106,   132.4,   130.256208,   122.333832,   0.376,   0,   262.96,   267.26,   -97,   0.5,   0.1,   307.46,   293.7699939,   310.0899939,   961.2,   41,   48.34,   -117.9,   -20.46,   17.556,   24.534,   39.084,   51.332,   62.77,   6,   0.31702,   0.39358,    -999999,   -999999,   -999999,  397.555,   1.9215,   0.118,   397.63,   1924.38,   115.81,   331.58,   9.03,   523.26,   -47.59,    -999999,  231.85,   517.03,   3.43,   71.35,   8.71,   0.5,   28.39,   19.98,   110.98,   13.65,   26.24,   21.29,   1.25,   1,   3.63,   3.29,   0.42,   2.53,   81.66,   4.66,   2.1,   8.25,   1.16,   0.73,   503.34,   591.63,   38.03,   9.66,   2.64,   87.07,   3745.57,   1876.16,   563.12,   234.36,   161.33,   166.26,   31.37,   68,   0.2,   0.15,   6.04,   0.65,   60.99,          257.84000  
75307,   223,          1303174.0,         13.000000,  14.56768761,   40.9094414,   264.7257308,   0.6779361684,   934,   301.4499939,   307.3884895,   290,   41.86021563,   3.977128654,   155.6077437,   0.7102,   133,   129.535992,   121.819392,   0.37,   0,   263.42,   267.44,   -96.56,   0.54,   0.46,   307.36,   294.0499939,   309.8699939,   961.6,   41,   48.18,   -117.9,   -21.24,   17.872,   24.966,   38.876,   51.012,   64.222,   6,   0.30354,   0.40666,    -999999,   -999999,   -999999,  397.5428571,   1.9248,   0.1185263158,   397.63,   1924.38,   115.81,   331.58,   9.03,   523.26,   -47.59,    -999999,  231.85,   517.03,   3.43,   71.35,   8.71,   0.5,   28.39,   19.98,   110.98,   13.65,   26.24,   21.29,   1.25,   1,   3.63,   3.29,   0.42,   2.53,   81.66,   4.66,   2.1,   8.25,   1.16,   0.73,   503.34,   591.63,   38.03,   9.66,   2.64,   87.07,   3745.57,   1876.16,   563.12,   234.36,   161.33,   166.26,   31.37,   68,   0.2,   0.15,   6.04,   0.65,   60.99,          257.84000  
75312,   223,          1303175.0,         13.000000,  14.56854978,   40.9091782,   264.71783,   0.6803136084,   933.8,   301.2899939,   307.2441364,   290,   41.8688902,   3.795911057,   155.3045847,   0.713,   133,   129.947544,   122.025168,   0.374,   0,   263.8,   267.54,   -96.18,   0.26,   0,   307.24,   294.9699939,   309.7499939,   961.4,   41,   48.58,   -117.88,   -21.2,   18.918,   26.406,   38.52,   50.472,   68.55,   6,   0.30354,   0.40946,    -999999,   -999999,   -999999,  396.7642857,   1.92835,   0.1184444444,   397.63,   1924.38,   115.81,   331.58,   9.03,   523.26,   -47.59,    -999999,  231.85,   517.03,   3.43,   71.35,   8.71,   0.5,   28.39,   19.98,   110.98,   13.65,   26.24,   21.29,   1.25,   1,   3.63,   3.29,   0.42,   2.53,   81.66,   4.66,   2.1,   8.25,   1.16,   0.73,   503.34,   591.63,   38.03,   9.66,   2.64,   87.07,   3745.57,   1876.16,   563.12,   234.36,   161.33,   166.26,   31.37,   68,   0.2,   0.15,   6.04,   0.65,   60.99,          257.84000  
75317,   223,          1303176.0,         13.000000,  14.56941132,   40.9089164,   264.7099198,   0.6803136084,   933.6,   301.2099939,   307.1813545,   290,   41.8775601,   3.096445747,   159.5263049,   0.7132,   133,   130.873536,   122.95116,   0.38,   0,   263.82,   267.56,   -96.18,   0.34,   -0.56,   307.16,   294.6499939,   309.7499939,   961.8,   41,   48.7,   -117.8,   -20.64,   18.548,   25.896,   38.29,   50.122,   67.632,   6,   0.3081,   0.4051,    -999999,   -999999,   -999999,  396.3142857,   1.92905,   0.1136842105,    -999999,   -999999,   -999999,   -999999,   -999999,   -999999,   -999999,   -999999,   -999999,   -999999,   -999999,   -999999,   -999999,   -999999,   -999999,   -999999,   -999999,   -999999,   -999999,   -999999,   -999999,   -999999,   -999999,   -999999,   -999999,   -999999,   -999999,   -999999,   -999999,   -999999,   -999999,   -999999,   -999999,   -999999,   -999999,   -999999,   -999999,   -999999,   -999999,   -999999,   -999999,   -999999,   -999999,   -999999,   -999999,   -999999,   -999999,   -999999,   -999999,   -999999,   -999999,     -999999  
75322,   223,          1303177.0,         13.000000,  14.57027226,   40.9086464,   264.7020006,   0.6809232084,   933.8,   301.3099939,   307.2645317,   290,   41.88622138,   2.93671643,   162.2569018,   0.7118,   133,   131.079312,   123.362712,   0.38,   0,   263.28,   267.46,   -96.76,   0.12,   -0.42,   307.26,   294.4299939,   309.9699939,   961.4,   41,   48.82,   -117.8,   -20.22,   18.298,   25.552,   38.532,   50.486,   66.312,   6,   0.33354,   0.37826,    -999999,   -999999,   -999999,  395.74,   1.92625,   0.1137,    -999999,   -999999,   -999999,   -999999,   -999999,   -999999,   -999999,   -999999,   -999999,   -999999,   -999999,   -999999,   -999999,   -999999,   -999999,   -999999,   -999999,   -999999,   -999999,   -999999,   -999999,   -999999,   -999999,   -999999,   -999999,   -999999,   -999999,   -999999,   -999999,   -999999,   -999999,   -999999,   -999999,   -999999,   -999999,   -999999,   -999999,   -999999,   -999999,   -999999,   -999999,   -999999,   -999999,   -999999,   -999999,   -999999,   -999999,   -999999,   -999999,   -999999,   -999999,     -999999  
75327,   223,          1303178.0,         13.000000,  14.5711327,   40.9083702,   264.6940738,   0.6767169684,   934,   301.3499939,   307.2865195,   290,   41.89487589,   2.799248687,   164.2136105,   0.708,   133,   131.593752,   123.568488,   0.38,   0,   262.98,   267.4,   -96.96,   0.28,   -0.02,   307.26,   294.3099939,   310.0499939,   961.4,   41,   48.54,   -117.8,   -20.38,   18.156,   25.366,   38.62,   50.622,   65.674,   6,   0.34234,   0.36566,    -999999,   -999999,   -999999,  396.6471429,   1.9242,   0.1166,    -999999,   -999999,   -999999,   -999999,   -999999,   -999999,   -999999,   -999999,   -999999,   -999999,   -999999,   -999999,   -999999,   -999999,   -999999,   -999999,   -999999,   -999999,   -999999,   -999999,   -999999,   -999999,   -999999,   -999999,   -999999,   -999999,   -999999,   -999999,   -999999,   -999999,   -999999,   -999999,   -999999,   -999999,   -999999,   -999999,   -999999,   -999999,   -999999,   -999999,   -999999,   -999999,   -999999,   -999999,   -999999,   -999999,   -999999,   -999999,   -999999,   -999999,   -999999,     -999999  
75332,   223,          1303179.0,         13.000000,  14.57199271,   40.9080972,   264.6861406,   0.6726936083,   934.4,   301.4299939,   307.3304958,   290,   41.90352854,   4.066192455,   151.4897218,   0.7052,   133.4,   130.050432,   122.333832,   0.376,   0,   263.82,   267.46,   -96.2,   0.06,   0.12,   307.28,   295.0099939,   309.9299939,   961.4,   41,   48.66,   -117.8,   -21.42,   18.948,   26.472,   38.784,   50.872,   68.262,   6,   0.33604,   0.36916,    -999999,   -999999,   -999999,  396.175,   1.92825,   0.1195,    -999999,   -999999,   -999999,   -999999,   -999999,   -999999,   -999999,   -999999,   -999999,   -999999,   -999999,   -999999,   -999999,   -999999,   -999999,   -999999,   -999999,   -999999,   -999999,   -999999,   -999999,   -999999,   -999999,   -999999,   -999999,   -999999,   -999999,   -999999,   -999999,   -999999,   -999999,   -999999,   -999999,   -999999,   -999999,   -999999,   -999999,   -999999,   -999999,   -999999,   -999999,   -999999,   -999999,   -999999,   -999999,   -999999,   -999999,   -999999,   -999999,   -999999,   -999999,     -999999  
75337,   223,          1303180.0,         13.000000,  14.57285068,   40.9078284,   264.6781768,   0.6717792083,   934.4,   301.2699939,   307.1673638,   290,   41.91216331,   3.596249301,   157.4204224,   0.702,   134,   131.285088,   123.568488,   0.378,   0,   263.4,   267.58,   -96.6,   -0.02,   -0.44,   307.12,   294.8299939,   309.8899939,   961.2,   41,   48.98,   -117.8,   -20.42,   18.736,   26.182,   38.416,   50.312,   68.154,   6,   0.34486,   0.35714,    -999999,   -999999,   -999999,  394.895,   1.92965,   0.1195,    -999999,   -999999,   -999999,   -999999,   -999999,   -999999,   -999999,   -999999,   -999999,   -999999,   -999999,   -999999,   -999999,   -999999,   -999999,   -999999,   -999999,   -999999,   -999999,   -999999,   -999999,   -999999,   -999999,   -999999,   -999999,   -999999,   -999999,   -999999,   -999999,   -999999,   -999999,   -999999,   -999999,   -999999,   -999999,   -999999,   -999999,   -999999,   -999999,   -999999,   -999999,   -999999,   -999999,   -999999,   -999999,   -999999,   -999999,   -999999,   -999999,   -999999,   -999999,     -999999  
75342,   223,          1303181.0,         13.000000,  14.57370826,   40.9075518,   264.6702072,   0.6678168083,   935,   301.3899939,   307.2333595,   290,   41.92079181,   3.934303838,   156.7257407,   0.6972,   134,   131.079312,   123.362712,   0.38,   -0.8,   263.12,   267.24,   -96.92,   0.28,   -0.84,   307.18,   294.8699939,   310.0299939,   961.2,   41,   48.78,   -117.8,   -19.56,   18.774,   26.244,   38.684,   50.716,   67.852,   6,   0.3531,   0.3441,    -999999,   -999999,   -999999,  396.21,   1.9304,   0.121,    -999999,   -999999,   -999999,   -999999,   -999999,   -999999,   -999999,   -999999,   -999999,   -999999,   -999999,   -999999,   -999999,   -999999,   -999999,   -999999,   -999999,   -999999,   -999999,   -999999,   -999999,   -999999,   -999999,   -999999,   -999999,   -999999,   -999999,   -999999,   -999999,   -999999,   -999999,   -999999,   -999999,   -999999,   -999999,   -999999,   -999999,   -999999,   -999999,   -999999,   -999999,   -999999,   -999999,   -999999,   -999999,   -999999,   -999999,   -999999,   -999999,   -999999,   -999999,     -999999  
75347,   223,          1303182.0,         13.000000,  14.57456503,   40.9072466,   264.6622254,   0.6638544082,   935.4,   301.3299939,   307.1346607,   290,   41.92940064,   4.073080688,   153.4259841,   0.693,   134,   131.079312,   123.362712,   0.38,   -0.2,   263.46,   267.18,   -96.56,   0.36,   0.76,   307.12,   295.2299939,   309.9699939,   961.8,   41,   48.18,   -117.8,   -21.54,   19.184,   26.826,   38.606,   50.6,   69.494,   6,   0.34294,   0.35006,    -999999,   -999999,   -999999,  395.71,   1.93355,   0.1245,    -999999,   -999999,   -999999,   -999999,   -999999,   -999999,   -999999,   -999999,   -999999,   -999999,   -999999,   -999999,   -999999,   -999999,   -999999,   -999999,   -999999,   -999999,   -999999,   -999999,   -999999,   -999999,   -999999,   -999999,   -999999,   -999999,   -999999,   -999999,   -999999,   -999999,   -999999,   -999999,   -999999,   -999999,   -999999,   -999999,   -999999,   -999999,   -999999,   -999999,   -999999,   -999999,   -999999,   -999999,   -999999,   -999999,   -999999,   -999999,   -999999,   -999999,   -999999,     -999999  
75352,   223,          1303183.0,         13.000000,  14.57542178,   40.9069648,   264.6542434,   0.6626961682,   935.6,   301.4099939,   307.1974368,   290,   41.93802063,   3.285932661,   156.8162071,   0.691,   134,   131.902416,   124.082928,   0.38,   0,   263.88,   267.52,   -96.1,   0.18,   0.24,   307.18,   295.5299939,   310.1699939,   962.2,   41.04,   48.5,   -117.7,   -21.56,   19.54,   27.322,   38.808,   50.91,   70.408,   6,   0.3345,   0.3565,    -999999,   -999999,   -999999,  394.55,   1.93515,   0.1195238095,    -999999,   -999999,   -999999,   -999999,   -999999,   -999999,   -999999,   -999999,   -999999,   -999999,   -999999,   -999999,   -999999,   -999999,   -999999,   -999999,   -999999,   -999999,   -999999,   -999999,   -999999,   -999999,   -999999,   -999999,   -999999,   -999999,   -999999,   -999999,   -999999,   -999999,   -999999,   -999999,   -999999,   -999999,   -999999,   -999999,   -999999,   -999999,   -999999,   -999999,   -999999,   -999999,   -999999,   -999999,   -999999,   -999999,   -999999,   -999999,   -999999,   -999999,   -999999,     -999999  
