inputs/ACTAMERICA_Merge/C130/ACTAMERICA-mrg05-c130_merge_20171021_R0.ict
145, 1001
Shook, Michael
NASA Atmospheric Composition Branch, NASA Langley Research Center (SSAI)
Merged data file for ACT-AMERICA Fall 2017, Flight 11 (20171021), on the c130 platform. Data is merged to 05 seconds.
NASA ACT-AMERICA Fall 2017
1, 1
2017, 10, 21, 2018, 07, 05
05
UTC,s
106
1, 1, 1, 1, 1, 1, 1, 1, 1, 1, 1, 1, 1, 1, 1, 1, 1, 1, 1, 1, 1, 1, 1, 1, 1, 1, 1, 1, 1, 1, 1, 1, 1, 1, 1, 1, 1, 1, 1, 1, 1, 1, 1, 1, 1, 1, 1, 1, 1, 1, 1, 1, 1, 1, 1, 1, 1, 1, 1, 1, 1, 1, 1, 1, 1, 1, 1, 1, 1, 1, 1, 1, 1, 1, 1, 1, 1, 1, 1, 1, 1, 1, 1, 1, 1, 1, 1, 1, 1, 1, 1, 1, 1, 1, 1, 1, 1, 1, 1, 1, 1, 1, 1, 1, 1, 1
-999999, -999999, -999999, -999999, -999999, -999999, -999999, -999999, -999999, -999999, -999999, -999999, -999999, -999999, -999999, -999999, -999999, -999999, -999999, -999999, -999999, -999999, -999999, -999999, -999999, -999999, -999999, -999999, -999999, -999999, -999999, -999999, -999999, -999999, -999999, -999999, -999999, -999999, -999999, -999999, -999999, -999999, -999999, -999999, -999999, -999999, -999999, -999999, -999999, -999999, -999999, -999999, -999999, -999999, -999999, -999999, -999999, -999999, -999999, -999999, -999999, -999999, -999999, -999999, -999999, -999999, -999999, -999999, -999999, -999999, -999999, -999999, -999999, -999999, -999999, -999999, -999999, -999999, -999999, -999999, -999999, -999999, -999999, -999999, -999999, -999999, -999999, -999999, -999999, -999999, -999999, -999999, -999999, -999999, -999999, -999999, -999999, -999999, -999999, -999999, -999999, -999999, -999999, -999999, -999999, -999999
JDAY, days
INDEX, none
FLIGHT, none
LOCAL_SUN_TIME, hour
LATITUDE, degs
LONGITUDE, degs
ALTP, km
PRESSURE, hPa
TEMPERATURE, K
THETA, K, calculated from ambient temperature and pressure
O3COLUMN, DU, OMI ozone column data extracted along flight track
SZA, deg
WNS, m s-1
WND, Degs
GPS_ALT, km
GRD_SPD, m s-1
TAS, m/s
IAS, m/s
MachNumber, mach
VerticalSpeed, m s-1
HDG, degs
TRK, degs
DriftAngle, degs
PITCH, degs
ROLL, degs
PotentialTemp_Nav, K
Dewpoint, K
TotalAirTemp, K
CabinPressure, hPa
SolarZenithAngle, degs
AircraftSunElevation, degs
SunAzimuth, degs
AircraftSunAzimuth, degs
H2O_MixingRatio_Nav, g kg-1
H2O_VaporPressure_Nav, hPa
H2O_SatVaporPressureWater_Nav, hPa
H2O_SatVaporPressureIce_Nav, hPa
H2O_RelativeHumidity_Nav, %
ManeuverFlag, none
H2O_VolMixingRatio_PICARRO, %
H2O_MassMixingRatio_PICARRO, g kg-1
H2O_VaporPressure_PICARRO, hPa
RHi_PICARRO, %
RHw_PICARRO, %
Dewpoint_PICARRO, K
GPS_ALT, km
GroundElevation-AMSL_GoogleMaps, km
Altitude-AGL_GoogleMaps, km
GroundHeight-AMSL_CPL, km
MLH-AMSL_CPL, km
O3_MixingRatio, ppbv
CO2_DryMoleFrac_PICARRO, ppm
CH4_DryMoleFrac_PICARRO, ppm
CO_DryMoleFrac_PICARRO, ppm
CO2_MoleFraction_PFP, ppm
CH4_MoleFraction_PFP, ppb
CO_MoleFraction_PFP, ppb
N2O_MoleFraction_PFP, ppb
SF6_CCGG_MoleFraction_PFP, ppt
H2_MoleFraction_PFP, ppb
CH4C13_PFP, permil
CO2C14_PFP, permil
F11B_MoleFraction_PFP, ppt
FC12_MoleFraction_PFP, ppt
F13_MoleFraction_PFP, ppt
F113_MoleFraction_PFP, ppt
F115_MoleFraction_PFP, ppt
HF133a_MoleFraction_PFP, ppt
F23_MoleFraction_PFP, ppt
F32_MoleFraction_PFP, ppt
F134A_MoleFraction_PFP, ppt
F152A_MoleFraction_PFP, ppt
F125_MoleFraction_PFP, ppt
F143a_MoleFraction_PFP, ppt
F227e_MoleFraction_PFP, ppt
F365m_MoleFraction_PFP, ppt
H1211_MoleFraction_PFP, ppt
H1301_MoleFraction_PFP, ppt
[...]
[from data line 2723]
71287,   294,          1102724.0,         11.000000,  13.02856357,   41.47441544,   258.3888702,   3.998061649,   616,   261.0499939,   299.8081859,   160.9320068,   54.05962698,   15.21946971,   286.6784458,   3.9816,   163.48,   148.261608,   122.7042288,   0.46,   0.18,   100.82,   101.38,   -0.54,   0.6,   0,   299.8,   242.0099939,   272.0499939,   882.6,   55.3,   34.48,   -157.1,   101.78,   0.498,   0.464,   2.45,   2.18,   18.882,    -999999,  0.07797777778,   0.4841111111,   0.4825111111,   23.09333333,   20.46,   242.5766606,   3.9816,   1.09184,   2.88976,   1.199912,   1.46902,   50.2,   405.46,   1.925738462,   0.1071952381,    -999999,   -999999,   -999999,   -999999,   -999999,   -999999,   -999999,   -999999,   -999999,   -999999,   -999999,   -999999,   -999999,   -999999,   -999999,   -999999,   -999999,   -999999,   -999999,   -999999,   -999999,   -999999,   -999999,   -999999,   -999999,   -999999,   -999999,   -999999,   -999999,   -999999,   -999999,   -999999,   -999999,   -999999,   -999999,   -999999,   -999999,   -999999,   -999999,   -999999,   -999999,   -999999,   -999999,   -999999,   -999999,   -999999,   -999999,   -999999,   -999999,   -999999,   -999999,     -999999  
71292,   294,          1102725.0,         11.000000,  13.03059193,   41.4729682,   258.3984623,   3.994647889,   616,   261.1299939,   299.9000636,   160.9320068,   54.06562506,   15.13844625,   286.097119,   3.9814,   163.64,   148.5394056,   122.9408712,   0.46,   -0.08,   100.82,   101.32,   -0.5,   0.42,   -0.06,   299.84,   242.3699939,   272.1499939,   883.2,   55.3,   34.38,   -157.1,   102,   0.516,   0.478,   2.464,   2.194,   19.462,    -999999,  0.077975,   0.483875,   0.482225,   22.595,   20.065,   242.5699939,   3.9814,   1.08182,   2.89958,   1.19901,   1.463024,   53.3,   405.474,   1.92595,   0.1109666667,    -999999,   -999999,   -999999,   -999999,   -999999,   -999999,   -999999,   -999999,   -999999,   -999999,   -999999,   -999999,   -999999,   -999999,   -999999,   -999999,   -999999,   -999999,   -999999,   -999999,   -999999,   -999999,   -999999,   -999999,   -999999,   -999999,   -999999,   -999999,   -999999,   -999999,   -999999,   -999999,   -999999,   -999999,   -999999,   -999999,   -999999,   -999999,   -999999,   -999999,   -999999,   -999999,   -999999,   -999999,   -999999,   -999999,   -999999,   -999999,   -999999,   -999999,   -999999,     -999999  
71297,   294,          1102726.0,         11.000000,  13.03262117,   41.47152928,   258.4080676,   3.998061649,   616,   260.9699939,   299.7163083,   160.9320068,   54.07164824,   14.55902248,   284.3440987,   3.981,   163.8,   149.1978888,   123.5067552,   0.46,   -0.12,   100.96,   101.24,   -0.28,   0.46,   0.42,   299.68,   242.5699939,   272.0899939,   882.8,   55.3,   34.7,   -157.02,   101.92,   0.526,   0.488,   2.434,   2.164,   20.094,    -999999,  0.0853,   0.529475,   0.5276,   24.72,   21.9525,   243.5199939,   3.981,   1.11064,   2.87036,   1.222998,   1.403064,   53.22,   405.47,   1.9264,   0.1110777778,    -999999,   -999999,   -999999,   -999999,   -999999,   -999999,   -999999,   -999999,   -999999,   -999999,   -999999,   -999999,   -999999,   -999999,   -999999,   -999999,   -999999,   -999999,   -999999,   -999999,   -999999,   -999999,   -999999,   -999999,   -999999,   -999999,   -999999,   -999999,   -999999,   -999999,   -999999,   -999999,   -999999,   -999999,   -999999,   -999999,   -999999,   -999999,   -999999,   -999999,   -999999,   -999999,   -999999,   -999999,   -999999,   -999999,   -999999,   -999999,   -999999,   -999999,   -999999,     -999999  
71302,   294,          1102727.0,         11.000000,  13.03465075,   41.47008462,   258.417678,   3.996781489,   616,   260.9099939,   299.6474001,   160.9320068,   54.07768131,   15.05968455,   283.5229743,   3.981,   163.86,   148.8172032,   123.2186688,   0.46,   -0.1,   101.14,   101.34,   -0.22,   0.54,   0.56,   299.64,   242.7099939,   271.9699939,   884.2,   55.3,   34.98,   -157,   101.74,   0.53,   0.494,   2.422,   2.152,   20.416,    -999999,  0.08788888889,   0.5457,   0.5438888889,   25.48333333,   22.62777778,   243.8422161,   3.981,   1.11662,   2.86438,   1.223052,   1.510992,   50.52,   405.42,   1.92575,   0.1118,    -999999,   -999999,   -999999,   -999999,   -999999,   -999999,   -999999,   -999999,   -999999,   -999999,   -999999,   -999999,   -999999,   -999999,   -999999,   -999999,   -999999,   -999999,   -999999,   -999999,   -999999,   -999999,   -999999,   -999999,   -999999,   -999999,   -999999,   -999999,   -999999,   -999999,   -999999,   -999999,   -999999,   -999999,   -999999,   -999999,   -999999,   -999999,   -999999,   -999999,   -999999,   -999999,   -999999,   -999999,   -999999,   -999999,   -999999,   -999999,   -999999,   -999999,   -999999,     -999999  
71307,   294,          1102728.0,         11.000000,  13.03668033,   41.46862358,   258.4272883,   3.995501329,   616,   260.7499939,   299.4636448,   160.9320068,   54.08371296,   15.4764505,   285.8845267,   3.9802,   163.94,   148.4776728,   122.9820264,   0.46,   -0.16,   101.04,   101.48,   -0.46,   0.58,   0.3,   299.4,   242.8499939,   271.7299939,   885.8,   55.3,   34.78,   -157,   101.78,   0.538,   0.502,   2.388,   2.118,   21.022,    -999999,  0.095525,   0.593075,   0.591075,   27.695,   24.595,   244.7399939,   3.9802,   1.08722,   2.89298,   1.22226,   1.61892,   50.08,   405.434,   1.9266,   0.1121294118,    -999999,   -999999,   -999999,   -999999,   -999999,   -999999,   -999999,   -999999,   -999999,   -999999,   -999999,   -999999,   -999999,   -999999,   -999999,   -999999,   -999999,   -999999,   -999999,   -999999,   -999999,   -999999,   -999999,   -999999,   -999999,   -999999,   -999999,   -999999,   -999999,   -999999,   -999999,   -999999,   -999999,   -999999,   -999999,   -999999,   -999999,   -999999,   -999999,   -999999,   -999999,   -999999,   -999999,   -999999,   -999999,   -999999,   -999999,   -999999,   -999999,   -999999,   -999999,     -999999  
71312,   294,          1102729.0,         11.000000,  13.03871003,   41.46715408,   258.4369004,   3.996781489,   616,   260.6899939,   299.3947366,   160.9320068,   54.0897511,   15.27885071,   286.1769595,   3.98,   164,   148.7348928,   123.1878024,   0.46,   0.04,   100.98,   101.48,   -0.5,   0.7,   -0.06,   299.36,   243.0899939,   271.7299939,   886.8,   55.3,   34.36,   -156.92,   101.76,   0.552,   0.514,   2.38,   2.11,   21.572,    -999999,  0.09128888889,   0.5666111111,   0.5647888889,   27.19333333,   24.07777778,   244.2422161,   3.98,   1.0724,   2.9076,   1.216174,   1.61892,   52.12,   405.46,   1.926466667,   0.1091333333,    -999999,   -999999,   -999999,   -999999,   -999999,   -999999,   -999999,   -999999,   -999999,   -999999,   -999999,   -999999,   -999999,   -999999,   -999999,   -999999,   -999999,   -999999,   -999999,   -999999,   -999999,   -999999,   -999999,   -999999,   -999999,   -999999,   -999999,   -999999,   -999999,   -999999,   -999999,   -999999,   -999999,   -999999,   -999999,   -999999,   -999999,   -999999,   -999999,   -999999,   -999999,   -999999,   -999999,   -999999,   -999999,   -999999,   -999999,   -999999,   -999999,   -999999,   -999999,     -999999  
71317,   294,          1102730.0,         11.000000,  13.04073936,   41.46569188,   258.446507,   3.994221169,   616,   261.0099939,   299.7622471,   160.9320068,   54.09580886,   15.05834877,   286.5600467,   3.9804,   163.86,   148.8069144,   123.1878024,   0.46,   0.42,   100.84,   101.38,   -0.52,   0.76,   -0.18,   299.72,   243.3099939,   272.0899939,   888,   55.3,   34.32,   -156.9,   101.86,   0.562,   0.526,   2.446,   2.176,   21.458,    -999999,  0.08447272727,   0.5243181818,   0.5226727273,   25.80818182,   22.79090909,   243.4072666,   3.9804,   1.0722,   2.9082,   1.193454,   1.61892,   49.24,   405.47,   1.926085714,   0.10835,    -999999,   -999999,   -999999,   -999999,   -999999,   -999999,   -999999,   -999999,   -999999,   -999999,   -999999,   -999999,   -999999,   -999999,   -999999,   -999999,   -999999,   -999999,   -999999,   -999999,   -999999,   -999999,   -999999,   -999999,   -999999,   -999999,   -999999,   -999999,   -999999,   -999999,   -999999,   -999999,   -999999,   -999999,   -999999,   -999999,   -999999,   -999999,   -999999,   -999999,   -999999,   -999999,   -999999,   -999999,   -999999,   -999999,   -999999,   -999999,   -999999,   -999999,   -999999,     -999999  
71322,   294,          1102731.0,         11.000000,  13.04276827,   41.4642401,   258.4561074,   3.996781489,   616,   260.8099939,   299.532553,   160.9320068,   54.101889,   15.07579017,   287.4845955,   3.9828,   163.76,   148.7143152,   123.1466472,   0.46,   0.2,   100.68,   101.32,   -0.64,   0.74,   0.28,   299.54,   243.4099939,   271.8499939,   888.4,   55.36,   34.64,   -156.9,   102.16,   0.57,   0.53,   2.408,   2.138,   21.96,    -999999,  0.0935,   0.5805,   0.57865,   27.26,   24.19,   244.5024939,   3.9828,   1.08666,   2.89614,   1.213158,   1.582944,   50.64,   405.452,   1.926446154,   0.109,    -999999,   -999999,   -999999,   -999999,   -999999,   -999999,   -999999,   -999999,   -999999,   -999999,   -999999,   -999999,   -999999,   -999999,   -999999,   -999999,   -999999,   -999999,   -999999,   -999999,   -999999,   -999999,   -999999,   -999999,   -999999,   -999999,   -999999,   -999999,   -999999,   -999999,   -999999,   -999999,   -999999,   -999999,   -999999,   -999999,   -999999,   -999999,   -999999,   -999999,   -999999,   -999999,   -999999,   -999999,   -999999,   -999999,   -999999,   -999999,   -999999,   -999999,   -999999,     -999999  
71327,   294,          1102732.0,         11.000000,  13.04479736,   41.46279574,   258.4657105,   3.998854129,   616,   260.8499939,   299.5784919,   160.9320068,   54.10799085,   15.19634368,   287.5224232,   3.9822,   163.72,   148.5599832,   122.9820264,   0.46,   -0.4,   100.66,   101.3,   -0.64,   0.6,   0.32,   299.58,   243.4499939,   271.8299939,   888.6,   55.4,   34.68,   -156.8,   102.32,   0.57,   0.53,   2.412,   2.144,   22.018,    -999999,  0.087675,   0.54425,   0.54235,   26.0225,   23.0475,   243.8174939,   3.9822,   1.10288,   2.87932,   1.223454,   1.606928,   49.96,   405.44,   1.92615,   0.11015,    -999999,   -999999,   -999999,   -999999,   -999999,   -999999,   -999999,   -999999,   -999999,   -999999,   -999999,   -999999,   -999999,   -999999,   -999999,   -999999,   -999999,   -999999,   -999999,   -999999,   -999999,   -999999,   -999999,   -999999,   -999999,   -999999,   -999999,   -999999,   -999999,   -999999,   -999999,   -999999,   -999999,   -999999,   -999999,   -999999,   -999999,   -999999,   -999999,   -999999,   -999999,   -999999,   -999999,   -999999,   -999999,   -999999,   -999999,   -999999,   -999999,   -999999,   -999999,     -999999  
71332,   294,          1102733.0,         11.000000,  13.04682653,   41.46135458,   258.4753146,   3.997634929,   616,   260.9099939,   299.6474001,   160.9320068,   54.11411003,   14.73999102,   286.5991859,   3.9808,   163.74,   148.981824,   123.3421344,   0.46,   0.34,   100.78,   101.3,   -0.5,   0.8,   0.62,   299.6,   243.4299939,   271.9899939,   890,   55.4,   34.96,   -156.8,   102.22,   0.57,   0.53,   2.42,   2.15,   21.92,    -999999,  0.0886875,   0.5505375,   0.5486125,   26.4075,   23.38625,   243.9387439,   3.9808,   1.10202,   2.87878,   1.19407,   1.630912,   50.36,   405.46,   1.9267,   0.1089631579,    -999999,   -999999,   -999999,   -999999,   -999999,   -999999,   -999999,   -999999,   -999999,   -999999,   -999999,   -999999,   -999999,   -999999,   -999999,   -999999,   -999999,   -999999,   -999999,   -999999,   -999999,   -999999,   -999999,   -999999,   -999999,   -999999,   -999999,   -999999,   -999999,   -999999,   -999999,   -999999,   -999999,   -999999,   -999999,   -999999,   -999999,   -999999,   -999999,   -999999,   -999999,   -999999,   -999999,   -999999,   -999999,   -999999,   -999999,   -999999,   -999999,   -999999,   -999999,     -999999  
71337,   294,          1102734.0,         11.000000,  13.04885508,   41.45990542,   258.4849096,   3.999280849,   616,   260.9499939,   299.6933389,   160.9320068,   54.12023344,   15.51941616,   286.6872384,   3.9846,   163.52,   148.0352544,   122.5190304,   0.46,   0.94,   100.86,   101.4,   -0.54,   0.94,   0.7,   299.68,   243.3499939,   271.8299939,   890.4,   55.4,   35.2,   -156.78,   101.98,   0.568,   0.528,   2.428,   2.158,   21.698,    -999999,  0.08724,   0.54147,   0.53961,   25.979,   23,   243.7619939,   3.9846,   1.0711,   2.9135,   1.19815,   1.702864,   49.2,   405.48,   1.92645,   0.11015,    -999999,   -999999,   -999999,   -999999,   -999999,   -999999,   -999999,   -999999,   -999999,   -999999,   -999999,   -999999,   -999999,   -999999,   -999999,   -999999,   -999999,   -999999,   -999999,   -999999,   -999999,   -999999,   -999999,   -999999,   -999999,   -999999,   -999999,   -999999,   -999999,   -999999,   -999999,   -999999,   -999999,   -999999,   -999999,   -999999,   -999999,   -999999,   -999999,   -999999,   -999999,   -999999,   -999999,   -999999,   -999999,   -999999,   -999999,   -999999,   -999999,   -999999,   -999999,     -999999  
71342,   294,          1102735.0,         11.000000,  13.05088291,   41.45844608,   258.4944937,   3.999646609,   615.8,   260.9899939,   299.7670886,   160.9320068,   54.12635856,   15.89968405,   287.0573586,   3.9862,   163.54,   147.7060128,   122.2206552,   0.46,   -0.66,   100.84,   101.44,   -0.6,   0.36,   0.4,   299.76,   243.2299939,   271.8699939,   891.2,   55.4,   34.72,   -156.7,   102.36,   0.56,   0.52,   2.442,   2.172,   21.296,    -999999,  0.08652222222,   0.5370555556,   0.5349777778,   25.23111111,   22.38666667,   243.671105,   3.9862,   1.07672,   2.90948,   1.197178,   1.73884,   48.56,   405.49,   1.926,   0.1089647059,    -999999,   -999999,   -999999,   -999999,   -999999,   -999999,   -999999,   -999999,   -999999,   -999999,   -999999,   -999999,   -999999,   -999999,   -999999,   -999999,   -999999,   -999999,   -999999,   -999999,   -999999,   -999999,   -999999,   -999999,   -999999,   -999999,   -999999,   -999999,   -999999,   -999999,   -999999,   -999999,   -999999,   -999999,   -999999,   -999999,   -999999,   -999999,   -999999,   -999999,   -999999,   -999999,   -999999,   -999999,   -999999,   -999999,   -999999,   -999999,   -999999,   -999999,   -999999,     -999999  
