inputs/ACTAMERICA_Merge/C130/ACTAMERICA-mrg05-c130_merge_20170213_R0_L2.ict
143, 1001
Shook, Michael
NASA Atmospheric Composition Branch, NASA Langley Research Center (SSAI)
Merged data file for ACT-AMERICA 2017, Flight 07 (20170213), on the c130 platform. Data is merged to 05 seconds.
NASA ACT-AMERICA 2017
1, 1
2017, 02, 13, 2018, 02, 23
05
UTC,s
104
1, 1, 1, 1, 1, 1, 1, 1, 1, 1, 1, 1, 1, 1, 1, 1, 1, 1, 1, 1, 1, 1, 1, 1, 1, 1, 1, 1, 1, 1, 1, 1, 1, 1, 1, 1, 1, 1, 1, 1, 1, 1, 1, 1, 1, 1, 1, 1, 1, 1, 1, 1, 1, 1, 1, 1, 1, 1, 1, 1, 1, 1, 1, 1, 1, 1, 1, 1, 1, 1, 1, 1, 1, 1, 1, 1, 1, 1, 1, 1, 1, 1, 1, 1, 1, 1, 1, 1, 1, 1, 1, 1, 1, 1, 1, 1, 1, 1, 1, 1, 1, 1, 1, 1
-999999, -999999, -999999, -999999, -999999, -999999, -999999, -999999, -999999, -999999, -999999, -999999, -999999, -999999, -999999, -999999, -999999, -999999, -999999, -999999, -999999, -999999, -999999, -999999, -999999, -999999, -999999, -999999, -999999, -999999, -999999, -999999, -999999, -999999, -999999, -999999, -999999, -999999, -999999, -999999, -999999, -999999, -999999, -999999, -999999, -999999, -999999, -999999, -999999, -999999, -999999, -999999, -999999, -999999, -999999, -999999, -999999, -999999, -999999, -999999, -999999, -999999, -999999, -999999, -999999, -999999, -999999, -999999, -999999, -999999, -999999, -999999, -999999, -999999, -999999, -999999, -999999, -999999, -999999, -999999, -999999, -999999, -999999, -999999, -999999, -999999, -999999, -999999, -999999, -999999, -999999, -999999, -999999, -999999, -999999, -999999, -999999, -999999, -999999, -999999, -999999, -999999, -999999, -999999
JDAY, days
INDEX, none
FLIGHT, none
LOCAL_SUN_TIME, hour
LATITUDE, degs
LONGITUDE, degs
ALTP, km
PRESSURE, hPa
TEMPERATURE, K
THETA, K
O3COLUMN, DU
SZA, deg
WNS, m s-1
WND, Degs
GPS_ALT, km
GRD_SPD, m s-1
TAS, m/s
IAS, m/s
MachNumber, mach
VerticalSpeed, m s-1
HDG, degs
TRK, degs
DriftAngle, degs
PITCH, degs
ROLL, degs
PotentialTemp, K
Dewpoint, K
TotalAirTemp, K
CabinPressure, hPa
SolarZenithAngle, degs
AircraftSunElevation, degs
SunAzimuth, degs
AircraftSunAzimuth, degs
H2O_MixingRatio, g kg-1
H2O_VaporPressure, hPa
H2O_SatVaporPressureWater, hPa
H2O_SatVaporPressureIce, hPa
H2O_RelativeHumidity, %
H2O_VolMixingRatio_PICARRO, %
H2O_MassMixingRatio_PICARRO, g kg-1
H2O_VaporPressure_PICARRO, hPa
RHi_PICARRO, %
RHw_PICARRO, %
Dewpoint_PICARRO, K
Ground_Elevation, km
Altitude_AGL, km
GroundHeight_CPL, km
MLH_CPL, km
O3_MixingRatio, ppbv
CO2_MixingRatio_PICARRO, ppmv
CH4_MixingRatio_PICARRO, ppmv
CO_MixingRatio_PICARRO, ppmv
CO2_MoleFraction_PFP, ppm
CH4_MoleFraction_PFP, ppb
CO_MoleFraction_PFP, ppb
N2O_MoleFraction_PFP, ppb
SF6_CCGG_MoleFraction_PFP, ppt
H2_MoleFraction_PFP, ppb
CH4C13_PFP, per mil
CO2C14_PFP, per mil
F11B_MoleFraction_PFP, ppt
FC12_MoleFraction_PFP, ppt
F13_MoleFraction_PFP, ppt
F113_MoleFraction_PFP, ppt
F115_MoleFraction_PFP, ppt
HF133a_MoleFraction_PFP, ppt
F23_MoleFraction_PFP, ppt
F32_MoleFraction_PFP, ppt
F134A_MoleFraction_PFP, ppt
F152A_MoleFraction_PFP, ppt
F125_MoleFraction_PFP, ppt
F143a_MoleFraction_PFP, ppt
F227e_MoleFraction_PFP, ppt
F365m_MoleFraction_PFP, ppt
H1211_MoleFraction_PFP, ppt
H1301_MoleFraction_PFP, ppt
H2402_MoleFraction_PFP, ppt
MCFA_MoleFraction_PFP, ppt
CF4_MoleFraction_PFP, ppt
C2F6_MoleFraction_PFP, ppt
SO2F2_MoleFraction_PFP, ppt
MEBR_MoleFraction_PFP, ppt
CH3I_MoleFraction_PFP, ppt
DIBR_MoleFraction_PFP, ppt
[...]
[from data line 302]
67197,   44,          702628.00,         7.0000000,  12.08014696,   40.75952912,   261.2042877,   6.538569681,   437.2,   250.3099939,   317.0596731,   314.25,   54.13461763,   17.47908015,   258.4449676,   6.6502,   127,   144.454752,   103.299552,   0.46,   2.6,   268.24,   269.58,   -1.34,   3.52,   0.28,   316.98,   233.1099939,   260.7299939,   923.8,   53.9,   35.8,   176.8,   -88.52,   0.29,   0.19,   0.994,   0.794,   19.346,   0.03644,   0.22634,   0.15986,   20.824,   16.63,   231.5459939,   0.62126,   6.02894,   0.7902018,   1.241172,   53.14,   406.41,   1.86815,   0.09850526316,    -999999,   -999999,   -999999,   -999999,   -999999,   -999999,   -999999,   -999999,   -999999,   -999999,   -999999,   -999999,   -999999,   -999999,   -999999,   -999999,   -999999,   -999999,   -999999,   -999999,   -999999,   -999999,   -999999,   -999999,   -999999,   -999999,   -999999,   -999999,   -999999,   -999999,   -999999,   -999999,   -999999,   -999999,   -999999,   -999999,   -999999,   -999999,   -999999,   -999999,   -999999,   -999999,   -999999,   -999999,   -999999,   -999999,   -999999,   -999999,   -999999,   -999999,   -999999,     -999999  
67202,   44,          702629.00,         7.0000000,  12.08103414,   40.7594841,   261.1967621,   6.551737041,   436.4,   250.1699939,   317.0482032,   314.25,   54.13482793,   17.57965837,   259.2002303,   6.6652,   127,   144.55764,   103.299552,   0.46,   3,   268.28,   269.54,   -1.26,   3.6,   0.6,   317.02,   232.6899939,   260.5699939,   922.6,   53.9,   35.48,   176.9,   -88.52,   0.278,   0.182,   0.982,   0.784,   18.734,   0.03645,   0.226225,   0.159425,   21.245,   16.925,   231.5199939,   0.62286,   6.04234,   0.787746,   1.25916,   52.5,   406.41,   1.86805,   0.09999,    -999999,   -999999,   -999999,   -999999,   -999999,   -999999,   -999999,   -999999,   -999999,   -999999,   -999999,   -999999,   -999999,   -999999,   -999999,   -999999,   -999999,   -999999,   -999999,   -999999,   -999999,   -999999,   -999999,   -999999,   -999999,   -999999,   -999999,   -999999,   -999999,   -999999,   -999999,   -999999,   -999999,   -999999,   -999999,   -999999,   -999999,   -999999,   -999999,   -999999,   -999999,   -999999,   -999999,   -999999,   -999999,   -999999,   -999999,   -999999,   -999999,   -999999,   -999999,     -999999  
67207,   44,          702630.00,         7.0000000,  12.08192152,   40.75944748,   261.1892395,   6.568379121,   435.4,   250.0299939,   317.0785407,   314.25,   54.1350495,   17.51867759,   258.9037411,   6.681,   127,   144.454752,   103.196664,   0.46,   3,   268.34,   269.66,   -1.36,   3.58,   0.7,   317.04,   232.2499939,   260.4099939,   922.2,   53.9,   35.36,   176.9,   -88.56,   0.266,   0.176,   0.968,   0.774,   18.122,   0.0356,   0.22075,   0.155275,   21.1425,   16.805,   231.2699939,   0.62438,   6.05662,   0.7902708,   1.25916,   53.22,   406.3728571,   1.868222222,   0.09531904762,    -999999,   -999999,   -999999,   -999999,   -999999,   -999999,   -999999,   -999999,   -999999,   -999999,   -999999,   -999999,   -999999,   -999999,   -999999,   -999999,   -999999,   -999999,   -999999,   -999999,   -999999,   -999999,   -999999,   -999999,   -999999,   -999999,   -999999,   -999999,   -999999,   -999999,   -999999,   -999999,   -999999,   -999999,   -999999,   -999999,   -999999,   -999999,   -999999,   -999999,   -999999,   -999999,   -999999,   -999999,   -999999,   -999999,   -999999,   -999999,   -999999,   -999999,   -999999,     -999999  
67212,   44,          702631.00,         7.0000000,  12.08280931,   40.75941924,   261.181723,   6.585508881,   434.4,   249.8699939,   317.0838796,   314.25,   54.13528238,   17.75870597,   259.2175568,   6.6966,   127,   144.660528,   103.299552,   0.46,   2.6,   268.38,   269.7,   -1.32,   3.5,   0.46,   317.04,   231.7499939,   260.3499939,   921.2,   53.9,   35.64,   176.9,   -88.64,   0.254,   0.166,   0.954,   0.76,   17.464,   0.03575,   0.2219,   0.15575,   21.2075,   16.8575,   231.2949939,   0.6253,   6.0713,   0.7778748,   1.1992,   51.62,   406.405,   1.868,   0.100315,    -999999,   -999999,   -999999,   -999999,   -999999,   -999999,   -999999,   -999999,   -999999,   -999999,   -999999,   -999999,   -999999,   -999999,   -999999,   -999999,   -999999,   -999999,   -999999,   -999999,   -999999,   -999999,   -999999,   -999999,   -999999,   -999999,   -999999,   -999999,   -999999,   -999999,   -999999,   -999999,   -999999,   -999999,   -999999,   -999999,   -999999,   -999999,   -999999,   -999999,   -999999,   -999999,   -999999,   -999999,   -999999,   -999999,   -999999,   -999999,   -999999,   -999999,   -999999,     -999999  
67217,   44,          702632.00,         7.0000000,  12.0836968,   40.75938644,   261.174202,   6.598920082,   433.6,   249.7499939,   317.0985601,   314.25,   54.13551342,   17.79781591,   260.0225936,   6.7124,   127,   144.55764,   102.990888,   0.46,   3,   268.48,   269.7,   -1.18,   3.52,   0.38,   317.06,   231.2699939,   260.1699939,   920.4,   53.9,   35.72,   176.9,   -88.68,   0.242,   0.16,   0.942,   0.75,   16.784,   0.03646,   0.22628,   0.1585,   22.114,   17.538,   231.4659939,   0.62696,   6.08544,   0.7929968,   1.223184,   53.1,   406.39,   1.86755,   0.09633157895,    -999999,   -999999,   -999999,   -999999,   -999999,   -999999,   -999999,   -999999,   -999999,   -999999,   -999999,   -999999,   -999999,   -999999,   -999999,   -999999,   -999999,   -999999,   -999999,   -999999,   -999999,   -999999,   -999999,   -999999,   -999999,   -999999,   -999999,   -999999,   -999999,   -999999,   -999999,   -999999,   -999999,   -999999,   -999999,   -999999,   -999999,   -999999,   -999999,   -999999,   -999999,   -999999,   -999999,   -999999,   -999999,   -999999,   -999999,   -999999,   -999999,   -999999,   -999999,     -999999  
67222,   44,          702633.00,         7.0000000,  12.08458469,   40.75935594,   261.166687,   6.615074482,   432.6,   249.6099939,   317.1299475,   314.25,   54.13574969,   17.69982683,   260.8004521,   6.7282,   126.6,   144.454752,   102.888,   0.46,   3,   268.56,   269.7,   -1.1,   3.6,   0.38,   317.08,   230.9299939,   259.9899939,   920.2,   53.9,   35.72,   176.9,   -88.68,   0.234,   0.15,   0.934,   0.744,   16.386,   0.0365,   0.22665,   0.158375,   22.2075,   17.605,   231.4549939,   0.6276,   6.1006,   0.7907408,   1.25916,   52.7,   406.3871429,   1.8677,   0.09635,    -999999,   -999999,   -999999,   -999999,   -999999,   -999999,   -999999,   -999999,   -999999,   -999999,   -999999,   -999999,   -999999,   -999999,   -999999,   -999999,   -999999,   -999999,   -999999,   -999999,   -999999,   -999999,   -999999,   -999999,   -999999,   -999999,   -999999,   -999999,   -999999,   -999999,   -999999,   -999999,   -999999,   -999999,   -999999,   -999999,   -999999,   -999999,   -999999,   -999999,   -999999,   -999999,   -999999,   -999999,   -999999,   -999999,   -999999,   -999999,   -999999,   -999999,   -999999,     -999999  
67227,   44,          702634.00,         7.0000000,  12.08547309,   40.7593193,   261.1591797,   6.628424722,   432,   249.4099939,   317.0015292,   314.25,   54.1359828,   17.69943152,   260.9609092,   6.7444,   126,   144.55764,   102.888,   0.46,   3,   268.58,   269.6,   -1.08,   3.58,   0.42,   317.04,   230.5899939,   259.9099939,   919.4,   53.9,   35.68,   176.9,   -88.72,   0.224,   0.15,   0.916,   0.728,   16.05,   0.035525,   0.220475,   0.153675,   21.9875,   17.3925,   231.1749939,   0.6271,   6.1173,   0.7937356,   1.25916,   53.96,   406.39,   1.86765,   0.09765,    -999999,   -999999,   -999999,   -999999,   -999999,   -999999,   -999999,   -999999,   -999999,   -999999,   -999999,   -999999,   -999999,   -999999,   -999999,   -999999,   -999999,   -999999,   -999999,   -999999,   -999999,   -999999,   -999999,   -999999,   -999999,   -999999,   -999999,   -999999,   -999999,   -999999,   -999999,   -999999,   -999999,   -999999,   -999999,   -999999,   -999999,   -999999,   -999999,   -999999,   -999999,   -999999,   -999999,   -999999,   -999999,   -999999,   -999999,   -999999,   -999999,   -999999,   -999999,     -999999  
67232,   44,          702635.00,         7.0000000,  12.08636129,   40.75927964,   261.1516693,   6.643542802,   431,   249.2899939,   317.0588772,   314.25,   54.13621564,   17.8773709,   261.6230534,   6.76,   126,   144.55764,   102.888,   0.46,   3,   268.62,   269.56,   -1,   3.54,   0.26,   317.04,   230.3099939,   259.7299939,   917.8,   53.9,   35.84,   176.98,   -88.72,   0.22,   0.142,   0.904,   0.718,   15.784,   0.035175,   0.21835,   0.151875,   21.725,   17.185,   231.0649939,   0.62842,   6.13158,   0.7813914,   1.25916,   53.92,   406.385,   1.867811111,   0.09304736842,    -999999,   -999999,   -999999,   -999999,   -999999,   -999999,   -999999,   -999999,   -999999,   -999999,   -999999,   -999999,   -999999,   -999999,   -999999,   -999999,   -999999,   -999999,   -999999,   -999999,   -999999,   -999999,   -999999,   -999999,   -999999,   -999999,   -999999,   -999999,   -999999,   -999999,   -999999,   -999999,   -999999,   -999999,   -999999,   -999999,   -999999,   -999999,   -999999,   -999999,   -999999,   -999999,   -999999,   -999999,   -999999,   -999999,   -999999,   -999999,   -999999,   -999999,   -999999,     -999999  
67237,   44,          702636.00,         7.0000000,  12.08724979,   40.75923462,   261.1441635,   6.657563602,   430,   249.1499939,   317.0911959,   314.25,   54.13644603,   17.71865275,   261.342657,   6.7758,   126,   144.55764,   102.579336,   0.46,   3,   268.5,   269.5,   -1.02,   3.6,   0.48,   317.08,   230.1899939,   259.5499939,   918.2,   53.9,   35.62,   177,   -88.6,   0.22,   0.14,   0.898,   0.71,   15.74,   0.034625,   0.21485,   0.1492,   21.6325,   17.095,   230.8974939,   0.62958,   6.14622,   0.7973254,   1.25916,   56.86,   406.435,   1.86765,   0.0992,    -999999,   -999999,   -999999,   -999999,   -999999,   -999999,   -999999,   -999999,   -999999,   -999999,   -999999,   -999999,   -999999,   -999999,   -999999,   -999999,   -999999,   -999999,   -999999,   -999999,   -999999,   -999999,   -999999,   -999999,   -999999,   -999999,   -999999,   -999999,   -999999,   -999999,   -999999,   -999999,   -999999,   -999999,   -999999,   -999999,   -999999,   -999999,   -999999,   -999999,   -999999,   -999999,   -999999,   -999999,   -999999,   -999999,   -999999,   -999999,   -999999,   -999999,   -999999,     -999999  
67242,   44,          702637.00,         7.0000000,  12.08813839,   40.75918502,   261.1366592,   6.677680403,   429,   248.9899939,   317.0984371,   314.25,   54.1366747,   17.73872707,   262.0426234,   6.792,   126,   144.351864,   102.476448,   0.46,   3,   268.62,   269.5,   -0.9,   3.6,   0.52,   317.1,   230.0699939,   259.3699939,   917.2,   53.9,   35.58,   177,   -88.68,   0.212,   0.14,   0.882,   0.698,   15.81,   0.03475,   0.215675,   0.14945,   22.22,   17.5125,   230.9124939,   0.6305,   6.1615,   0.7949386,   1.25916,   53.5,   406.3642857,   1.8671,   0.0984,    -999999,   -999999,   -999999,   -999999,   -999999,   -999999,   -999999,   -999999,   -999999,   -999999,   -999999,   -999999,   -999999,   -999999,   -999999,   -999999,   -999999,   -999999,   -999999,   -999999,   -999999,   -999999,   -999999,   -999999,   -999999,   -999999,   -999999,   -999999,   -999999,   -999999,   -999999,   -999999,   -999999,   -999999,   -999999,   -999999,   -999999,   -999999,   -999999,   -999999,   -999999,   -999999,   -999999,   -999999,   -999999,   -999999,   -999999,   -999999,   -999999,   -999999,   -999999,     -999999  
67247,   44,          702638.00,         7.0000000,  12.0890272,   40.75913848,   261.129158,   6.688409363,   428.2,   248.8699939,   317.1146839,   314.25,   54.13690931,   17.65596254,   262.0983227,   6.808,   126,   144.146088,   102.37356,   0.46,   3,   268.58,   269.52,   -0.94,   3.6,   0.58,   317.04,   230.0699939,   259.2299939,   916.8,   53.9,   35.52,   177,   -88.68,   0.212,   0.14,   0.872,   0.688,   16.014,   0.035175,   0.218225,   0.1509,   23.0075,   18.0875,   231.0024939,   0.63242,   6.17558,   0.798215,   1.25916,   53.8,   406.375,   1.867644444,   0.09747894737,    -999999,   -999999,   -999999,   -999999,   -999999,   -999999,   -999999,   -999999,   -999999,   -999999,   -999999,   -999999,   -999999,   -999999,   -999999,   -999999,   -999999,   -999999,   -999999,   -999999,   -999999,   -999999,   -999999,   -999999,   -999999,   -999999,   -999999,   -999999,   -999999,   -999999,   -999999,   -999999,   -999999,   -999999,   -999999,   -999999,   -999999,   -999999,   -999999,   -999999,   -999999,   -999999,   -999999,   -999999,   -999999,   -999999,   -999999,   -999999,   -999999,   -999999,   -999999,     -999999  
67252,   44,          702639.00,         7.0000000,  12.08991611,   40.75909196,   261.1216583,   6.702978803,   427.4,   248.6899939,   317.0546802,   314.25,   54.13714679,   17.55871564,   261.4810923,   6.823,   126,   144.146088,   102.37356,   0.46,   3,   268.58,   269.6,   -1.02,   3.6,   0.5,   317.04,   230.1699939,   259.0099939,   915.6,   53.9,   35.6,   177,   -88.64,   0.22,   0.14,   0.856,   0.676,   16.416,   0.035225,   0.21865,   0.150925,   23.38,   18.3525,   231.0074939,   0.63366,   6.18934,   0.8089012,   1.253164,   50.16,   406.38,   1.867844444,   0.1003,    -999999,   -999999,   -999999,   -999999,   -999999,   -999999,   -999999,   -999999,   -999999,   -999999,   -999999,   -999999,   -999999,   -999999,   -999999,   -999999,   -999999,   -999999,   -999999,   -999999,   -999999,   -999999,   -999999,   -999999,   -999999,   -999999,   -999999,   -999999,   -999999,   -999999,   -999999,   -999999,   -999999,   -999999,   -999999,   -999999,   -999999,   -999999,   -999999,   -999999,   -999999,   -999999,   -999999,   -999999,   -999999,   -999999,   -999999,   -999999,   -999999,   -999999,   -999999,     -999999  
