inputs/ACTAMERICA_Merge/C130/ACTAMERICA-mrg05-c130_merge_20171024_R0.ict
145, 1001
Shook, Michael
NASA Atmospheric Composition Branch, NASA Langley Research Center (SSAI)
Merged data file for ACT-AMERICA Fall 2017, Flight 13 (20171024), on the c130 platform. Data is merged to 05 seconds.
NASA ACT-AMERICA Fall 2017
1, 1
2017, 10, 24, 2018, 07, 05
05
UTC,s
106
1, 1, 1, 1, 1, 1, 1, 1, 1, 1, 1, 1, 1, 1, 1, 1, 1, 1, 1, 1, 1, 1, 1, 1, 1, 1, 1, 1, 1, 1, 1, 1, 1, 1, 1, 1, 1, 1, 1, 1, 1, 1, 1, 1, 1, 1, 1, 1, 1, 1, 1, 1, 1, 1, 1, 1, 1, 1, 1, 1, 1, 1, 1, 1, 1, 1, 1, 1, 1, 1, 1, 1, 1, 1, 1, 1, 1, 1, 1, 1, 1, 1, 1, 1, 1, 1, 1, 1, 1, 1, 1, 1, 1, 1, 1, 1, 1, 1, 1, 1, 1, 1, 1, 1, 1, 1
-999999, -999999, -999999, -999999, -999999, -999999, -999999, -999999, -999999, -999999, -999999, -999999, -999999, -999999, -999999, -999999, -999999, -999999, -999999, -999999, -999999, -999999, -999999, -999999, -999999, -999999, -999999, -999999, -999999, -999999, -999999, -999999, -999999, -999999, -999999, -999999, -999999, -999999, -999999, -999999, -999999, -999999, -999999, -999999, -999999, -999999, -999999, -999999, -999999, -999999, -999999, -999999, -999999, -999999, -999999, -999999, -999999, -999999, -999999, -999999, -999999, -999999, -999999, -999999, -999999, -999999, -999999, -999999, -999999, -999999, -999999, -999999, -999999, -999999, -999999, -999999, -999999, -999999, -999999, -999999, -999999, -999999, -999999, -999999, -999999, -999999, -999999, -999999, -999999, -999999, -999999, -999999, -999999, -999999, -999999, -999999, -999999, -999999, -999999, -999999, -999999, -999999, -999999, -999999, -999999, -999999
JDAY, days
INDEX, none
FLIGHT, none
LOCAL_SUN_TIME, hour
LATITUDE, degs
LONGITUDE, degs
ALTP, km
PRESSURE, hPa
TEMPERATURE, K
THETA, K, calculated from ambient temperature and pressure
O3COLUMN, DU, OMI ozone column data extracted along flight track
SZA, deg
WNS, m s-1
WND, Degs
GPS_ALT, km
GRD_SPD, m s-1
TAS, m/s
IAS, m/s
MachNumber, mach
VerticalSpeed, m s-1
HDG, degs
TRK, degs
DriftAngle, degs
PITCH, degs
ROLL, degs
PotentialTemp_Nav, K
Dewpoint, K
TotalAirTemp, K
CabinPressure, hPa
SolarZenithAngle, degs
AircraftSunElevation, degs
SunAzimuth, degs
AircraftSunAzimuth, degs
H2O_MixingRatio_Nav, g kg-1
H2O_VaporPressure_Nav, hPa
H2O_SatVaporPressureWater_Nav, hPa
H2O_SatVaporPressureIce_Nav, hPa
H2O_RelativeHumidity_Nav, %
ManeuverFlag, none
H2O_VolMixingRatio_PICARRO, %
H2O_MassMixingRatio_PICARRO, g kg-1
H2O_VaporPressure_PICARRO, hPa
RHi_PICARRO, %
RHw_PICARRO, %
Dewpoint_PICARRO, K
GPS_ALT, km
GroundElevation-AMSL_GoogleMaps, km
Altitude-AGL_GoogleMaps, km
GroundHeight-AMSL_CPL, km
MLH-AMSL_CPL, km
O3_MixingRatio, ppbv
CO2_DryMoleFrac_PICARRO, ppm
CH4_DryMoleFrac_PICARRO, ppm
CO_DryMoleFrac_PICARRO, ppm
CO2_MoleFraction_PFP, ppm
CH4_MoleFraction_PFP, ppb
CO_MoleFraction_PFP, ppb
N2O_MoleFraction_PFP, ppb
SF6_CCGG_MoleFraction_PFP, ppt
H2_MoleFraction_PFP, ppb
CH4C13_PFP, permil
CO2C14_PFP, permil
F11B_MoleFraction_PFP, ppt
FC12_MoleFraction_PFP, ppt
F13_MoleFraction_PFP, ppt
F113_MoleFraction_PFP, ppt
F115_MoleFraction_PFP, ppt
HF133a_MoleFraction_PFP, ppt
F23_MoleFraction_PFP, ppt
F32_MoleFraction_PFP, ppt
F134A_MoleFraction_PFP, ppt
F152A_MoleFraction_PFP, ppt
F125_MoleFraction_PFP, ppt
F143a_MoleFraction_PFP, ppt
F227e_MoleFraction_PFP, ppt
F365m_MoleFraction_PFP, ppt
H1211_MoleFraction_PFP, ppt
H1301_MoleFraction_PFP, ppt
[...]
[from data line 1532]
66282,   297,          1301533.0,         13.000000,  12.1196304,   43.89175416,   265.6090393,   2.45498115,   750.4,   268.7899939,   291.7720726,   293.5710144,   55.65596502,   22.09990062,   357.0194573,   2.4186,   155.38,   137.921364,   123.6096432,   0.42,   0.3,   215.84,   210.8,   5,   1.06,   0.16,   291.72,   232.7899939,   278.2899939,   820.8,   56.1,   32.84,   -173.54,   -28.78,   0.16,   0.19,   4.47,   4.288,   4.152,    -999999,  0.027825,   0.1727,   0.20935,   5.0525,   4.8325,   234.1299939,   2.4186,   0.32194,   2.09666,   0.4403058,   1.28914,   48.62,   405.37,   1.926946154,   0.1147,    -999999,   -999999,   -999999,   -999999,   -999999,   -999999,   -999999,   -999999,   -999999,   -999999,   -999999,   -999999,   -999999,   -999999,   -999999,   -999999,   -999999,   -999999,   -999999,   -999999,   -999999,   -999999,   -999999,   -999999,   -999999,   -999999,   -999999,   -999999,   -999999,   -999999,   -999999,   -999999,   -999999,   -999999,   -999999,   -999999,   -999999,   -999999,   -999999,   -999999,   -999999,   -999999,   -999999,   -999999,   -999999,   -999999,   -999999,   -999999,   -999999,   -999999,   -999999,     -999999  
66287,   297,          1301534.0,         13.000000,  12.12069199,   43.885746,   265.6041298,   2.45571267,   750.2,   268.8099939,   291.8160065,   293.5710144,   55.65038909,   22.2796557,   356.6191206,   2.418,   155.36,   137.8493424,   123.5376216,   0.42,   -0.44,   216,   210.88,   5.12,   0.62,   0.16,   291.74,   232.7699939,   278.3099939,   821.2,   56.1,   33.22,   -173.5,   -29.08,   0.16,   0.188,   4.476,   4.3,   4.136,    -999999,  0.0283,   0.17565,   0.212925,   5.0775,   4.86,   234.2924939,   2.418,   0.32302,   2.09498,   0.4386194,   1.301132,   50.42,   405.396,   1.927881818,   0.113325,    -999999,   -999999,   -999999,   -999999,   -999999,   -999999,   -999999,   -999999,   -999999,   -999999,   -999999,   -999999,   -999999,   -999999,   -999999,   -999999,   -999999,   -999999,   -999999,   -999999,   -999999,   -999999,   -999999,   -999999,   -999999,   -999999,   -999999,   -999999,   -999999,   -999999,   -999999,   -999999,   -999999,   -999999,   -999999,   -999999,   -999999,   -999999,   -999999,   -999999,   -999999,   -999999,   -999999,   -999999,   -999999,   -999999,   -999999,   -999999,   -999999,   -999999,   -999999,     -999999  
66292,   297,          1301535.0,         13.000000,  12.121749,   43.87973786,   265.5991516,   2.45394483,   750.6,   268.7699939,   291.7281496,   293.5710144,   55.64481522,   22.27987208,   355.7793537,   2.4156,   155.52,   138.2506056,   123.9183072,   0.42,   -0.4,   216.14,   210.9,   5.24,   0.54,   -0.08,   291.74,   232.7899939,   278.3499939,   822.4,   56.1,   33.42,   -173.5,   -29.08,   0.16,   0.19,   4.478,   4.3,   4.14,    -999999,  0.02864,   0.17778,   0.21554,   5.142,   4.922,   234.4139939,   2.4156,   0.32638,   2.08922,   0.4368824,   1.301132,   48.78,   405.44,   1.927966667,   0.11715,    -999999,   -999999,   -999999,   -999999,   -999999,   -999999,   -999999,   -999999,   -999999,   -999999,   -999999,   -999999,   -999999,   -999999,   -999999,   -999999,   -999999,   -999999,   -999999,   -999999,   -999999,   -999999,   -999999,   -999999,   -999999,   -999999,   -999999,   -999999,   -999999,   -999999,   -999999,   -999999,   -999999,   -999999,   -999999,   -999999,   -999999,   -999999,   -999999,   -999999,   -999999,   -999999,   -999999,   -999999,   -999999,   -999999,   -999999,   -999999,   -999999,   -999999,   -999999,     -999999  
66297,   297,          1301536.0,         13.000000,  12.1228083,   43.8737297,   265.5942078,   2.45461539,   750.4,   268.8499939,   291.8372027,   293.5710144,   55.63924618,   22.43990922,   355.6608733,   2.4162,   155.54,   138.1682952,   123.825708,   0.42,   0.36,   216.2,   210.9,   5.28,   0.88,   -0.24,   291.8,   232.8499939,   278.3499939,   823.4,   56.1,   33.22,   -173.5,   -28.94,   0.162,   0.19,   4.5,   4.32,   4.15,    -999999,  0.029025,   0.180125,   0.21845,   5.2125,   4.9875,   234.5474939,   2.4162,   0.32726,   2.08894,   0.4381932,   1.313124,   45.8,   405.39,   1.928223077,   0.1141095238,    -999999,   -999999,   -999999,   -999999,   -999999,   -999999,   -999999,   -999999,   -999999,   -999999,   -999999,   -999999,   -999999,   -999999,   -999999,   -999999,   -999999,   -999999,   -999999,   -999999,   -999999,   -999999,   -999999,   -999999,   -999999,   -999999,   -999999,   -999999,   -999999,   -999999,   -999999,   -999999,   -999999,   -999999,   -999999,   -999999,   -999999,   -999999,   -999999,   -999999,   -999999,   -999999,   -999999,   -999999,   -999999,   -999999,   -999999,   -999999,   -999999,   -999999,   -999999,     -999999  
66302,   297,          1301537.0,         13.000000,  12.12386531,   43.86772156,   265.5892296,   2.45534691,   750.2,   268.8299939,   291.8377182,   293.5710144,   55.63368012,   22.65959431,   355.518005,   2.4192,   155.34,   137.8493424,   123.5273328,   0.42,   0.56,   216.24,   210.84,   5.36,   1,   -0.2,   291.78,   232.9499939,   278.3299939,   823.2,   56.1,   33.1,   -173.5,   -28.9,   0.17,   0.19,   4.484,   4.306,   4.192,    -999999,  0.029475,   0.182775,   0.22165,   5.2825,   5.06,   234.6874939,   2.4192,   0.32934,   2.08986,   0.441374,   1.31912,   47.56,   405.435,   1.928953846,   0.1111461538,    -999999,   -999999,   -999999,   -999999,   -999999,   -999999,   -999999,   -999999,   -999999,   -999999,   -999999,   -999999,   -999999,   -999999,   -999999,   -999999,   -999999,   -999999,   -999999,   -999999,   -999999,   -999999,   -999999,   -999999,   -999999,   -999999,   -999999,   -999999,   -999999,   -999999,   -999999,   -999999,   -999999,   -999999,   -999999,   -999999,   -999999,   -999999,   -999999,   -999999,   -999999,   -999999,   -999999,   -999999,   -999999,   -999999,   -999999,   -999999,   -999999,   -999999,   -999999,     -999999  
66307,   297,          1301538.0,         13.000000,  12.1249246,   43.86171342,   265.5842857,   2.45741955,   750.2,   268.7499939,   291.7508714,   293.5710144,   55.62811892,   22.59954025,   355.1200006,   2.4192,   155.2,   137.8802088,   123.5581992,   0.42,   -0.26,   216.18,   210.8,   5.34,   0.74,   -0.2,   291.7,   233.0099939,   278.2499939,   823.8,   56.1,   33.32,   -173.46,   -28.92,   0.17,   0.19,   4.456,   4.276,   4.258,    -999999,  0.029175,   0.181175,   0.21965,   5.2375,   5.0125,   234.5999939,   2.4192,   0.33006,   2.08914,   0.43969,   1.331112,   45.86,   405.442,   1.929,   0.11585,    -999999,   -999999,   -999999,   -999999,   -999999,   -999999,   -999999,   -999999,   -999999,   -999999,   -999999,   -999999,   -999999,   -999999,   -999999,   -999999,   -999999,   -999999,   -999999,   -999999,   -999999,   -999999,   -999999,   -999999,   -999999,   -999999,   -999999,   -999999,   -999999,   -999999,   -999999,   -999999,   -999999,   -999999,   -999999,   -999999,   -999999,   -999999,   -999999,   -999999,   -999999,   -999999,   -999999,   -999999,   -999999,   -999999,   -999999,   -999999,   -999999,   -999999,   -999999,     -999999  
66312,   297,          1301539.0,         13.000000,  12.1259839,   43.85570526,   265.5793419,   2.45437155,   750.6,   268.7099939,   291.6630244,   293.5710144,   55.62256162,   22.41859675,   354.0179367,   2.4164,   155.26,   138.3226272,   124.0006176,   0.42,   -0.46,   216.18,   210.74,   5.44,   0.7,   -0.2,   291.64,   233.0899939,   278.2899939,   824,   56.1,   33.4,   -173.4,   -28.9,   0.17,   0.19,   4.45,   4.266,   4.308,    -999999,  0.02975,   0.184675,   0.2239,   5.34,   5.1125,   234.7849939,   2.4164,   0.33198,   2.08442,   0.4372984,   1.367088,   47.34,   405.415,   1.92855,   0.10875,    -999999,   -999999,   -999999,   -999999,   -999999,   -999999,   -999999,   -999999,   -999999,   -999999,   -999999,   -999999,   -999999,   -999999,   -999999,   -999999,   -999999,   -999999,   -999999,   -999999,   -999999,   -999999,   -999999,   -999999,   -999999,   -999999,   -999999,   -999999,   -999999,   -999999,   -999999,   -999999,   -999999,   -999999,   -999999,   -999999,   -999999,   -999999,   -999999,   -999999,   -999999,   -999999,   -999999,   -999999,   -999999,   -999999,   -999999,   -999999,   -999999,   -999999,   -999999,     -999999  
66317,   297,          1301540.0,         13.000000,  12.12704778,   43.84969712,   265.5744667,   2.45400579,   750.6,   268.7699939,   291.7281496,   293.5710144,   55.61701021,   22.27930709,   353.1964089,   2.415,   155.2,   138.5798472,   124.23726,   0.42,   -0.1,   216.22,   210.76,   5.5,   0.78,   0.2,   291.72,   233.2099939,   278.3499939,   824.8,   56.1,   33.08,   -173.4,   -29.2,   0.17,   0.19,   4.464,   4.284,   4.336,    -999999,  0.02916,   0.18098,   0.21948,   5.234,   5.01,   234.5899939,   2.415,   0.33304,   2.08196,   0.4365616,   1.403064,   47.32,   405.395,   1.92865,   0.1141058824,    -999999,   -999999,   -999999,   -999999,   -999999,   -999999,   -999999,   -999999,   -999999,   -999999,   -999999,   -999999,   -999999,   -999999,   -999999,   -999999,   -999999,   -999999,   -999999,   -999999,   -999999,   -999999,   -999999,   -999999,   -999999,   -999999,   -999999,   -999999,   -999999,   -999999,   -999999,   -999999,   -999999,   -999999,   -999999,   -999999,   -999999,   -999999,   -999999,   -999999,   -999999,   -999999,   -999999,   -999999,   -999999,   -999999,   -999999,   -999999,   -999999,   -999999,   -999999,     -999999  
66322,   297,          1301541.0,         13.000000,  12.12810708,   43.84368896,   265.5695229,   2.45327427,   750.6,   268.9099939,   291.8801083,   293.5710144,   55.61146077,   22.17925007,   354.4423817,   2.4164,   155.04,   138.1580064,   123.825708,   0.42,   0.58,   216.14,   210.8,   5.34,   0.9,   0.12,   291.82,   233.2499939,   278.3499939,   825.2,   56.1,   33,   -173.4,   -28.98,   0.17,   0.194,   4.51,   4.334,   4.32,    -999999,  0.02917777778,   0.1811444444,   0.2196888889,   5.226666667,   5.005555556,   234.5999939,   2.4164,   0.3326,   2.0838,   0.438558,   1.40906,   45.96,   405.495,   1.929036364,   0.1128333333,    -999999,   -999999,   -999999,   -999999,   -999999,   -999999,   -999999,   -999999,   -999999,   -999999,   -999999,   -999999,   -999999,   -999999,   -999999,   -999999,   -999999,   -999999,   -999999,   -999999,   -999999,   -999999,   -999999,   -999999,   -999999,   -999999,   -999999,   -999999,   -999999,   -999999,   -999999,   -999999,   -999999,   -999999,   -999999,   -999999,   -999999,   -999999,   -999999,   -999999,   -999999,   -999999,   -999999,   -999999,   -999999,   -999999,   -999999,   -999999,   -999999,   -999999,   -999999,     -999999  
66327,   297,          1301542.0,         13.000000,  12.12916638,   43.83768082,   265.564579,   2.45809011,   750,   268.8299939,   291.8599513,   293.5710144,   55.60591527,   22.91972785,   355.5823723,   2.4202,   155,   137.2320144,   122.9614488,   0.42,   0.5,   216.18,   210.8,   5.4,   0.7,   0.02,   291.8,   233.3299939,   278.2499939,   825,   56.1,   33.26,   -173.4,   -29,   0.17,   0.2,   4.486,   4.306,   4.364,    -999999,  0.02922857143,   0.1811571429,   0.2196285714,   5.108571429,   4.904285714,   234.5971368,   2.4202,   0.33496,   2.08524,   0.441362,   1.40906,   48.1,   405.39,   1.928,   0.1162,    -999999,   -999999,   -999999,   -999999,   -999999,   -999999,   -999999,   -999999,   -999999,   -999999,   -999999,   -999999,   -999999,   -999999,   -999999,   -999999,   -999999,   -999999,   -999999,   -999999,   -999999,   -999999,   -999999,   -999999,   -999999,   -999999,   -999999,   -999999,   -999999,   -999999,   -999999,   -999999,   -999999,   -999999,   -999999,   -999999,   -999999,   -999999,   -999999,   -999999,   -999999,   -999999,   -999999,   -999999,   -999999,   -999999,   -999999,   -999999,   -999999,   -999999,   -999999,     -999999  
66332,   297,          1301543.0,         13.000000,  12.13022797,   43.83167266,   265.5596695,   2.45674899,   750.4,   268.6499939,   291.6201023,   293.5710144,   55.60037467,   23.21933955,   356.5393648,   2.4186,   155.24,   137.0262384,   122.8174056,   0.42,   -0.66,   216.2,   210.8,   5.38,   0.38,   0.14,   291.64,   233.3499939,   277.9499939,   826,   56.1,   33.52,   -173.38,   -29.16,   0.17,   0.2,   4.43,   4.244,   4.428,    -999999,  0.029125,   0.1809166667,   0.2192666667,   5.231666667,   5.0075,   234.5816606,   2.4186,   0.33764,   2.08096,   0.441362,   1.40906,   49.66,   405.265,   1.926830769,   0.109935,    -999999,   -999999,   -999999,   -999999,   -999999,   -999999,   -999999,   -999999,   -999999,   -999999,   -999999,   -999999,   -999999,   -999999,   -999999,   -999999,   -999999,   -999999,   -999999,   -999999,   -999999,   -999999,   -999999,   -999999,   -999999,   -999999,   -999999,   -999999,   -999999,   -999999,   -999999,   -999999,   -999999,   -999999,   -999999,   -999999,   -999999,   -999999,   -999999,   -999999,   -999999,   -999999,   -999999,   -999999,   -999999,   -999999,   -999999,   -999999,   -999999,   -999999,   -999999,     -999999  
66337,   297,          1301544.0,         13.000000,  12.13128727,   43.82566452,   265.5547257,   2.45034819,   751,   268.6099939,   291.5101058,   293.5710144,   55.59483704,   23.15787587,   354.1195122,   2.4128,   155.56,   138.0448296,   123.7845528,   0.42,   -1.14,   216.52,   210.88,   5.62,   0.66,   0.04,   291.52,   233.3499939,   278.1299939,   826.2,   56.1,   33.32,   -173.3,   -29.28,   0.17,   0.2,   4.416,   4.232,   4.458,    -999999,  0.028825,   0.17895,   0.216975,   5.2975,   5.055,   234.4749939,   2.4128,   0.33814,   2.07466,   0.463074,   1.40906,   49.04,   405.328,   1.927384615,   0.1158538462,    -999999,   -999999,   -999999,   -999999,   -999999,   -999999,   -999999,   -999999,   -999999,   -999999,   -999999,   -999999,   -999999,   -999999,   -999999,   -999999,   -999999,   -999999,   -999999,   -999999,   -999999,   -999999,   -999999,   -999999,   -999999,   -999999,   -999999,   -999999,   -999999,   -999999,   -999999,   -999999,   -999999,   -999999,   -999999,   -999999,   -999999,   -999999,   -999999,   -999999,   -999999,   -999999,   -999999,   -999999,   -999999,   -999999,   -999999,   -999999,   -999999,   -999999,   -999999,     -999999  
