inputs/ACTAMERICA_Merge/C130/ACTAMERICA-mrg05-c130_merge_20170304_R0.ict
143, 1001
Shook, Michael
NASA Atmospheric Composition Branch, NASA Langley Research Center (SSAI)
Merged data file for ACT-AMERICA 2017, Flight 17 (20170304), on the c130 platform. Data is merged to 05 seconds.
NASA ACT-AMERICA 2017
1, 1
2017, 03, 04, 2018, 02, 23
05
UTC,s
104
1, 1, 1, 1, 1, 1, 1, 1, 1, 1, 1, 1, 1, 1, 1, 1, 1, 1, 1, 1, 1, 1, 1, 1, 1, 1, 1, 1, 1, 1, 1, 1, 1, 1, 1, 1, 1, 1, 1, 1, 1, 1, 1, 1, 1, 1, 1, 1, 1, 1, 1, 1, 1, 1, 1, 1, 1, 1, 1, 1, 1, 1, 1, 1, 1, 1, 1, 1, 1, 1, 1, 1, 1, 1, 1, 1, 1, 1, 1, 1, 1, 1, 1, 1, 1, 1, 1, 1, 1, 1, 1, 1, 1, 1, 1, 1, 1, 1, 1, 1, 1, 1, 1, 1
-999999, -999999, -999999, -999999, -999999, -999999, -999999, -999999, -999999, -999999, -999999, -999999, -999999, -999999, -999999, -999999, -999999, -999999, -999999, -999999, -999999, -999999, -999999, -999999, -999999, -999999, -999999, -999999, -999999, -999999, -999999, -999999, -999999, -999999, -999999, -999999, -999999, -999999, -999999, -999999, -999999, -999999, -999999, -999999, -999999, -999999, -999999, -999999, -999999, -999999, -999999, -999999, -999999, -999999, -999999, -999999, -999999, -999999, -999999, -999999, -999999, -999999, -999999, -999999, -999999, -999999, -999999, -999999, -999999, -999999, -999999, -999999, -999999, -999999, -999999, -999999, -999999, -999999, -999999, -999999, -999999, -999999, -999999, -999999, -999999, -999999, -999999, -999999, -999999, -999999, -999999, -999999, -999999, -999999, -999999, -999999, -999999, -999999, -999999, -999999, -999999, -999999, -999999, -999999
JDAY, days
INDEX, none
FLIGHT, none
LOCAL_SUN_TIME, hour
LATITUDE, degs
LONGITUDE, degs
ALTP, km
PRESSURE, hPa
TEMPERATURE, K
THETA, K
O3COLUMN, DU
SZA, deg
WNS, m s-1
WND, Degs
GPS_ALT, km
GRD_SPD, m s-1
TAS, m/s
IAS, m/s
MachNumber, mach
VerticalSpeed, m s-1
HDG, degs
TRK, degs
DriftAngle, degs
PITCH, degs
ROLL, degs
PotentialTemp, K
Dewpoint, K
TotalAirTemp, K
CabinPressure, hPa
SolarZenithAngle, degs
AircraftSunElevation, degs
SunAzimuth, degs
AircraftSunAzimuth, degs
H2O_MixingRatio, g kg-1
H2O_VaporPressure, hPa
H2O_SatVaporPressureWater, hPa
H2O_SatVaporPressureIce, hPa
H2O_RelativeHumidity, %
H2O_VolMixingRatio_PICARRO, %
H2O_MassMixingRatio_PICARRO, g kg-1
H2O_VaporPressure_PICARRO, hPa
RHi_PICARRO, %
RHw_PICARRO, %
Dewpoint_PICARRO, K
Ground_Elevation, km
Altitude_AGL, km
GroundHeight_CPL, km
MLH_CPL, km
O3_MixingRatio, ppbv
CO2_MixingRatio_PICARRO, ppmv
CH4_MixingRatio_PICARRO, ppmv
CO_MixingRatio_PICARRO, ppmv
CO2_MoleFraction_PFP, ppm
CH4_MoleFraction_PFP, ppb
CO_MoleFraction_PFP, ppb
N2O_MoleFraction_PFP, ppb
SF6_CCGG_MoleFraction_PFP, ppt
H2_MoleFraction_PFP, ppb
CH4C13_PFP, per mil
CO2C14_PFP, per mil
F11B_MoleFraction_PFP, ppt
FC12_MoleFraction_PFP, ppt
F13_MoleFraction_PFP, ppt
F113_MoleFraction_PFP, ppt
F115_MoleFraction_PFP, ppt
HF133a_MoleFraction_PFP, ppt
F23_MoleFraction_PFP, ppt
F32_MoleFraction_PFP, ppt
F134A_MoleFraction_PFP, ppt
F152A_MoleFraction_PFP, ppt
F125_MoleFraction_PFP, ppt
F143a_MoleFraction_PFP, ppt
F227e_MoleFraction_PFP, ppt
F365m_MoleFraction_PFP, ppt
H1211_MoleFraction_PFP, ppt
H1301_MoleFraction_PFP, ppt
H2402_MoleFraction_PFP, ppt
MCFA_MoleFraction_PFP, ppt
CF4_MoleFraction_PFP, ppt
C2F6_MoleFraction_PFP, ppt
SO2F2_MoleFraction_PFP, ppt
MEBR_MoleFraction_PFP, ppt
CH3I_MoleFraction_PFP, ppt
DIBR_MoleFraction_PFP, ppt
[...]
[from data line 2705]
70517,   63,          1702706.0,         17.000000,  14.24279056,   36.5693438,   279.8106084,   0.8969654511,   909.6,   275.7899939,   283.3580268,   337.6000061,   53.30908321,   6.534359367,   293.9837289,   1.0426,   121.6,   119.247192,   115.646112,   0.36,   1.2,   44.4,   47.52,   -3.12,   1.78,   0.28,   283.36,   262.5099939,   282.9499939,   866.6,   51.32,   39.62,   -139.8,   175.32,   2.004,   2.754,   7.476,   7.676,   36.846,   0.29735,   1.845575,   2.701925,    -999999,  38.27,   262.4124939,   0.30522,   0.73738,    -999999,   -999999,  50.12,   412.655,   1.94815,   0.14757,    -999999,   -999999,   -999999,   -999999,   -999999,   -999999,   -999999,   -999999,   -999999,   -999999,   -999999,   -999999,   -999999,   -999999,   -999999,   -999999,   -999999,   -999999,   -999999,   -999999,   -999999,   -999999,   -999999,   -999999,   -999999,   -999999,   -999999,   -999999,   -999999,   -999999,   -999999,   -999999,   -999999,   -999999,   -999999,   -999999,   -999999,   -999999,   -999999,   -999999,   -999999,   -999999,   -999999,   -999999,   -999999,   -999999,   -999999,   -999999,   -999999,   -999999,   -999999,     -999999  
70522,   63,          1702707.0,         17.000000,  14.24451286,   36.5730328,   279.8156095,   0.9079992112,   908.2,   275.5099939,   283.1949478,   337.6000061,   53.32601213,   3.198811195,   310.1351774,   1.0538,   120.6,   120.584736,   116.983656,   0.362,   0.6,   45.56,   47.64,   -2.08,   0.72,   1.06,   283.16,   262.1299939,   282.8099939,   864.8,   51.4,   40.08,   -139.8,   175.6,   1.952,   2.672,   7.318,   7.496,   36.514,   0.2795166667,   1.734841667,   2.543433333,    -999999,  36.02833333,   261.6566606,   0.31304,   0.74076,    -999999,   -999999,  50.4,   412.865,   1.95185,   0.150185,   413.24,   1951.41,   151.12,   330.4,   9.48,   498.89,   -47.41,    -999999,  232.59,   516.82,   3.38,   71,   8.6,   0.53,   32.97,   15.48,   104.17,   15.01,   24.65,   22.19,   1.34,   1.12,   3.6,   3.29,   0.4,   2.55,   84.94,   4.71,   2.53,   6.67,   0.26,   1.23,   521.63,   560.33,   77.53,   16.81,   4.02,   447.17,   2715.14,   1063.44,   304.66,   150.44,   64.79,   81.67,   115.23,   33.57,   0.23,   0.16,   8.22,   0.6,   23.19,          254.65000  
70527,   63,          1702708.0,         17.000000,  14.2462357,   36.57671814,   279.8206188,   0.9000134511,   909,   275.5499939,   283.1648204,   337.6000061,   53.34294765,   3.979829204,   296.9259633,   1.0444,   121.2,   119.967408,   116.366328,   0.36,   -3,   45.6,   47.66,   -2.06,   -0.82,   0.8,   283.12,   261.7299939,   282.7899939,   864.2,   51.4,   37.74,   -139.72,   175.04,   1.886,   2.586,   7.344,   7.528,   35.23,   0.282175,   1.75145,   2.569075,    -999999,  35.9775,   261.7799939,   0.33046,   0.71394,    -999999,   -999999,  48.12,   412.985,   1.9525,   0.145795,   413.24,   1951.41,   151.12,   330.4,   9.48,   498.89,   -47.41,    -999999,  232.59,   516.82,   3.38,   71,   8.6,   0.53,   32.97,   15.48,   104.17,   15.01,   24.65,   22.19,   1.34,   1.12,   3.6,   3.29,   0.4,   2.55,   84.94,   4.71,   2.53,   6.67,   0.26,   1.23,   521.63,   560.33,   77.53,   16.81,   4.02,   447.17,   2715.14,   1063.44,   304.66,   150.44,   64.79,   81.67,   115.23,   33.57,   0.23,   0.16,   8.22,   0.6,   23.19,          254.65000  
70532,   63,          1702709.0,         17.000000,  14.2479613,   36.58040472,   279.8256695,   0.889711211,   910.2,   275.8299939,   283.345736,   337.6000061,   53.35991165,   6.397277816,   299.389069,   1.0354,   121.6,   119.35008,   116.160552,   0.36,   1.2,   44.68,   48.02,   -3.32,   2.3,   0.66,   283.3,   261.6899939,   282.9499939,   867,   51.4,   39.6,   -139.7,   176.16,   1.88,   2.578,   7.492,   7.7,   34.426,   0.289425,   1.796475,   2.629225,    -999999,  36.7125,   262.0699939,   0.33832,   0.69708,    -999999,   -999999,  48.64,   412.76,   1.94905,   0.1476842105,   413.24,   1951.41,   151.12,   330.4,   9.48,   498.89,   -47.41,    -999999,  232.59,   516.82,   3.38,   71,   8.6,   0.53,   32.97,   15.48,   104.17,   15.01,   24.65,   22.19,   1.34,   1.12,   3.6,   3.29,   0.4,   2.55,   84.94,   4.71,   2.53,   6.67,   0.26,   1.23,   521.63,   560.33,   77.53,   16.81,   4.02,   447.17,   2715.14,   1063.44,   304.66,   150.44,   64.79,   81.67,   115.23,   33.57,   0.23,   0.16,   8.22,   0.6,   23.19,          254.65000  
70537,   63,          1702710.0,         17.000000,  14.24968507,   36.584046,   279.8306927,   0.9083040112,   908.2,   275.8699939,   283.5649895,   337.6000061,   53.3768323,   6.574274895,   297.9682532,   1.0568,   119.4,   117.189432,   113.588352,   0.352,   4.2,   44.58,   48.04,   -3.42,   2.64,   0.3,   283.52,   262.3899939,   282.7499939,   864.6,   51.4,   41.7,   -139.7,   175.54,   1.992,   2.728,   7.502,   7.714,   36.352,   0.2849,   1.768325,   2.584725,    -999999,  36.76,   261.8549939,   0.3317,   0.7251,    -999999,   -999999,  50.38,   412.852,   1.950311111,   0.15255,   413.24,   1951.41,   151.12,   330.4,   9.48,   498.89,   -47.41,    -999999,  232.59,   516.82,   3.38,   71,   8.6,   0.53,   32.97,   15.48,   104.17,   15.01,   24.65,   22.19,   1.34,   1.12,   3.6,   3.29,   0.4,   2.55,   84.94,   4.71,   2.53,   6.67,   0.26,   1.23,   521.63,   560.33,   77.53,   16.81,   4.02,   447.17,   2715.14,   1063.44,   304.66,   150.44,   64.79,   81.67,   115.23,   33.57,   0.23,   0.16,   8.22,   0.6,   23.19,          254.65000  
70542,   63,          1702711.0,         17.000000,  14.25140486,   36.58764706,   279.8356562,   0.9220200114,   907,   275.4699939,   283.2608171,   337.6000061,   53.39369559,   5.308013803,   305.4889242,   1.0692,   119,   117.909648,   114.308568,   0.354,   0,   45.06,   48.16,   -3.08,   0.4,   1.1,   283.26,   262.5299939,   282.3699939,   862.4,   51.4,   39.46,   -139.7,   176.18,   2.016,   2.756,   7.3,   7.476,   37.786,   0.2846,   1.766575,   2.583875,    -999999,  36.865,   261.8549939,   0.3206,   0.7486,    -999999,   -999999,  49.54,   412.895,   1.9509,   0.15575,   413.24,   1951.41,   151.12,   330.4,   9.48,   498.89,   -47.41,    -999999,  232.59,   516.82,   3.38,   71,   8.6,   0.53,   32.97,   15.48,   104.17,   15.01,   24.65,   22.19,   1.34,   1.12,   3.6,   3.29,   0.4,   2.55,   84.94,   4.71,   2.53,   6.67,   0.26,   1.23,   521.63,   560.33,   77.53,   16.81,   4.02,   447.17,   2715.14,   1063.44,   304.66,   150.44,   64.79,   81.67,   115.23,   33.57,   0.23,   0.16,   8.22,   0.6,   23.19,          254.65000  
70547,   63,          1702712.0,         17.000000,  14.25312527,   36.5912414,   279.840629,   0.9165336113,   907.4,   275.5299939,   283.2868244,   337.6000061,   53.41056388,   5.49131742,   304.6415707,   1.061,   119.2,   118.218312,   114.617232,   0.358,   -2.2,   44.84,   48.02,   -3.18,   0.1,   0.58,   283.24,   262.2499939,   282.4499939,   863.4,   51.4,   38.3,   -139.6,   175.64,   1.97,   2.698,   7.324,   7.502,   36.844,   0.285375,   1.77125,   2.594125,    -999999,  36.515,   261.9049939,   0.289,   0.772,    -999999,   -999999,  49.82,   412.8914286,   1.95045,   0.14805,   413.24,   1951.41,   151.12,   330.4,   9.48,   498.89,   -47.41,    -999999,  232.59,   516.82,   3.38,   71,   8.6,   0.53,   32.97,   15.48,   104.17,   15.01,   24.65,   22.19,   1.34,   1.12,   3.6,   3.29,   0.4,   2.55,   84.94,   4.71,   2.53,   6.67,   0.26,   1.23,   521.63,   560.33,   77.53,   16.81,   4.02,   447.17,   2715.14,   1063.44,   304.66,   150.44,   64.79,   81.67,   115.23,   33.57,   0.23,   0.16,   8.22,   0.6,   23.19,          254.65000  
70552,   63,          1702713.0,         17.000000,  14.2548472,   36.59485162,   279.8456246,   0.9043416112,   908.6,   275.6499939,   283.3032083,   337.6000061,   53.42746103,   5.685769404,   307.0623101,   1.0498,   120,   118.938528,   115.440336,   0.36,   -1.4,   44.84,   48.22,   -3.38,   0.44,   0.66,   283.24,   261.8299939,   282.7099939,   864.8,   51.5,   38.7,   -139.6,   175.96,   1.902,   2.606,   7.384,   7.574,   35.322,   0.2877,   1.785655556,   2.616844444,    -999999,  36.78333333,   262.0122161,   0.32356,   0.72624,    -999999,   -999999,  48.1,   412.8925,   1.9507,   0.1469,   413.24,   1951.41,   151.12,   330.4,   9.48,   498.89,   -47.41,    -999999,  232.59,   516.82,   3.38,   71,   8.6,   0.53,   32.97,   15.48,   104.17,   15.01,   24.65,   22.19,   1.34,   1.12,   3.6,   3.29,   0.4,   2.55,   84.94,   4.71,   2.53,   6.67,   0.26,   1.23,   521.63,   560.33,   77.53,   16.81,   4.02,   447.17,   2715.14,   1063.44,   304.66,   150.44,   64.79,   81.67,   115.23,   33.57,   0.23,   0.16,   8.22,   0.6,   23.19,          254.65000  
70557,   63,          1702714.0,         17.000000,  14.25657029,   36.59846204,   279.8506377,   0.8970264111,   909.4,   275.7699939,   283.3552803,   337.6000061,   53.44437273,   5.631486657,   297.4413503,   1.0446,   120,   117.80676,   114.308568,   0.354,   0.2,   45.32,   48.24,   -2.92,   1.18,   0.7,   283.32,   262.1299939,   282.7899939,   866,   51.5,   39.52,   -139.6,   175.92,   1.944,   2.672,   7.468,   7.67,   35.78,   0.2862333333,   1.776611111,   2.602044444,    -999999,  36.85444444,   261.941105,   0.32326,   0.72134,    -999999,   -999999,  48.7,   412.895,   1.950184615,   0.1490941176,    -999999,   -999999,   -999999,   -999999,   -999999,   -999999,   -999999,   -999999,   -999999,   -999999,   -999999,   -999999,   -999999,   -999999,   -999999,   -999999,   -999999,   -999999,   -999999,   -999999,   -999999,   -999999,   -999999,   -999999,   -999999,   -999999,   -999999,   -999999,   -999999,   -999999,   -999999,   -999999,   -999999,   -999999,   -999999,   -999999,   -999999,   -999999,   -999999,   -999999,   -999999,   -999999,   -999999,   -999999,   -999999,   -999999,   -999999,   -999999,   -999999,   -999999,   -999999,     -999999  
70562,   63,          1702715.0,         17.000000,  14.25829305,   36.60205974,   279.8556458,   0.9040368112,   908.6,   275.5699939,   283.2209871,   337.6000061,   53.46127722,   4.323101461,   306.2807183,   1.0504,   119.2,   118.629864,   115.131672,   0.358,   1.4,   45.74,   48.42,   -2.66,   1.56,   1.64,   283.16,   262.3499939,   282.5499939,   865.4,   51.5,   39.88,   -139.6,   175.76,   1.98,   2.72,   7.344,   7.526,   37.016,   0.284975,   1.7689,   2.589525,    -999999,  36.68,   261.8799939,   0.32974,   0.72066,    -999999,   -999999,  50.78,   413.04,   1.951175,   0.14745,    -999999,   -999999,   -999999,   -999999,   -999999,   -999999,   -999999,   -999999,   -999999,   -999999,   -999999,   -999999,   -999999,   -999999,   -999999,   -999999,   -999999,   -999999,   -999999,   -999999,   -999999,   -999999,   -999999,   -999999,   -999999,   -999999,   -999999,   -999999,   -999999,   -999999,   -999999,   -999999,   -999999,   -999999,   -999999,   -999999,   -999999,   -999999,   -999999,   -999999,   -999999,   -999999,   -999999,   -999999,   -999999,   -999999,   -999999,   -999999,   -999999,   -999999,   -999999,     -999999  
70567,   63,          1702716.0,         17.000000,  14.26001574,   36.60562032,   279.8606528,   0.9083040112,   908.2,   275.6899939,   283.3799686,   337.6000061,   53.47815897,   5.602819208,   298.6831735,   1.0566,   119,   116.983656,   113.382576,   0.35,   -0.2,   45.74,   48.72,   -2.94,   0.88,   0.88,   283.36,   262.1899939,   282.4899939,   865,   51.5,   39.68,   -139.5,   175.36,   1.958,   2.688,   7.414,   7.61,   36.204,   0.286725,   1.779575,   2.6058,    -999999,  37.0425,   261.9599939,   0.31556,   0.74104,    -999999,   -999999,  48.96,   413,   1.950544444,   0.1506,    -999999,   -999999,   -999999,   -999999,   -999999,   -999999,   -999999,   -999999,   -999999,   -999999,   -999999,   -999999,   -999999,   -999999,   -999999,   -999999,   -999999,   -999999,   -999999,   -999999,   -999999,   -999999,   -999999,   -999999,   -999999,   -999999,   -999999,   -999999,   -999999,   -999999,   -999999,   -999999,   -999999,   -999999,   -999999,   -999999,   -999999,   -999999,   -999999,   -999999,   -999999,   -999999,   -999999,   -999999,   -999999,   -999999,   -999999,   -999999,   -999999,   -999999,   -999999,     -999999  
70572,   63,          1702717.0,         17.000000,  14.26173905,   36.60917046,   279.865669,   0.9058656112,   908.4,   275.5099939,   283.177132,   337.6000061,   53.49504303,   4.117782297,   299.8651194,   1.0524,   119,   117.909648,   114.514344,   0.354,   -0.4,   46.7,   48.92,   -2.2,   0.4,   2.12,   283.14,   262.0699939,   282.4299939,   864.8,   51.5,   38.8,   -139.5,   175.24,   1.938,   2.656,   7.322,   7.506,   36.298,   0.28695,   1.7811,   2.608275,    -999999,  37.48,   261.9699939,   0.30186,   0.75054,    -999999,   -999999,  48.88,   413,   1.95045,   0.151715,    -999999,   -999999,   -999999,   -999999,   -999999,   -999999,   -999999,   -999999,   -999999,   -999999,   -999999,   -999999,   -999999,   -999999,   -999999,   -999999,   -999999,   -999999,   -999999,   -999999,   -999999,   -999999,   -999999,   -999999,   -999999,   -999999,   -999999,   -999999,   -999999,   -999999,   -999999,   -999999,   -999999,   -999999,   -999999,   -999999,   -999999,   -999999,   -999999,   -999999,   -999999,   -999999,   -999999,   -999999,   -999999,   -999999,   -999999,   -999999,   -999999,   -999999,   -999999,     -999999  
70577,   63,          1702718.0,         17.000000,  14.26346519,   36.6126992,   279.8707279,   0.9058656112,   908.4,   275.3099939,   282.9715662,   337.6000061,   53.51193997,   0.8607183416,   346.8601721,   1.0508,   119,   119.967408,   116.366328,   0.362,   0.2,   48.84,   49.38,   -0.54,   1.44,   1.88,   282.92,   262.0499939,   282.4499939,   865,   51.5,   39.7,   -139.5,   173.88,   1.936,   2.65,   7.216,   7.376,   36.8,   0.2799333333,   1.737444444,   2.543177778,    -999999,  36.54333333,   261.6533272,   0.32492,   0.72588,    -999999,   -999999,  50.06,   413.115,   1.95145,   0.148215,    -999999,   -999999,   -999999,   -999999,   -999999,   -999999,   -999999,   -999999,   -999999,   -999999,   -999999,   -999999,   -999999,   -999999,   -999999,   -999999,   -999999,   -999999,   -999999,   -999999,   -999999,   -999999,   -999999,   -999999,   -999999,   -999999,   -999999,   -999999,   -999999,   -999999,   -999999,   -999999,   -999999,   -999999,   -999999,   -999999,   -999999,   -999999,   -999999,   -999999,   -999999,   -999999,   -999999,   -999999,   -999999,   -999999,   -999999,   -999999,   -999999,   -999999,   -999999,     -999999  
