inputs/ACTAMERICA_Merge/C130/ACTAMERICA-mrg05-c130_merge_20170301_R0.ict
143, 1001
Shook, Michael
NASA Atmospheric Composition Branch, NASA Langley Research Center (SSAI)
Merged data file for ACT-AMERICA 2017, Flight 14 (20170301), on the c130 platform. Data is merged to 05 seconds.
NASA ACT-AMERICA 2017
1, 1
2017, 03, 01, 2018, 02, 23
05
UTC,s
104
1, 1, 1, 1, 1, 1, 1, 1, 1, 1, 1, 1, 1, 1, 1, 1, 1, 1, 1, 1, 1, 1, 1, 1, 1, 1, 1, 1, 1, 1, 1, 1, 1, 1, 1, 1, 1, 1, 1, 1, 1, 1, 1, 1, 1, 1, 1, 1, 1, 1, 1, 1, 1, 1, 1, 1, 1, 1, 1, 1, 1, 1, 1, 1, 1, 1, 1, 1, 1, 1, 1, 1, 1, 1, 1, 1, 1, 1, 1, 1, 1, 1, 1, 1, 1, 1, 1, 1, 1, 1, 1, 1, 1, 1, 1, 1, 1, 1, 1, 1, 1, 1, 1, 1
-999999, -999999, -999999, -999999, -999999, -999999, -999999, -999999, -999999, -999999, -999999, -999999, -999999, -999999, -999999, -999999, -999999, -999999, -999999, -999999, -999999, -999999, -999999, -999999, -999999, -999999, -999999, -999999, -999999, -999999, -999999, -999999, -999999, -999999, -999999, -999999, -999999, -999999, -999999, -999999, -999999, -999999, -999999, -999999, -999999, -999999, -999999, -999999, -999999, -999999, -999999, -999999, -999999, -999999, -999999, -999999, -999999, -999999, -999999, -999999, -999999, -999999, -999999, -999999, -999999, -999999, -999999, -999999, -999999, -999999, -999999, -999999, -999999, -999999, -999999, -999999, -999999, -999999, -999999, -999999, -999999, -999999, -999999, -999999, -999999, -999999, -999999, -999999, -999999, -999999, -999999, -999999, -999999, -999999, -999999, -999999, -999999, -999999, -999999, -999999, -999999, -999999, -999999, -999999
JDAY, days
INDEX, none
FLIGHT, none
LOCAL_SUN_TIME, hour
LATITUDE, degs
LONGITUDE, degs
ALTP, km
PRESSURE, hPa
TEMPERATURE, K
THETA, K
O3COLUMN, DU
SZA, deg
WNS, m s-1
WND, Degs
GPS_ALT, km
GRD_SPD, m s-1
TAS, m/s
IAS, m/s
MachNumber, mach
VerticalSpeed, m s-1
HDG, degs
TRK, degs
DriftAngle, degs
PITCH, degs
ROLL, degs
PotentialTemp, K
Dewpoint, K
TotalAirTemp, K
CabinPressure, hPa
SolarZenithAngle, degs
AircraftSunElevation, degs
SunAzimuth, degs
AircraftSunAzimuth, degs
H2O_MixingRatio, g kg-1
H2O_VaporPressure, hPa
H2O_SatVaporPressureWater, hPa
H2O_SatVaporPressureIce, hPa
H2O_RelativeHumidity, %
H2O_VolMixingRatio_PICARRO, %
H2O_MassMixingRatio_PICARRO, g kg-1
H2O_VaporPressure_PICARRO, hPa
RHi_PICARRO, %
RHw_PICARRO, %
Dewpoint_PICARRO, K
Ground_Elevation, km
Altitude_AGL, km
GroundHeight_CPL, km
MLH_CPL, km
O3_MixingRatio, ppbv
CO2_MixingRatio_PICARRO, ppmv
CH4_MixingRatio_PICARRO, ppmv
CO_MixingRatio_PICARRO, ppmv
CO2_MoleFraction_PFP, ppm
CH4_MoleFraction_PFP, ppb
CO_MoleFraction_PFP, ppb
N2O_MoleFraction_PFP, ppb
SF6_CCGG_MoleFraction_PFP, ppt
H2_MoleFraction_PFP, ppb
CH4C13_PFP, per mil
CO2C14_PFP, per mil
F11B_MoleFraction_PFP, ppt
FC12_MoleFraction_PFP, ppt
F13_MoleFraction_PFP, ppt
F113_MoleFraction_PFP, ppt
F115_MoleFraction_PFP, ppt
HF133a_MoleFraction_PFP, ppt
F23_MoleFraction_PFP, ppt
F32_MoleFraction_PFP, ppt
F134A_MoleFraction_PFP, ppt
F152A_MoleFraction_PFP, ppt
F125_MoleFraction_PFP, ppt
F143a_MoleFraction_PFP, ppt
F227e_MoleFraction_PFP, ppt
F365m_MoleFraction_PFP, ppt
H1211_MoleFraction_PFP, ppt
H1301_MoleFraction_PFP, ppt
H2402_MoleFraction_PFP, ppt
MCFA_MoleFraction_PFP, ppt
CF4_MoleFraction_PFP, ppt
C2F6_MoleFraction_PFP, ppt
SO2F2_MoleFraction_PFP, ppt
MEBR_MoleFraction_PFP, ppt
CH3I_MoleFraction_PFP, ppt
DIBR_MoleFraction_PFP, ppt
[...]
[from data line 1740]
66667,   60,          1401741.0,         14.000000,  13.47728399,   36.96442114,   284.3696765,   5.315041506,   517.2,   261.3499939,   315.5254178,   136,   49.15377077,   32.97972627,   251.7400245,   5.4484,   151,   166.16412,   126.55224,   0.51,   -4.2,   310.9,   322.26,   -11.34,   -0.9,   0.74,   315.48,   249.6499939,   275.1699939,   997.8,   47.6,   41.56,   -154.3,   -105.52,   1.198,   0.936,   2.506,   2.236,   37.31,   0.1806777778,   1.121422222,   0.9426111111,   41.71777778,   37.27444444,   249.8766606,   0,   5.4484,   0.134895,   0.98934,   50.34,   406.0257143,   1.84905,   0.08202105263,    -999999,   -999999,   -999999,   -999999,   -999999,   -999999,   -999999,   -999999,   -999999,   -999999,   -999999,   -999999,   -999999,   -999999,   -999999,   -999999,   -999999,   -999999,   -999999,   -999999,   -999999,   -999999,   -999999,   -999999,   -999999,   -999999,   -999999,   -999999,   -999999,   -999999,   -999999,   -999999,   -999999,   -999999,   -999999,   -999999,   -999999,   -999999,   -999999,   -999999,   -999999,   -999999,   -999999,   -999999,   -999999,   -999999,   -999999,   -999999,   -999999,   -999999,   -999999,     -999999  
66672,   60,          1401742.0,         14.000000,  13.4783263,   36.96981786,   284.3644778,   5.293339745,   518.8,   261.5699939,   315.5124541,   136,   49.16463735,   32.7597802,   251.2999999,   5.4266,   151,   165.64968,   126.346464,   0.51,   -2.8,   310.98,   322.36,   -11.36,   -0.24,   0.66,   315.5,   249.2899939,   275.2499939,   998.2,   47.7,   41.78,   -154.3,   -105.12,   1.154,   0.904,   2.552,   2.284,   35.46,   0.1779666667,   1.1046,   0.9303666667,   40.93,   36.595,   249.7274939,   0,   5.4266,   0.1339038,   0.9713514,   44.58,   406.015,   1.8485,   0.08517368421,    -999999,   -999999,   -999999,   -999999,   -999999,   -999999,   -999999,   -999999,   -999999,   -999999,   -999999,   -999999,   -999999,   -999999,   -999999,   -999999,   -999999,   -999999,   -999999,   -999999,   -999999,   -999999,   -999999,   -999999,   -999999,   -999999,   -999999,   -999999,   -999999,   -999999,   -999999,   -999999,   -999999,   -999999,   -999999,   -999999,   -999999,   -999999,   -999999,   -999999,   -999999,   -999999,   -999999,   -999999,   -999999,   -999999,   -999999,   -999999,   -999999,   -999999,   -999999,     -999999  
66677,   60,          1401743.0,         14.000000,  13.47937029,   36.97521148,   284.3593044,   5.281757345,   519.2,   261.7299939,   315.6359383,   136,   49.17551315,   32.79990003,   250.9000613,   5.4122,   150.2,   164.929464,   125.729136,   0.51,   -2,   310.96,   322.5,   -11.5,   0.2,   0.52,   315.56,   248.9699939,   275.2699939,   998.2,   47.7,   42.02,   -154.3,   -104.68,   1.122,   0.882,   2.592,   2.322,   33.978,   0.1713,   1.06322,   0.89638,   38.836,   34.78,   249.3059939,   0,   5.4122,   0.1334482,   0.959359,   44.42,   405.96,   1.848,   0.0821,    -999999,   -999999,   -999999,   -999999,   -999999,   -999999,   -999999,   -999999,   -999999,   -999999,   -999999,   -999999,   -999999,   -999999,   -999999,   -999999,   -999999,   -999999,   -999999,   -999999,   -999999,   -999999,   -999999,   -999999,   -999999,   -999999,   -999999,   -999999,   -999999,   -999999,   -999999,   -999999,   -999999,   -999999,   -999999,   -999999,   -999999,   -999999,   -999999,   -999999,   -999999,   -999999,   -999999,   -999999,   -999999,   -999999,   -999999,   -999999,   -999999,   -999999,   -999999,     -999999  
66682,   60,          1401744.0,         14.000000,  13.48041668,   36.98058626,   284.3541668,   5.269809185,   520.2,   261.8499939,   315.6070952,   136,   49.1863887,   32.89990772,   250.5599996,   5.402,   149.6,   164.003472,   125.111808,   0.51,   -1.2,   310.9,   322.56,   -11.66,   0.26,   0.38,   315.56,   248.6299939,   275.2499939,   998,   47.7,   42.22,   -154.3,   -104.52,   1.088,   0.856,   2.614,   2.344,   32.666,   0.163525,   1.01495,   0.8568,   36.695,   32.9025,   248.8049939,   0,   5.402,   0.1280226,   0.953363,   46.1,   405.91,   1.84675,   0.08585,    -999999,   -999999,   -999999,   -999999,   -999999,   -999999,   -999999,   -999999,   -999999,   -999999,   -999999,   -999999,   -999999,   -999999,   -999999,   -999999,   -999999,   -999999,   -999999,   -999999,   -999999,   -999999,   -999999,   -999999,   -999999,   -999999,   -999999,   -999999,   -999999,   -999999,   -999999,   -999999,   -999999,   -999999,   -999999,   -999999,   -999999,   -999999,   -999999,   -999999,   -999999,   -999999,   -999999,   -999999,   -999999,   -999999,   -999999,   -999999,   -999999,   -999999,   -999999,     -999999  
66687,   60,          1401745.0,         14.000000,  13.48146534,   36.98593588,   284.3490634,   5.257312385,   521,   261.9099939,   315.5408432,   136,   49.19725781,   33.11994784,   250.3400966,   5.3922,   149,   163.180368,   124.597368,   0.5,   -1,   310.76,   322.6,   -11.82,   0.28,   0.28,   315.48,   248.3099939,   275.2499939,   999,   47.7,   42.26,   -154.3,   -104.4,   1.056,   0.83,   2.622,   2.354,   31.63,   0.15925,   0.988475,   0.8353,   35.7725,   32.075,   248.5199939,   0,   5.3922,   0.1428178,   0.929379,   46.74,   405.885,   1.8466,   0.086445,    -999999,   -999999,   -999999,   -999999,   -999999,   -999999,   -999999,   -999999,   -999999,   -999999,   -999999,   -999999,   -999999,   -999999,   -999999,   -999999,   -999999,   -999999,   -999999,   -999999,   -999999,   -999999,   -999999,   -999999,   -999999,   -999999,   -999999,   -999999,   -999999,   -999999,   -999999,   -999999,   -999999,   -999999,   -999999,   -999999,   -999999,   -999999,   -999999,   -999999,   -999999,   -999999,   -999999,   -999999,   -999999,   -999999,   -999999,   -999999,   -999999,   -999999,   -999999,     -999999  
66692,   60,          1401746.0,         14.000000,  13.48251593,   36.99125932,   284.343989,   5.251094465,   521.8,   261.9699939,   315.474801,   136,   49.20811764,   33.31977699,   250.2004204,   5.3834,   148,   162.357264,   124.082928,   0.5,   -1,   310.64,   322.6,   -11.96,   0.42,   0.26,   315.46,   247.9899939,   275.1899939,   998.8,   47.7,   42.3,   -154.26,   -104.16,   1.024,   0.806,   2.634,   2.368,   30.584,   0.15384,   0.95478,   0.80766,   34.588,   31.016,   248.1499939,   0,   5.3834,   0.1351072,   0.929379,   43.38,   405.88,   1.846088889,   0.078,    -999999,   -999999,   -999999,   -999999,   -999999,   -999999,   -999999,   -999999,   -999999,   -999999,   -999999,   -999999,   -999999,   -999999,   -999999,   -999999,   -999999,   -999999,   -999999,   -999999,   -999999,   -999999,   -999999,   -999999,   -999999,   -999999,   -999999,   -999999,   -999999,   -999999,   -999999,   -999999,   -999999,   -999999,   -999999,   -999999,   -999999,   -999999,   -999999,   -999999,   -999999,   -999999,   -999999,   -999999,   -999999,   -999999,   -999999,   -999999,   -999999,   -999999,   -999999,     -999999  
66697,   60,          1401747.0,         14.000000,  13.48356845,   36.9965549,   284.3389434,   5.240975105,   522.2,   262.0299939,   315.4779777,   136,   49.21896665,   33.41989794,   250.4002989,   5.3762,   147,   161.739936,   123.568488,   0.5,   -1,   310.56,   322.6,   -12.04,   0.4,   0.28,   315.4,   247.7299939,   275.1499939,   999.2,   47.7,   42.34,   -154.2,   -104.02,   0.998,   0.788,   2.65,   2.38,   29.716,   0.15506,   0.96247,   0.81539,   34.358,   30.866,   248.2529939,   0,   5.3762,   0.1278572,   0.929379,   46.1,   405.9,   1.8466,   0.08262,   405.49,   1848.9,   74.76,   329.59,   9.09,   528.89,   -47.29,    -999999,  231.2,   515.5,   3.28,   71.03,   8.57,   0.48,   20.95,   12.51,   94.74,   6.35,   21.93,   20.25,   1.25,   0.89,   3.52,   3.26,   0.41,   2.65,   82.91,   4.67,   2.06,   6.8,   0.08,   0.86,    -999999,  573.42,   41.27,   8,   1.71,   56.34,   483.03,   66.62,   13.32,   9.15,   4.33,   6.08,   9.86,   24.93,   0.15,   0.15,    -999999,  0.63,   5.98,          240.39000  
66702,   60,          1401748.0,         14.000000,  13.48462271,   37.00182274,   284.3339239,   5.234818145,   522.8,   262.1099939,   315.4707751,   162.2859955,   49.2298039,   33.53982838,   250.5199169,   5.3678,   146.4,   161.225496,   123.156936,   0.5,   -1.4,   310.48,   322.6,   -12.1,   0.18,   0.2,   315.46,   247.5699939,   275.1499939,   999.6,   47.7,   42.3,   -154.2,   -104.14,   0.982,   0.772,   2.668,   2.4,   29.074,   0.15602,   0.96842,   0.82106,   34.536,   31.03,   248.3319939,   0,   5.3678,   0.1235398,   0.86942,   45.62,   405.875,   1.8471,   0.08263,   405.49,   1848.9,   74.76,   329.59,   9.09,   528.89,   -47.29,    -999999,  231.2,   515.5,   3.28,   71.03,   8.57,   0.48,   20.95,   12.51,   94.74,   6.35,   21.93,   20.25,   1.25,   0.89,   3.52,   3.26,   0.41,   2.65,   82.91,   4.67,   2.06,   6.8,   0.08,   0.86,    -999999,  573.42,   41.27,   8,   1.71,   56.34,   483.03,   66.62,   13.32,   9.15,   4.33,   6.08,   9.86,   24.93,   0.15,   0.15,    -999999,  0.63,   5.98,          240.39000  
66707,   60,          1401749.0,         14.000000,  13.48567796,   37.00706682,   284.3289194,   5.221833665,   523.8,   262.2099939,   315.418872,   162.2859955,   49.24062844,   33.4399104,   250.0200361,   5.3562,   146,   160.50528,   122.642496,   0.496,   -2,   310.36,   322.52,   -12.16,   -0.02,   0.16,   315.38,   247.6099939,   275.1099939,   999.8,   47.7,   42.28,   -154.2,   -104.14,   0.986,   0.776,   2.688,   2.418,   29.008,   0.153375,   0.95185,   0.80825,   33.9725,   30.525,   248.1574939,   0,   5.3562,   0.1351002,   0.86942,   47.74,   405.8628571,   1.8458,   0.08151,   405.49,   1848.9,   74.76,   329.59,   9.09,   528.89,   -47.29,    -999999,  231.2,   515.5,   3.28,   71.03,   8.57,   0.48,   20.95,   12.51,   94.74,   6.35,   21.93,   20.25,   1.25,   0.89,   3.52,   3.26,   0.41,   2.65,   82.91,   4.67,   2.06,   6.8,   0.08,   0.86,    -999999,  573.42,   41.27,   8,   1.71,   56.34,   483.03,   66.62,   13.32,   9.15,   4.33,   6.08,   9.86,   24.93,   0.15,   0.15,    -999999,  0.63,   5.98,          240.39000  
66712,   60,          1401750.0,         14.000000,  13.48673369,   37.01229304,   284.323922,   5.208483424,   524.8,   262.2699939,   315.3191692,   162.2859955,   49.25144233,   33.45996711,   249.6598926,   5.3424,   146,   160.093728,   122.43672,   0.49,   -2,   310.24,   322.5,   -12.26,   0.1,   0.44,   315.3,   247.7099939,   275.1099939,   999.4,   47.7,   42.08,   -154.2,   -103.94,   0.99,   0.786,   2.7,   2.43,   29.118,   0.151375,   0.9395,   0.7997,   33.0425,   29.745,   248.0399939,   0,   5.3424,   0.1399758,   0.8514314,   44.78,   405.88,   1.846255556,   0.08232631579,   405.49,   1848.9,   74.76,   329.59,   9.09,   528.89,   -47.29,    -999999,  231.2,   515.5,   3.28,   71.03,   8.57,   0.48,   20.95,   12.51,   94.74,   6.35,   21.93,   20.25,   1.25,   0.89,   3.52,   3.26,   0.41,   2.65,   82.91,   4.67,   2.06,   6.8,   0.08,   0.86,    -999999,  573.42,   41.27,   8,   1.71,   56.34,   483.03,   66.62,   13.32,   9.15,   4.33,   6.08,   9.86,   24.93,   0.15,   0.15,    -999999,  0.63,   5.98,          240.39000  
66717,   60,          1401751.0,         14.000000,  13.48779038,   37.01750908,   284.3189391,   5.197022944,   525.4,   262.3499939,   315.3123944,   162.2859955,   49.26225515,   33.59990934,   249.3802378,   5.3282,   145,   159.682176,   122.128056,   0.49,   -1.8,   310.2,   322.62,   -12.42,   0.34,   0.74,   315.26,   247.7499939,   275.1099939,   1000.6,   47.74,   41.84,   -154.2,   -103.58,   0.99,   0.79,   2.716,   2.448,   29.046,   0.1513230769,   0.9392384615,   0.8001461538,   33.06,   29.76307692,   248.0446093,   0,   5.3282,   0.1391714,   0.839439,   45.1,   405.8885714,   1.8458,   0.08096842105,    -999999,   -999999,   -999999,   -999999,   -999999,   -999999,   -999999,   -999999,   -999999,   -999999,   -999999,   -999999,   -999999,   -999999,   -999999,   -999999,   -999999,   -999999,   -999999,   -999999,   -999999,   -999999,   -999999,   -999999,   -999999,   -999999,   -999999,   -999999,   -999999,   -999999,   -999999,   -999999,   -999999,   -999999,   -999999,   -999999,   -999999,   -999999,   -999999,   -999999,   -999999,   -999999,   -999999,   -999999,   -999999,   -999999,   -999999,   -999999,   -999999,   -999999,   -999999,     -999999  
66722,   60,          1401752.0,         14.000000,  13.48884907,   37.02271806,   284.3139861,   5.188915264,   526,   262.3699939,   315.2336188,   162.2859955,   49.27307573,   33.57989777,   248.9999404,   5.3198,   144.6,   158.756184,   121.613616,   0.49,   -0.6,   310.2,   322.76,   -12.56,   0.74,   0.52,   315.22,   247.8499939,   275.0099939,   1000.4,   47.8,   42,   -154.12,   -103.22,   1,   0.8,   2.724,   2.458,   29.226,   0.149875,   0.930275,   0.7933,   32.94,   29.635,   247.9474939,   0,   5.3198,   0.132951,   0.839439,   46.9,   405.875,   1.845966667,   0.081855,    -999999,   -999999,   -999999,   -999999,   -999999,   -999999,   -999999,   -999999,   -999999,   -999999,   -999999,   -999999,   -999999,   -999999,   -999999,   -999999,   -999999,   -999999,   -999999,   -999999,   -999999,   -999999,   -999999,   -999999,   -999999,   -999999,   -999999,   -999999,   -999999,   -999999,   -999999,   -999999,   -999999,   -999999,   -999999,   -999999,   -999999,   -999999,   -999999,   -999999,   -999999,   -999999,   -999999,   -999999,   -999999,   -999999,   -999999,   -999999,   -999999,   -999999,   -999999,     -999999  
66727,   60,          1401753.0,         14.000000,  13.48991002,   37.02791038,   284.309067,   5.180441824,   526.6,   262.3899939,   315.1549782,   162.2859955,   49.28389737,   33.5197834,   248.3602028,   5.3132,   144,   157.727304,   120.8934,   0.49,   -1,   310.08,   322.78,   -12.72,   0.48,   0.16,   315.1,   247.8099939,   274.8699939,   1000.8,   47.8,   42.36,   -154.1,   -103.42,   0.996,   0.796,   2.724,   2.456,   29.12,   0.14948,   0.92784,   0.79182,   33.304,   29.923,   247.9289939,   0,   5.3132,    -999999,   -999999,  46.7,   405.86,   1.84605,   0.08158,    -999999,   -999999,   -999999,   -999999,   -999999,   -999999,   -999999,   -999999,   -999999,   -999999,   -999999,   -999999,   -999999,   -999999,   -999999,   -999999,   -999999,   -999999,   -999999,   -999999,   -999999,   -999999,   -999999,   -999999,   -999999,   -999999,   -999999,   -999999,   -999999,   -999999,   -999999,   -999999,   -999999,   -999999,   -999999,   -999999,   -999999,   -999999,   -999999,   -999999,   -999999,   -999999,   -999999,   -999999,   -999999,   -999999,   -999999,   -999999,   -999999,   -999999,   -999999,     -999999  
