inputs/ACTAMERICA_Merge/C130/ACTAMERICA-mrg05-c130_merge_20170213_R0_L2.ict
143, 1001
Shook, Michael
NASA Atmospheric Composition Branch, NASA Langley Research Center (SSAI)
Merged data file for ACT-AMERICA 2017, Flight 07 (20170213), on the c130 platform. Data is merged to 05 seconds.
NASA ACT-AMERICA 2017
1, 1
2017, 02, 13, 2018, 02, 23
05
UTC,s
104
1, 1, 1, 1, 1, 1, 1, 1, 1, 1, 1, 1, 1, 1, 1, 1, 1, 1, 1, 1, 1, 1, 1, 1, 1, 1, 1, 1, 1, 1, 1, 1, 1, 1, 1, 1, 1, 1, 1, 1, 1, 1, 1, 1, 1, 1, 1, 1, 1, 1, 1, 1, 1, 1, 1, 1, 1, 1, 1, 1, 1, 1, 1, 1, 1, 1, 1, 1, 1, 1, 1, 1, 1, 1, 1, 1, 1, 1, 1, 1, 1, 1, 1, 1, 1, 1, 1, 1, 1, 1, 1, 1, 1, 1, 1, 1, 1, 1, 1, 1, 1, 1, 1, 1
-999999, -999999, -999999, -999999, -999999, -999999, -999999, -999999, -999999, -999999, -999999, -999999, -999999, -999999, -999999, -999999, -999999, -999999, -999999, -999999, -999999, -999999, -999999, -999999, -999999, -999999, -999999, -999999, -999999, -999999, -999999, -999999, -999999, -999999, -999999, -999999, -999999, -999999, -999999, -999999, -999999, -999999, -999999, -999999, -999999, -999999, -999999, -999999, -999999, -999999, -999999, -999999, -999999, -999999, -999999, -999999, -999999, -999999, -999999, -999999, -999999, -999999, -999999, -999999, -999999, -999999, -999999, -999999, -999999, -999999, -999999, -999999, -999999, -999999, -999999, -999999, -999999, -999999, -999999, -999999, -999999, -999999, -999999, -999999, -999999, -999999, -999999, -999999, -999999, -999999, -999999, -999999, -999999, -999999, -999999, -999999, -999999, -999999, -999999, -999999, -999999, -999999, -999999, -999999
JDAY, days
INDEX, none
FLIGHT, none
LOCAL_SUN_TIME, hour
LATITUDE, degs
LONGITUDE, degs
ALTP, km
PRESSURE, hPa
TEMPERATURE, K
THETA, K
O3COLUMN, DU
SZA, deg
WNS, m s-1
WND, Degs
GPS_ALT, km
GRD_SPD, m s-1
TAS, m/s
IAS, m/s
MachNumber, mach
VerticalSpeed, m s-1
HDG, degs
TRK, degs
DriftAngle, degs
PITCH, degs
ROLL, degs
PotentialTemp, K
Dewpoint, K
TotalAirTemp, K
CabinPressure, hPa
SolarZenithAngle, degs
AircraftSunElevation, degs
SunAzimuth, degs
AircraftSunAzimuth, degs
H2O_MixingRatio, g kg-1
H2O_VaporPressure, hPa
H2O_SatVaporPressureWater, hPa
H2O_SatVaporPressureIce, hPa
H2O_RelativeHumidity, %
H2O_VolMixingRatio_PICARRO, %
H2O_MassMixingRatio_PICARRO, g kg-1
H2O_VaporPressure_PICARRO, hPa
RHi_PICARRO, %
RHw_PICARRO, %
Dewpoint_PICARRO, K
Ground_Elevation, km
Altitude_AGL, km
GroundHeight_CPL, km
MLH_CPL, km
O3_MixingRatio, ppbv
CO2_MixingRatio_PICARRO, ppmv
CH4_MixingRatio_PICARRO, ppmv
CO_MixingRatio_PICARRO, ppmv
CO2_MoleFraction_PFP, ppm
CH4_MoleFraction_PFP, ppb
CO_MoleFraction_PFP, ppb
N2O_MoleFraction_PFP, ppb
SF6_CCGG_MoleFraction_PFP, ppt
H2_MoleFraction_PFP, ppb
CH4C13_PFP, per mil
CO2C14_PFP, per mil
F11B_MoleFraction_PFP, ppt
FC12_MoleFraction_PFP, ppt
F13_MoleFraction_PFP, ppt
F113_MoleFraction_PFP, ppt
F115_MoleFraction_PFP, ppt
HF133a_MoleFraction_PFP, ppt
F23_MoleFraction_PFP, ppt
F32_MoleFraction_PFP, ppt
F134A_MoleFraction_PFP, ppt
F152A_MoleFraction_PFP, ppt
F125_MoleFraction_PFP, ppt
F143a_MoleFraction_PFP, ppt
F227e_MoleFraction_PFP, ppt
F365m_MoleFraction_PFP, ppt
H1211_MoleFraction_PFP, ppt
H1301_MoleFraction_PFP, ppt
H2402_MoleFraction_PFP, ppt
MCFA_MoleFraction_PFP, ppt
CF4_MoleFraction_PFP, ppt
C2F6_MoleFraction_PFP, ppt
SO2F2_MoleFraction_PFP, ppt
MEBR_MoleFraction_PFP, ppt
CH3I_MoleFraction_PFP, ppt
DIBR_MoleFraction_PFP, ppt
[...]
[from data line 1746]
74417,   44,          704072.00,         7.0000000,  13.76495026,   47.1546036,   256.3930038,   5.265481025,   520.4,   255.5299939,   307.9557925,   363.3330078,   64.99060209,   17.27944156,   317.6937499,   5.2444,   202,   179.333784,   138.8988,   0.56,   -3,   166.06,   162.58,   3.48,   -0.92,   2.02,   307.9,   241.9499939,   271.6299939,   868.8,   63.54,   28.38,   -155.2,   38.54,   0.588,   0.46,   1.556,   1.31,   29.632,   0.08545,   0.5304,   0.4497,   34.9,   29.3775,   241.8374939,   0.71586,   4.52854,   0.8401358,   1.25916,   55.66,   408.245,   1.897677778,   0.1093578947,    -999999,   -999999,   -999999,   -999999,   -999999,   -999999,   -999999,   -999999,   -999999,   -999999,   -999999,   -999999,   -999999,   -999999,   -999999,   -999999,   -999999,   -999999,   -999999,   -999999,   -999999,   -999999,   -999999,   -999999,   -999999,   -999999,   -999999,   -999999,   -999999,   -999999,   -999999,   -999999,   -999999,   -999999,   -999999,   -999999,   -999999,   -999999,   -999999,   -999999,   -999999,   -999999,   -999999,   -999999,   -999999,   -999999,   -999999,   -999999,   -999999,   -999999,   -999999,     -999999  
74422,   44,          704073.00,         7.0000000,  13.7666018,   47.1459198,   256.3969437,   5.247253985,   521.8,   255.7299939,   307.9603421,   363.3330078,   64.99104517,   17.4795799,   316.7167047,   5.2238,   202,   179.53956,   139.104576,   0.56,   -3.8,   166.46,   162.82,   3.6,   -1.28,   1.62,   307.88,   241.8099939,   271.7899939,   871.6,   63.5,   28.38,   -155.2,   38.44,   0.576,   0.456,   1.582,   1.338,   28.76,   0.09112,   0.5656,   0.48102,   36.316,   30.656,   242.5419939,   0.71818,   4.50562,   0.8421662,   1.25916,   56.46,   408.2685714,   1.897909091,   0.1116473684,    -999999,   -999999,   -999999,   -999999,   -999999,   -999999,   -999999,   -999999,   -999999,   -999999,   -999999,   -999999,   -999999,   -999999,   -999999,   -999999,   -999999,   -999999,   -999999,   -999999,   -999999,   -999999,   -999999,   -999999,   -999999,   -999999,   -999999,   -999999,   -999999,   -999999,   -999999,   -999999,   -999999,   -999999,   -999999,   -999999,   -999999,   -999999,   -999999,   -999999,   -999999,   -999999,   -999999,   -999999,   -999999,   -999999,   -999999,   -999999,   -999999,   -999999,   -999999,     -999999  
74427,   44,          704074.00,         7.0000000,  13.76824927,   47.13724138,   256.4008224,   5.224272065,   523.6,   255.9499939,   307.9221602,   363.3330078,   64.99148331,   17.65988858,   316.2187993,   5.201,   201,   179.230896,   139.207464,   0.56,   -4,   166.78,   163.08,   3.68,   -1.38,   1.6,   307.92,   241.7499939,   272.0299939,   874,   63.5,   28.42,   -155.2,   38.14,   0.57,   0.45,   1.614,   1.364,   28.042,   0.0953,   0.59145,   0.50475,   37.15,   31.44,   243.0524939,   0.717,   4.484,   0.8382476,   1.25916,   58.7,   408.25,   1.8977,   0.11245,    -999999,   -999999,   -999999,   -999999,   -999999,   -999999,   -999999,   -999999,   -999999,   -999999,   -999999,   -999999,   -999999,   -999999,   -999999,   -999999,   -999999,   -999999,   -999999,   -999999,   -999999,   -999999,   -999999,   -999999,   -999999,   -999999,   -999999,   -999999,   -999999,   -999999,   -999999,   -999999,   -999999,   -999999,   -999999,   -999999,   -999999,   -999999,   -999999,   -999999,   -999999,   -999999,   -999999,   -999999,   -999999,   -999999,   -999999,   -999999,   -999999,   -999999,   -999999,     -999999  
74432,   44,          704075.00,         7.0000000,  13.76989278,   47.1285675,   256.4046417,   5.202265504,   525.2,   256.1299939,   307.8702089,   363.3330078,   64.9919162,   17.53990806,   316.9395663,   5.1782,   201,   178.51068,   138.795912,   0.56,   -4,   166.98,   163.32,   3.64,   -1.34,   0.92,   307.86,   241.8099939,   272.0899939,   876.8,   63.5,   27.98,   -155.12,   38.24,   0.572,   0.456,   1.638,   1.388,   27.802,   0.088025,   0.546175,   0.46755,   34.0675,   28.8625,   242.2424939,   0.71668,   4.46152,   0.8743288,   1.25916,   60.82,   408.225,   1.897466667,   0.108,    -999999,   -999999,   -999999,   -999999,   -999999,   -999999,   -999999,   -999999,   -999999,   -999999,   -999999,   -999999,   -999999,   -999999,   -999999,   -999999,   -999999,   -999999,   -999999,   -999999,   -999999,   -999999,   -999999,   -999999,   -999999,   -999999,   -999999,   -999999,   -999999,   -999999,   -999999,   -999999,   -999999,   -999999,   -999999,   -999999,   -999999,   -999999,   -999999,   -999999,   -999999,   -999999,   -999999,   -999999,   -999999,   -999999,   -999999,   -999999,   -999999,   -999999,   -999999,     -999999  
74437,   44,          704076.00,         7.0000000,  13.77153609,   47.11990432,   256.408458,   5.178491104,   527,   256.2699939,   307.7375157,   363.3330078,   64.99236767,   17.03974962,   318.2779316,   5.1548,   201,   177.99624,   138.487248,   0.56,   -4,   166.7,   163.22,   3.48,   -1.44,   -0.44,   307.74,   241.8099939,   272.1499939,   879,   63.5,   27.14,   -155.1,   39.14,   0.57,   0.456,   1.656,   1.406,   27.466,   0.091325,   0.5668,   0.48685,   35.215,   29.86,   242.6624939,   0.73094,   4.42386,   0.890544,   1.253164,   58.18,   408.19,   1.89705,   0.114485,    -999999,   -999999,   -999999,   -999999,   -999999,   -999999,   -999999,   -999999,   -999999,   -999999,   -999999,   -999999,   -999999,   -999999,   -999999,   -999999,   -999999,   -999999,   -999999,   -999999,   -999999,   -999999,   -999999,   -999999,   -999999,   -999999,   -999999,   -999999,   -999999,   -999999,   -999999,   -999999,   -999999,   -999999,   -999999,   -999999,   -999999,   -999999,   -999999,   -999999,   -999999,   -999999,   -999999,   -999999,   -999999,   -999999,   -999999,   -999999,   -999999,   -999999,   -999999,     -999999  
74442,   44,          704077.00,         7.0000000,  13.77318244,   47.11125488,   256.41232,   5.151424864,   528.8,   256.4899939,   307.7017863,   363.3330078,   64.99285632,   17.03984488,   318.3978865,   5.1308,   201,   177.893352,   138.38436,   0.554,   -4,   166.42,   162.98,   3.44,   -1.36,   -0.4,   307.66,   241.9299939,   272.2499939,   881.8,   63.5,   27.14,   -155.1,   39.34,   0.576,   0.462,   1.682,   1.432,   27.32,   0.099,   0.6145,   0.52895,   37.795,   32.085,   243.5474939,   0.76462,   4.36618,   0.8792736,   1.193204,   56.46,   408.17,   1.8969,   0.112535,    -999999,   -999999,   -999999,   -999999,   -999999,   -999999,   -999999,   -999999,   -999999,   -999999,   -999999,   -999999,   -999999,   -999999,   -999999,   -999999,   -999999,   -999999,   -999999,   -999999,   -999999,   -999999,   -999999,   -999999,   -999999,   -999999,   -999999,   -999999,   -999999,   -999999,   -999999,   -999999,   -999999,   -999999,   -999999,   -999999,   -999999,   -999999,   -999999,   -999999,   -999999,   -999999,   -999999,   -999999,   -999999,   -999999,   -999999,   -999999,   -999999,   -999999,   -999999,     -999999  
74447,   44,          704078.00,         7.0000000,  13.77483215,   47.1026245,   256.4162323,   5.125394943,   530.4,   256.7299939,   307.723968,   363.3330078,   64.99338834,   16.81918161,   318.8523195,   5.1054,   200.4,   177.4818,   138.487248,   0.55,   -5,   166.06,   162.72,   3.34,   -1.42,   -0.36,   307.68,   242.4899939,   272.4899939,   884.6,   63.5,   27.24,   -155.1,   39.76,   0.606,   0.486,   1.72,   1.466,   28.212,   0.1018,   0.631825,   0.545825,   37.9525,   32.315,   243.8824939,   0.75156,   4.35384,   0.8367216,   1.103264,   59.52,   408.21,   1.8966,   0.115265,    -999999,   -999999,   -999999,   -999999,   -999999,   -999999,   -999999,   -999999,   -999999,   -999999,   -999999,   -999999,   -999999,   -999999,   -999999,   -999999,   -999999,   -999999,   -999999,   -999999,   -999999,   -999999,   -999999,   -999999,   -999999,   -999999,   -999999,   -999999,   -999999,   -999999,   -999999,   -999999,   -999999,   -999999,   -999999,   -999999,   -999999,   -999999,   -999999,   -999999,   -999999,   -999999,   -999999,   -999999,   -999999,   -999999,   -999999,   -999999,   -999999,   -999999,   -999999,     -999999  
74452,   44,          704079.00,         7.0000000,  13.77648563,   47.09400788,   256.4202011,   5.103205503,   532,   256.9899939,   307.7706344,   363.3330078,   64.99396115,   16.75965774,   318.4769698,   5.0792,   200,   177.99624,   138.8988,   0.55,   -5,   165.82,   162.48,   3.3,   -1.5,   -0.32,   307.72,   243.2099939,   272.7699939,   886.8,   63.5,   27.32,   -155,   40.08,   0.646,   0.52,   1.756,   1.502,   29.546,   0.103525,   0.642325,   0.556975,   36.965,   31.6275,   244.0999939,   0.70844,   4.37076,   0.7867432,   1.007328,   56.72,   408.2,   1.8973,   0.11612,    -999999,   -999999,   -999999,   -999999,   -999999,   -999999,   -999999,   -999999,   -999999,   -999999,   -999999,   -999999,   -999999,   -999999,   -999999,   -999999,   -999999,   -999999,   -999999,   -999999,   -999999,   -999999,   -999999,   -999999,   -999999,   -999999,   -999999,   -999999,   -999999,   -999999,   -999999,   -999999,   -999999,   -999999,   -999999,   -999999,   -999999,   -999999,   -999999,   -999999,   -999999,   -999999,   -999999,   -999999,   -999999,   -999999,   -999999,   -999999,   -999999,   -999999,   -999999,     -999999  
74457,   44,          704080.00,         7.0000000,  13.77814216,   47.08540802,   256.4242157,   5.074493343,   534.2,   257.3299939,   307.8146627,   363.3330078,   64.99457391,   16.5797866,   318.6176091,   5.0518,   200,   177.99624,   138.8988,   0.55,   -5,   165.48,   162.22,   3.26,   -1.54,   -0.44,   307.72,   243.9299939,   273.1499939,   889.8,   63.5,   27.26,   -155,   40.5,   0.688,   0.556,   1.804,   1.546,   30.792,   0.102175,   0.634075,   0.55195,   35.96,   30.8275,   244.0024939,   0.7078,   4.344,   0.7982648,   0.983344,   54.9,   408.205,   1.8978,   0.1116105263,    -999999,   -999999,   -999999,   -999999,   -999999,   -999999,   -999999,   -999999,   -999999,   -999999,   -999999,   -999999,   -999999,   -999999,   -999999,   -999999,   -999999,   -999999,   -999999,   -999999,   -999999,   -999999,   -999999,   -999999,   -999999,   -999999,   -999999,   -999999,   -999999,   -999999,   -999999,   -999999,   -999999,   -999999,   -999999,   -999999,   -999999,   -999999,   -999999,   -999999,   -999999,   -999999,   -999999,   -999999,   -999999,   -999999,   -999999,   -999999,   -999999,   -999999,   -999999,     -999999  
74462,   44,          704081.00,         7.0000000,  13.77980235,   47.07682114,   256.4282852,   5.046878462,   536,   257.6099939,   307.8535737,   363.3330078,   64.99522635,   16.65964404,   318.3558194,   5.0246,   200,   177.99624,   139.41324,   0.55,   -5,   165.24,   162.02,   3.22,   -1.5,   -0.16,   307.8,   244.2299939,   273.4299939,   891.6,   63.5,   27.42,   -155,   40.62,   0.708,   0.57,   1.85,   1.594,   30.872,   0.10246,   0.63598,   0.55604,   35.054,   30.158,   244.0799939,   0.72628,   4.29832,   0.8445436,   1.31912,   58.5,   408.145,   1.896422222,   0.11345,    -999999,   -999999,   -999999,   -999999,   -999999,   -999999,   -999999,   -999999,   -999999,   -999999,   -999999,   -999999,   -999999,   -999999,   -999999,   -999999,   -999999,   -999999,   -999999,   -999999,   -999999,   -999999,   -999999,   -999999,   -999999,   -999999,   -999999,   -999999,   -999999,   -999999,   -999999,   -999999,   -999999,   -999999,   -999999,   -999999,   -999999,   -999999,   -999999,   -999999,   -999999,   -999999,   -999999,   -999999,   -999999,   -999999,   -999999,   -999999,   -999999,   -999999,   -999999,     -999999  
74467,   44,          704082.00,         7.0000000,  13.78146437,   47.06824262,   256.4323822,   5.019751262,   538,   257.8899939,   307.8604112,   363.3330078,   64.99590546,   16.61997985,   318.6999994,   4.9982,   200,   177.584688,   139.310352,   0.55,   -5,   165.1,   161.9,   3.2,   -1.58,   0.42,   307.8,   244.0899939,   273.6899939,   894.4,   63.5,   27.84,   -154.96,   40.62,   0.694,   0.566,   1.896,   1.636,   29.766,   0.10315,   0.64035,   0.56155,   34.605,   29.84,   244.1849939,   0.76118,   4.23702,   0.8736022,   1.283144,   59.92,   408.165,   1.896,   0.11225,    -999999,   -999999,   -999999,   -999999,   -999999,   -999999,   -999999,   -999999,   -999999,   -999999,   -999999,   -999999,   -999999,   -999999,   -999999,   -999999,   -999999,   -999999,   -999999,   -999999,   -999999,   -999999,   -999999,   -999999,   -999999,   -999999,   -999999,   -999999,   -999999,   -999999,   -999999,   -999999,   -999999,   -999999,   -999999,   -999999,   -999999,   -999999,   -999999,   -999999,   -999999,   -999999,   -999999,   -999999,   -999999,   -999999,   -999999,   -999999,   -999999,   -999999,   -999999,     -999999  
74472,   44,          704083.00,         7.0000000,  13.7831268,   47.0596695,   256.4364853,   4.993965182,   540.2,   258.1099939,   307.7639882,   363.3330078,   64.99660161,   16.53969443,   318.8777499,   4.971,   200,   177.687576,   139.41324,   0.55,   -5,   165.06,   161.9,   3.16,   -1.82,   0.86,   307.78,   243.7299939,   273.9099939,   897.2,   63.5,   28.32,   -154.9,   40.62,   0.67,   0.548,   1.926,   1.666,   28.268,   0.104225,   0.646725,   0.56915,   34.5125,   29.81,   244.3349939,   0.76486,   4.20614,   0.8592366,   1.187208,   60.92,   408.06,   1.89505,   0.11075,    -999999,   -999999,   -999999,   -999999,   -999999,   -999999,   -999999,   -999999,   -999999,   -999999,   -999999,   -999999,   -999999,   -999999,   -999999,   -999999,   -999999,   -999999,   -999999,   -999999,   -999999,   -999999,   -999999,   -999999,   -999999,   -999999,   -999999,   -999999,   -999999,   -999999,   -999999,   -999999,   -999999,   -999999,   -999999,   -999999,   -999999,   -999999,   -999999,   -999999,   -999999,   -999999,   -999999,   -999999,   -999999,   -999999,   -999999,   -999999,   -999999,   -999999,   -999999,     -999999  
74477,   44,          704084.00,         7.0000000,  13.78478902,   47.0510811,   256.4405853,   4.961900221,   542.4,   258.3299939,   307.6688298,   363.3330078,   64.9972937,   16.93971222,   318.0575006,   4.9408,   200.6,   177.99624,   139.824792,   0.55,   -5.6,   165.3,   161.96,   3.32,   -2.14,   1.34,   307.68,   243.3499939,   274.1699939,   899.2,   63.5,   28.84,   -154.9,   40.34,   0.642,   0.526,   1.964,   1.698,   26.806,   0.10085,   0.6261,   0.55325,   32.9625,   28.525,   244.0299939,   0.73752,   4.20328,   0.8021462,   1.16922,   58.86,   407.98875,   1.89475,   0.1128,    -999999,   -999999,   -999999,   -999999,   -999999,   -999999,   -999999,   -999999,   -999999,   -999999,   -999999,   -999999,   -999999,   -999999,   -999999,   -999999,   -999999,   -999999,   -999999,   -999999,   -999999,   -999999,   -999999,   -999999,   -999999,   -999999,   -999999,   -999999,   -999999,   -999999,   -999999,   -999999,   -999999,   -999999,   -999999,   -999999,   -999999,   -999999,   -999999,   -999999,   -999999,   -999999,   -999999,   -999999,   -999999,   -999999,   -999999,   -999999,   -999999,   -999999,   -999999,     -999999  
