inputs/ACTAMERICA_Merge/C130/ACTAMERICA-mrg05-c130_merge_20170304_R0.ict
143, 1001
Shook, Michael
NASA Atmospheric Composition Branch, NASA Langley Research Center (SSAI)
Merged data file for ACT-AMERICA 2017, Flight 17 (20170304), on the c130 platform. Data is merged to 05 seconds.
NASA ACT-AMERICA 2017
1, 1
2017, 03, 04, 2018, 02, 23
05
UTC,s
104
1, 1, 1, 1, 1, 1, 1, 1, 1, 1, 1, 1, 1, 1, 1, 1, 1, 1, 1, 1, 1, 1, 1, 1, 1, 1, 1, 1, 1, 1, 1, 1, 1, 1, 1, 1, 1, 1, 1, 1, 1, 1, 1, 1, 1, 1, 1, 1, 1, 1, 1, 1, 1, 1, 1, 1, 1, 1, 1, 1, 1, 1, 1, 1, 1, 1, 1, 1, 1, 1, 1, 1, 1, 1, 1, 1, 1, 1, 1, 1, 1, 1, 1, 1, 1, 1, 1, 1, 1, 1, 1, 1, 1, 1, 1, 1, 1, 1, 1, 1, 1, 1, 1, 1
-999999, -999999, -999999, -999999, -999999, -999999, -999999, -999999, -999999, -999999, -999999, -999999, -999999, -999999, -999999, -999999, -999999, -999999, -999999, -999999, -999999, -999999, -999999, -999999, -999999, -999999, -999999, -999999, -999999, -999999, -999999, -999999, -999999, -999999, -999999, -999999, -999999, -999999, -999999, -999999, -999999, -999999, -999999, -999999, -999999, -999999, -999999, -999999, -999999, -999999, -999999, -999999, -999999, -999999, -999999, -999999, -999999, -999999, -999999, -999999, -999999, -999999, -999999, -999999, -999999, -999999, -999999, -999999, -999999, -999999, -999999, -999999, -999999, -999999, -999999, -999999, -999999, -999999, -999999, -999999, -999999, -999999, -999999, -999999, -999999, -999999, -999999, -999999, -999999, -999999, -999999, -999999, -999999, -999999, -999999, -999999, -999999, -999999, -999999, -999999, -999999, -999999, -999999, -999999
JDAY, days
INDEX, none
FLIGHT, none
LOCAL_SUN_TIME, hour
LATITUDE, degs
LONGITUDE, degs
ALTP, km
PRESSURE, hPa
TEMPERATURE, K
THETA, K
O3COLUMN, DU
SZA, deg
WNS, m s-1
WND, Degs
GPS_ALT, km
GRD_SPD, m s-1
TAS, m/s
IAS, m/s
MachNumber, mach
VerticalSpeed, m s-1
HDG, degs
TRK, degs
DriftAngle, degs
PITCH, degs
ROLL, degs
PotentialTemp, K
Dewpoint, K
TotalAirTemp, K
CabinPressure, hPa
SolarZenithAngle, degs
AircraftSunElevation, degs
SunAzimuth, degs
AircraftSunAzimuth, degs
H2O_MixingRatio, g kg-1
H2O_VaporPressure, hPa
H2O_SatVaporPressureWater, hPa
H2O_SatVaporPressureIce, hPa
H2O_RelativeHumidity, %
H2O_VolMixingRatio_PICARRO, %
H2O_MassMixingRatio_PICARRO, g kg-1
H2O_VaporPressure_PICARRO, hPa
RHi_PICARRO, %
RHw_PICARRO, %
Dewpoint_PICARRO, K
Ground_Elevation, km
Altitude_AGL, km
GroundHeight_CPL, km
MLH_CPL, km
O3_MixingRatio, ppbv
CO2_MixingRatio_PICARRO, ppmv
CH4_MixingRatio_PICARRO, ppmv
CO_MixingRatio_PICARRO, ppmv
CO2_MoleFraction_PFP, ppm
CH4_MoleFraction_PFP, ppb
CO_MoleFraction_PFP, ppb
N2O_MoleFraction_PFP, ppb
SF6_CCGG_MoleFraction_PFP, ppt
H2_MoleFraction_PFP, ppb
CH4C13_PFP, per mil
CO2C14_PFP, per mil
F11B_MoleFraction_PFP, ppt
FC12_MoleFraction_PFP, ppt
F13_MoleFraction_PFP, ppt
F113_MoleFraction_PFP, ppt
F115_MoleFraction_PFP, ppt
HF133a_MoleFraction_PFP, ppt
F23_MoleFraction_PFP, ppt
F32_MoleFraction_PFP, ppt
F134A_MoleFraction_PFP, ppt
F152A_MoleFraction_PFP, ppt
F125_MoleFraction_PFP, ppt
F143a_MoleFraction_PFP, ppt
F227e_MoleFraction_PFP, ppt
F365m_MoleFraction_PFP, ppt
H1211_MoleFraction_PFP, ppt
H1301_MoleFraction_PFP, ppt
H2402_MoleFraction_PFP, ppt
MCFA_MoleFraction_PFP, ppt
CF4_MoleFraction_PFP, ppt
C2F6_MoleFraction_PFP, ppt
SO2F2_MoleFraction_PFP, ppt
MEBR_MoleFraction_PFP, ppt
CH3I_MoleFraction_PFP, ppt
DIBR_MoleFraction_PFP, ppt
[...]
[from data line 1834]
66162,   63,          1701835.0,         17.000000,  13.22116074,   39.95331402,   282.6319944,   4.150705491,   603.8,   251.2299939,   290.1839978,   367,   49.3814947,   26.55948757,   309.6382539,   4.0552,   161,   161.328384,   135.091944,   0.51,   0,   225.5,   213.28,   12.26,   0.32,   1.04,   290.18,   234.3499939,   264.2099939,   933.4,   48.2,   41.18,   -159.6,   -24.98,   0.24,   0.22,   1.076,   0.868,   20.268,   0.03984,   0.24728,   0.24198,   28.364,   22.888,   235.5459939,   0.341,   3.7142,   0.4401486,   1.91872,   48.36,   410.12375,   1.92255,   0.13415,    -999999,   -999999,   -999999,   -999999,   -999999,   -999999,   -999999,   -999999,   -999999,   -999999,   -999999,   -999999,   -999999,   -999999,   -999999,   -999999,   -999999,   -999999,   -999999,   -999999,   -999999,   -999999,   -999999,   -999999,   -999999,   -999999,   -999999,   -999999,   -999999,   -999999,   -999999,   -999999,   -999999,   -999999,   -999999,   -999999,   -999999,   -999999,   -999999,   -999999,   -999999,   -999999,   -999999,   -999999,   -999999,   -999999,   -999999,   -999999,   -999999,   -999999,   -999999,     -999999  
66167,   63,          1701836.0,         17.000000,  13.22220392,   39.94723222,   282.6268088,   4.151132211,   603.6,   251.3499939,   290.3500858,   367,   49.38088925,   26.8593508,   308.658826,   4.057,   161,   161.739936,   135.400608,   0.51,   0,   225.48,   213.3,   12.2,   0.4,   0.94,   290.32,   234.4299939,   264.3699939,   933.8,   48.2,   41.1,   -159.6,   -24.82,   0.24,   0.22,   1.088,   0.88,   20.206,   0.04052,   0.25148,   0.24595,   28.347,   22.915,   235.7059939,   0.35416,   3.70284,   0.478503,   1.91872,   51.12,   410.105,   1.922108333,   0.1373,   410.23,   1925.46,   134.3,   330.35,   9.41,   510.7,   -47.47,    -999999,  231.88,   515.87,   3.5,   71.02,   8.61,   0.54,   32.33,   14.78,   100.75,   9.79,   23.66,   21.21,   1.29,   1.06,   3.46,   3.35,   0.44,   2.37,   84.89,   4.72,   2.46,   6.96,   0.28,   1.28,   534.01,   575.92,   77.5,   15.93,   3.14,   343.29,   1944.51,   597.83,   124.41,   75.31,   21.92,   26.37,   88.03,   13.1,   0.2,   0.17,   10.38,   0.66,   7.78,          251.80000  
66172,   63,          1701837.0,         17.000000,  13.2232477,   39.94115738,   282.6216322,   4.157533011,   603,   251.3899939,   290.4788205,   367,   49.38029845,   27.45958338,   306.8983243,   4.0608,   161,   162.460152,   136.017936,   0.51,   0,   225.4,   213.24,   12.18,   0.32,   0.98,   290.42,   234.7099939,   264.5299939,   934.2,   48.2,   41.1,   -159.6,   -24.72,   0.248,   0.226,   1.092,   0.882,   20.722,   0.04025,   0.24984,   0.24425,   28.148,   22.752,   235.6349939,   0.40476,   3.65604,   0.4940906,   1.966688,   50.4,   409.995,   1.920890909,   0.1386263158,   410.23,   1925.46,   134.3,   330.35,   9.41,   510.7,   -47.47,    -999999,  231.88,   515.87,   3.5,   71.02,   8.61,   0.54,   32.33,   14.78,   100.75,   9.79,   23.66,   21.21,   1.29,   1.06,   3.46,   3.35,   0.44,   2.37,   84.89,   4.72,   2.46,   6.96,   0.28,   1.28,   534.01,   575.92,   77.5,   15.93,   3.14,   343.29,   1944.51,   597.83,   124.41,   75.31,   21.92,   26.37,   88.03,   13.1,   0.2,   0.17,   10.38,   0.66,   7.78,          251.80000  
66177,   63,          1701838.0,         17.000000,  13.22429205,   39.93509196,   282.6164641,   4.160520051,   603,   251.5099939,   290.6174794,   367,   49.37972443,   27.45921748,   306.7965014,   4.0644,   161,   162.357264,   135.709272,   0.51,   0,   225.4,   213.3,   12.16,   0.12,   1,   290.58,   235.0499939,   264.6099939,   934.4,   48.2,   41.2,   -159.52,   -24.88,   0.256,   0.234,   1.1,   0.89,   21.252,   0.0413,   0.25625,   0.25055,   28.875,   23.34,   235.8899939,   0.38296,   3.68144,   0.4674728,   2.056628,   50.74,   410.105,   1.922,   0.13482,   410.23,   1925.46,   134.3,   330.35,   9.41,   510.7,   -47.47,    -999999,  231.88,   515.87,   3.5,   71.02,   8.61,   0.54,   32.33,   14.78,   100.75,   9.79,   23.66,   21.21,   1.29,   1.06,   3.46,   3.35,   0.44,   2.37,   84.89,   4.72,   2.46,   6.96,   0.28,   1.28,   534.01,   575.92,   77.5,   15.93,   3.14,   343.29,   1944.51,   597.83,   124.41,   75.31,   21.92,   26.37,   88.03,   13.1,   0.2,   0.17,   10.38,   0.66,   7.78,          251.80000  
66182,   63,          1701839.0,         17.000000,  13.22533659,   39.929029,   282.6112988,   4.158386451,   603,   251.2899939,   290.3632714,   367,   49.37915907,   27.09941806,   308.217637,   4.0638,   161,   161.53416,   135.29772,   0.51,   -0.6,   225.5,   213.24,   12.26,   -0.22,   0.76,   290.32,   235.2299939,   264.3499939,   935.2,   48.2,   41.64,   -159.5,   -24.84,   0.26,   0.24,   1.082,   0.874,   22.034,   0.04138888889,   0.2569111111,   0.2514333333,   29.46333333,   23.77666667,   235.9255495,   0.38446,   3.67934,   0.4641104,   2.12858,   50.62,   410.145,   1.922811111,   0.1323142857,   410.23,   1925.46,   134.3,   330.35,   9.41,   510.7,   -47.47,    -999999,  231.88,   515.87,   3.5,   71.02,   8.61,   0.54,   32.33,   14.78,   100.75,   9.79,   23.66,   21.21,   1.29,   1.06,   3.46,   3.35,   0.44,   2.37,   84.89,   4.72,   2.46,   6.96,   0.28,   1.28,   534.01,   575.92,   77.5,   15.93,   3.14,   343.29,   1944.51,   597.83,   124.41,   75.31,   21.92,   26.37,   88.03,   13.1,   0.2,   0.17,   10.38,   0.66,   7.78,          251.80000  
66187,   63,          1701840.0,         17.000000,  13.22638074,   39.92295432,   282.6061277,   4.150705491,   603.8,   251.1099939,   290.0453914,   367,   49.37858669,   26.65996082,   309.1799699,   4.0568,   161,   161.431272,   135.091944,   0.51,   -0.8,   225.48,   213.22,   12.22,   -0.14,   0.9,   290.04,   235.2099939,   264.0699939,   935.4,   48.2,   41.66,   -159.5,   -24.88,   0.26,   0.24,   1.062,   0.86,   22.348,   0.04070833333,   0.25265,   0.2472916667,   29.06166667,   23.44416667,   235.7574939,   0.3455,   3.7113,   0.4755764,   2.12858,   49.84,   410.17,   1.922455556,   0.1387526316,   410.23,   1925.46,   134.3,   330.35,   9.41,   510.7,   -47.47,    -999999,  231.88,   515.87,   3.5,   71.02,   8.61,   0.54,   32.33,   14.78,   100.75,   9.79,   23.66,   21.21,   1.29,   1.06,   3.46,   3.35,   0.44,   2.37,   84.89,   4.72,   2.46,   6.96,   0.28,   1.28,   534.01,   575.92,   77.5,   15.93,   3.14,   343.29,   1944.51,   597.83,   124.41,   75.31,   21.92,   26.37,   88.03,   13.1,   0.2,   0.17,   10.38,   0.66,   7.78,          251.80000  
66192,   63,          1701841.0,         17.000000,  13.22742429,   39.91687496,   282.6009477,   4.149425331,   603.8,   251.1699939,   290.1146946,   367,   49.3780127,   26.81990816,   308.9391496,   4.055,   161,   161.431272,   135.194832,   0.51,   1,   225.54,   213.3,   12.24,   1.08,   0.92,   290.06,   234.9899939,   264.1299939,   934.2,   48.2,   40.66,   -159.5,   -24.56,   0.254,   0.232,   1.068,   0.866,   21.74,   0.04046666667,   0.2511583333,   0.2455833333,   28.865,   23.285,   235.6941606,   0.39168,   3.66332,   0.5151764,   2.12858,   50.24,   410.155,   1.9223,   0.13595,   410.23,   1925.46,   134.3,   330.35,   9.41,   510.7,   -47.47,    -999999,  231.88,   515.87,   3.5,   71.02,   8.61,   0.54,   32.33,   14.78,   100.75,   9.79,   23.66,   21.21,   1.29,   1.06,   3.46,   3.35,   0.44,   2.37,   84.89,   4.72,   2.46,   6.96,   0.28,   1.28,   534.01,   575.92,   77.5,   15.93,   3.14,   343.29,   1944.51,   597.83,   124.41,   75.31,   21.92,   26.37,   88.03,   13.1,   0.2,   0.17,   10.38,   0.66,   7.78,          251.80000  
66197,   63,          1701842.0,         17.000000,  13.22846913,   39.9108158,   282.5957869,   4.157106291,   603,   251.2899939,   290.3632714,   367,   49.37746873,   27.01972711,   308.3591404,   4.0638,   160,   161.01972,   134.78328,   0.51,   0.6,   225.52,   213.24,   12.28,   0.56,   0.84,   290.3,   234.6699939,   264.2299939,   935.6,   48.2,   40.78,   -159.48,   -24.54,   0.246,   0.226,   1.084,   0.874,   20.834,   0.0409,   0.2538444444,   0.2481444444,   29.16444444,   23.53111111,   235.7966606,   0.41198,   3.65182,   0.5277306,   2.12858,   52.24,   410.11,   1.922666667,   0.13865,   410.23,   1925.46,   134.3,   330.35,   9.41,   510.7,   -47.47,    -999999,  231.88,   515.87,   3.5,   71.02,   8.61,   0.54,   32.33,   14.78,   100.75,   9.79,   23.66,   21.21,   1.29,   1.06,   3.46,   3.35,   0.44,   2.37,   84.89,   4.72,   2.46,   6.96,   0.28,   1.28,   534.01,   575.92,   77.5,   15.93,   3.14,   343.29,   1944.51,   597.83,   124.41,   75.31,   21.92,   26.37,   88.03,   13.1,   0.2,   0.17,   10.38,   0.66,   7.78,          251.80000  
66202,   63,          1701843.0,         17.000000,  13.22951498,   39.9047674,   282.5906413,   4.158813171,   603,   251.3299939,   290.4094911,   367,   49.37694489,   27.27977701,   308.0200139,   4.0646,   160,   161.225496,   134.78328,   0.51,   0,   225.56,   213.28,   12.36,   0.2,   0.98,   290.36,   234.5499939,   264.3499939,   935.8,   48.2,   41.26,   -159.4,   -24.88,   0.24,   0.22,   1.082,   0.878,   20.526,   0.04196666667,   0.2604333333,   0.2546666667,   29.92666667,   24.14555556,   236.0466606,   0.4276,   3.637,   0.5156186,   2.092604,   51.48,   410.14875,   1.92285,   0.1321,    -999999,   -999999,   -999999,   -999999,   -999999,   -999999,   -999999,   -999999,   -999999,   -999999,   -999999,   -999999,   -999999,   -999999,   -999999,   -999999,   -999999,   -999999,   -999999,   -999999,   -999999,   -999999,   -999999,   -999999,   -999999,   -999999,   -999999,   -999999,   -999999,   -999999,   -999999,   -999999,   -999999,   -999999,   -999999,   -999999,   -999999,   -999999,   -999999,   -999999,   -999999,   -999999,   -999999,   -999999,   -999999,   -999999,   -999999,   -999999,   -999999,   -999999,   -999999,     -999999  
66207,   63,          1701844.0,         17.000000,  13.23056064,   39.89872272,   282.585493,   4.155399411,   603.4,   251.2899939,   290.3082628,   367,   49.37642908,   27.51995645,   307.7598113,   4.065,   160,   161.53416,   135.091944,   0.51,   0,   225.7,   213.28,   12.4,   0.14,   0.84,   290.32,   234.6699939,   264.3499939,   935.8,   48.2,   41.3,   -159.4,   -24.84,   0.246,   0.224,   1.082,   0.872,   20.786,   0.04202,   0.26088,   0.25522,   29.564,   23.884,   236.0719939,   0.41288,   3.65212,   0.5149238,   2.03864,   50.4,   410.13,   1.923130769,   0.1367,    -999999,   -999999,   -999999,   -999999,   -999999,   -999999,   -999999,   -999999,   -999999,   -999999,   -999999,   -999999,   -999999,   -999999,   -999999,   -999999,   -999999,   -999999,   -999999,   -999999,   -999999,   -999999,   -999999,   -999999,   -999999,   -999999,   -999999,   -999999,   -999999,   -999999,   -999999,   -999999,   -999999,   -999999,   -999999,   -999999,   -999999,   -999999,   -999999,   -999999,   -999999,   -999999,   -999999,   -999999,   -999999,   -999999,   -999999,   -999999,   -999999,   -999999,   -999999,     -999999  
66212,   63,          1701845.0,         17.000000,  13.23160619,   39.89267454,   282.5803428,   4.153265811,   603.4,   251.3099939,   290.3313682,   367,   49.37591501,   27.19828505,   308.5725755,   4.0606,   160.4,   161.225496,   134.886168,   0.51,   -1,   225.66,   213.24,   12.4,   -0.4,   0.72,   290.3,   235.0099939,   264.3099939,   936.4,   48.2,   41.86,   -159.4,   -24.92,   0.256,   0.232,   1.084,   0.876,   21.484,   0.04265,   0.2647,   0.259125,   30.385,   24.52,   236.2249939,   0.50224,   3.55836,   0.568919,   2.03864,   50.12,   410.135,   1.922772727,   0.1349736842,    -999999,   -999999,   -999999,   -999999,   -999999,   -999999,   -999999,   -999999,   -999999,   -999999,   -999999,   -999999,   -999999,   -999999,   -999999,   -999999,   -999999,   -999999,   -999999,   -999999,   -999999,   -999999,   -999999,   -999999,   -999999,   -999999,   -999999,   -999999,   -999999,   -999999,   -999999,   -999999,   -999999,   -999999,   -999999,   -999999,   -999999,   -999999,   -999999,   -999999,   -999999,   -999999,   -999999,   -999999,   -999999,   -999999,   -999999,   -999999,   -999999,   -999999,   -999999,     -999999  
66217,   63,          1701846.0,         17.000000,  13.23265108,   39.88660998,   282.5751828,   4.146011571,   604,   251.1499939,   290.0641455,   367,   49.37538843,   26.79994427,   309.5198508,   4.0546,   161,   161.01972,   134.78328,   0.51,   -0.2,   225.62,   213.2,   12.36,   0.4,   0.76,   290.06,   235.3699939,   264.0499939,   936.2,   48.2,   41.34,   -159.4,   -24.64,   0.264,   0.24,   1.07,   0.86,   22.586,   0.04075,   0.253,   0.247675,   28.6425,   23.145,   235.7749939,   0.47972,   3.57488,   0.5829888,   2.044636,   50.88,   410.138,   1.9225,   0.138505,    -999999,   -999999,   -999999,   -999999,   -999999,   -999999,   -999999,   -999999,   -999999,   -999999,   -999999,   -999999,   -999999,   -999999,   -999999,   -999999,   -999999,   -999999,   -999999,   -999999,   -999999,   -999999,   -999999,   -999999,   -999999,   -999999,   -999999,   -999999,   -999999,   -999999,   -999999,   -999999,   -999999,   -999999,   -999999,   -999999,   -999999,   -999999,   -999999,   -999999,   -999999,   -999999,   -999999,   -999999,   -999999,   -999999,   -999999,   -999999,   -999999,   -999999,   -999999,     -999999  
66222,   63,          1701847.0,         17.000000,  13.23369643,   39.88054468,   282.5700297,   4.146865011,   604,   251.2899939,   290.2258376,   367,   49.3748689,   27.07987814,   308.7197929,   4.0562,   160.2,   161.01972,   134.78328,   0.51,   0,   225.54,   213.2,   12.4,   0.86,   0.82,   290.2,   235.4499939,   264.2499939,   936.4,   48.2,   40.78,   -159.34,   -24.36,   0.27,   0.24,   1.084,   0.874,   22.528,   0.0413,   0.25645,   0.251025,   28.93,   23.3875,   235.9099939,   0.48626,   3.56994,   0.5857032,   2.06862,   50.24,   410.17,   1.923377778,   0.1332,    -999999,   -999999,   -999999,   -999999,   -999999,   -999999,   -999999,   -999999,   -999999,   -999999,   -999999,   -999999,   -999999,   -999999,   -999999,   -999999,   -999999,   -999999,   -999999,   -999999,   -999999,   -999999,   -999999,   -999999,   -999999,   -999999,   -999999,   -999999,   -999999,   -999999,   -999999,   -999999,   -999999,   -999999,   -999999,   -999999,   -999999,   -999999,   -999999,   -999999,   -999999,   -999999,   -999999,   -999999,   -999999,   -999999,   -999999,   -999999,   -999999,   -999999,   -999999,     -999999  
