inputs/ACTAMERICA_Merge/C130/ACTAMERICA-mrg05-c130_merge_20160828_R3.ict
141, 1001
Shook, Michael
NASA Atmospheric Composition Branch, NASA Langley Research Center (SSAI)
Merged data file for ACT-AMERICA 2016, Flight 24 (20160828), on the c130 platform. Data is merged to 05 seconds.
ACTAmerica - 2016
1, 1
2016, 08, 28, 2018, 08, 24
05
UTC,s
99
1, 1, 1, 1, 1, 1, 1, 1, 1, 1, 1, 1, 1, 1, 1, 1, 1, 1, 1, 1, 1, 1, 1, 1, 1, 1, 1, 1, 1, 1, 1, 1, 1, 1, 1, 1, 1, 1, 1, 1, 1, 1, 1, 1, 1, 1, 1, 1, 1, 1, 1, 1, 1, 1, 1, 1, 1, 1, 1, 1, 1, 1, 1, 1, 1, 1, 1, 1, 1, 1, 1, 1, 1, 1, 1, 1, 1, 1, 1, 1, 1, 1, 1, 1, 1, 1, 1, 1, 1, 1, 1, 1, 1, 1, 1, 1, 1, 1, 1
-999999, -999999, -999999, -999999, -999999, -999999, -999999, -999999, -999999, -999999, -999999, -999999, -999999, -999999, -999999, -999999, -999999, -999999, -999999, -999999, -999999, -999999, -999999, -999999, -999999, -999999, -999999, -999999, -999999, -999999, -999999, -999999, -999999, -999999, -999999, -999999, -999999, -999999, -999999, -999999, -999999, -999999, -999999, -999999, -999999, -999999, -999999, -999999, -999999, -999999, -999999, -999999, -999999, -999999, -999999, -999999, -999999, -999999, -999999, -999999, -999999, -999999, -999999, -999999, -999999, -999999, -999999, -999999, -999999, -999999, -999999, -999999, -999999, -999999, -999999, -999999, -999999, -999999, -999999, -999999, -999999, -999999, -999999, -999999, -999999, -999999, -999999, -999999, -999999, -999999, -999999, -999999, -999999, -999999, -999999, -999999, -999999, -999999, -999999
JDAY, days
INDEX, none
FLIGHT, none
LOCAL_SUN_TIME, hour
LATITUDE, degs
LONGITUDE, degs
ALTP, km
PRESSURE, hPa
TEMPERATURE, K
THETA, K, calculated from ambient temperature and pressure
O3COLUMN, DU, OMI ozone column data extracted along flight track
SZA, deg
WNS, m s-1
WND, Degs
GPS_ALT, km
GRD_SPD, m s-1
TAS, m/s
IAS, m/s
MachNumber, mach
VerticalSpeed, m s-1
HDG, degs
TRK, degs
DriftAngle, degs
PITCH, degs
ROLL, degs
PotentialTemp_Nav, K
Dewpoint, K
TotalAirTemp, K
CabinPressure, hPa
SolarZenithAngle, degs
AircraftSunElevation, degs
SunAzimuth, degs
AircraftSunAzimuth, degs
H2O_MixingRatio_Nav, g kg-1
H2O_VaporPressure_Nav, hPa
H2O_SatVaporPressureWater_Nav, hPa
H2O_SatVaporPressureIce_Nav, hPa
H2O_RelativeHumidity_Nav, %
ManeuverFlag, none
GroundElevation-AMSL_GoogleMaps, km
Altitude-AGL_GoogleMaps, km
GroundHeight-AMSL_CPL, km
MLH-AMSL_CPL, km
O3_MoleFraction, ppb
CO2_DryMoleFrac_PICARRO, ppm
CH4_DryMoleFrac_PICARRO, ppm
CO_DryMoleFrac_PICARRO, ppm
CO2_MoleFraction_PFP, ppm
CH4_MoleFraction_PFP, ppb
CO_MoleFraction_PFP, ppb
N2O_MoleFraction_PFP, ppb
SF6_CCGG_MoleFraction_PFP, ppt
H2_MoleFraction_PFP, ppb
CH4C13_MoleFraction_PFP, permil
CO2C14_MoleFraction_PFP, permil
F11B_MoleFraction_PFP, ppt
FC12_MoleFraction_PFP, ppt
F13_MoleFraction_PFP, ppt
F113_MoleFraction_PFP, ppt
F115_MoleFraction_PFP, ppt
HF133a_MoleFraction_PFP, ppt
F23_MoleFraction_PFP, ppt
F32_MoleFraction_PFP, ppt
F134A_MoleFraction_PFP, ppt
F152A_MoleFraction_PFP, ppt
F125_MoleFraction_PFP, ppt
F143a_MoleFraction_PFP, ppt
F227e_MoleFraction_PFP, ppt
F365m_MoleFraction_PFP, ppt
H1211_MoleFraction_PFP, ppt
H1301_MoleFraction_PFP, ppt
H2402_MoleFraction_PFP, ppt
MCFA_MoleFraction_PFP, ppt
CF4_MoleFraction_PFP, ppt
C2F6_MoleFraction_PFP, ppt
SO2F2_MoleFraction_PFP, ppt
MEBR_MoleFraction_PFP, ppt
CH3I_MoleFraction_PFP, ppt
DIBR_MoleFraction_PFP, ppt
OCS_MoleFraction_PFP, ppt
[...]
[from data line 1523]
66917,   241,          2401524.0,         24.000000,  12.35338368,   32.2428932,   266.4695052,   3.039343718,   697,   281.2099939,   311.7607143,   290,   23.13821036,   4.398189492,   106.7710718,   3.218,   150,   148.15872,   125.111808,   0.44,   0,   222.74,   224.32,   -1.54,   0.6,   -0.04,   311.74,   278.1499939,   292.2099939,   910.6,   23.3,   66.12,   -168.02,   -29.28,   8.406,   8.812,   10.878,   11.776,   81.016,   6,   0.04312,   3.17488,   0.1004646,   1.40906,    -999999,  400.8471429,   1.878977778,   0.077,    -999999,   -999999,   -999999,   -999999,   -999999,   -999999,   -999999,   -999999,   -999999,   -999999,   -999999,   -999999,   -999999,   -999999,   -999999,   -999999,   -999999,   -999999,   -999999,   -999999,   -999999,   -999999,   -999999,   -999999,   -999999,   -999999,   -999999,   -999999,   -999999,   -999999,   -999999,   -999999,   -999999,   -999999,   -999999,   -999999,   -999999,   -999999,   -999999,   -999999,   -999999,   -999999,   -999999,   -999999,   -999999,   -999999,   -999999,   -999999,   -999999,   -999999,   -999999,     -999999  
66922,   241,          2401525.0,         24.000000,  12.35440118,   32.2380418,   266.4639344,   3.040075238,   697,   281.2299939,   311.7828871,   290,   23.13648812,   4.378831536,   109.954488,   3.2186,   150,   148.261608,   125.420472,   0.44,   0,   222.72,   224.3,   -1.58,   0.52,   -0.12,   311.74,   278.1299939,   292.2499939,   910.2,   23.3,   66.28,   -168,   -29.2,   8.394,   8.798,   10.882,   11.782,   80.868,   6,   0.04376,   3.17484,   0.1012062,   1.40906,    -999999,  400.92,   1.87875,   0.074,    -999999,   -999999,   -999999,   -999999,   -999999,   -999999,   -999999,   -999999,   -999999,   -999999,   -999999,   -999999,   -999999,   -999999,   -999999,   -999999,   -999999,   -999999,   -999999,   -999999,   -999999,   -999999,   -999999,   -999999,   -999999,   -999999,   -999999,   -999999,   -999999,   -999999,   -999999,   -999999,   -999999,   -999999,   -999999,   -999999,   -999999,   -999999,   -999999,   -999999,   -999999,   -999999,   -999999,   -999999,   -999999,   -999999,   -999999,   -999999,   -999999,   -999999,   -999999,     -999999  
66927,   241,          2401526.0,         24.000000,  12.35541868,   32.233184,   266.4583636,   3.037149158,   697,   281.1899939,   311.7385415,   290,   23.13476941,   4.499405243,   112.4333256,   3.2194,   150,   148.467384,   125.52336,   0.44,   0,   222.5,   224.28,   -1.74,   0.5,   -0.3,   311.7,   278.1499939,   292.2499939,   910.2,   23.3,   66.34,   -167.96,   -28.52,   8.4,   8.81,   10.866,   11.758,   81.102,   6,   0.04354,   3.17586,   0.10125,   1.373084,    -999999,  400.905,   1.87815,   0.0745,    -999999,   -999999,   -999999,   -999999,   -999999,   -999999,   -999999,   -999999,   -999999,   -999999,   -999999,   -999999,   -999999,   -999999,   -999999,   -999999,   -999999,   -999999,   -999999,   -999999,   -999999,   -999999,   -999999,   -999999,   -999999,   -999999,   -999999,   -999999,   -999999,   -999999,   -999999,   -999999,   -999999,   -999999,   -999999,   -999999,   -999999,   -999999,   -999999,   -999999,   -999999,   -999999,   -999999,   -999999,   -999999,   -999999,   -999999,   -999999,   -999999,   -999999,   -999999,     -999999  
66932,   241,          2401527.0,         24.000000,  12.35643707,   32.2283204,   266.452806,   3.038246438,   697,   281.1699939,   311.7163687,   290,   23.13305744,   4.618913801,   112.8402273,   3.2196,   150,   148.570272,   125.52336,   0.44,   0,   222.36,   224.16,   -1.74,   0.54,   -0.22,   311.7,   278.1499939,   292.2499939,   910.4,   23.3,   66.3,   -167.9,   -28.48,   8.402,   8.81,   10.866,   11.76,   81.108,   6,   0.04266,   3.17694,   0.1020336,   1.373084,    -999999,  400.9314286,   1.877588889,   0.076,    -999999,   -999999,   -999999,   -999999,   -999999,   -999999,   -999999,   -999999,   -999999,   -999999,   -999999,   -999999,   -999999,   -999999,   -999999,   -999999,   -999999,   -999999,   -999999,   -999999,   -999999,   -999999,   -999999,   -999999,   -999999,   -999999,   -999999,   -999999,   -999999,   -999999,   -999999,   -999999,   -999999,   -999999,   -999999,   -999999,   -999999,   -999999,   -999999,   -999999,   -999999,   -999999,   -999999,   -999999,   -999999,   -999999,   -999999,   -999999,   -999999,   -999999,   -999999,     -999999  
66937,   241,          2401528.0,         24.000000,  12.35745598,   32.2234488,   266.4472564,   3.038977958,   697,   281.0699939,   311.6055046,   290,   23.13134904,   4.637648968,   113.694037,   3.22,   150,   148.570272,   125.729136,   0.44,   0,   222.24,   224.1,   -1.8,   0.5,   -0.04,   311.6,   278.1499939,   292.1499939,   910.2,   23.3,   66.28,   -167.9,   -28.84,   8.406,   8.81,   10.79,   11.662,   81.702,   6,   0.04206,   3.17794,   0.102181,   1.43904,    -999999,  400.9485714,   1.8775,   0.07605263158,    -999999,   -999999,   -999999,   -999999,   -999999,   -999999,   -999999,   -999999,   -999999,   -999999,   -999999,   -999999,   -999999,   -999999,   -999999,   -999999,   -999999,   -999999,   -999999,   -999999,   -999999,   -999999,   -999999,   -999999,   -999999,   -999999,   -999999,   -999999,   -999999,   -999999,   -999999,   -999999,   -999999,   -999999,   -999999,   -999999,   -999999,   -999999,   -999999,   -999999,   -999999,   -999999,   -999999,   -999999,   -999999,   -999999,   -999999,   -999999,   -999999,   -999999,   -999999,     -999999  
66942,   241,          2401529.0,         24.000000,  12.3584753,   32.2185724,   266.4417128,   3.039770438,   697,   281.0499939,   311.5833318,   290,   23.12964698,   4.739393952,   113.7540047,   3.2194,   150,   148.67316,   125.52336,   0.44,   0,   222.2,   224.08,   -1.84,   0.5,   -0.04,   311.58,   278.0099939,   292.1499939,   910.4,   23.3,   66.22,   -167.82,   -28.74,   8.324,   8.726,   10.786,   11.66,   80.916,   6,   0.04126,   3.17814,   0.100217,   1.22918,    -999999,  400.97,   1.876688889,   0.074,    -999999,   -999999,   -999999,   -999999,   -999999,   -999999,   -999999,   -999999,   -999999,   -999999,   -999999,   -999999,   -999999,   -999999,   -999999,   -999999,   -999999,   -999999,   -999999,   -999999,   -999999,   -999999,   -999999,   -999999,   -999999,   -999999,   -999999,   -999999,   -999999,   -999999,   -999999,   -999999,   -999999,   -999999,   -999999,   -999999,   -999999,   -999999,   -999999,   -999999,   -999999,   -999999,   -999999,   -999999,   -999999,   -999999,   -999999,   -999999,   -999999,   -999999,   -999999,     -999999  
66947,   241,          2401530.0,         24.000000,  12.35949453,   32.2136972,   266.436168,   3.040136198,   697,   281.0899939,   311.6276775,   290,   23.12795564,   4.498854502,   114.8964737,   3.2184,   150,   148.67316,   125.934912,   0.44,   0,   222.28,   224.04,   -1.8,   0.56,   0.26,   311.62,   277.8899939,   292.1899939,   909.8,   23.3,   66.04,   -167.8,   -29.24,   8.256,   8.654,   10.794,   11.67,   80.184,   6,   0.04092,   3.17748,   0.100859,   1.157228,    -999999,  400.9657143,   1.8764,   0.073,   400.95,   1877.71,   75.47,   328.91,   9.05,   525.82,   -47.59,    -999999,  230.22,   515.84,   3.32,   71.2,   8.51,   0.53,   29.65,   14.8,   100.09,   9.75,   23.14,   20.33,   1.23,   0.96,   3.68,   3.32,   0.42,   1.97,   83.3,   4.66,   2.26,   7.09,   0.43,   0.81,   512.48,   554.31,   38.75,   9.07,   1.7,   30.08,   724.62,   96.01,   16.15,   11.19,   4.21,   7.45,   5.45,   35.23,   0.15,   0.15,   129.68,   0.68,   6.84,          248.58000  
66952,   241,          2401531.0,         24.000000,  12.36051353,   32.2088212,   266.4306196,   3.040075238,   697,   281.1499939,   311.6941959,   290,   23.12627262,   4.5388418,   115.6832132,   3.219,   150,   148.67316,   125.832024,   0.44,   0,   222.32,   224.16,   -1.84,   0.56,   0.3,   311.7,   277.9899939,   292.2499939,   910,   23.3,   66.04,   -167.76,   -29.36,   8.314,   8.714,   10.84,   11.726,   80.398,   6,   0.04226,   3.17674,   0.1012606,   1.10926,    -999999,  400.9471429,   1.8769,   0.07647368421,   400.95,   1877.71,   75.47,   328.91,   9.05,   525.82,   -47.59,    -999999,  230.22,   515.84,   3.32,   71.2,   8.51,   0.53,   29.65,   14.8,   100.09,   9.75,   23.14,   20.33,   1.23,   0.96,   3.68,   3.32,   0.42,   1.97,   83.3,   4.66,   2.26,   7.09,   0.43,   0.81,   512.48,   554.31,   38.75,   9.07,   1.7,   30.08,   724.62,   96.01,   16.15,   11.19,   4.21,   7.45,   5.45,   35.23,   0.15,   0.15,   129.68,   0.68,   6.84,          248.58000  
66957,   241,          2401532.0,         24.000000,  12.36153194,   32.2039558,   266.4250624,   3.039343718,   697,   281.1699939,   311.7163687,   290,   23.12460793,   4.513725769,   113.4087728,   3.219,   150,   148.570272,   125.626248,   0.44,   0,   222.42,   224.2,   -1.76,   0.5,   0.04,   311.7,   277.9899939,   292.2499939,   910,   23.3,   66.22,   -167.7,   -28.96,   8.314,   8.714,   10.852,   11.74,   80.318,   6,   0.04032,   3.17868,   0.1073908,   1.13924,    -999999,  400.9414286,   1.876677778,   0.0765,   400.95,   1877.71,   75.47,   328.91,   9.05,   525.82,   -47.59,    -999999,  230.22,   515.84,   3.32,   71.2,   8.51,   0.53,   29.65,   14.8,   100.09,   9.75,   23.14,   20.33,   1.23,   0.96,   3.68,   3.32,   0.42,   1.97,   83.3,   4.66,   2.26,   7.09,   0.43,   0.81,   512.48,   554.31,   38.75,   9.07,   1.7,   30.08,   724.62,   96.01,   16.15,   11.19,   4.21,   7.45,   5.45,   35.23,   0.15,   0.15,   129.68,   0.68,   6.84,          248.58000  
66962,   241,          2401533.0,         24.000000,  12.36255013,   32.1990868,   266.419502,   3.039343718,   697,   281.1699939,   311.7163687,   290,   23.12294889,   4.229976624,   110.4604307,   3.22,   150,   148.570272,   125.626248,   0.44,   0,   222.6,   224.2,   -1.56,   0.42,   -0.36,   311.72,   277.8899939,   292.2499939,   911,   23.3,   66.46,   -167.7,   -28.32,   8.254,   8.654,   10.858,   11.746,   79.716,   6,   0.04044,   3.17956,   0.1321424,   1.211192,    -999999,  400.95,   1.87645,   0.07878947368,   400.95,   1877.71,   75.47,   328.91,   9.05,   525.82,   -47.59,    -999999,  230.22,   515.84,   3.32,   71.2,   8.51,   0.53,   29.65,   14.8,   100.09,   9.75,   23.14,   20.33,   1.23,   0.96,   3.68,   3.32,   0.42,   1.97,   83.3,   4.66,   2.26,   7.09,   0.43,   0.81,   512.48,   554.31,   38.75,   9.07,   1.7,   30.08,   724.62,   96.01,   16.15,   11.19,   4.21,   7.45,   5.45,   35.23,   0.15,   0.15,   129.68,   0.68,   6.84,          248.58000  
66967,   241,          2401534.0,         24.000000,  12.36356908,   32.19421,   266.4139528,   3.039343718,   697,   281.1099939,   311.6498503,   290,   23.12129434,   4.637519597,   107.6279531,   3.2194,   150,   148.261608,   125.52336,   0.44,   0,   222.4,   224.06,   -1.64,   0.32,   -0.12,   311.6,   277.9899939,   292.1499939,   910.4,   23.3,   66.44,   -167.62,   -28.7,   8.312,   8.714,   10.804,   11.682,   80.676,   6,   0.03992,   3.17948,   0.1129304,   1.31912,    -999999,  400.95,   1.877011111,   0.0745,    -999999,   -999999,   -999999,   -999999,   -999999,   -999999,   -999999,   -999999,   -999999,   -999999,   -999999,   -999999,   -999999,   -999999,   -999999,   -999999,   -999999,   -999999,   -999999,   -999999,   -999999,   -999999,   -999999,   -999999,   -999999,   -999999,   -999999,   -999999,   -999999,   -999999,   -999999,   -999999,   -999999,   -999999,   -999999,   -999999,   -999999,   -999999,   -999999,   -999999,   -999999,   -999999,   -999999,   -999999,   -999999,   -999999,   -999999,   -999999,   -999999,   -999999,   -999999,     -999999  
66972,   241,          2401535.0,         24.000000,  12.36458768,   32.1893218,   266.4083986,   3.039709478,   697,   281.1499939,   311.6941959,   290,   23.11963753,   4.557763404,   109.1909282,   3.218,   150,   148.67316,   125.626248,   0.44,   0,   222.34,   224.02,   -1.64,   0.44,   0.12,   311.7,   277.9499939,   292.2499939,   910,   23.3,   66.2,   -167.6,   -29.06,   8.29,   8.69,   10.85,   11.74,   80.108,   6,   0.05326,   3.16474,   0.100138,   1.31912,    -999999,  400.955,   1.8766,   0.0785,    -999999,   -999999,   -999999,   -999999,   -999999,   -999999,   -999999,   -999999,   -999999,   -999999,   -999999,   -999999,   -999999,   -999999,   -999999,   -999999,   -999999,   -999999,   -999999,   -999999,   -999999,   -999999,   -999999,   -999999,   -999999,   -999999,   -999999,   -999999,   -999999,   -999999,   -999999,   -999999,   -999999,   -999999,   -999999,   -999999,   -999999,   -999999,   -999999,   -999999,   -999999,   -999999,   -999999,   -999999,   -999999,   -999999,   -999999,   -999999,   -999999,   -999999,   -999999,     -999999  
66977,   241,          2401536.0,         24.000000,  12.36560609,   32.1844316,   266.4028414,   3.038612198,   697,   281.1899939,   311.7385415,   290,   23.11798798,   4.43803342,   108.6848737,   3.2186,   150,   148.67316,   125.832024,   0.44,   0,   222.5,   224.1,   -1.58,   0.5,   0.12,   311.72,   277.9499939,   292.2899939,   910.4,   23.3,   66.16,   -167.56,   -29.04,   8.288,   8.69,   10.872,   11.766,   79.938,   6,   0.05418,   3.16442,    -999999,   -999999,   -999999,  400.965,   1.8763,   0.076,    -999999,   -999999,   -999999,   -999999,   -999999,   -999999,   -999999,   -999999,   -999999,   -999999,   -999999,   -999999,   -999999,   -999999,   -999999,   -999999,   -999999,   -999999,   -999999,   -999999,   -999999,   -999999,   -999999,   -999999,   -999999,   -999999,   -999999,   -999999,   -999999,   -999999,   -999999,   -999999,   -999999,   -999999,   -999999,   -999999,   -999999,   -999999,   -999999,   -999999,   -999999,   -999999,   -999999,   -999999,   -999999,   -999999,   -999999,   -999999,   -999999,   -999999,   -999999,     -999999  
