inputs/ACTAMERICA_Merge/C130/ACTAMERICA-mrg05-c130_merge_20160809_R3.ict
141, 1001
Shook, Michael
NASA Atmospheric Composition Branch, NASA Langley Research Center (SSAI)
Merged data file for ACT-AMERICA 2016, Flight 12 (20160809), on the c130 platform. Data is merged to 05 seconds.
ACTAmerica - 2016
1, 1
2016, 08, 09, 2018, 08, 24
05
UTC,s
99
1, 1, 1, 1, 1, 1, 1, 1, 1, 1, 1, 1, 1, 1, 1, 1, 1, 1, 1, 1, 1, 1, 1, 1, 1, 1, 1, 1, 1, 1, 1, 1, 1, 1, 1, 1, 1, 1, 1, 1, 1, 1, 1, 1, 1, 1, 1, 1, 1, 1, 1, 1, 1, 1, 1, 1, 1, 1, 1, 1, 1, 1, 1, 1, 1, 1, 1, 1, 1, 1, 1, 1, 1, 1, 1, 1, 1, 1, 1, 1, 1, 1, 1, 1, 1, 1, 1, 1, 1, 1, 1, 1, 1, 1, 1, 1, 1, 1, 1
-999999, -999999, -999999, -999999, -999999, -999999, -999999, -999999, -999999, -999999, -999999, -999999, -999999, -999999, -999999, -999999, -999999, -999999, -999999, -999999, -999999, -999999, -999999, -999999, -999999, -999999, -999999, -999999, -999999, -999999, -999999, -999999, -999999, -999999, -999999, -999999, -999999, -999999, -999999, -999999, -999999, -999999, -999999, -999999, -999999, -999999, -999999, -999999, -999999, -999999, -999999, -999999, -999999, -999999, -999999, -999999, -999999, -999999, -999999, -999999, -999999, -999999, -999999, -999999, -999999, -999999, -999999, -999999, -999999, -999999, -999999, -999999, -999999, -999999, -999999, -999999, -999999, -999999, -999999, -999999, -999999, -999999, -999999, -999999, -999999, -999999, -999999, -999999, -999999, -999999, -999999, -999999, -999999, -999999, -999999, -999999, -999999, -999999, -999999
JDAY, days
INDEX, none
FLIGHT, none
LOCAL_SUN_TIME, hour
LATITUDE, degs
LONGITUDE, degs
ALTP, km
PRESSURE, hPa
TEMPERATURE, K
THETA, K, calculated from ambient temperature and pressure
O3COLUMN, DU, OMI ozone column data extracted along flight track
SZA, deg
WNS, m s-1
WND, Degs
GPS_ALT, km
GRD_SPD, m s-1
TAS, m/s
IAS, m/s
MachNumber, mach
VerticalSpeed, m s-1
HDG, degs
TRK, degs
DriftAngle, degs
PITCH, degs
ROLL, degs
PotentialTemp_Nav, K
Dewpoint, K
TotalAirTemp, K
CabinPressure, hPa
SolarZenithAngle, degs
AircraftSunElevation, degs
SunAzimuth, degs
AircraftSunAzimuth, degs
H2O_MixingRatio_Nav, g kg-1
H2O_VaporPressure_Nav, hPa
H2O_SatVaporPressureWater_Nav, hPa
H2O_SatVaporPressureIce_Nav, hPa
H2O_RelativeHumidity_Nav, %
ManeuverFlag, none
GroundElevation-AMSL_GoogleMaps, km
Altitude-AGL_GoogleMaps, km
GroundHeight-AMSL_CPL, km
MLH-AMSL_CPL, km
O3_MoleFraction, ppb
CO2_DryMoleFrac_PICARRO, ppm
CH4_DryMoleFrac_PICARRO, ppm
CO_DryMoleFrac_PICARRO, ppm
CO2_MoleFraction_PFP, ppm
CH4_MoleFraction_PFP, ppb
CO_MoleFraction_PFP, ppb
N2O_MoleFraction_PFP, ppb
SF6_CCGG_MoleFraction_PFP, ppt
H2_MoleFraction_PFP, ppb
CH4C13_MoleFraction_PFP, permil
CO2C14_MoleFraction_PFP, permil
F11B_MoleFraction_PFP, ppt
FC12_MoleFraction_PFP, ppt
F13_MoleFraction_PFP, ppt
F113_MoleFraction_PFP, ppt
F115_MoleFraction_PFP, ppt
HF133a_MoleFraction_PFP, ppt
F23_MoleFraction_PFP, ppt
F32_MoleFraction_PFP, ppt
F134A_MoleFraction_PFP, ppt
F152A_MoleFraction_PFP, ppt
F125_MoleFraction_PFP, ppt
F143a_MoleFraction_PFP, ppt
F227e_MoleFraction_PFP, ppt
F365m_MoleFraction_PFP, ppt
H1211_MoleFraction_PFP, ppt
H1301_MoleFraction_PFP, ppt
H2402_MoleFraction_PFP, ppt
MCFA_MoleFraction_PFP, ppt
CF4_MoleFraction_PFP, ppt
C2F6_MoleFraction_PFP, ppt
SO2F2_MoleFraction_PFP, ppt
MEBR_MoleFraction_PFP, ppt
CH3I_MoleFraction_PFP, ppt
DIBR_MoleFraction_PFP, ppt
OCS_MoleFraction_PFP, ppt
[...]
[from data line 506]
61947,   222,          1200507.0,         12.000000,  11.00133918,   39.128112,   266.897171,   3.074273798,   694,   284.0899939,   315.3419908,   299.6669922,   26.77520469,   3.783675865,   276.2762555,   3.225,   156,   152.171352,   127.992672,   0.45,   0,   121.96,   121.36,   0.54,   0.64,   0.78,   315.32,   263.8299939,   295.6899939,   885.8,   27.5,   62.32,   144.4,   21.14,   2.92,   3.058,   13.186,   14.67,   23.208,   6,   0.23366,   2.99134,   0.2562796,   0.839439,    -999999,  402.27,   1.86586,   0.0855,    -999999,   -999999,   -999999,   -999999,   -999999,   -999999,   -999999,   -999999,   -999999,   -999999,   -999999,   -999999,   -999999,   -999999,   -999999,   -999999,   -999999,   -999999,   -999999,   -999999,   -999999,   -999999,   -999999,   -999999,   -999999,   -999999,   -999999,   -999999,   -999999,   -999999,   -999999,   -999999,   -999999,   -999999,   -999999,   -999999,   -999999,   -999999,   -999999,   -999999,   -999999,   -999999,   -999999,   -999999,   -999999,   -999999,   -999999,   -999999,   -999999,   -999999,   -999999,     -999999  
61952,   222,          1200508.0,         12.000000,  11.00324248,   39.1244622,   266.9048872,   3.072018278,   694,   284.4699939,   315.7637936,   299.6669922,   26.75994048,   4.070951104,   273.5550143,   3.2228,   156,   152.377128,   127.786896,   0.45,   0,   121.86,   121.16,   0.66,   0.5,   -0.64,   315.7,   261.5699939,   296.0899939,   886,   27.5,   61.92,   144.46,   23.88,   2.442,   2.558,   13.534,   15.11,   18.896,   6,   0.22542,   2.99738,   0.2323328,   0.839439,    -999999,  402.26,   1.865718182,   0.08584210526,    -999999,   -999999,   -999999,   -999999,   -999999,   -999999,   -999999,   -999999,   -999999,   -999999,   -999999,   -999999,   -999999,   -999999,   -999999,   -999999,   -999999,   -999999,   -999999,   -999999,   -999999,   -999999,   -999999,   -999999,   -999999,   -999999,   -999999,   -999999,   -999999,   -999999,   -999999,   -999999,   -999999,   -999999,   -999999,   -999999,   -999999,   -999999,   -999999,   -999999,   -999999,   -999999,   -999999,   -999999,   -999999,   -999999,   -999999,   -999999,   -999999,   -999999,   -999999,     -999999  
61957,   222,          1200509.0,         12.000000,  11.00514682,   39.1208396,   266.912619,   3.070860038,   694.2,   284.1299939,   315.3604275,   299.6669922,   26.74470623,   3.743620427,   264.8269277,   3.2212,   156,   152.78868,   128.507112,   0.45,   0,   121.8,   120.96,   0.78,   0.7,   0.32,   315.3,   260.9699939,   295.8299939,   886.6,   27.5,   62.12,   144.5,   22.2,   2.328,   2.444,   13.214,   14.704,   18.484,   6,   0.22158,   2.99962,   0.256227,   0.8814112,    -999999,  402.275,   1.86562,   0.08184210526,    -999999,   -999999,   -999999,   -999999,   -999999,   -999999,   -999999,   -999999,   -999999,   -999999,   -999999,   -999999,   -999999,   -999999,   -999999,   -999999,   -999999,   -999999,   -999999,   -999999,   -999999,   -999999,   -999999,   -999999,   -999999,   -999999,   -999999,   -999999,   -999999,   -999999,   -999999,   -999999,   -999999,   -999999,   -999999,   -999999,   -999999,   -999999,   -999999,   -999999,   -999999,   -999999,   -999999,   -999999,   -999999,   -999999,   -999999,   -999999,   -999999,   -999999,   -999999,     -999999  
61962,   222,          1200510.0,         12.000000,  11.00705083,   39.1172166,   266.9203458,   3.072018278,   694,   284.1699939,   315.4307914,   299.6669922,   26.72948778,   3.878522474,   267.7397116,   3.2224,   156,   152.582904,   128.09556,   0.45,   0,   121.88,   121.1,   0.76,   0.72,   1.06,   315.42,   260.9299939,   295.8699939,   886.2,   27.46,   62.42,   144.56,   20.8,   2.318,   2.43,   13.3,   14.812,   18.274,   6,   0.2341,   2.9883,   0.2557754,   1.16922,    -999999,  402.305,   1.865463636,   0.086,    -999999,   -999999,   -999999,   -999999,   -999999,   -999999,   -999999,   -999999,   -999999,   -999999,   -999999,   -999999,   -999999,   -999999,   -999999,   -999999,   -999999,   -999999,   -999999,   -999999,   -999999,   -999999,   -999999,   -999999,   -999999,   -999999,   -999999,   -999999,   -999999,   -999999,   -999999,   -999999,   -999999,   -999999,   -999999,   -999999,   -999999,   -999999,   -999999,   -999999,   -999999,   -999999,   -999999,   -999999,   -999999,   -999999,   -999999,   -999999,   -999999,   -999999,   -999999,     -999999  
61967,   222,          1200511.0,         12.000000,  11.00895387,   39.1135788,   266.928058,   3.070555238,   694,   284.4299939,   315.7193933,   299.6669922,   26.7142772,   3.956693361,   276.9871915,   3.2228,   156,   152.27424,   127.684008,   0.45,   0,   121.88,   121.26,   0.6,   0.52,   0.7,   315.66,   258.4699939,   296.0299939,   886.2,   27.4,   62.46,   144.6,   21.64,   1.896,   1.99,   13.5,   15.066,   14.742,   6,   0.23298,   2.98982,   0.2366084,   1.16922,    -999999,  402.2985714,   1.8658,   0.08552631579,    -999999,   -999999,   -999999,   -999999,   -999999,   -999999,   -999999,   -999999,   -999999,   -999999,   -999999,   -999999,   -999999,   -999999,   -999999,   -999999,   -999999,   -999999,   -999999,   -999999,   -999999,   -999999,   -999999,   -999999,   -999999,   -999999,   -999999,   -999999,   -999999,   -999999,   -999999,   -999999,   -999999,   -999999,   -999999,   -999999,   -999999,   -999999,   -999999,   -999999,   -999999,   -999999,   -999999,   -999999,   -999999,   -999999,   -999999,   -999999,   -999999,   -999999,   -999999,     -999999  
61972,   222,          1200512.0,         12.000000,  11.01085686,   39.109929,   266.9357696,   3.070860038,   694.2,   284.7299939,   316.0263771,   299.6669922,   26.69907086,   4.052563157,   283.6156171,   3.2212,   156,   151.965576,   127.478232,   0.45,   0,   121.74,   121.3,   0.46,   0.52,   0.4,   316,   256.0899939,   296.2899939,   886.4,   27.4,   62.38,   144.66,   22.38,   1.558,   1.632,   13.784,   15.432,   11.85,   6,   0.21818,   3.00302,   0.2474244,   1.16922,    -999999,  402.1957143,   1.866333333,   0.08652631579,   402.1,   1868.93,   89.03,   329.24,   9.17,   531.79,   -47.85,    -999999,  233.22,   516.36,   3.28,   71.56,   8.59,   0.55,   28.93,   13.77,   96.66,   8.16,   21.67,   19.8,   1.21,   0.97,   3.7,   3.3,   0.43,   2.53,   81.91,   4.69,   2.17,   7.3,   0.11,   0.65,   543.99,   560.82,   61.57,   11.03,   2.17,   73.69,   683.65,   87.58,   11.12,   4.39,   3.15,   2.64,   15.64,   85.98,   0.2,   0.15,   13.8,   0.62,   9.8,          249.01000  
61977,   222,          1200513.0,         12.000000,  11.01275987,   39.1062788,   266.9434814,   3.069031238,   694.2,   284.8899939,   316.2039637,   299.6669922,   26.68387813,   3.917414161,   289.4607331,   3.2196,   156,   151.862688,   127.478232,   0.45,   0,   121.6,   121.24,   0.3,   0.68,   0.24,   316.14,   254.0699939,   296.3899939,   886.4,   27.4,   62.18,   144.7,   22.7,   1.31,   1.376,   13.934,   15.626,   9.872,   6,   0.21036,   3.00924,   0.2481254,   1.16922,    -999999,  402.0942857,   1.86732,   0.085,   402.1,   1868.93,   89.03,   329.24,   9.17,   531.79,   -47.85,    -999999,  233.22,   516.36,   3.28,   71.56,   8.59,   0.55,   28.93,   13.77,   96.66,   8.16,   21.67,   19.8,   1.21,   0.97,   3.7,   3.3,   0.43,   2.53,   81.91,   4.69,   2.17,   7.3,   0.11,   0.65,   543.99,   560.82,   61.57,   11.03,   2.17,   73.69,   683.65,   87.58,   11.12,   4.39,   3.15,   2.64,   15.64,   85.98,   0.2,   0.15,   13.8,   0.62,   9.8,          249.01000  
61982,   222,          1200514.0,         12.000000,  11.01466268,   39.1026396,   266.9511902,   3.068604518,   694.4,   284.9099939,   316.2001367,   299.6669922,   26.66870995,   3.656654956,   283.2121544,   3.2202,   156,   152.27424,   127.58112,   0.45,   0,   121.64,   121.2,   0.38,   0.8,   0.34,   316.16,   252.2699939,   296.4699939,   886.2,   27.4,   62.12,   144.74,   22.48,   1.122,   1.18,   13.922,   15.61,   8.46,   6,   0.22054,   2.99966,   0.2233434,   1.16922,    -999999,  402.095,   1.86713,   0.0875,   402.1,   1868.93,   89.03,   329.24,   9.17,   531.79,   -47.85,    -999999,  233.22,   516.36,   3.28,   71.56,   8.59,   0.55,   28.93,   13.77,   96.66,   8.16,   21.67,   19.8,   1.21,   0.97,   3.7,   3.3,   0.43,   2.53,   81.91,   4.69,   2.17,   7.3,   0.11,   0.65,   543.99,   560.82,   61.57,   11.03,   2.17,   73.69,   683.65,   87.58,   11.12,   4.39,   3.15,   2.64,   15.64,   85.98,   0.2,   0.15,   13.8,   0.62,   9.8,          249.01000  
61987,   222,          1200515.0,         12.000000,  11.01656568,   39.0990036,   266.9589018,   3.073176518,   694,   284.2299939,   315.4973918,   299.6669922,   26.65355735,   3.564527749,   270.5302302,   3.2218,   155.2,   152.685792,   128.09556,   0.45,   0,   121.78,   121.12,   0.66,   0.8,   0.22,   315.48,   254.2099939,   295.9299939,   886.4,   27.4,   62.08,   144.8,   22.52,   1.344,   1.412,   13.354,   14.882,   10.592,   6,   0.23174,   2.99006,   0.2232036,   1.16922,    -999999,  402.06,   1.86723,   0.084,   402.1,   1868.93,   89.03,   329.24,   9.17,   531.79,   -47.85,    -999999,  233.22,   516.36,   3.28,   71.56,   8.59,   0.55,   28.93,   13.77,   96.66,   8.16,   21.67,   19.8,   1.21,   0.97,   3.7,   3.3,   0.43,   2.53,   81.91,   4.69,   2.17,   7.3,   0.11,   0.65,   543.99,   560.82,   61.57,   11.03,   2.17,   73.69,   683.65,   87.58,   11.12,   4.39,   3.15,   2.64,   15.64,   85.98,   0.2,   0.15,   13.8,   0.62,   9.8,          249.01000  
61992,   222,          1200516.0,         12.000000,  11.0184687,   39.095388,   266.9666138,   3.069396998,   694.2,   284.0699939,   315.2938325,   299.6669922,   26.63843582,   4.753195787,   267.2294365,   3.2228,   155,   151.451136,   127.272456,   0.45,   0,   122.04,   121.02,   1.06,   0.74,   0.5,   315.26,   260.8299939,   295.5899939,   886,   27.38,   62.26,   144.84,   21.86,   2.316,   2.426,   13.2,   14.686,   18.336,   6,   0.22746,   2.99534,   0.2224116,   1.241172,    -999999,  402.12,   1.86708,   0.08942105263,    -999999,   -999999,   -999999,   -999999,   -999999,   -999999,   -999999,   -999999,   -999999,   -999999,   -999999,   -999999,   -999999,   -999999,   -999999,   -999999,   -999999,   -999999,   -999999,   -999999,   -999999,   -999999,   -999999,   -999999,   -999999,   -999999,   -999999,   -999999,   -999999,   -999999,   -999999,   -999999,   -999999,   -999999,   -999999,   -999999,   -999999,   -999999,   -999999,   -999999,   -999999,   -999999,   -999999,   -999999,   -999999,   -999999,   -999999,   -999999,   -999999,   -999999,   -999999,     -999999  
61997,   222,          1200517.0,         12.000000,  11.02037099,   39.0917664,   266.9743148,   3.068665478,   694.2,   284.9499939,   316.2705586,   299.6669922,   26.62332807,   3.900234213,   284.8098283,   3.2212,   155,   151.554024,   127.06668,   0.45,   0,   121.56,   121.14,   0.5,   0.66,   0.66,   316.26,   265.2899939,   296.4699939,   886.2,   27.3,   62.46,   144.9,   22.1,   3.268,   3.424,   13.994,   15.7,   24.482,   6,   0.22256,   2.99864,   0.251235,   1.25916,    -999999,  402.165,   1.867,   0.08752631579,    -999999,   -999999,   -999999,   -999999,   -999999,   -999999,   -999999,   -999999,   -999999,   -999999,   -999999,   -999999,   -999999,   -999999,   -999999,   -999999,   -999999,   -999999,   -999999,   -999999,   -999999,   -999999,   -999999,   -999999,   -999999,   -999999,   -999999,   -999999,   -999999,   -999999,   -999999,   -999999,   -999999,   -999999,   -999999,   -999999,   -999999,   -999999,   -999999,   -999999,   -999999,   -999999,   -999999,   -999999,   -999999,   -999999,   -999999,   -999999,   -999999,   -999999,   -999999,     -999999  
62002,   222,          1200518.0,         12.000000,  11.02227358,   39.0881386,   266.9820204,   3.070555238,   694,   285.1899939,   316.5629989,   299.6669922,   26.60822738,   4.061963891,   287.1685223,   3.2228,   155,   151.142472,   126.758016,   0.448,   0,   121.48,   121.12,   0.24,   0.7,   -0.04,   316.46,   264.0899939,   296.6299939,   886.2,   27.3,   62.16,   144.94,   23.58,   2.98,   3.124,   14.186,   15.948,   22.004,   6,   0.2286,   2.9942,   1.36248,   1.73884,    -999999,  402.1571429,   1.86656,   0.08642105263,    -999999,   -999999,   -999999,   -999999,   -999999,   -999999,   -999999,   -999999,   -999999,   -999999,   -999999,   -999999,   -999999,   -999999,   -999999,   -999999,   -999999,   -999999,   -999999,   -999999,   -999999,   -999999,   -999999,   -999999,   -999999,   -999999,   -999999,   -999999,   -999999,   -999999,   -999999,   -999999,   -999999,   -999999,   -999999,   -999999,   -999999,   -999999,   -999999,   -999999,   -999999,   -999999,   -999999,   -999999,   -999999,   -999999,   -999999,   -999999,   -999999,   -999999,   -999999,     -999999  
62007,   222,          1200519.0,         12.000000,  11.0241763,   39.084513,   266.9897278,   3.071652518,   694,   284.8299939,   316.1633963,   299.6669922,   26.59314198,   3.555179622,   275.2138913,   3.222,   155,   152.377128,   127.786896,   0.45,   0,   121.8,   121.2,   0.6,   0.7,   1.16,   316.14,   261.3899939,   296.4499939,   886.2,   27.3,   62.64,   145,   21.1,   2.408,   2.52,   13.874,   15.55,   18.168,   6,   0.2251,   2.9969,   1.36248,   1.73884,    -999999,  402.2,   1.86615,   0.08589473684,    -999999,   -999999,   -999999,   -999999,   -999999,   -999999,   -999999,   -999999,   -999999,   -999999,   -999999,   -999999,   -999999,   -999999,   -999999,   -999999,   -999999,   -999999,   -999999,   -999999,   -999999,   -999999,   -999999,   -999999,   -999999,   -999999,   -999999,   -999999,   -999999,   -999999,   -999999,   -999999,   -999999,   -999999,   -999999,   -999999,   -999999,   -999999,   -999999,   -999999,   -999999,   -999999,   -999999,   -999999,   -999999,   -999999,   -999999,   -999999,   -999999,   -999999,   -999999,     -999999  
62012,   222,          1200520.0,         12.000000,  11.02607748,   39.080864,   266.9974122,   3.072810758,   694,   284.3099939,   315.5861924,   299.6669922,   26.57806086,   3.794334713,   268.6368807,   3.2226,   155,   152.068464,   127.786896,   0.45,   0,   122.22,   121.44,   0.76,   0.9,   0.74,   315.54,   262.2299939,   295.9299939,   886.2,   27.3,   62.28,   145.04,   21.4,   2.584,   2.706,   13.402,   14.946,   20.184,   6,   0.2316,   2.991,    -999999,   -999999,   -999999,  402.08,   1.8678,   0.082,    -999999,   -999999,   -999999,   -999999,   -999999,   -999999,   -999999,   -999999,   -999999,   -999999,   -999999,   -999999,   -999999,   -999999,   -999999,   -999999,   -999999,   -999999,   -999999,   -999999,   -999999,   -999999,   -999999,   -999999,   -999999,   -999999,   -999999,   -999999,   -999999,   -999999,   -999999,   -999999,   -999999,   -999999,   -999999,   -999999,   -999999,   -999999,   -999999,   -999999,   -999999,   -999999,   -999999,   -999999,   -999999,   -999999,   -999999,   -999999,   -999999,   -999999,   -999999,     -999999  
