inputs/ACTAMERICA_Merge/C130/ACTAMERICA-mrg05-c130_merge_20171030_R0.ict
145, 1001
Shook, Michael
NASA Atmospheric Composition Branch, NASA Langley Research Center (SSAI)
Merged data file for ACT-AMERICA Fall 2017, Flight 16 (20171030), on the c130 platform. Data is merged to 05 seconds.
NASA ACT-AMERICA Fall 2017
1, 1
2017, 10, 30, 2018, 07, 05
05
UTC,s
106
1, 1, 1, 1, 1, 1, 1, 1, 1, 1, 1, 1, 1, 1, 1, 1, 1, 1, 1, 1, 1, 1, 1, 1, 1, 1, 1, 1, 1, 1, 1, 1, 1, 1, 1, 1, 1, 1, 1, 1, 1, 1, 1, 1, 1, 1, 1, 1, 1, 1, 1, 1, 1, 1, 1, 1, 1, 1, 1, 1, 1, 1, 1, 1, 1, 1, 1, 1, 1, 1, 1, 1, 1, 1, 1, 1, 1, 1, 1, 1, 1, 1, 1, 1, 1, 1, 1, 1, 1, 1, 1, 1, 1, 1, 1, 1, 1, 1, 1, 1, 1, 1, 1, 1, 1, 1
-999999, -999999, -999999, -999999, -999999, -999999, -999999, -999999, -999999, -999999, -999999, -999999, -999999, -999999, -999999, -999999, -999999, -999999, -999999, -999999, -999999, -999999, -999999, -999999, -999999, -999999, -999999, -999999, -999999, -999999, -999999, -999999, -999999, -999999, -999999, -999999, -999999, -999999, -999999, -999999, -999999, -999999, -999999, -999999, -999999, -999999, -999999, -999999, -999999, -999999, -999999, -999999, -999999, -999999, -999999, -999999, -999999, -999999, -999999, -999999, -999999, -999999, -999999, -999999, -999999, -999999, -999999, -999999, -999999, -999999, -999999, -999999, -999999, -999999, -999999, -999999, -999999, -999999, -999999, -999999, -999999, -999999, -999999, -999999, -999999, -999999, -999999, -999999, -999999, -999999, -999999, -999999, -999999, -999999, -999999, -999999, -999999, -999999, -999999, -999999, -999999, -999999, -999999, -999999, -999999, -999999
JDAY, days
INDEX, none
FLIGHT, none
LOCAL_SUN_TIME, hour
LATITUDE, degs
LONGITUDE, degs
ALTP, km
PRESSURE, hPa
TEMPERATURE, K
THETA, K, calculated from ambient temperature and pressure
O3COLUMN, DU, OMI ozone column data extracted along flight track
SZA, deg
WNS, m s-1
WND, Degs
GPS_ALT, km
GRD_SPD, m s-1
TAS, m/s
IAS, m/s
MachNumber, mach
VerticalSpeed, m s-1
HDG, degs
TRK, degs
DriftAngle, degs
PITCH, degs
ROLL, degs
PotentialTemp_Nav, K
Dewpoint, K
TotalAirTemp, K
CabinPressure, hPa
SolarZenithAngle, degs
AircraftSunElevation, degs
SunAzimuth, degs
AircraftSunAzimuth, degs
H2O_MixingRatio_Nav, g kg-1
H2O_VaporPressure_Nav, hPa
H2O_SatVaporPressureWater_Nav, hPa
H2O_SatVaporPressureIce_Nav, hPa
H2O_RelativeHumidity_Nav, %
ManeuverFlag, none
H2O_VolMixingRatio_PICARRO, %
H2O_MassMixingRatio_PICARRO, g kg-1
H2O_VaporPressure_PICARRO, hPa
RHi_PICARRO, %
RHw_PICARRO, %
Dewpoint_PICARRO, K
GPS_ALT, km
GroundElevation-AMSL_GoogleMaps, km
Altitude-AGL_GoogleMaps, km
GroundHeight-AMSL_CPL, km
MLH-AMSL_CPL, km
O3_MixingRatio, ppbv
CO2_DryMoleFrac_PICARRO, ppm
CH4_DryMoleFrac_PICARRO, ppm
CO_DryMoleFrac_PICARRO, ppm
CO2_MoleFraction_PFP, ppm
CH4_MoleFraction_PFP, ppb
CO_MoleFraction_PFP, ppb
N2O_MoleFraction_PFP, ppb
SF6_CCGG_MoleFraction_PFP, ppt
H2_MoleFraction_PFP, ppb
CH4C13_PFP, permil
CO2C14_PFP, permil
F11B_MoleFraction_PFP, ppt
FC12_MoleFraction_PFP, ppt
F13_MoleFraction_PFP, ppt
F113_MoleFraction_PFP, ppt
F115_MoleFraction_PFP, ppt
HF133a_MoleFraction_PFP, ppt
F23_MoleFraction_PFP, ppt
F32_MoleFraction_PFP, ppt
F134A_MoleFraction_PFP, ppt
F152A_MoleFraction_PFP, ppt
F125_MoleFraction_PFP, ppt
F143a_MoleFraction_PFP, ppt
F227e_MoleFraction_PFP, ppt
F365m_MoleFraction_PFP, ppt
H1211_MoleFraction_PFP, ppt
H1301_MoleFraction_PFP, ppt
[...]
[from data line 522]
59967,   303,          1600523.0,         16.000000,  10.29093523,   37.91168976,   264.4911118,   2.096658266,   785,   274.0699939,   293.6964739,   268,   57.00165291,   18.72470633,   325.8282272,   2.1098,   139.94,   122.69394,   111.1910616,   0.37,   -0.3,   168.22,   165.38,   2.88,   1.98,   -0.18,   293.64,   253.8499939,   281.5499939,   949.6,   55.8,   32.46,   154.3,   -13.02,   1.14,   1.348,   6.594,   6.658,   20.464,    -999999,  0.1561111111,   0.9691444444,   1.226822222,    -999999,  20.07111111,   252.8322161,   2.1098,   0.3021,   1.8069,   0.4323328,   1.31912,   50.7,   405.6071429,   1.9143,   0.1098947368,    -999999,   -999999,   -999999,   -999999,   -999999,   -999999,   -999999,   -999999,   -999999,   -999999,   -999999,   -999999,   -999999,   -999999,   -999999,   -999999,   -999999,   -999999,   -999999,   -999999,   -999999,   -999999,   -999999,   -999999,   -999999,   -999999,   -999999,   -999999,   -999999,   -999999,   -999999,   -999999,   -999999,   -999999,   -999999,   -999999,   -999999,   -999999,   -999999,   -999999,   -999999,   -999999,   -999999,   -999999,   -999999,   -999999,   -999999,   -999999,   -999999,   -999999,   -999999,     -999999  
59972,   303,          1600524.0,         16.000000,  10.29245687,   37.90557862,   264.493103,   2.096414426,   785,   274.7299939,   294.4037373,   268,   56.9873436,   18.39418221,   323.2201287,   2.1088,   139.98,   123.4244448,   111.7157904,   0.37,   0.14,   168.72,   165.5,   3.18,   2.14,   0.12,   294.34,   255.8899939,   282.2699939,   949.6,   55.74,   32.26,   154.3,   -13.82,   1.354,   1.604,   6.908,   7.02,   23.216,    -999999,  0.140925,   0.87495,   1.107475,   18.69,   18.3175,   251.6599939,   2.1088,   0.30576,   1.80664,   0.4346792,   1.31912,   51.38,   405.64625,   1.9157,   0.1097,    -999999,   -999999,   -999999,   -999999,   -999999,   -999999,   -999999,   -999999,   -999999,   -999999,   -999999,   -999999,   -999999,   -999999,   -999999,   -999999,   -999999,   -999999,   -999999,   -999999,   -999999,   -999999,   -999999,   -999999,   -999999,   -999999,   -999999,   -999999,   -999999,   -999999,   -999999,   -999999,   -999999,   -999999,   -999999,   -999999,   -999999,   -999999,   -999999,   -999999,   -999999,   -999999,   -999999,   -999999,   -999999,   -999999,   -999999,   -999999,   -999999,   -999999,   -999999,     -999999  
59977,   303,          1600525.0,         16.000000,  10.29397851,   37.89946746,   264.4950943,   2.099096666,   785,   274.5099939,   294.1679828,   268,   56.97303836,   18.11082438,   325.1095233,   2.1116,   139.82,   123.2495352,   111.5614584,   0.37,   0.62,   168.42,   165.52,   2.9,   2.18,   -0.32,   294.18,   256.6899939,   282.0899939,   949.6,   55.7,   32.38,   154.3,   -13.2,   1.45,   1.72,   6.818,   6.918,   25.202,    -999999,  0.186825,   1.159675,   1.46755,   25.465,   24.19,   254.9699939,   2.1116,   0.31234,   1.80046,   0.4343246,   1.31912,   49.12,   405.7,   1.916833333,   0.1058,    -999999,   -999999,   -999999,   -999999,   -999999,   -999999,   -999999,   -999999,   -999999,   -999999,   -999999,   -999999,   -999999,   -999999,   -999999,   -999999,   -999999,   -999999,   -999999,   -999999,   -999999,   -999999,   -999999,   -999999,   -999999,   -999999,   -999999,   -999999,   -999999,   -999999,   -999999,   -999999,   -999999,   -999999,   -999999,   -999999,   -999999,   -999999,   -999999,   -999999,   -999999,   -999999,   -999999,   -999999,   -999999,   -999999,   -999999,   -999999,   -999999,   -999999,   -999999,     -999999  
59982,   303,          1600526.0,         16.000000,  10.29550244,   37.89339066,   264.4971199,   2.099828186,   784.6,   275.2299939,   294.9824963,   268,   56.95875345,   18.95793944,   317.2908215,   2.112,   139.96,   123.8359968,   111.9524328,   0.37,   -0.22,   169.42,   165.38,   4.04,   1.64,   -0.34,   294.96,   259.3299939,   282.8299939,   950,   55.7,   32.9,   154.32,   -14.22,   1.808,   2.14,   7.174,   7.328,   29.802,    -999999,  0.18202,   1.12984,   1.42952,   24.1175,   23.944,   254.6519939,   2.112,   0.31676,   1.79364,   0.4311538,   1.31912,   52.2,   405.66,   1.915408333,   0.1071176471,    -999999,   -999999,   -999999,   -999999,   -999999,   -999999,   -999999,   -999999,   -999999,   -999999,   -999999,   -999999,   -999999,   -999999,   -999999,   -999999,   -999999,   -999999,   -999999,   -999999,   -999999,   -999999,   -999999,   -999999,   -999999,   -999999,   -999999,   -999999,   -999999,   -999999,   -999999,   -999999,   -999999,   -999999,   -999999,   -999999,   -999999,   -999999,   -999999,   -999999,   -999999,   -999999,   -999999,   -999999,   -999999,   -999999,   -999999,   -999999,   -999999,   -999999,   -999999,     -999999  
59987,   303,          1600527.0,         16.000000,  10.29702179,   37.8872795,   264.4990769,   2.095682906,   785,   275.1899939,   294.8966784,   268,   56.94446997,   19.0318164,   321.1012333,   2.1106,   140.24,   123.4347336,   111.63348,   0.37,   -0.26,   169.12,   165.54,   3.6,   1.68,   0.1,   294.86,   262.6699939,   282.7899939,   949.6,   55.7,   32.74,   154.4,   -14.34,   2.352,   2.792,   7.146,   7.298,   39.05,    -999999,  0.177725,   1.10295,   1.395675,   23.7975,   23.68,   254.2549939,   2.1106,   0.32,   1.7882,   0.4308166,   1.31912,   52.16,   405.66,   1.9156,   0.10844,    -999999,   -999999,   -999999,   -999999,   -999999,   -999999,   -999999,   -999999,   -999999,   -999999,   -999999,   -999999,   -999999,   -999999,   -999999,   -999999,   -999999,   -999999,   -999999,   -999999,   -999999,   -999999,   -999999,   -999999,   -999999,   -999999,   -999999,   -999999,   -999999,   -999999,   -999999,   -999999,   -999999,   -999999,   -999999,   -999999,   -999999,   -999999,   -999999,   -999999,   -999999,   -999999,   -999999,   -999999,   -999999,   -999999,   -999999,   -999999,   -999999,   -999999,   -999999,     -999999  
59992,   303,          1600528.0,         16.000000,  10.29854343,   37.88116838,   264.5010681,   2.097389786,   785,   274.9299939,   294.6180595,   268,   56.9301771,   18.5559532,   323.1348207,   2.1108,   140.3,   123.619932,   111.8289672,   0.37,   0.14,   168.88,   165.64,   3.24,   1.96,   -0.24,   294.62,   262.5299939,   282.4899939,   950,   55.7,   32.52,   154.4,   -13.7,   2.33,   2.758,   7.024,   7.158,   39.288,    -999999,  0.180825,   1.122375,   1.420675,   24.0025,   23.9075,   254.5599939,   2.1108,   0.3175,   1.7923,   0.432953,   1.31912,   50.76,   405.675,   1.91505,   0.107825,    -999999,   -999999,   -999999,   -999999,   -999999,   -999999,   -999999,   -999999,   -999999,   -999999,   -999999,   -999999,   -999999,   -999999,   -999999,   -999999,   -999999,   -999999,   -999999,   -999999,   -999999,   -999999,   -999999,   -999999,   -999999,   -999999,   -999999,   -999999,   -999999,   -999999,   -999999,   -999999,   -999999,   -999999,   -999999,   -999999,   -999999,   -999999,   -999999,   -999999,   -999999,   -999999,   -999999,   -999999,   -999999,   -999999,   -999999,   -999999,   -999999,   -999999,   -999999,     -999999  
59997,   303,          1600529.0,         16.000000,  10.30006507,   37.87502288,   264.5030594,   2.099096666,   784.8,   274.7299939,   294.4251714,   268,   56.91585855,   18.19749553,   326.3944627,   2.1126,   140.3,   123.414156,   111.6952128,   0.37,   0.5,   168.2,   165.48,   2.74,   2.04,   -0.84,   294.38,   261.3499939,   282.3299939,   949.6,   55.7,   32.6,   154.4,   -12.66,   2.128,   2.518,   6.914,   7.032,   36.436,    -999999,  0.233775,   1.451,   1.83675,   30.555,   30.4925,   257.6524939,   2.1126,   0.31006,   1.79974,   0.4910362,   1.31912,   48.76,   405.855,   1.9124,   0.102705,    -999999,   -999999,   -999999,   -999999,   -999999,   -999999,   -999999,   -999999,   -999999,   -999999,   -999999,   -999999,   -999999,   -999999,   -999999,   -999999,   -999999,   -999999,   -999999,   -999999,   -999999,   -999999,   -999999,   -999999,   -999999,   -999999,   -999999,   -999999,   -999999,   -999999,   -999999,   -999999,   -999999,   -999999,   -999999,   -999999,   -999999,   -999999,   -999999,   -999999,   -999999,   -999999,   -999999,   -999999,   -999999,   -999999,   -999999,   -999999,   -999999,   -999999,   -999999,     -999999  
60002,   303,          1600530.0,         16.000000,  10.30158671,   37.86894606,   264.5050506,   2.099401466,   784.8,   275.1099939,   294.8324133,   268,   56.90160366,   18.99735644,   321.7810796,   2.114,   140.32,   123.3935784,   111.582036,   0.37,   0.14,   168.88,   165.4,   3.46,   1.76,   0.16,   294.8,   259.8299939,   282.6899939,   949.6,   55.7,   32.68,   154.4,   -13.9,   1.872,   2.216,   7.11,   7.252,   31.2,    -999999,  0.2136636364,   1.3262,   1.6787,   30.73333333,   27.09,   256.4881757,   2.114,   0.30704,   1.80176,   0.4561634,   1.31912,   47.84,   405.93,   1.912,   0.102605,    -999999,   -999999,   -999999,   -999999,   -999999,   -999999,   -999999,   -999999,   -999999,   -999999,   -999999,   -999999,   -999999,   -999999,   -999999,   -999999,   -999999,   -999999,   -999999,   -999999,   -999999,   -999999,   -999999,   -999999,   -999999,   -999999,   -999999,   -999999,   -999999,   -999999,   -999999,   -999999,   -999999,   -999999,   -999999,   -999999,   -999999,   -999999,   -999999,   -999999,   -999999,   -999999,   -999999,   -999999,   -999999,   -999999,   -999999,   -999999,   -999999,   -999999,   -999999,     -999999  
60007,   303,          1600531.0,         16.000000,  10.30311064,   37.86283494,   264.5070763,   2.099462426,   784.8,   275.1699939,   294.8967147,   268,   56.88730963,   18.7955253,   321.2305484,   2.113,   140.56,   123.9697512,   112.0861872,   0.37,   -0.42,   169.12,   165.58,   3.52,   1.48,   0.24,   294.9,   259.5899939,   282.8699939,   950.4,   55.7,   33,   154.48,   -14.26,   1.84,   2.178,   7.146,   7.298,   30.482,    -999999,  0.32064,   1.99024,   2.51952,    -999999,  38.433,   261.5029939,   2.113,   0.30252,   1.80908,   0.421817,   1.31912,   44.6,   405.855,   1.91285,   0.104815,    -999999,   -999999,   -999999,   -999999,   -999999,   -999999,   -999999,   -999999,   -999999,   -999999,   -999999,   -999999,   -999999,   -999999,   -999999,   -999999,   -999999,   -999999,   -999999,   -999999,   -999999,   -999999,   -999999,   -999999,   -999999,   -999999,   -999999,   -999999,   -999999,   -999999,   -999999,   -999999,   -999999,   -999999,   -999999,   -999999,   -999999,   -999999,   -999999,   -999999,   -999999,   -999999,   -999999,   -999999,   -999999,   -999999,   -999999,   -999999,   -999999,   -999999,   -999999,     -999999  
60012,   303,          1600532.0,         16.000000,  10.30462999,   37.85665514,   264.5090332,   2.097816506,   784.8,   274.9899939,   294.7038106,   268,   56.87298721,   18.39105604,   323.0597456,   2.1098,   140.9,   124.3710144,   112.4977392,   0.374,   -0.58,   168.82,   165.62,   3.18,   1.56,   -0.48,   294.68,   258.9699939,   282.6899939,   950.4,   55.6,   33.06,   154.5,   -13.4,   1.75,   2.07,   7.048,   7.182,   29.394,    -999999,  0.3205666667,   1.989833333,   2.518733333,    -999999,  37.82333333,   261.4999939,   2.1098,   0.30828,   1.80372,   0.4098298,   1.31912,   43.68,   406.25,   1.91125,   0.10365,    -999999,   -999999,   -999999,   -999999,   -999999,   -999999,   -999999,   -999999,   -999999,   -999999,   -999999,   -999999,   -999999,   -999999,   -999999,   -999999,   -999999,   -999999,   -999999,   -999999,   -999999,   -999999,   -999999,   -999999,   -999999,   -999999,   -999999,   -999999,   -999999,   -999999,   -999999,   -999999,   -999999,   -999999,   -999999,   -999999,   -999999,   -999999,   -999999,   -999999,   -999999,   -999999,   -999999,   -999999,   -999999,   -999999,   -999999,   -999999,   -999999,   -999999,   -999999,     -999999  
60017,   303,          1600533.0,         16.000000,  10.30615392,   37.85050964,   264.5110588,   2.095682906,   785,   275.2499939,   294.9609751,   268,   56.85867164,   18.61565698,   320.3968221,   2.1096,   140.92,   124.5665016,   112.6520712,   0.372,   0.26,   168.98,   165.46,   3.56,   1.92,   -0.36,   294.96,   260.6499939,   282.9499939,   950.8,   55.6,   32.68,   154.5,   -13.64,   2.008,   2.38,   7.184,   7.342,   33.102,    -999999,  0.268075,   1.664075,   2.105675,    -999999,  31.8875,   259.3074939,   2.1096,   0.3005,   1.8101,   0.4022202,   1.31912,   46.98,   406.095,   1.9117,   0.104,    -999999,   -999999,   -999999,   -999999,   -999999,   -999999,   -999999,   -999999,   -999999,   -999999,   -999999,   -999999,   -999999,   -999999,   -999999,   -999999,   -999999,   -999999,   -999999,   -999999,   -999999,   -999999,   -999999,   -999999,   -999999,   -999999,   -999999,   -999999,   -999999,   -999999,   -999999,   -999999,   -999999,   -999999,   -999999,   -999999,   -999999,   -999999,   -999999,   -999999,   -999999,   -999999,   -999999,   -999999,   -999999,   -999999,   -999999,   -999999,   -999999,   -999999,   -999999,     -999999  
60022,   303,          1600534.0,         16.000000,  10.30767785,   37.8443985,   264.5130844,   2.098791866,   784.8,   275.0099939,   294.7252444,   268,   56.84439004,   18.57799967,   323.1604831,   2.1126,   140.8,   124.0623504,   112.2096528,   0.37,   0.54,   168.7,   165.5,   3.22,   1.92,   0.04,   294.68,   260.2699939,   282.6499939,   950.6,   55.6,   32.64,   154.5,   -13.56,   1.942,   2.3,   7.056,   7.192,   32.584,    -999999,  0.2413727273,   1.498172727,   1.896236364,    -999999,  27.60909091,   257.9690848,   2.1126,   0.2993,   1.8115,   0.4036666,   1.31912,   47.34,   405.99,   1.91165,   0.1109941176,    -999999,   -999999,   -999999,   -999999,   -999999,   -999999,   -999999,   -999999,   -999999,   -999999,   -999999,   -999999,   -999999,   -999999,   -999999,   -999999,   -999999,   -999999,   -999999,   -999999,   -999999,   -999999,   -999999,   -999999,   -999999,   -999999,   -999999,   -999999,   -999999,   -999999,   -999999,   -999999,   -999999,   -999999,   -999999,   -999999,   -999999,   -999999,   -999999,   -999999,   -999999,   -999999,   -999999,   -999999,   -999999,   -999999,   -999999,   -999999,   -999999,   -999999,   -999999,     -999999  
