inputs/ACTAMERICA_Merge/C130/ACTAMERICA-mrg05-c130_merge_20170206_R0.ict
143, 1001
Shook, Michael
NASA Atmospheric Composition Branch, NASA Langley Research Center (SSAI)
Merged data file for ACT-AMERICA 2017, Flight 05 (20170206), on the c130 platform. Data is merged to 05 seconds.
NASA ACT-AMERICA 2017
1, 1
2017, 02, 06, 2018, 02, 23
05
UTC,s
104
1, 1, 1, 1, 1, 1, 1, 1, 1, 1, 1, 1, 1, 1, 1, 1, 1, 1, 1, 1, 1, 1, 1, 1, 1, 1, 1, 1, 1, 1, 1, 1, 1, 1, 1, 1, 1, 1, 1, 1, 1, 1, 1, 1, 1, 1, 1, 1, 1, 1, 1, 1, 1, 1, 1, 1, 1, 1, 1, 1, 1, 1, 1, 1, 1, 1, 1, 1, 1, 1, 1, 1, 1, 1, 1, 1, 1, 1, 1, 1, 1, 1, 1, 1, 1, 1, 1, 1, 1, 1, 1, 1, 1, 1, 1, 1, 1, 1, 1, 1, 1, 1, 1, 1
-999999, -999999, -999999, -999999, -999999, -999999, -999999, -999999, -999999, -999999, -999999, -999999, -999999, -999999, -999999, -999999, -999999, -999999, -999999, -999999, -999999, -999999, -999999, -999999, -999999, -999999, -999999, -999999, -999999, -999999, -999999, -999999, -999999, -999999, -999999, -999999, -999999, -999999, -999999, -999999, -999999, -999999, -999999, -999999, -999999, -999999, -999999, -999999, -999999, -999999, -999999, -999999, -999999, -999999, -999999, -999999, -999999, -999999, -999999, -999999, -999999, -999999, -999999, -999999, -999999, -999999, -999999, -999999, -999999, -999999, -999999, -999999, -999999, -999999, -999999, -999999, -999999, -999999, -999999, -999999, -999999, -999999, -999999, -999999, -999999, -999999, -999999, -999999, -999999, -999999, -999999, -999999, -999999, -999999, -999999, -999999, -999999, -999999, -999999, -999999, -999999, -999999, -999999, -999999
JDAY, days
INDEX, none
FLIGHT, none
LOCAL_SUN_TIME, hour
LATITUDE, degs
LONGITUDE, degs
ALTP, km
PRESSURE, hPa
TEMPERATURE, K
THETA, K
O3COLUMN, DU
SZA, deg
WNS, m s-1
WND, Degs
GPS_ALT, km
GRD_SPD, m s-1
TAS, m/s
IAS, m/s
MachNumber, mach
VerticalSpeed, m s-1
HDG, degs
TRK, degs
DriftAngle, degs
PITCH, degs
ROLL, degs
PotentialTemp, K
Dewpoint, K
TotalAirTemp, K
CabinPressure, hPa
SolarZenithAngle, degs
AircraftSunElevation, degs
SunAzimuth, degs
AircraftSunAzimuth, degs
H2O_MixingRatio, g kg-1
H2O_VaporPressure, hPa
H2O_SatVaporPressureWater, hPa
H2O_SatVaporPressureIce, hPa
H2O_RelativeHumidity, %
H2O_VolMixingRatio_PICARRO, %
H2O_MassMixingRatio_PICARRO, g kg-1
H2O_VaporPressure_PICARRO, hPa
RHi_PICARRO, %
RHw_PICARRO, %
Dewpoint_PICARRO, K
Ground_Elevation, km
Altitude_AGL, km
GroundHeight_CPL, km
MLH_CPL, km
O3_MixingRatio, ppbv
CO2_MixingRatio_PICARRO, ppmv
CH4_MixingRatio_PICARRO, ppmv
CO_MixingRatio_PICARRO, ppmv
CO2_MoleFraction_PFP, ppm
CH4_MoleFraction_PFP, ppb
CO_MoleFraction_PFP, ppb
N2O_MoleFraction_PFP, ppb
SF6_CCGG_MoleFraction_PFP, ppt
H2_MoleFraction_PFP, ppb
CH4C13_PFP, per mil
CO2C14_PFP, per mil
F11B_MoleFraction_PFP, ppt
FC12_MoleFraction_PFP, ppt
F13_MoleFraction_PFP, ppt
F113_MoleFraction_PFP, ppt
F115_MoleFraction_PFP, ppt
HF133a_MoleFraction_PFP, ppt
F23_MoleFraction_PFP, ppt
F32_MoleFraction_PFP, ppt
F134A_MoleFraction_PFP, ppt
F152A_MoleFraction_PFP, ppt
F125_MoleFraction_PFP, ppt
F143a_MoleFraction_PFP, ppt
F227e_MoleFraction_PFP, ppt
F365m_MoleFraction_PFP, ppt
H1211_MoleFraction_PFP, ppt
H1301_MoleFraction_PFP, ppt
H2402_MoleFraction_PFP, ppt
MCFA_MoleFraction_PFP, ppt
CF4_MoleFraction_PFP, ppt
C2F6_MoleFraction_PFP, ppt
SO2F2_MoleFraction_PFP, ppt
MEBR_MoleFraction_PFP, ppt
CH3I_MoleFraction_PFP, ppt
DIBR_MoleFraction_PFP, ppt
[...]
[from data line 326]
64772,   37,          500327.00,         5.0000000,  11.88131602,   32.46356584,   268.3259903,   6.43347464,   444,   252.4499939,   318.363369,   267,   48.1160348,   13.15819425,   249.144976,   6.62166,   169,   156.081096,   112.14792,   0.49,   -0.2,   90.42,   88.7,   1.72,   1.56,   -0.08,   318.36,   248.5899939,   264.5499939,   871.2,   48.2,   41.54,   172.78,   81.36,   1.268,   0.854,   1.19,   0.978,   71.312,   0.1907,   1.183625,   0.85105,   90.7625,   73.94,   248.7349939,   0.02424,   6.62516,   0.2040662,   0.731512,   38.68,   405.9142857,   1.855377778,   0.078,    -999999,   -999999,   -999999,   -999999,   -999999,   -999999,   -999999,   -999999,   -999999,   -999999,   -999999,   -999999,   -999999,   -999999,   -999999,   -999999,   -999999,   -999999,   -999999,   -999999,   -999999,   -999999,   -999999,   -999999,   -999999,   -999999,   -999999,   -999999,   -999999,   -999999,   -999999,   -999999,   -999999,   -999999,   -999999,   -999999,   -999999,   -999999,   -999999,   -999999,   -999999,   -999999,   -999999,   -999999,   -999999,   -999999,   -999999,   -999999,   -999999,   -999999,   -999999,     -999999  
64777,   37,          500328.00,         5.0000000,  11.88330641,   32.46374434,   268.3350128,   6.427988239,   444,   252.4499939,   318.363369,   267,   48.11520932,   13.05929179,   250.2399672,   6.61432,   169.4,   156.595536,   112.66236,   0.49,   -1.6,   90.26,   88.62,   1.6,   0.88,   -0.04,   318.32,   248.7299939,   264.6899939,   870.6,   48.14,   41.7,   172.8,   82.12,   1.288,   0.86,   1.198,   0.98,   71.954,   0.1872,   1.16192,   0.83714,   87.324,   71.302,   248.5479939,   0.02476,   6.61744,   0.1933592,   0.8034634,   39.9,   405.9185714,   1.85535,   0.077,    -999999,   -999999,   -999999,   -999999,   -999999,   -999999,   -999999,   -999999,   -999999,   -999999,   -999999,   -999999,   -999999,   -999999,   -999999,   -999999,   -999999,   -999999,   -999999,   -999999,   -999999,   -999999,   -999999,   -999999,   -999999,   -999999,   -999999,   -999999,   -999999,   -999999,   -999999,   -999999,   -999999,   -999999,   -999999,   -999999,   -999999,   -999999,   -999999,   -999999,   -999999,   -999999,   -999999,   -999999,   -999999,   -999999,   -999999,   -999999,   -999999,   -999999,   -999999,     -999999  
64782,   37,          500329.00,         5.0000000,  11.88529934,   32.46392746,   268.3440735,   6.416040079,   445,   252.5499939,   318.2848265,   267,   48.11440418,   13.09990419,   250.5022899,   6.601,   170.2,   157.41864,   113.279688,   0.496,   -2.2,   90.22,   88.62,   1.6,   0.62,   0.24,   318.32,   248.7899939,   264.9499939,   870.8,   48.1,   42.04,   172.82,   82.4,   1.288,   0.864,   1.208,   0.988,   71.756,   0.18665,   1.15848,   0.83678,   85.034,   69.617,   248.5409939,   0.0244,   6.6042,   0.20378,   0.839439,   40.66,   405.9357143,   1.855244444,   0.0779,    -999999,   -999999,   -999999,   -999999,   -999999,   -999999,   -999999,   -999999,   -999999,   -999999,   -999999,   -999999,   -999999,   -999999,   -999999,   -999999,   -999999,   -999999,   -999999,   -999999,   -999999,   -999999,   -999999,   -999999,   -999999,   -999999,   -999999,   -999999,   -999999,   -999999,   -999999,   -999999,   -999999,   -999999,   -999999,   -999999,   -999999,   -999999,   -999999,   -999999,   -999999,   -999999,   -999999,   -999999,   -999999,   -999999,   -999999,   -999999,   -999999,   -999999,   -999999,     -999999  
64787,   37,          500330.00,         5.0000000,  11.88729513,   32.46410674,   268.3531769,   6.399763759,   446,   252.6899939,   318.2570917,   267,   48.11361084,   12.99882815,   250.918608,   6.58248,   171.4,   158.550408,   114.20568,   0.5,   -4.2,   90.26,   88.7,   1.52,   -0.06,   0.24,   318.26,   248.6499939,   265.2499939,   870.6,   48.1,   42.12,   172.9,   83.04,   1.27,   0.856,   1.222,   1.004,   69.988,   0.1796818182,   1.115236364,   0.8080090909,   82.11,   67.22090909,   248.1499939,   0.02522,   6.58578,   0.1929948,   0.833443,   38.34,   405.92,   1.8555,   0.07726315789,    -999999,   -999999,   -999999,   -999999,   -999999,   -999999,   -999999,   -999999,   -999999,   -999999,   -999999,   -999999,   -999999,   -999999,   -999999,   -999999,   -999999,   -999999,   -999999,   -999999,   -999999,   -999999,   -999999,   -999999,   -999999,   -999999,   -999999,   -999999,   -999999,   -999999,   -999999,   -999999,   -999999,   -999999,   -999999,   -999999,   -999999,   -999999,   -999999,   -999999,   -999999,   -999999,   -999999,   -999999,   -999999,   -999999,   -999999,   -999999,   -999999,   -999999,   -999999,     -999999  
64792,   37,          500331.00,         5.0000000,  11.8892961,   32.46428452,   268.3623581,   6.378001039,   447,   252.8899939,   318.3052389,   267,   48.1128306,   12.8197422,   251.065681,   6.5558,   172.8,   160.299504,   115.646112,   0.504,   -5,   90.14,   88.7,   1.48,   -0.36,   -0.28,   318.24,   248.2699939,   265.7299939,   870.8,   48.1,   41.7,   172.9,   83.52,   1.224,   0.828,   1.242,   1.02,   66.572,   0.17526,   1.08772,   0.79078,   78.27,   64.25,   247.9139939,   0.02446,   6.56014,   0.2022108,   0.749499,   40.3,   405.925,   1.85535,   0.07634736842,    -999999,   -999999,   -999999,   -999999,   -999999,   -999999,   -999999,   -999999,   -999999,   -999999,   -999999,   -999999,   -999999,   -999999,   -999999,   -999999,   -999999,   -999999,   -999999,   -999999,   -999999,   -999999,   -999999,   -999999,   -999999,   -999999,   -999999,   -999999,   -999999,   -999999,   -999999,   -999999,   -999999,   -999999,   -999999,   -999999,   -999999,   -999999,   -999999,   -999999,   -999999,   -999999,   -999999,   -999999,   -999999,   -999999,   -999999,   -999999,   -999999,   -999999,   -999999,     -999999  
64797,   37,          500332.00,         5.0000000,  11.89130225,   32.46446762,   268.3716171,   6.350325198,   448.8,   253.1299939,   318.2416995,   267,   48.1120704,   12.7598229,   251.1576794,   6.52836,   174.4,   161.739936,   116.880768,   0.51,   -5,   90.1,   88.7,   1.44,   -0.32,   0.2,   318.18,   247.8099939,   266.1699939,   870.6,   48.1,   42.14,   172.98,   83.52,   1.17,   0.792,   1.268,   1.042,   62.62,   0.17927,   1.1127,   0.81228,   78.667,   64.72,   248.2099939,   0.0249,   6.5321,   0.1938492,   0.659559,   40.6,   405.9,   1.85535,   0.0767,    -999999,   -999999,   -999999,   -999999,   -999999,   -999999,   -999999,   -999999,   -999999,   -999999,   -999999,   -999999,   -999999,   -999999,   -999999,   -999999,   -999999,   -999999,   -999999,   -999999,   -999999,   -999999,   -999999,   -999999,   -999999,   -999999,   -999999,   -999999,   -999999,   -999999,   -999999,   -999999,   -999999,   -999999,   -999999,   -999999,   -999999,   -999999,   -999999,   -999999,   -999999,   -999999,   -999999,   -999999,   -999999,   -999999,   -999999,   -999999,   -999999,   -999999,   -999999,     -999999  
64802,   37,          500333.00,         5.0000000,  11.89331319,   32.46464464,   268.3809479,   6.322832238,   450.6,   253.3699939,   318.179349,   267,   48.11131919,   13.2796733,   251.3421694,   6.5016,   175.6,   162.56304,   117.703872,   0.51,   -5,   90.2,   88.76,   1.48,   -0.4,   0.32,   318.14,   247.5299939,   266.5099939,   870.8,   48.1,   42.26,   173,   83.42,   1.138,   0.772,   1.296,   1.066,   59.806,   0.1741666667,   1.081066667,   0.7916777778,   75.44222222,   62.16666667,   247.9199939,   0.02466,   6.50574,   0.1925924,   0.659559,   40.12,   405.95,   1.8561,   0.07705,    -999999,   -999999,   -999999,   -999999,   -999999,   -999999,   -999999,   -999999,   -999999,   -999999,   -999999,   -999999,   -999999,   -999999,   -999999,   -999999,   -999999,   -999999,   -999999,   -999999,   -999999,   -999999,   -999999,   -999999,   -999999,   -999999,   -999999,   -999999,   -999999,   -999999,   -999999,   -999999,   -999999,   -999999,   -999999,   -999999,   -999999,   -999999,   -999999,   -999999,   -999999,   -999999,   -999999,   -999999,   -999999,   -999999,   -999999,   -999999,   -999999,   -999999,   -999999,     -999999  
64807,   37,          500334.00,         5.0000000,  11.89532901,   32.46481324,   268.3903519,   6.299667438,   452,   253.5699939,   318.1483977,   267,   48.11057468,   13.11985801,   251.7439021,   6.47572,   176.8,   164.003472,   118.83564,   0.514,   -4.6,   90.2,   88.8,   1.4,   -0.36,   -0.04,   318.12,   247.1899939,   267.0099939,   870.8,   48.1,   41.94,   173.02,   83.54,   1.094,   0.748,   1.32,   1.09,   56.93,   0.1507909091,   0.936,   0.6878272727,   63.81363636,   52.73272727,   246.350903,   0.0238,   6.4812,   0.206391,   0.659559,   37.08,   406.0242857,   1.858433333,   0.07907894737,    -999999,   -999999,   -999999,   -999999,   -999999,   -999999,   -999999,   -999999,   -999999,   -999999,   -999999,   -999999,   -999999,   -999999,   -999999,   -999999,   -999999,   -999999,   -999999,   -999999,   -999999,   -999999,   -999999,   -999999,   -999999,   -999999,   -999999,   -999999,   -999999,   -999999,   -999999,   -999999,   -999999,   -999999,   -999999,   -999999,   -999999,   -999999,   -999999,   -999999,   -999999,   -999999,   -999999,   -999999,   -999999,   -999999,   -999999,   -999999,   -999999,   -999999,   -999999,     -999999  
64812,   37,          500335.00,         5.0000000,  11.8973488,   32.4649849,   268.3998154,   6.278209518,   453.2,   253.8499939,   318.258526,   267,   48.1098489,   13.19682053,   252.0353115,   6.4507,   178.2,   165.032352,   119.761632,   0.52,   -4.6,   90.14,   88.74,   1.36,   -0.46,   -0.1,   318.2,   246.3499939,   267.4299939,   871.2,   48.1,   41.82,   173.1,   83.72,   1.014,   0.694,   1.348,   1.118,   51.524,   0.13994,   0.8685,   0.64024,   57.952,   48.008,   245.5759939,   0.02532,   6.45468,   0.2064442,   0.659559,   41.28,   405.995,   1.8576,   0.0767,    -999999,   -999999,   -999999,   -999999,   -999999,   -999999,   -999999,   -999999,   -999999,   -999999,   -999999,   -999999,   -999999,   -999999,   -999999,   -999999,   -999999,   -999999,   -999999,   -999999,   -999999,   -999999,   -999999,   -999999,   -999999,   -999999,   -999999,   -999999,   -999999,   -999999,   -999999,   -999999,   -999999,   -999999,   -999999,   -999999,   -999999,   -999999,   -999999,   -999999,   -999999,   -999999,   -999999,   -999999,   -999999,   -999999,   -999999,   -999999,   -999999,   -999999,   -999999,     -999999  
64817,   37,          500336.00,         5.0000000,  11.89937297,   32.46516648,   268.4093445,   6.251935757,   455.2,   254.1099939,   318.1839355,   267,   48.10914862,   13.1986558,   253.7192488,   6.42546,   179.4,   166.16412,   120.790512,   0.52,   -5,   89.94,   88.7,   1.24,   -0.58,   0.02,   318.18,   245.4899939,   267.8899939,   871,   48.1,   42.02,   173.1,   84.04,   0.934,   0.642,   1.38,   1.146,   46.55,   0.1513666667,   0.9394777778,   0.6950555556,   61.60444444,   51.14444444,   246.4833272,   0.02508,   6.42952,   0.194536,   0.659559,   42.08,   405.955,   1.85675,   0.07775263158,    -999999,   -999999,   -999999,   -999999,   -999999,   -999999,   -999999,   -999999,   -999999,   -999999,   -999999,   -999999,   -999999,   -999999,   -999999,   -999999,   -999999,   -999999,   -999999,   -999999,   -999999,   -999999,   -999999,   -999999,   -999999,   -999999,   -999999,   -999999,   -999999,   -999999,   -999999,   -999999,   -999999,   -999999,   -999999,   -999999,   -999999,   -999999,   -999999,   -999999,   -999999,   -999999,   -999999,   -999999,   -999999,   -999999,   -999999,   -999999,   -999999,   -999999,   -999999,     -999999  
64822,   37,          500337.00,         5.0000000,  11.90140048,   32.46534806,   268.4189239,   6.228892877,   456.6,   254.3499939,   318.2051403,   267,   48.10846448,   13.1391047,   252.1846272,   6.39936,   180.2,   167.398776,   121.819392,   0.522,   -5,   90.06,   88.7,   1.34,   -0.6,   0.18,   318.18,   244.9899939,   268.3299939,   871,   48.1,   42.16,   173.16,   83.98,   0.886,   0.614,   1.404,   1.172,   43.608,   0.1394,   0.86518,   0.6422,   55.906,   46.502,   245.6299939,   0.025,   6.404,    -999999,   -999999,  39.32,   406.0071429,   1.8581,   0.0777,    -999999,   -999999,   -999999,   -999999,   -999999,   -999999,   -999999,   -999999,   -999999,   -999999,   -999999,   -999999,   -999999,   -999999,   -999999,   -999999,   -999999,   -999999,   -999999,   -999999,   -999999,   -999999,   -999999,   -999999,   -999999,   -999999,   -999999,   -999999,   -999999,   -999999,   -999999,   -999999,   -999999,   -999999,   -999999,   -999999,   -999999,   -999999,   -999999,   -999999,   -999999,   -999999,   -999999,   -999999,   -999999,   -999999,   -999999,   -999999,   -999999,   -999999,   -999999,     -999999  
64827,   37,          500338.00,         5.0000000,  11.90343177,   32.46552352,   268.4285599,   6.205423277,   458,   254.5099939,   318.1269213,   267,   48.10779027,   12.69834366,   252.3168399,   6.37376,   181.4,   168.633432,   122.95116,   0.53,   -4.4,   90.06,   88.78,   1.3,   -0.52,   0.18,   318.14,   244.6699939,   268.7699939,   871.2,   48.1,   42.16,   173.2,   83.94,   0.862,   0.594,   1.428,   1.194,   41.654,   0.12162,   0.75476,   0.56247,   47.611,   39.711,   244.1909939,   0.0268,   6.3762,    -999999,   -999999,  40.14,   406.06,   1.86065,   0.08170526316,    -999999,   -999999,   -999999,   -999999,   -999999,   -999999,   -999999,   -999999,   -999999,   -999999,   -999999,   -999999,   -999999,   -999999,   -999999,   -999999,   -999999,   -999999,   -999999,   -999999,   -999999,   -999999,   -999999,   -999999,   -999999,   -999999,   -999999,   -999999,   -999999,   -999999,   -999999,   -999999,   -999999,   -999999,   -999999,   -999999,   -999999,   -999999,   -999999,   -999999,   -999999,   -999999,   -999999,   -999999,   -999999,   -999999,   -999999,   -999999,   -999999,   -999999,   -999999,     -999999  
64832,   37,          500339.00,         5.0000000,  11.90546621,   32.46569824,   268.4382431,   6.182075596,   459.4,   254.7699939,   318.1743318,   267,   48.10713173,   12.21571884,   253.1783735,   6.34948,   182,   170.073864,   123.98004,   0.53,   -4,   89.96,   88.8,   1.16,   -0.52,   -0.08,   318.14,   244.0299939,   269.1899939,   871.6,   48.1,   41.92,   173.2,   84.16,   0.806,   0.56,   1.462,   1.222,   38.45,   0.1022714286,   0.6348857143,   0.4743428571,   39.32,   32.87285714,   242.3885653,   0.02708,   6.35212,    -999999,   -999999,  41.02,   406.16,   1.8624,   0.0833,    -999999,   -999999,   -999999,   -999999,   -999999,   -999999,   -999999,   -999999,   -999999,   -999999,   -999999,   -999999,   -999999,   -999999,   -999999,   -999999,   -999999,   -999999,   -999999,   -999999,   -999999,   -999999,   -999999,   -999999,   -999999,   -999999,   -999999,   -999999,   -999999,   -999999,   -999999,   -999999,   -999999,   -999999,   -999999,   -999999,   -999999,   -999999,   -999999,   -999999,   -999999,   -999999,   -999999,   -999999,   -999999,   -999999,   -999999,   -999999,   -999999,   -999999,   -999999,     -999999  
