inputs/ACTAMERICA_Merge/C130/ACTAMERICA-mrg05-c130_merge_20171030_R0.ict
145, 1001
Shook, Michael
NASA Atmospheric Composition Branch, NASA Langley Research Center (SSAI)
Merged data file for ACT-AMERICA Fall 2017, Flight 16 (20171030), on the c130 platform. Data is merged to 05 seconds.
NASA ACT-AMERICA Fall 2017
1, 1
2017, 10, 30, 2018, 07, 05
05
UTC,s
106
1, 1, 1, 1, 1, 1, 1, 1, 1, 1, 1, 1, 1, 1, 1, 1, 1, 1, 1, 1, 1, 1, 1, 1, 1, 1, 1, 1, 1, 1, 1, 1, 1, 1, 1, 1, 1, 1, 1, 1, 1, 1, 1, 1, 1, 1, 1, 1, 1, 1, 1, 1, 1, 1, 1, 1, 1, 1, 1, 1, 1, 1, 1, 1, 1, 1, 1, 1, 1, 1, 1, 1, 1, 1, 1, 1, 1, 1, 1, 1, 1, 1, 1, 1, 1, 1, 1, 1, 1, 1, 1, 1, 1, 1, 1, 1, 1, 1, 1, 1, 1, 1, 1, 1, 1, 1
-999999, -999999, -999999, -999999, -999999, -999999, -999999, -999999, -999999, -999999, -999999, -999999, -999999, -999999, -999999, -999999, -999999, -999999, -999999, -999999, -999999, -999999, -999999, -999999, -999999, -999999, -999999, -999999, -999999, -999999, -999999, -999999, -999999, -999999, -999999, -999999, -999999, -999999, -999999, -999999, -999999, -999999, -999999, -999999, -999999, -999999, -999999, -999999, -999999, -999999, -999999, -999999, -999999, -999999, -999999, -999999, -999999, -999999, -999999, -999999, -999999, -999999, -999999, -999999, -999999, -999999, -999999, -999999, -999999, -999999, -999999, -999999, -999999, -999999, -999999, -999999, -999999, -999999, -999999, -999999, -999999, -999999, -999999, -999999, -999999, -999999, -999999, -999999, -999999, -999999, -999999, -999999, -999999, -999999, -999999, -999999, -999999, -999999, -999999, -999999, -999999, -999999, -999999, -999999, -999999, -999999
JDAY, days
INDEX, none
FLIGHT, none
LOCAL_SUN_TIME, hour
LATITUDE, degs
LONGITUDE, degs
ALTP, km
PRESSURE, hPa
TEMPERATURE, K
THETA, K, calculated from ambient temperature and pressure
O3COLUMN, DU, OMI ozone column data extracted along flight track
SZA, deg
WNS, m s-1
WND, Degs
GPS_ALT, km
GRD_SPD, m s-1
TAS, m/s
IAS, m/s
MachNumber, mach
VerticalSpeed, m s-1
HDG, degs
TRK, degs
DriftAngle, degs
PITCH, degs
ROLL, degs
PotentialTemp_Nav, K
Dewpoint, K
TotalAirTemp, K
CabinPressure, hPa
SolarZenithAngle, degs
AircraftSunElevation, degs
SunAzimuth, degs
AircraftSunAzimuth, degs
H2O_MixingRatio_Nav, g kg-1
H2O_VaporPressure_Nav, hPa
H2O_SatVaporPressureWater_Nav, hPa
H2O_SatVaporPressureIce_Nav, hPa
H2O_RelativeHumidity_Nav, %
ManeuverFlag, none
H2O_VolMixingRatio_PICARRO, %
H2O_MassMixingRatio_PICARRO, g kg-1
H2O_VaporPressure_PICARRO, hPa
RHi_PICARRO, %
RHw_PICARRO, %
Dewpoint_PICARRO, K
GPS_ALT, km
GroundElevation-AMSL_GoogleMaps, km
Altitude-AGL_GoogleMaps, km
GroundHeight-AMSL_CPL, km
MLH-AMSL_CPL, km
O3_MixingRatio, ppbv
CO2_DryMoleFrac_PICARRO, ppm
CH4_DryMoleFrac_PICARRO, ppm
CO_DryMoleFrac_PICARRO, ppm
CO2_MoleFraction_PFP, ppm
CH4_MoleFraction_PFP, ppb
CO_MoleFraction_PFP, ppb
N2O_MoleFraction_PFP, ppb
SF6_CCGG_MoleFraction_PFP, ppt
H2_MoleFraction_PFP, ppb
CH4C13_PFP, permil
CO2C14_PFP, permil
F11B_MoleFraction_PFP, ppt
FC12_MoleFraction_PFP, ppt
F13_MoleFraction_PFP, ppt
F113_MoleFraction_PFP, ppt
F115_MoleFraction_PFP, ppt
HF133a_MoleFraction_PFP, ppt
F23_MoleFraction_PFP, ppt
F32_MoleFraction_PFP, ppt
F134A_MoleFraction_PFP, ppt
F152A_MoleFraction_PFP, ppt
F125_MoleFraction_PFP, ppt
F143a_MoleFraction_PFP, ppt
F227e_MoleFraction_PFP, ppt
F365m_MoleFraction_PFP, ppt
H1211_MoleFraction_PFP, ppt
H1301_MoleFraction_PFP, ppt
[...]
[from data line 2085]
67782,   303,          1602086.0,         16.000000,  12.47436851,   37.34980774,   264.6801109,   4.165640691,   602.4,   267.7699939,   309.4937777,   268,   51.5548628,   30.21973466,   264.6551946,   4.1864,   161.98,   160.042284,   129.5565696,   0.49,   -7.44,   176.02,   165.56,   10.42,   -2.1,   -0.28,   309.44,   257.4099939,   280.4699939,   919,   52.4,   39.42,   -166.4,   18.58,   2,   1.818,   4.142,   3.936,   43.896,    -999999,  0.37576,   2.33212,   2.19763,   69.681,   64.593,   259.8449939,   4.1864,   0.2888,   4.1184,   0.4163846,   0.959359,   43.46,   404.2028571,   1.891955556,   0.0802,    -999999,   -999999,   -999999,   -999999,   -999999,   -999999,   -999999,   -999999,   -999999,   -999999,   -999999,   -999999,   -999999,   -999999,   -999999,   -999999,   -999999,   -999999,   -999999,   -999999,   -999999,   -999999,   -999999,   -999999,   -999999,   -999999,   -999999,   -999999,   -999999,   -999999,   -999999,   -999999,   -999999,   -999999,   -999999,   -999999,   -999999,   -999999,   -999999,   -999999,   -999999,   -999999,   -999999,   -999999,   -999999,   -999999,   -999999,   -999999,   -999999,   -999999,   -999999,     -999999  
67787,   303,          1602087.0,         16.000000,  12.47590846,   37.3427353,   264.6823768,   4.136014131,   605,   267.6299939,   308.9515613,   268,   51.55070011,   31.879864,   264.70138,   4.1544,   161.64,   159.630732,   129.5051256,   0.49,   -5.46,   176.6,   165.52,   11.06,   -1.32,   -0.2,   308.94,   256.9699939,   280.3099939,   920.2,   52.4,   38.76,   -166.4,   17.86,   1.924,   1.758,   4.102,   3.892,   42.864,    -999999,  0.37641,   2.33625,   2.2138,   67.485,   62.83,   259.9319939,   4.1544,   0.29022,   4.08178,   0.417757,   0.9953354,   42.6,   404.1957143,   1.89135,   0.082,    -999999,   -999999,   -999999,   -999999,   -999999,   -999999,   -999999,   -999999,   -999999,   -999999,   -999999,   -999999,   -999999,   -999999,   -999999,   -999999,   -999999,   -999999,   -999999,   -999999,   -999999,   -999999,   -999999,   -999999,   -999999,   -999999,   -999999,   -999999,   -999999,   -999999,   -999999,   -999999,   -999999,   -999999,   -999999,   -999999,   -999999,   -999999,   -999999,   -999999,   -999999,   -999999,   -999999,   -999999,   -999999,   -999999,   -999999,   -999999,   -999999,   -999999,   -999999,     -999999  
67792,   303,          1602088.0,         16.000000,  12.47744841,   37.33569718,   264.6846428,   4.113458931,   606.6,   267.6299939,   308.718511,   268,   51.54658143,   31.79994209,   264.5005661,   4.1336,   160.54,   158.7150288,   128.9392416,   0.484,   -3.62,   176.7,   165.6,   11.12,   -0.72,   -0.16,   308.66,   259.9699939,   280.1499939,   921.4,   52.4,   38.2,   -166.4,   17.5,   2.462,   2.254,   4.098,   3.888,   55.046,    -999999,  0.37892,   2.35191,   2.23722,   66.664,   62.223,   260.0609939,   4.1336,   0.28662,   4.04958,   0.4012186,   1.0493,   45.72,   404.23,   1.8915,   0.08285,    -999999,   -999999,   -999999,   -999999,   -999999,   -999999,   -999999,   -999999,   -999999,   -999999,   -999999,   -999999,   -999999,   -999999,   -999999,   -999999,   -999999,   -999999,   -999999,   -999999,   -999999,   -999999,   -999999,   -999999,   -999999,   -999999,   -999999,   -999999,   -999999,   -999999,   -999999,   -999999,   -999999,   -999999,   -999999,   -999999,   -999999,   -999999,   -999999,   -999999,   -999999,   -999999,   -999999,   -999999,   -999999,   -999999,   -999999,   -999999,   -999999,   -999999,   -999999,     -999999  
67797,   303,          1602089.0,         16.000000,  12.47898607,   37.3287964,   264.6868744,   4.096390131,   608.2,   267.6099939,   308.4631967,   268,   51.54260428,   31.59985608,   264.0812654,   4.1196,   159.12,   157.572972,   128.1161376,   0.48,   -2.7,   176.74,   165.6,   11.14,   -0.48,   -0.14,   308.46,   263.4099939,   279.9899939,   922.4,   52.4,   37.94,   -166.34,   17.42,   3.228,   2.962,   4.096,   3.888,   72.294,    -999999,  0.3640777778,   2.259933333,   2.160877778,   62.24777778,   58.32111111,   259.6244383,   4.1196,   0.28468,   4.01472,   0.3903462,   1.073284,   44.58,   404.18125,   1.8902,   0.07365,    -999999,   -999999,   -999999,   -999999,   -999999,   -999999,   -999999,   -999999,   -999999,   -999999,   -999999,   -999999,   -999999,   -999999,   -999999,   -999999,   -999999,   -999999,   -999999,   -999999,   -999999,   -999999,   -999999,   -999999,   -999999,   -999999,   -999999,   -999999,   -999999,   -999999,   -999999,   -999999,   -999999,   -999999,   -999999,   -999999,   -999999,   -999999,   -999999,   -999999,   -999999,   -999999,   -999999,   -999999,   -999999,   -999999,   -999999,   -999999,   -999999,   -999999,   -999999,     -999999  
67802,   303,          1602090.0,         16.000000,  12.48052373,   37.3217583,   264.689106,   4.08047957,   609.6,   267.4699939,   308.0993604,   268,   51.53850154,   31.27997375,   263.5806906,   4.105,   157.82,   156.492648,   127.3959216,   0.48,   -2.82,   176.68,   165.54,   11.1,   -0.56,   -0.46,   308.1,   263.5099939,   279.6699939,   923.2,   52.4,   37.94,   -166.3,   17.84,   3.244,   2.984,   4.048,   3.836,   73.65,    -999999,  0.3494777778,   2.169155556,   2.084788889,   58.06777778,   54.61333333,   259.1844383,   4.105,   0.2827,   3.9797,   0.3905084,   1.127248,   43.26,   404.1085714,   1.88342,   0.07536315789,    -999999,   -999999,   -999999,   -999999,   -999999,   -999999,   -999999,   -999999,   -999999,   -999999,   -999999,   -999999,   -999999,   -999999,   -999999,   -999999,   -999999,   -999999,   -999999,   -999999,   -999999,   -999999,   -999999,   -999999,   -999999,   -999999,   -999999,   -999999,   -999999,   -999999,   -999999,   -999999,   -999999,   -999999,   -999999,   -999999,   -999999,   -999999,   -999999,   -999999,   -999999,   -999999,   -999999,   -999999,   -999999,   -999999,   -999999,   -999999,   -999999,   -999999,   -999999,     -999999  
67807,   303,          1602091.0,         16.000000,  12.4820591,   37.31496048,   264.6913032,   4.06810469,   610.4,   266.7699939,   307.1779052,   268,   51.53464194,   30.29969583,   263.1434328,   4.0898,   156.6,   155.5049232,   126.8300376,   0.474,   -3.02,   176.44,   165.56,   10.84,   -0.6,   -0.14,   307.16,   262.0299939,   278.8299939,   924.8,   52.4,   38.06,   -166.3,   17.82,   2.876,   2.652,   3.838,   3.612,   69.102,    -999999,  0.3206777778,   1.990466667,   1.9232,   52.15888889,   49.20111111,   258.2133272,   4.0898,   0.28152,   3.94288,   0.3893504,   1.211192,   44.04,   404.085,   1.880609091,   0.0746,    -999999,   -999999,   -999999,   -999999,   -999999,   -999999,   -999999,   -999999,   -999999,   -999999,   -999999,   -999999,   -999999,   -999999,   -999999,   -999999,   -999999,   -999999,   -999999,   -999999,   -999999,   -999999,   -999999,   -999999,   -999999,   -999999,   -999999,   -999999,   -999999,   -999999,   -999999,   -999999,   -999999,   -999999,   -999999,   -999999,   -999999,   -999999,   -999999,   -999999,   -999999,   -999999,   -999999,   -999999,   -999999,   -999999,   -999999,   -999999,   -999999,   -999999,   -999999,     -999999  
67812,   303,          1602092.0,         16.000000,  12.48359219,   37.308197,   264.6934662,   4.05262085,   611.4,   266.5899939,   306.8271057,   268,   51.53082199,   29.53975615,   262.3607314,   4.0748,   155.46,   154.743552,   126.3670416,   0.47,   -3.1,   176.2,   165.58,   10.62,   -0.52,   -0.38,   306.76,   263.4899939,   278.4699939,   925.8,   52.4,   37.94,   -166.28,   18.24,   3.232,   2.984,   3.784,   3.554,   78.864,    -999999,  0.3410666667,   2.1168,   2.054966667,   55.37,   52.27666667,   258.9699939,   4.0748,   0.27716,   3.90924,   0.3890336,   1.283144,   45.64,   404.12,   1.885081818,   0.07975263158,    -999999,   -999999,   -999999,   -999999,   -999999,   -999999,   -999999,   -999999,   -999999,   -999999,   -999999,   -999999,   -999999,   -999999,   -999999,   -999999,   -999999,   -999999,   -999999,   -999999,   -999999,   -999999,   -999999,   -999999,   -999999,   -999999,   -999999,   -999999,   -999999,   -999999,   -999999,   -999999,   -999999,   -999999,   -999999,   -999999,   -999999,   -999999,   -999999,   -999999,   -999999,   -999999,   -999999,   -999999,   -999999,   -999999,   -999999,   -999999,   -999999,   -999999,   -999999,     -999999  
67817,   303,          1602093.0,         16.000000,  12.48512985,   37.30143354,   264.6956978,   4.03579589,   612.8,   266.4699939,   306.4886416,   268,   51.52702063,   29.43991722,   261.8604619,   4.0592,   154.42,   153.8792928,   125.8217352,   0.47,   -3.18,   176.14,   165.5,   10.64,   -0.48,   -0.3,   306.46,   264.7499939,   278.2899939,   927.2,   52.4,   37.88,   -166.2,   18.34,   3.554,   3.288,   3.75,   3.52,   87.594,    -999999,  0.3835888889,   2.380933333,   2.319866667,   61.69111111,   58.32777778,   260.5022161,   4.0592,   0.27494,   3.87946,   0.3962956,   1.31912,   47.24,   404.4514286,   1.90046,   0.08603684211,    -999999,   -999999,   -999999,   -999999,   -999999,   -999999,   -999999,   -999999,   -999999,   -999999,   -999999,   -999999,   -999999,   -999999,   -999999,   -999999,   -999999,   -999999,   -999999,   -999999,   -999999,   -999999,   -999999,   -999999,   -999999,   -999999,   -999999,   -999999,   -999999,   -999999,   -999999,   -999999,   -999999,   -999999,   -999999,   -999999,   -999999,   -999999,   -999999,   -999999,   -999999,   -999999,   -999999,   -999999,   -999999,   -999999,   -999999,   -999999,   -999999,   -999999,   -999999,     -999999  
67822,   303,          1602094.0,         16.000000,  12.48666294,   37.29470446,   264.6978607,   4.02183605,   614,   266.6699939,   306.5472865,   268,   51.52325465,   29.39997505,   261.5200682,   4.044,   153.34,   152.9738784,   125.1220968,   0.47,   -3.1,   176.22,   165.5,   10.72,   -0.48,   0.3,   306.5,   265.2099939,   278.3299939,   928.8,   52.4,   38.08,   -166.2,   17.82,   3.668,   3.398,   3.804,   3.576,   89.352,    -999999,  0.4011111111,   2.489466667,   2.437777778,   63.68111111,   60.33,   261.1255495,   4.044,   0.27228,   3.86132,   0.3866762,   1.283144,   45.12,   404.5857143,   1.90405,   0.08661111111,    -999999,   -999999,   -999999,   -999999,   -999999,   -999999,   -999999,   -999999,   -999999,   -999999,   -999999,   -999999,   -999999,   -999999,   -999999,   -999999,   -999999,   -999999,   -999999,   -999999,   -999999,   -999999,   -999999,   -999999,   -999999,   -999999,   -999999,   -999999,   -999999,   -999999,   -999999,   -999999,   -999999,   -999999,   -999999,   -999999,   -999999,   -999999,   -999999,   -999999,   -999999,   -999999,   -999999,   -999999,   -999999,   -999999,   -999999,   -999999,   -999999,   -999999,   -999999,     -999999  
67827,   303,          1602095.0,         16.000000,  12.48819373,   37.28804398,   264.6999893,   4.002999409,   615.6,   266.8099939,   306.4802494,   268,   51.51956207,   29.3799641,   261.5003404,   4.0286,   152.28,   152.01702,   124.4224584,   0.462,   -2.9,   176.38,   165.6,   10.78,   -0.34,   0.14,   306.44,   265.3899939,   278.3499939,   929.8,   52.4,   37.94,   -166.2,   17.74,   3.72,   3.454,   3.846,   3.62,   89.758,    -999999,  0.4022222222,   2.496333333,   2.451566667,   65.35444444,   61.77111111,   261.1944383,   4.0286,   0.27956,   3.84004,   0.3979002,   1.25916,   48.68,   404.635,   1.903177778,   0.091125,    -999999,   -999999,   -999999,   -999999,   -999999,   -999999,   -999999,   -999999,   -999999,   -999999,   -999999,   -999999,   -999999,   -999999,   -999999,   -999999,   -999999,   -999999,   -999999,   -999999,   -999999,   -999999,   -999999,   -999999,   -999999,   -999999,   -999999,   -999999,   -999999,   -999999,   -999999,   -999999,   -999999,   -999999,   -999999,   -999999,   -999999,   -999999,   -999999,   -999999,   -999999,   -999999,   -999999,   -999999,   -999999,   -999999,   -999999,   -999999,   -999999,   -999999,   -999999,     -999999  
67832,   303,          1602096.0,         16.000000,  12.48972682,   37.28141784,   264.7021523,   3.989527249,   616.6,   266.9499939,   306.4988943,   268,   51.51591768,   29.41993552,   261.6403809,   4.016,   151.1,   150.8132304,   123.4861776,   0.46,   -2.14,   176.52,   165.6,   10.86,   -0.02,   -0.06,   306.46,   265.5499939,   278.3099939,   931.4,   52.4,   37.54,   -166.14,   17.7,   3.756,   3.496,   3.888,   3.666,   89.818,    -999999,  0.4198,   2.605722222,   2.563266667,   68.33222222,   64.58444444,   261.751105,   4.016,   0.27678,   3.82822,   0.401547,   1.205196,   46.56,   404.775,   1.90855,   0.09374210526,    -999999,   -999999,   -999999,   -999999,   -999999,   -999999,   -999999,   -999999,   -999999,   -999999,   -999999,   -999999,   -999999,   -999999,   -999999,   -999999,   -999999,   -999999,   -999999,   -999999,   -999999,   -999999,   -999999,   -999999,   -999999,   -999999,   -999999,   -999999,   -999999,   -999999,   -999999,   -999999,   -999999,   -999999,   -999999,   -999999,   -999999,   -999999,   -999999,   -999999,   -999999,   -999999,   -999999,   -999999,   -999999,   -999999,   -999999,   -999999,   -999999,   -999999,   -999999,     -999999  
67837,   303,          1602097.0,         16.000000,  12.49125303,   37.2748947,   264.7042122,   3.976177009,   617.6,   267.0499939,   306.4717816,   268,   51.5123719,   29.23991813,   261.8396031,   4.0038,   149.98,   149.5888632,   122.5704744,   0.46,   -2.66,   176.54,   165.6,   10.9,   -0.24,   -0.06,   306.44,   265.5899939,   278.2499939,   932.4,   52.4,   37.78,   -166.1,   17.8,   3.764,   3.51,   3.924,   3.702,   89.384,    -999999,  0.44697,   2.77435,   2.73414,   72.884,   68.89,   262.5589939,   4.0038,   0.27772,   3.81208,   0.398259,   1.097268,   45.3,   405.0171429,   1.915866667,   0.09486,    -999999,   -999999,   -999999,   -999999,   -999999,   -999999,   -999999,   -999999,   -999999,   -999999,   -999999,   -999999,   -999999,   -999999,   -999999,   -999999,   -999999,   -999999,   -999999,   -999999,   -999999,   -999999,   -999999,   -999999,   -999999,   -999999,   -999999,   -999999,   -999999,   -999999,   -999999,   -999999,   -999999,   -999999,   -999999,   -999999,   -999999,   -999999,   -999999,   -999999,   -999999,   -999999,   -999999,   -999999,   -999999,   -999999,   -999999,   -999999,   -999999,   -999999,   -999999,     -999999  
