inputs/ACTAMERICA_Merge/C130/ACTAMERICA-mrg05-c130_merge_20170206_R0.ict
143, 1001
Shook, Michael
NASA Atmospheric Composition Branch, NASA Langley Research Center (SSAI)
Merged data file for ACT-AMERICA 2017, Flight 05 (20170206), on the c130 platform. Data is merged to 05 seconds.
NASA ACT-AMERICA 2017
1, 1
2017, 02, 06, 2018, 02, 23
05
UTC,s
104
1, 1, 1, 1, 1, 1, 1, 1, 1, 1, 1, 1, 1, 1, 1, 1, 1, 1, 1, 1, 1, 1, 1, 1, 1, 1, 1, 1, 1, 1, 1, 1, 1, 1, 1, 1, 1, 1, 1, 1, 1, 1, 1, 1, 1, 1, 1, 1, 1, 1, 1, 1, 1, 1, 1, 1, 1, 1, 1, 1, 1, 1, 1, 1, 1, 1, 1, 1, 1, 1, 1, 1, 1, 1, 1, 1, 1, 1, 1, 1, 1, 1, 1, 1, 1, 1, 1, 1, 1, 1, 1, 1, 1, 1, 1, 1, 1, 1, 1, 1, 1, 1, 1, 1
-999999, -999999, -999999, -999999, -999999, -999999, -999999, -999999, -999999, -999999, -999999, -999999, -999999, -999999, -999999, -999999, -999999, -999999, -999999, -999999, -999999, -999999, -999999, -999999, -999999, -999999, -999999, -999999, -999999, -999999, -999999, -999999, -999999, -999999, -999999, -999999, -999999, -999999, -999999, -999999, -999999, -999999, -999999, -999999, -999999, -999999, -999999, -999999, -999999, -999999, -999999, -999999, -999999, -999999, -999999, -999999, -999999, -999999, -999999, -999999, -999999, -999999, -999999, -999999, -999999, -999999, -999999, -999999, -999999, -999999, -999999, -999999, -999999, -999999, -999999, -999999, -999999, -999999, -999999, -999999, -999999, -999999, -999999, -999999, -999999, -999999, -999999, -999999, -999999, -999999, -999999, -999999, -999999, -999999, -999999, -999999, -999999, -999999, -999999, -999999, -999999, -999999, -999999, -999999
JDAY, days
INDEX, none
FLIGHT, none
LOCAL_SUN_TIME, hour
LATITUDE, degs
LONGITUDE, degs
ALTP, km
PRESSURE, hPa
TEMPERATURE, K
THETA, K
O3COLUMN, DU
SZA, deg
WNS, m s-1
WND, Degs
GPS_ALT, km
GRD_SPD, m s-1
TAS, m/s
IAS, m/s
MachNumber, mach
VerticalSpeed, m s-1
HDG, degs
TRK, degs
DriftAngle, degs
PITCH, degs
ROLL, degs
PotentialTemp, K
Dewpoint, K
TotalAirTemp, K
CabinPressure, hPa
SolarZenithAngle, degs
AircraftSunElevation, degs
SunAzimuth, degs
AircraftSunAzimuth, degs
H2O_MixingRatio, g kg-1
H2O_VaporPressure, hPa
H2O_SatVaporPressureWater, hPa
H2O_SatVaporPressureIce, hPa
H2O_RelativeHumidity, %
H2O_VolMixingRatio_PICARRO, %
H2O_MassMixingRatio_PICARRO, g kg-1
H2O_VaporPressure_PICARRO, hPa
RHi_PICARRO, %
RHw_PICARRO, %
Dewpoint_PICARRO, K
Ground_Elevation, km
Altitude_AGL, km
GroundHeight_CPL, km
MLH_CPL, km
O3_MixingRatio, ppbv
CO2_MixingRatio_PICARRO, ppmv
CH4_MixingRatio_PICARRO, ppmv
CO_MixingRatio_PICARRO, ppmv
CO2_MoleFraction_PFP, ppm
CH4_MoleFraction_PFP, ppb
CO_MoleFraction_PFP, ppb
N2O_MoleFraction_PFP, ppb
SF6_CCGG_MoleFraction_PFP, ppt
H2_MoleFraction_PFP, ppb
CH4C13_PFP, per mil
CO2C14_PFP, per mil
F11B_MoleFraction_PFP, ppt
FC12_MoleFraction_PFP, ppt
F13_MoleFraction_PFP, ppt
F113_MoleFraction_PFP, ppt
F115_MoleFraction_PFP, ppt
HF133a_MoleFraction_PFP, ppt
F23_MoleFraction_PFP, ppt
F32_MoleFraction_PFP, ppt
F134A_MoleFraction_PFP, ppt
F152A_MoleFraction_PFP, ppt
F125_MoleFraction_PFP, ppt
F143a_MoleFraction_PFP, ppt
F227e_MoleFraction_PFP, ppt
F365m_MoleFraction_PFP, ppt
H1211_MoleFraction_PFP, ppt
H1301_MoleFraction_PFP, ppt
H2402_MoleFraction_PFP, ppt
MCFA_MoleFraction_PFP, ppt
CF4_MoleFraction_PFP, ppt
C2F6_MoleFraction_PFP, ppt
SO2F2_MoleFraction_PFP, ppt
MEBR_MoleFraction_PFP, ppt
CH3I_MoleFraction_PFP, ppt
DIBR_MoleFraction_PFP, ppt
[...]
[from data line 163]
63957,   37,          500164.00,         5.0000000,  11.5714109,   32.433107,   267.0732468,   4.977323102,   541.2,   265.0099939,   315.8244472,   262.5559998,   48.44791985,   11.95983469,   239.5765897,   5.14642,   125,   113.1768,   86.94036001,   0.35,   6,   91.38,   88.04,   3.34,   7.72,   -0.24,   315.84,   234.4099939,   271.4699939,   974.6,   48.8,   38.72,   166.84,   69.68,   0.268,   0.22,   3.358,   3.108,   6.53,   0.03682727273,   0.2283636364,   0.1983454545,   6.666363636,   6.137272727,   233.590903,   0.0681,   5.1053,   0.196844,   0.8754158,   51.04,   406.1471429,   1.86015,   0.08123684211,    -999999,   -999999,   -999999,   -999999,   -999999,   -999999,   -999999,   -999999,   -999999,   -999999,   -999999,   -999999,   -999999,   -999999,   -999999,   -999999,   -999999,   -999999,   -999999,   -999999,   -999999,   -999999,   -999999,   -999999,   -999999,   -999999,   -999999,   -999999,   -999999,   -999999,   -999999,   -999999,   -999999,   -999999,   -999999,   -999999,   -999999,   -999999,   -999999,   -999999,   -999999,   -999999,   -999999,   -999999,   -999999,   -999999,   -999999,   -999999,   -999999,   -999999,   -999999,     -999999  
63962,   37,          500165.00,         5.0000000,  11.5732427,   32.43330764,   267.0798904,   5.006157182,   539,   264.8299939,   315.977456,   262.5559998,   48.44478375,   11.25974835,   239.3195387,   5.17822,   124.4,   113.279688,   86.94036001,   0.35,   6,   91.14,   88,   3.16,   7.94,   -0.48,   315.98,   234.8699939,   271.2699939,   972.8,   48.8,   38.48,   166.9,   69.9,   0.282,   0.23,   3.312,   3.056,   6.938,   0.04056666667,   0.2517777778,   0.2179555556,   7.464444444,   6.863333333,   234.5177717,   0.06744,   5.13836,   0.1995596,   1.01932,   46.92,   406.0557143,   1.856455556,   0.07721,    -999999,   -999999,   -999999,   -999999,   -999999,   -999999,   -999999,   -999999,   -999999,   -999999,   -999999,   -999999,   -999999,   -999999,   -999999,   -999999,   -999999,   -999999,   -999999,   -999999,   -999999,   -999999,   -999999,   -999999,   -999999,   -999999,   -999999,   -999999,   -999999,   -999999,   -999999,   -999999,   -999999,   -999999,   -999999,   -999999,   -999999,   -999999,   -999999,   -999999,   -999999,   -999999,   -999999,   -999999,   -999999,   -999999,   -999999,   -999999,   -999999,   -999999,   -999999,     -999999  
63967,   37,          500166.00,         5.0000000,  11.57507216,   32.43350526,   267.086499,   5.038405022,   536.8,   264.7299939,   316.2274599,   262.5559998,   48.44166299,   10.97907903,   241.6947414,   5.21072,   123.6,   112.868136,   86.22014401,   0.35,   6,   90.7,   87.92,   2.8,   7.94,   -0.4,   316.2,   235.7499939,   271.1499939,   970.6,   48.8,   38.64,   166.9,   70.32,   0.31,   0.252,   3.278,   3.024,   7.666,   0.0498,   0.308975,   0.26645,   9.2225,   8.4625,   236.4824939,   0.0756,   5.162,   0.229708,   1.01932,   42.8,   406.0157143,   1.855455556,   0.078275,    -999999,   -999999,   -999999,   -999999,   -999999,   -999999,   -999999,   -999999,   -999999,   -999999,   -999999,   -999999,   -999999,   -999999,   -999999,   -999999,   -999999,   -999999,   -999999,   -999999,   -999999,   -999999,   -999999,   -999999,   -999999,   -999999,   -999999,   -999999,   -999999,   -999999,   -999999,   -999999,   -999999,   -999999,   -999999,   -999999,   -999999,   -999999,   -999999,   -999999,   -999999,   -999999,   -999999,   -999999,   -999999,   -999999,   -999999,   -999999,   -999999,   -999999,   -999999,     -999999  
63972,   37,          500167.00,         5.0000000,  11.57689918,   32.43370742,   267.093071,   5.067909663,   534.8,   264.5699939,   316.3735671,   262.5559998,   48.43856517,   10.4796208,   241.5572444,   5.24242,   123,   112.66236,   85.91148001,   0.35,   6,   90.62,   87.9,   2.7,   7.78,   -0.12,   316.36,   236.9299939,   270.9499939,   968.2,   48.8,   38.92,   166.96,   70.48,   0.35,   0.282,   3.236,   2.98,   8.738,   0.05498,   0.3414,   0.29326,   10.232,   9.382,   237.4559939,   0.0763,   5.1933,   0.2406856,   0.92938,   44.8,   406.0371429,   1.8575,   0.08162631579,    -999999,   -999999,   -999999,   -999999,   -999999,   -999999,   -999999,   -999999,   -999999,   -999999,   -999999,   -999999,   -999999,   -999999,   -999999,   -999999,   -999999,   -999999,   -999999,   -999999,   -999999,   -999999,   -999999,   -999999,   -999999,   -999999,   -999999,   -999999,   -999999,   -999999,   -999999,   -999999,   -999999,   -999999,   -999999,   -999999,   -999999,   -999999,   -999999,   -999999,   -999999,   -999999,   -999999,   -999999,   -999999,   -999999,   -999999,   -999999,   -999999,   -999999,   -999999,     -999999  
63977,   37,          500168.00,         5.0000000,  11.57872416,   32.4339081,   267.0996124,   5.097048543,   532.6,   264.4499939,   316.6027344,   262.5559998,   48.43548356,   10.1348768,   240.0909185,   5.2729,   122.6,   112.66236,   85.91148001,   0.35,   5.2,   90.78,   87.98,   2.78,   7.66,   0.04,   316.6,   238.0699939,   270.7499939,   966,   48.8,   39.12,   167,   70.32,   0.394,   0.316,   3.21,   2.956,   9.86,   0.05378888889,   0.3340222222,   0.2857888889,   10.06444444,   9.222222222,   237.1988828,   0.08168,   5.21852,   0.238714,   0.86942,   42.36,   406.2342857,   1.86185,   0.0823,    -999999,   -999999,   -999999,   -999999,   -999999,   -999999,   -999999,   -999999,   -999999,   -999999,   -999999,   -999999,   -999999,   -999999,   -999999,   -999999,   -999999,   -999999,   -999999,   -999999,   -999999,   -999999,   -999999,   -999999,   -999999,   -999999,   -999999,   -999999,   -999999,   -999999,   -999999,   -999999,   -999999,   -999999,   -999999,   -999999,   -999999,   -999999,   -999999,   -999999,   -999999,   -999999,   -999999,   -999999,   -999999,   -999999,   -999999,   -999999,   -999999,   -999999,   -999999,     -999999  
63982,   37,          500169.00,         5.0000000,  11.58054742,   32.434095,   267.1061279,   5.119298943,   531,   264.4299939,   316.851043,   262.5559998,   48.43240538,   9.719801043,   235.7407413,   5.3016,   122,   112.66236,   85.70570401,   0.35,   5,   91.3,   88.1,   3.24,   7.54,   -0.14,   316.84,   238.9899939,   270.7499939,   964.4,   48.8,   38.96,   167,   70.04,   0.432,   0.348,   3.206,   2.946,   10.808,   0.05252,   0.32582,   0.27776,   9.86,   9.024,   236.9119939,   0.0875,   5.2419,   0.256557,   0.839439,   41,   406.305,   1.8636,   0.08491,    -999999,   -999999,   -999999,   -999999,   -999999,   -999999,   -999999,   -999999,   -999999,   -999999,   -999999,   -999999,   -999999,   -999999,   -999999,   -999999,   -999999,   -999999,   -999999,   -999999,   -999999,   -999999,   -999999,   -999999,   -999999,   -999999,   -999999,   -999999,   -999999,   -999999,   -999999,   -999999,   -999999,   -999999,   -999999,   -999999,   -999999,   -999999,   -999999,   -999999,   -999999,   -999999,   -999999,   -999999,   -999999,   -999999,   -999999,   -999999,   -999999,   -999999,   -999999,     -999999  
63987,   37,          500170.00,         5.0000000,  11.58237006,   32.43427504,   267.1126343,   5.147157664,   529,   264.2499939,   316.9769298,   262.5559998,   48.42933547,   9.479714458,   235.1428282,   5.32822,   122,   112.66236,   85.39704001,   0.35,   4.6,   91.3,   88.1,   3.2,   7.42,   -0.42,   316.96,   239.5699939,   270.5899939,   962.4,   48.8,   38.72,   167.06,   70.28,   0.458,   0.368,   3.158,   2.9,   11.606,   0.056175,   0.348675,   0.296275,   10.6175,   9.71,   237.5574939,   0.09562,   5.26038,   0.272189,   0.839439,   44.46,   406.36,   1.86445,   0.08307,    -999999,   -999999,   -999999,   -999999,   -999999,   -999999,   -999999,   -999999,   -999999,   -999999,   -999999,   -999999,   -999999,   -999999,   -999999,   -999999,   -999999,   -999999,   -999999,   -999999,   -999999,   -999999,   -999999,   -999999,   -999999,   -999999,   -999999,   -999999,   -999999,   -999999,   -999999,   -999999,   -999999,   -999999,   -999999,   -999999,   -999999,   -999999,   -999999,   -999999,   -999999,   -999999,   -999999,   -999999,   -999999,   -999999,   -999999,   -999999,   -999999,   -999999,   -999999,     -999999  
63992,   37,          500171.00,         5.0000000,  11.584192,   32.43445892,   267.11913,   5.169469024,   527.4,   264.1099939,   317.0833036,   262.5559998,   48.42628457,   9.279722181,   233.621771,   5.35294,   122,   112.66236,   85.39704001,   0.35,   4,   91.32,   88.04,   3.32,   7.34,   -0.46,   317.08,   239.7899939,   270.5099939,   960.4,   48.8,   38.66,   167.1,   70.36,   0.47,   0.374,   3.122,   2.864,   11.986,   0.05801,   0.3602,   0.30537,   10.985,   10.042,   237.8639939,   0.10848,   5.27252,    -999999,   -999999,  43.46,   406.385,   1.86535,   0.08463,    -999999,   -999999,   -999999,   -999999,   -999999,   -999999,   -999999,   -999999,   -999999,   -999999,   -999999,   -999999,   -999999,   -999999,   -999999,   -999999,   -999999,   -999999,   -999999,   -999999,   -999999,   -999999,   -999999,   -999999,   -999999,   -999999,   -999999,   -999999,   -999999,   -999999,   -999999,   -999999,   -999999,   -999999,   -999999,   -999999,   -999999,   -999999,   -999999,   -999999,   -999999,   -999999,   -999999,   -999999,   -999999,   -999999,   -999999,   -999999,   -999999,   -999999,   -999999,     -999999  
63997,   37,          500172.00,         5.0000000,  11.58601301,   32.43464662,   267.1256119,   5.195133184,   525.6,   263.9099939,   317.1528333,   262.5559998,   48.42325302,   9.159953194,   232.5207419,   5.37644,   122,   112.66236,   85.39704001,   0.35,   4,   91.36,   88,   3.4,   7.18,   -0.38,   317.12,   239.8099939,   270.2499939,   958,   48.8,   38.86,   167.1,   70.44,   0.47,   0.376,   3.072,   2.812,   12.208,   0.06088181818,   0.3779818182,   0.3192454545,   11.86636364,   10.80818182,   238.3090848,   0.10308,   5.30152,   0.208282,   0.7495,   43.28,   406.41,   1.8658,   0.087615,    -999999,   -999999,   -999999,   -999999,   -999999,   -999999,   -999999,   -999999,   -999999,   -999999,   -999999,   -999999,   -999999,   -999999,   -999999,   -999999,   -999999,   -999999,   -999999,   -999999,   -999999,   -999999,   -999999,   -999999,   -999999,   -999999,   -999999,   -999999,   -999999,   -999999,   -999999,   -999999,   -999999,   -999999,   -999999,   -999999,   -999999,   -999999,   -999999,   -999999,   -999999,   -999999,   -999999,   -999999,   -999999,   -999999,   -999999,   -999999,   -999999,   -999999,   -999999,     -999999  
64002,   37,          500173.00,         5.0000000,  11.58783464,   32.43484268,   267.132103,   5.216103424,   524.4,   263.7899939,   317.2157175,   262.5559998,   48.42024261,   9.079975622,   231.620044,   5.39852,   122,   112.66236,   85.39704001,   0.35,   4,   91.42,   87.92,   3.46,   7.1,   -0.26,   317.22,   239.6299939,   270.1299939,   956.6,   48.8,   38.98,   167.16,   70.42,   0.466,   0.37,   3.04,   2.78,   12.116,   0.06085833333,   0.3776583333,   0.31795,   12.12666667,   11.00916667,   238.2699939,   0.09866,   5.32774,   0.227491,   0.743504,   42.2,   406.4,   1.86555,   0.08393,    -999999,   -999999,   -999999,   -999999,   -999999,   -999999,   -999999,   -999999,   -999999,   -999999,   -999999,   -999999,   -999999,   -999999,   -999999,   -999999,   -999999,   -999999,   -999999,   -999999,   -999999,   -999999,   -999999,   -999999,   -999999,   -999999,   -999999,   -999999,   -999999,   -999999,   -999999,   -999999,   -999999,   -999999,   -999999,   -999999,   -999999,   -999999,   -999999,   -999999,   -999999,   -999999,   -999999,   -999999,   -999999,   -999999,   -999999,   -999999,   -999999,   -999999,   -999999,     -999999  
64007,   37,          500174.00,         5.0000000,  11.58965627,   32.43503724,   267.1385941,   5.235244865,   522.4,   263.5899939,   317.3214623,   262.5559998,   48.41724468,   8.999926353,   230.782444,   5.41978,   122,   113.073912,   85.39704001,   0.35,   4,   91.54,   88,   3.54,   7.06,   -0.06,   317.2,   239.3499939,   269.9899939,   954.2,   48.8,   39.18,   167.2,   70.28,   0.454,   0.36,   2.99,   2.728,   11.994,   0.05965555556,   0.3703777778,   0.3109666667,   12.05777778,   10.92777778,   238.0433272,   0.08354,   5.36366,   0.2348498,   0.71952,   42.4,   406.43,   1.86575,   0.08139473684,    -999999,   -999999,   -999999,   -999999,   -999999,   -999999,   -999999,   -999999,   -999999,   -999999,   -999999,   -999999,   -999999,   -999999,   -999999,   -999999,   -999999,   -999999,   -999999,   -999999,   -999999,   -999999,   -999999,   -999999,   -999999,   -999999,   -999999,   -999999,   -999999,   -999999,   -999999,   -999999,   -999999,   -999999,   -999999,   -999999,   -999999,   -999999,   -999999,   -999999,   -999999,   -999999,   -999999,   -999999,   -999999,   -999999,   -999999,   -999999,   -999999,   -999999,   -999999,     -999999  
64012,   37,          500175.00,         5.0000000,  11.5914782,   32.4352272,   267.1450897,   5.255300705,   521.2,   263.3499939,   317.2409195,   262.5559998,   48.41425561,   9.159826364,   229.9999984,   5.44052,   122,   113.073912,   85.39704001,   0.35,   3.6,   91.8,   88.1,   3.76,   6.92,   -0.24,   317.14,   238.9499939,   269.7099939,   952.4,   48.8,   39.02,   167.2,   70.22,   0.438,   0.346,   2.938,   2.67,   11.754,   0.05703333333,   0.3540222222,   0.2966777778,   11.62,   10.52222222,   237.5699939,   0.086,   5.382,   0.2175944,   0.71952,   42.64,   406.44,   1.86665,   0.08503,    -999999,   -999999,   -999999,   -999999,   -999999,   -999999,   -999999,   -999999,   -999999,   -999999,   -999999,   -999999,   -999999,   -999999,   -999999,   -999999,   -999999,   -999999,   -999999,   -999999,   -999999,   -999999,   -999999,   -999999,   -999999,   -999999,   -999999,   -999999,   -999999,   -999999,   -999999,   -999999,   -999999,   -999999,   -999999,   -999999,   -999999,   -999999,   -999999,   -999999,   -999999,   -999999,   -999999,   -999999,   -999999,   -999999,   -999999,   -999999,   -999999,   -999999,   -999999,     -999999  
