inputs/ACTAMERICA_Merge/C130/ACTAMERICA-mrg05-c130_merge_20170130_R0.ict
143, 1001
Shook, Michael
NASA Atmospheric Composition Branch, NASA Langley Research Center (SSAI)
Merged data file for ACT-AMERICA 2017, Flight 02 (20170130), on the c130 platform. Data is merged to 05 seconds.
NASA ACT-AMERICA 2017
1, 1
2017, 01, 30, 2018, 02, 23
05
UTC,s
104
1, 1, 1, 1, 1, 1, 1, 1, 1, 1, 1, 1, 1, 1, 1, 1, 1, 1, 1, 1, 1, 1, 1, 1, 1, 1, 1, 1, 1, 1, 1, 1, 1, 1, 1, 1, 1, 1, 1, 1, 1, 1, 1, 1, 1, 1, 1, 1, 1, 1, 1, 1, 1, 1, 1, 1, 1, 1, 1, 1, 1, 1, 1, 1, 1, 1, 1, 1, 1, 1, 1, 1, 1, 1, 1, 1, 1, 1, 1, 1, 1, 1, 1, 1, 1, 1, 1, 1, 1, 1, 1, 1, 1, 1, 1, 1, 1, 1, 1, 1, 1, 1, 1, 1
-999999, -999999, -999999, -999999, -999999, -999999, -999999, -999999, -999999, -999999, -999999, -999999, -999999, -999999, -999999, -999999, -999999, -999999, -999999, -999999, -999999, -999999, -999999, -999999, -999999, -999999, -999999, -999999, -999999, -999999, -999999, -999999, -999999, -999999, -999999, -999999, -999999, -999999, -999999, -999999, -999999, -999999, -999999, -999999, -999999, -999999, -999999, -999999, -999999, -999999, -999999, -999999, -999999, -999999, -999999, -999999, -999999, -999999, -999999, -999999, -999999, -999999, -999999, -999999, -999999, -999999, -999999, -999999, -999999, -999999, -999999, -999999, -999999, -999999, -999999, -999999, -999999, -999999, -999999, -999999, -999999, -999999, -999999, -999999, -999999, -999999, -999999, -999999, -999999, -999999, -999999, -999999, -999999, -999999, -999999, -999999, -999999, -999999, -999999, -999999, -999999, -999999, -999999, -999999
JDAY, days
INDEX, none
FLIGHT, none
LOCAL_SUN_TIME, hour
LATITUDE, degs
LONGITUDE, degs
ALTP, km
PRESSURE, hPa
TEMPERATURE, K
THETA, K
O3COLUMN, DU
SZA, deg
WNS, m s-1
WND, Degs
GPS_ALT, km
GRD_SPD, m s-1
TAS, m/s
IAS, m/s
MachNumber, mach
VerticalSpeed, m s-1
HDG, degs
TRK, degs
DriftAngle, degs
PITCH, degs
ROLL, degs
PotentialTemp, K
Dewpoint, K
TotalAirTemp, K
CabinPressure, hPa
SolarZenithAngle, degs
AircraftSunElevation, degs
SunAzimuth, degs
AircraftSunAzimuth, degs
H2O_MixingRatio, g kg-1
H2O_VaporPressure, hPa
H2O_SatVaporPressureWater, hPa
H2O_SatVaporPressureIce, hPa
H2O_RelativeHumidity, %
H2O_VolMixingRatio_PICARRO, %
H2O_MassMixingRatio_PICARRO, g kg-1
H2O_VaporPressure_PICARRO, hPa
RHi_PICARRO, %
RHw_PICARRO, %
Dewpoint_PICARRO, K
Ground_Elevation, km
Altitude_AGL, km
GroundHeight_CPL, km
MLH_CPL, km
O3_MixingRatio, ppbv
CO2_MixingRatio_PICARRO, ppmv
CH4_MixingRatio_PICARRO, ppmv
CO_MixingRatio_PICARRO, ppmv
CO2_MoleFraction_PFP, ppm
CH4_MoleFraction_PFP, ppb
CO_MoleFraction_PFP, ppb
N2O_MoleFraction_PFP, ppb
SF6_CCGG_MoleFraction_PFP, ppt
H2_MoleFraction_PFP, ppb
CH4C13_PFP, per mil
CO2C14_PFP, per mil
F11B_MoleFraction_PFP, ppt
FC12_MoleFraction_PFP, ppt
F13_MoleFraction_PFP, ppt
F113_MoleFraction_PFP, ppt
F115_MoleFraction_PFP, ppt
HF133a_MoleFraction_PFP, ppt
F23_MoleFraction_PFP, ppt
F32_MoleFraction_PFP, ppt
F134A_MoleFraction_PFP, ppt
F152A_MoleFraction_PFP, ppt
F125_MoleFraction_PFP, ppt
F143a_MoleFraction_PFP, ppt
F227e_MoleFraction_PFP, ppt
F365m_MoleFraction_PFP, ppt
H1211_MoleFraction_PFP, ppt
H1301_MoleFraction_PFP, ppt
H2402_MoleFraction_PFP, ppt
MCFA_MoleFraction_PFP, ppt
CF4_MoleFraction_PFP, ppt
C2F6_MoleFraction_PFP, ppt
SO2F2_MoleFraction_PFP, ppt
MEBR_MoleFraction_PFP, ppt
CH3I_MoleFraction_PFP, ppt
DIBR_MoleFraction_PFP, ppt
[...]
[from data line 2667]
73402,   30,          202668.00,         2.0000000,  14.29920668,   32.94198992,   268.6360168,   3.659672685,   643.6,   267.7699939,   303.6987776,   293.4440002,   60.38835616,   17.19971226,   288.3616293,   3.7604,   92,   109.06128,   90.74721601,   0.33,   -7,   268.82,   265.08,   3.8,   -0.52,   -10.52,   303.66,   253.7699939,   273.7699939,   952.8,   58.4,   40.24,   -144.9,   -48.78,   1.378,   1.342,   4.138,   3.938,   32.348,   0.211275,   1.31145,   1.365675,   35.4975,   33.6475,   254.1349939,   0.03406,   3.72634,   0.156122,   1.13924,   56.1,   408.165,   1.89825,   0.11995,    -999999,   -999999,   -999999,   -999999,   -999999,   -999999,   -999999,   -999999,   -999999,   -999999,   -999999,   -999999,   -999999,   -999999,   -999999,   -999999,   -999999,   -999999,   -999999,   -999999,   -999999,   -999999,   -999999,   -999999,   -999999,   -999999,   -999999,   -999999,   -999999,   -999999,   -999999,   -999999,   -999999,   -999999,   -999999,   -999999,   -999999,   -999999,   -999999,   -999999,   -999999,   -999999,   -999999,   -999999,   -999999,   -999999,   -999999,   -999999,   -999999,   -999999,   -999999,     -999999  
73407,   30,          202669.00,         2.0000000,  14.30026791,   32.94137572,   268.631102,   3.621328845,   646.8,   267.9899939,   303.5178885,   293.4440002,   60.39616659,   17.49964355,   288.3807998,   3.7218,   93,   109.57572,   91.26165601,   0.334,   -7,   264,   259.36,   4.72,   -0.64,   -10.74,   303.5,   254.1499939,   274.0699939,   953.8,   58.4,   39.84,   -144.9,   -43.2,   1.42,   1.384,   4.216,   4.016,   32.812,   0.20876,   1.29584,   1.35542,   34.446,   32.738,   254.0479939,   0.03344,   3.68836,   0.1335936,   1.151232,   53.18,   408.185,   1.899,   0.1233,    -999999,   -999999,   -999999,   -999999,   -999999,   -999999,   -999999,   -999999,   -999999,   -999999,   -999999,   -999999,   -999999,   -999999,   -999999,   -999999,   -999999,   -999999,   -999999,   -999999,   -999999,   -999999,   -999999,   -999999,   -999999,   -999999,   -999999,   -999999,   -999999,   -999999,   -999999,   -999999,   -999999,   -999999,   -999999,   -999999,   -999999,   -999999,   -999999,   -999999,   -999999,   -999999,   -999999,   -999999,   -999999,   -999999,   -999999,   -999999,   -999999,   -999999,   -999999,     -999999  
73412,   30,          202670.00,         2.0000000,  14.30133189,   32.94033584,   268.6262283,   3.582009644,   650.4,   268.3099939,   303.3987886,   293.4440002,   60.40366769,   17.53996146,   288.4600914,   3.6834,   94.2,   110.09016,   91.77609601,   0.34,   -7,   259.1,   253.6,   5.52,   -0.74,   -10.96,   303.38,   254.4899939,   274.3699939,   956.2,   58.4,   39.36,   -144.9,   -37.88,   1.452,   1.424,   4.31,   4.118,   33.032,   0.209325,   1.2993,   1.366825,   34.03,   32.415,   254.1424939,   0.033,   3.6504,   0.1344276,   1.16922,   51.96,   408.195,   1.899311111,   0.1236111111,    -999999,   -999999,   -999999,   -999999,   -999999,   -999999,   -999999,   -999999,   -999999,   -999999,   -999999,   -999999,   -999999,   -999999,   -999999,   -999999,   -999999,   -999999,   -999999,   -999999,   -999999,   -999999,   -999999,   -999999,   -999999,   -999999,   -999999,   -999999,   -999999,   -999999,   -999999,   -999999,   -999999,   -999999,   -999999,   -999999,   -999999,   -999999,   -999999,   -999999,   -999999,   -999999,   -999999,   -999999,   -999999,   -999999,   -999999,   -999999,   -999999,   -999999,   -999999,     -999999  
73417,   30,          202671.00,         2.0000000,  14.30240156,   32.93887174,   268.6214401,   3.545677484,   653.2,   268.5299939,   303.2750996,   293.4440002,   60.41088392,   17.79985444,   287.5193261,   3.6452,   95.4,   110.6046,   92.49631201,   0.34,   -7,   253.92,   247.78,   6.24,   -0.76,   -11.24,   303.28,   254.5099939,   274.7299939,   957.8,   58.4,   38.76,   -144.9,   -31.96,   1.444,   1.426,   4.394,   4.208,   32.476,   0.2099777778,   1.303344444,   1.377677778,   33.75666667,   32.21333333,   254.2344383,   0.03146,   3.61374,   0.1367136,   1.16922,   50.88,   408.2671429,   1.89985,   0.1243,    -999999,   -999999,   -999999,   -999999,   -999999,   -999999,   -999999,   -999999,   -999999,   -999999,   -999999,   -999999,   -999999,   -999999,   -999999,   -999999,   -999999,   -999999,   -999999,   -999999,   -999999,   -999999,   -999999,   -999999,   -999999,   -999999,   -999999,   -999999,   -999999,   -999999,   -999999,   -999999,   -999999,   -999999,   -999999,   -999999,   -999999,   -999999,   -999999,   -999999,   -999999,   -999999,   -999999,   -999999,   -999999,   -999999,   -999999,   -999999,   -999999,   -999999,   -999999,     -999999  
73422,   30,          202672.00,         2.0000000,  14.30348019,   32.9369751,   268.6167862,   3.508857643,   656.2,   268.8299939,   303.2166802,   293.4440002,   60.41783448,   17.83952629,   286.1816118,   3.606,   96.8,   111.11904,   93.11364001,   0.34,   -7,   248.58,   241.88,   6.72,   -0.82,   -11.68,   303.16,   254.4099939,   275.0299939,   959.6,   58.4,   38.08,   -144.82,   -26.24,   1.426,   1.416,   4.476,   4.296,   31.596,   0.2125111111,   1.318833333,   1.399377778,   33.68333333,   32.20888889,   254.4188828,   0.03034,   3.57566,   0.1404636,   1.28914,   52.06,   408.38125,   1.900818182,   0.1274588235,    -999999,   -999999,   -999999,   -999999,   -999999,   -999999,   -999999,   -999999,   -999999,   -999999,   -999999,   -999999,   -999999,   -999999,   -999999,   -999999,   -999999,   -999999,   -999999,   -999999,   -999999,   -999999,   -999999,   -999999,   -999999,   -999999,   -999999,   -999999,   -999999,   -999999,   -999999,   -999999,   -999999,   -999999,   -999999,   -999999,   -999999,   -999999,   -999999,   -999999,   -999999,   -999999,   -999999,   -999999,   -999999,   -999999,   -999999,   -999999,   -999999,   -999999,   -999999,     -999999  
73427,   30,          202673.00,         2.0000000,  14.30457174,   32.93465118,   268.612326,   3.469599403,   659.6,   268.9899939,   302.9494918,   293.4440002,   60.42455485,   18.01988402,   285.6394004,   3.567,   98.4,   111.63348,   93.73096801,   0.34,   -7,   243.22,   235.86,   7.4,   -0.84,   -12.18,   302.94,   254.5699939,   275.2299939,   960.2,   58.4,   37.24,   -144.8,   -19.96,   1.442,   1.432,   4.548,   4.376,   31.53,   0.21208,   1.31646,   1.40378,   32.974,   31.62,   254.4559939,   0.0301,   3.5369,   0.1432248,   1.28914,   53.62,   408.48,   1.902454545,   0.1268,    -999999,   -999999,   -999999,   -999999,   -999999,   -999999,   -999999,   -999999,   -999999,   -999999,   -999999,   -999999,   -999999,   -999999,   -999999,   -999999,   -999999,   -999999,   -999999,   -999999,   -999999,   -999999,   -999999,   -999999,   -999999,   -999999,   -999999,   -999999,   -999999,   -999999,   -999999,   -999999,   -999999,   -999999,   -999999,   -999999,   -999999,   -999999,   -999999,   -999999,   -999999,   -999999,   -999999,   -999999,   -999999,   -999999,   -999999,   -999999,   -999999,   -999999,   -999999,     -999999  
73432,   30,          202674.00,         2.0000000,  14.30568047,   32.93189086,   268.6081238,   3.431682282,   662.8,   269.1499939,   302.7108225,   293.4440002,   60.43107165,   18.13937471,   285.4622921,   3.5284,   100,   112.045032,   94.14252001,   0.34,   -7,   237.66,   229.7,   7.96,   -0.78,   -12.44,   302.68,   254.6299939,   275.3699939,   962.4,   58.4,   36.14,   -144.8,   -14.24,   1.44,   1.438,   4.59,   4.422,   31.39,   0.2064,   1.2811,   1.373575,   31.9375,   30.6625,   254.2024939,   0.03022,   3.49818,   0.1461738,   1.253164,   52.58,   408.575,   1.903483333,   0.12975,    -999999,   -999999,   -999999,   -999999,   -999999,   -999999,   -999999,   -999999,   -999999,   -999999,   -999999,   -999999,   -999999,   -999999,   -999999,   -999999,   -999999,   -999999,   -999999,   -999999,   -999999,   -999999,   -999999,   -999999,   -999999,   -999999,   -999999,   -999999,   -999999,   -999999,   -999999,   -999999,   -999999,   -999999,   -999999,   -999999,   -999999,   -999999,   -999999,   -999999,   -999999,   -999999,   -999999,   -999999,   -999999,   -999999,   -999999,   -999999,   -999999,   -999999,   -999999,     -999999  
73437,   30,          202675.00,         2.0000000,  14.30680986,   32.92871172,   268.6042313,   3.394191882,   666,   269.3299939,   302.4967117,   293.4440002,   60.43742611,   17.91983959,   285.9405135,   3.4902,   101.6,   111.63348,   94.14252001,   0.34,   -7,   231.98,   223.5,   8.54,   -0.86,   -12.88,   302.48,   254.5499939,   275.6099939,   964,   58.4,   35,   -144.8,   -7.92,   1.424,   1.43,   4.662,   4.498,   30.718,   0.21695,   1.346675,   1.450575,   33.3975,   32.095,   254.8424939,   0.0312,   3.459,   0.1499714,   1.253164,   52.5,   408.6,   1.904,   0.1265285714,    -999999,   -999999,   -999999,   -999999,   -999999,   -999999,   -999999,   -999999,   -999999,   -999999,   -999999,   -999999,   -999999,   -999999,   -999999,   -999999,   -999999,   -999999,   -999999,   -999999,   -999999,   -999999,   -999999,   -999999,   -999999,   -999999,   -999999,   -999999,   -999999,   -999999,   -999999,   -999999,   -999999,   -999999,   -999999,   -999999,   -999999,   -999999,   -999999,   -999999,   -999999,   -999999,   -999999,   -999999,   -999999,   -999999,   -999999,   -999999,   -999999,   -999999,   -999999,     -999999  
73442,   30,          202676.00,         2.0000000,  14.30796387,   32.92513884,   268.600708,   3.356823401,   669.2,   269.5299939,   302.3070434,   293.4440002,   60.44366938,   17.539585,   285.2028517,   3.4522,   103.6,   111.839256,   94.55407201,   0.34,   -7,   225.86,   217.26,   8.62,   -0.94,   -13.24,   302.26,   255.0899939,   275.7899939,   966,   58.4,   33.76,   -144.8,   -1.84,   1.482,   1.5,   4.724,   4.568,   31.718,   0.2287,   1.419463636,   1.536163636,   34.80545455,   33.51363636,   255.5145394,   0.03148,   3.42072,   0.1540066,   1.205196,   52.74,   408.6,   1.90355,   0.12961,    -999999,   -999999,   -999999,   -999999,   -999999,   -999999,   -999999,   -999999,   -999999,   -999999,   -999999,   -999999,   -999999,   -999999,   -999999,   -999999,   -999999,   -999999,   -999999,   -999999,   -999999,   -999999,   -999999,   -999999,   -999999,   -999999,   -999999,   -999999,   -999999,   -999999,   -999999,   -999999,   -999999,   -999999,   -999999,   -999999,   -999999,   -999999,   -999999,   -999999,   -999999,   -999999,   -999999,   -999999,   -999999,   -999999,   -999999,   -999999,   -999999,   -999999,   -999999,     -999999  
73447,   30,          202677.00,         2.0000000,  14.30914666,   32.92118148,   268.5976166,   3.320552201,   672.4,   269.7899939,   302.1865064,   293.4440002,   60.44984188,   17.29984819,   284.1795383,   3.414,   105.6,   112.14792,   94.86273601,   0.34,   -7,   219.68,   210.9,   8.76,   -1.04,   -13.7,   302.16,   256.3699939,   276.0899939,   968.6,   58.4,   32.32,   -144.8,   4.8,   1.644,   1.67,   4.82,   4.67,   34.64,   0.2437,   1.512625,   1.645725,   36.4525,   35.1875,   256.3374939,   0.03074,   3.38326,   0.1483526,   1.10926,   52.9,   408.575,   1.9035,   0.131115,    -999999,   -999999,   -999999,   -999999,   -999999,   -999999,   -999999,   -999999,   -999999,   -999999,   -999999,   -999999,   -999999,   -999999,   -999999,   -999999,   -999999,   -999999,   -999999,   -999999,   -999999,   -999999,   -999999,   -999999,   -999999,   -999999,   -999999,   -999999,   -999999,   -999999,   -999999,   -999999,   -999999,   -999999,   -999999,   -999999,   -999999,   -999999,   -999999,   -999999,   -999999,   -999999,   -999999,   -999999,   -999999,   -999999,   -999999,   -999999,   -999999,   -999999,   -999999,     -999999  
73452,   30,          202678.00,         2.0000000,  14.31036221,   32.91688538,   268.5950165,   3.281293961,   675.8,   269.9299939,   301.9079311,   293.4440002,   60.45601098,   16.9798295,   283.1805652,   3.3762,   107.6,   112.66236,   95.48006401,   0.34,   -7,   213.2,   204.5,   8.72,   -1,   -14.38,   301.9,   257.2699939,   276.3099939,   970,   58.4,   30.64,   -144.7,   11.08,   1.764,   1.8,   4.88,   4.738,   36.866,   0.2449333333,   1.520277778,   1.662133333,   36.42,   35.20111111,   256.4588828,   0.03094,   3.34526,   0.1397642,   1.10926,   52.74,   408.45,   1.901988889,   0.125945,    -999999,   -999999,   -999999,   -999999,   -999999,   -999999,   -999999,   -999999,   -999999,   -999999,   -999999,   -999999,   -999999,   -999999,   -999999,   -999999,   -999999,   -999999,   -999999,   -999999,   -999999,   -999999,   -999999,   -999999,   -999999,   -999999,   -999999,   -999999,   -999999,   -999999,   -999999,   -999999,   -999999,   -999999,   -999999,   -999999,   -999999,   -999999,   -999999,   -999999,   -999999,   -999999,   -999999,   -999999,   -999999,   -999999,   -999999,   -999999,   -999999,   -999999,   -999999,     -999999  
73457,   30,          202679.00,         2.0000000,  14.31161529,   32.91227876,   268.5929794,   3.24392548,   679.2,   269.9899939,   301.5423637,   293.4440002,   60.46223683,   16.09943978,   282.8371382,   3.3372,   109.6,   112.559472,   95.68584001,   0.34,   -7,   206.2,   197.78,   8.42,   -0.78,   -15.34,   301.54,   256.8099939,   276.3499939,   972.4,   58.4,   28.36,   -144.7,   18.42,   1.688,   1.734,   4.896,   4.754,   35.376,   0.23444,   1.45522,   1.59816,   35.492,   34.251,   255.9799939,   0.0303,   3.3069,   0.1520566,   1.10926,   51.38,   408.43,   1.9021,   0.1227058824,    -999999,   -999999,   -999999,   -999999,   -999999,   -999999,   -999999,   -999999,   -999999,   -999999,   -999999,   -999999,   -999999,   -999999,   -999999,   -999999,   -999999,   -999999,   -999999,   -999999,   -999999,   -999999,   -999999,   -999999,   -999999,   -999999,   -999999,   -999999,   -999999,   -999999,   -999999,   -999999,   -999999,   -999999,   -999999,   -999999,   -999999,   -999999,   -999999,   -999999,   -999999,   -999999,   -999999,   -999999,   -999999,   -999999,   -999999,   -999999,   -999999,   -999999,   -999999,     -999999  
73462,   30,          202680.00,         2.0000000,  14.31291253,   32.90740966,   268.5916046,   3.21070228,   682.2,   269.8699939,   301.0290424,   293.4440002,   60.46860951,   15.93945032,   285.1461713,   3.3032,   111.6,   111.736368,   95.17140001,   0.34,   -7,   198.92,   190.48,   8.46,   0.14,   -15.78,   301.06,   255.3499939,   276.1299939,   974.4,   58.4,   25.56,   -144.7,   24.94,   1.49,   1.532,   4.858,   4.712,   31.574,   0.21295,   1.32195,   1.45645,   32.7325,   31.545,   254.8924939,   0.0309,   3.2723,   0.1338738,   1.115256,   51.92,   408.555,   1.9043,   0.12955,    -999999,   -999999,   -999999,   -999999,   -999999,   -999999,   -999999,   -999999,   -999999,   -999999,   -999999,   -999999,   -999999,   -999999,   -999999,   -999999,   -999999,   -999999,   -999999,   -999999,   -999999,   -999999,   -999999,   -999999,   -999999,   -999999,   -999999,   -999999,   -999999,   -999999,   -999999,   -999999,   -999999,   -999999,   -999999,   -999999,   -999999,   -999999,   -999999,   -999999,   -999999,   -999999,   -999999,   -999999,   -999999,   -999999,   -999999,   -999999,   -999999,   -999999,   -999999,     -999999  
