inputs/ACTAMERICA_Merge/C130/ACTAMERICA-mrg05-c130_merge_20160725_R3.ict
141, 1001
Shook, Michael
NASA Atmospheric Composition Branch, NASA Langley Research Center (SSAI)
Merged data file for ACT-AMERICA 2016, Flight 05 (20160725), on the c130 platform. Data is merged to 05 seconds.
ACTAmerica - 2016
1, 1
2016, 07, 25, 2018, 08, 24
05
UTC,s
99
1, 1, 1, 1, 1, 1, 1, 1, 1, 1, 1, 1, 1, 1, 1, 1, 1, 1, 1, 1, 1, 1, 1, 1, 1, 1, 1, 1, 1, 1, 1, 1, 1, 1, 1, 1, 1, 1, 1, 1, 1, 1, 1, 1, 1, 1, 1, 1, 1, 1, 1, 1, 1, 1, 1, 1, 1, 1, 1, 1, 1, 1, 1, 1, 1, 1, 1, 1, 1, 1, 1, 1, 1, 1, 1, 1, 1, 1, 1, 1, 1, 1, 1, 1, 1, 1, 1, 1, 1, 1, 1, 1, 1, 1, 1, 1, 1, 1, 1
-999999, -999999, -999999, -999999, -999999, -999999, -999999, -999999, -999999, -999999, -999999, -999999, -999999, -999999, -999999, -999999, -999999, -999999, -999999, -999999, -999999, -999999, -999999, -999999, -999999, -999999, -999999, -999999, -999999, -999999, -999999, -999999, -999999, -999999, -999999, -999999, -999999, -999999, -999999, -999999, -999999, -999999, -999999, -999999, -999999, -999999, -999999, -999999, -999999, -999999, -999999, -999999, -999999, -999999, -999999, -999999, -999999, -999999, -999999, -999999, -999999, -999999, -999999, -999999, -999999, -999999, -999999, -999999, -999999, -999999, -999999, -999999, -999999, -999999, -999999, -999999, -999999, -999999, -999999, -999999, -999999, -999999, -999999, -999999, -999999, -999999, -999999, -999999, -999999, -999999, -999999, -999999, -999999, -999999, -999999, -999999, -999999, -999999, -999999
JDAY, days
INDEX, none
FLIGHT, none
LOCAL_SUN_TIME, hour
LATITUDE, degs
LONGITUDE, degs
ALTP, km
PRESSURE, hPa
TEMPERATURE, K
THETA, K, calculated from ambient temperature and pressure
O3COLUMN, DU, OMI ozone column data extracted along flight track
SZA, deg
WNS, m s-1
WND, Degs
GPS_ALT, km
GRD_SPD, m s-1
TAS, m/s
IAS, m/s
MachNumber, mach
VerticalSpeed, m s-1
HDG, degs
TRK, degs
DriftAngle, degs
PITCH, degs
ROLL, degs
PotentialTemp_Nav, K
Dewpoint, K
TotalAirTemp, K
CabinPressure, hPa
SolarZenithAngle, degs
AircraftSunElevation, degs
SunAzimuth, degs
AircraftSunAzimuth, degs
H2O_MixingRatio_Nav, g kg-1
H2O_VaporPressure_Nav, hPa
H2O_SatVaporPressureWater_Nav, hPa
H2O_SatVaporPressureIce_Nav, hPa
H2O_RelativeHumidity_Nav, %
ManeuverFlag, none
GroundElevation-AMSL_GoogleMaps, km
Altitude-AGL_GoogleMaps, km
GroundHeight-AMSL_CPL, km
MLH-AMSL_CPL, km
O3_MoleFraction, ppb
CO2_DryMoleFrac_PICARRO, ppm
CH4_DryMoleFrac_PICARRO, ppm
CO_DryMoleFrac_PICARRO, ppm
CO2_MoleFraction_PFP, ppm
CH4_MoleFraction_PFP, ppb
CO_MoleFraction_PFP, ppb
N2O_MoleFraction_PFP, ppb
SF6_CCGG_MoleFraction_PFP, ppt
H2_MoleFraction_PFP, ppb
CH4C13_MoleFraction_PFP, permil
CO2C14_MoleFraction_PFP, permil
F11B_MoleFraction_PFP, ppt
FC12_MoleFraction_PFP, ppt
F13_MoleFraction_PFP, ppt
F113_MoleFraction_PFP, ppt
F115_MoleFraction_PFP, ppt
HF133a_MoleFraction_PFP, ppt
F23_MoleFraction_PFP, ppt
F32_MoleFraction_PFP, ppt
F134A_MoleFraction_PFP, ppt
F152A_MoleFraction_PFP, ppt
F125_MoleFraction_PFP, ppt
F143a_MoleFraction_PFP, ppt
F227e_MoleFraction_PFP, ppt
F365m_MoleFraction_PFP, ppt
H1211_MoleFraction_PFP, ppt
H1301_MoleFraction_PFP, ppt
H2402_MoleFraction_PFP, ppt
MCFA_MoleFraction_PFP, ppt
CF4_MoleFraction_PFP, ppt
C2F6_MoleFraction_PFP, ppt
SO2F2_MoleFraction_PFP, ppt
MEBR_MoleFraction_PFP, ppt
CH3I_MoleFraction_PFP, ppt
DIBR_MoleFraction_PFP, ppt
OCS_MoleFraction_PFP, ppt
[...]
[from data line 2221]
65057,   207,          502222.00,         5.0000000,  12.60871877,   40.5347444,   278.0495316,   2.733690274,   724.4,   284.5699939,   312.0292203,   291.1430054,   22.34348566,   13.4284515,   280.2115521,   2.897,   141,   129.330216,   110.6046,   0.38,   0,   133.08,   130.12,   3,   1.42,   0.2,   311.96,    -999999,  292.9499939,   932.4,   22,   67.54,   -161.54,   62.64,    -999999,   -999999,   -999999,   -999999,   -999999,  6,   0.32958,   2.56742,   0.40992,   1.76882,   68.84,   403.255,   1.862266667,   0.0885,    -999999,   -999999,   -999999,   -999999,   -999999,   -999999,   -999999,   -999999,   -999999,   -999999,   -999999,   -999999,   -999999,   -999999,   -999999,   -999999,   -999999,   -999999,   -999999,   -999999,   -999999,   -999999,   -999999,   -999999,   -999999,   -999999,   -999999,   -999999,   -999999,   -999999,   -999999,   -999999,   -999999,   -999999,   -999999,   -999999,   -999999,   -999999,   -999999,   -999999,   -999999,   -999999,   -999999,   -999999,   -999999,   -999999,   -999999,   -999999,   -999999,   -999999,   -999999,     -999999  
65062,   207,          502223.00,         5.0000000,  12.61053185,   40.5306404,   278.0558944,   2.733690274,   724.6,   284.7899939,   312.2458205,   291.1430054,   22.34785274,   11.93551896,   289.0437312,   2.8976,   141,   129.330216,   110.501712,   0.38,   0,   132.18,   130.18,   2.04,   1.18,   -0.36,   312.24,    -999999,  293.1899939,   932.8,   22,   67.1,   -161.5,   64.66,    -999999,   -999999,   -999999,   -999999,   -999999,  6,   0.33186,   2.56574,   0.4104096,   1.76882,   68.32,   403.275,   1.8625,   0.087,    -999999,   -999999,   -999999,   -999999,   -999999,   -999999,   -999999,   -999999,   -999999,   -999999,   -999999,   -999999,   -999999,   -999999,   -999999,   -999999,   -999999,   -999999,   -999999,   -999999,   -999999,   -999999,   -999999,   -999999,   -999999,   -999999,   -999999,   -999999,   -999999,   -999999,   -999999,   -999999,   -999999,   -999999,   -999999,   -999999,   -999999,   -999999,   -999999,   -999999,   -999999,   -999999,   -999999,   -999999,   -999999,   -999999,   -999999,   -999999,   -999999,   -999999,   -999999,     -999999  
65067,   207,          502224.00,         5.0000000,  12.61234606,   40.5265472,   278.0622742,   2.733324514,   724.4,   284.8899939,   312.3800983,   291.1430054,   22.35225976,   11.69934701,   288.0083699,   2.8974,   141,   129.63888,   110.913264,   0.382,   0,   131.98,   129.92,   2.04,   1.14,   0.04,   312.34,    -999999,  293.3299939,   932.8,   22,   67.52,   -161.4,   64.7,    -999999,   -999999,   -999999,   -999999,   -999999,  6,   0.32178,   2.57562,   0.4094104,   1.76882,   68.26,   403.3157143,   1.86245,   0.08410526316,    -999999,   -999999,   -999999,   -999999,   -999999,   -999999,   -999999,   -999999,   -999999,   -999999,   -999999,   -999999,   -999999,   -999999,   -999999,   -999999,   -999999,   -999999,   -999999,   -999999,   -999999,   -999999,   -999999,   -999999,   -999999,   -999999,   -999999,   -999999,   -999999,   -999999,   -999999,   -999999,   -999999,   -999999,   -999999,   -999999,   -999999,   -999999,   -999999,   -999999,   -999999,   -999999,   -999999,   -999999,   -999999,   -999999,   -999999,   -999999,   -999999,   -999999,   -999999,     -999999  
65072,   207,          502225.00,         5.0000000,  12.61416097,   40.522461,   278.0686646,   2.735519074,   724,   285.0299939,   312.5829321,   291.1430054,   22.35670129,   11.59969949,   288.3965565,   2.8976,   141,   129.741768,   110.810376,   0.382,   0,   132,   130,   1.96,   1.18,   0.56,   312.54,    -999999,  293.4699939,   932.8,   22,   67.96,   -161.34,   64.18,    -999999,   -999999,   -999999,   -999999,   -999999,  6,   0.2635,   2.6341,   0.3502156,   1.76882,   68.86,   403.33,   1.86215,   0.08015,    -999999,   -999999,   -999999,   -999999,   -999999,   -999999,   -999999,   -999999,   -999999,   -999999,   -999999,   -999999,   -999999,   -999999,   -999999,   -999999,   -999999,   -999999,   -999999,   -999999,   -999999,   -999999,   -999999,   -999999,   -999999,   -999999,   -999999,   -999999,   -999999,   -999999,   -999999,   -999999,   -999999,   -999999,   -999999,   -999999,   -999999,   -999999,   -999999,   -999999,   -999999,   -999999,   -999999,   -999999,   -999999,   -999999,   -999999,   -999999,   -999999,   -999999,   -999999,     -999999  
65077,   207,          502226.00,         5.0000000,  12.61597498,   40.5183648,   278.0750414,   2.735519074,   724,   285.2699939,   312.8461322,   291.1430054,   22.36115445,   11.15832863,   287.1414084,   2.897,   141,   130.256208,   111.324816,   0.39,   0,   132.2,   130.18,   2,   1.26,   0.32,   312.74,    -999999,  293.7899939,   933,   22,   67.72,   -161.28,   64.08,    -999999,   -999999,   -999999,   -999999,   -999999,  6,   0.2472,   2.6498,   0.3497572,   1.732844,   67.74,   403.375,   1.86195,   0.08455,    -999999,   -999999,   -999999,   -999999,   -999999,   -999999,   -999999,   -999999,   -999999,   -999999,   -999999,   -999999,   -999999,   -999999,   -999999,   -999999,   -999999,   -999999,   -999999,   -999999,   -999999,   -999999,   -999999,   -999999,   -999999,   -999999,   -999999,   -999999,   -999999,   -999999,   -999999,   -999999,   -999999,   -999999,   -999999,   -999999,   -999999,   -999999,   -999999,   -999999,   -999999,   -999999,   -999999,   -999999,   -999999,   -999999,   -999999,   -999999,   -999999,   -999999,   -999999,     -999999  
65082,   207,          502227.00,         5.0000000,  12.61778784,   40.5142608,   278.081401,   2.734056034,   724.4,   285.4699939,   313.0160647,   291.1430054,   22.36562012,   10.89583899,   288.3119856,   2.8972,   141,   130.256208,   111.11904,   0.388,   0,   132.02,   130.18,   1.84,   1.26,   -0.12,   312.96,    -999999,  293.9899939,   933.8,   22,   67.32,   -161.2,   64.72,    -999999,   -999999,   -999999,   -999999,   -999999,  6,   0.2864,   2.6108,   0.3677986,   1.624916,   65.78,   403.2657143,   1.862477778,   0.08325,   403.29,   1861.62,   84.16,   329.82,   9.07,   531.08,   -47.36,    -999999,  233.59,   517.87,   3.33,   71.72,   8.55,   0.53,   29.15,   13.34,   98.11,   8.94,   22.19,   19.97,   1.25,   0.93,   3.55,   3.31,   0.41,   2.73,   82.55,   4.62,   2.2,   7.68,   0.38,   0.76,    -999999,  572.59,   42.61,   8.38,   1.65,   50.28,   1217.36,   336.53,   60.2,   17.55,   11.28,   12.08,   11.69,   42.31,   0.18,   0.15,   1.27,   0.62,   9.45,          245.36000  
65087,   207,          502228.00,         5.0000000,  12.61960103,   40.510173,   278.0877654,   2.735153314,   724.2,   285.4899939,   313.0626923,   291.1430054,   22.37012695,   10.53965298,   288.3730526,   2.8976,   140.8,   130.66776,   111.63348,   0.39,   0,   131.86,   130.04,   1.78,   1.32,   -0.12,   313.04,    -999999,  294.0899939,   933.4,   22,   67.28,   -161.12,   64.9,    -999999,   -999999,   -999999,   -999999,   -999999,  6,   0.2761,   2.6215,   0.380147,   1.564956,   66.52,   403.225,   1.8626,   0.08373684211,   403.29,   1861.62,   84.16,   329.82,   9.07,   531.08,   -47.36,    -999999,  233.59,   517.87,   3.33,   71.72,   8.55,   0.53,   29.15,   13.34,   98.11,   8.94,   22.19,   19.97,   1.25,   0.93,   3.55,   3.31,   0.41,   2.73,   82.55,   4.62,   2.2,   7.68,   0.38,   0.76,    -999999,  572.59,   42.61,   8.38,   1.65,   50.28,   1217.36,   336.53,   60.2,   17.55,   11.28,   12.08,   11.69,   42.31,   0.18,   0.15,   1.27,   0.62,   9.45,          245.36000  
65092,   207,          502229.00,         5.0000000,  12.62141472,   40.5060944,   278.0941374,   2.735519074,   724,   285.2099939,   312.7803321,   291.1430054,   22.37466934,   11.63034868,   281.8361956,   2.8996,   140.6,   130.461984,   111.427704,   0.388,   0,   132.36,   129.92,   2.34,   1.04,   0.08,   312.7,    -999999,  293.7499939,   933.8,   22,   67.56,   -161.06,   64.92,    -999999,   -999999,   -999999,   -999999,   -999999,  6,   0.28416,   2.61544,   0.382079,   1.55896,   67.72,   403.3285714,   1.861888889,   0.08278947368,   403.29,   1861.62,   84.16,   329.82,   9.07,   531.08,   -47.36,    -999999,  233.59,   517.87,   3.33,   71.72,   8.55,   0.53,   29.15,   13.34,   98.11,   8.94,   22.19,   19.97,   1.25,   0.93,   3.55,   3.31,   0.41,   2.73,   82.55,   4.62,   2.2,   7.68,   0.38,   0.76,    -999999,  572.59,   42.61,   8.38,   1.65,   50.28,   1217.36,   336.53,   60.2,   17.55,   11.28,   12.08,   11.69,   42.31,   0.18,   0.15,   1.27,   0.62,   9.45,          245.36000  
65097,   207,          502230.00,         5.0000000,  12.62322882,   40.5020232,   278.1005156,   2.737408834,   724.2,   284.2299939,   311.6810012,   291.1430054,   22.37924523,   11.89849837,   276.0773169,   2.9006,   141,   131.1822,   112.14792,   0.39,   0,   132.94,   130,   2.9,   0.9,   0.6,   311.66,    -999999,  292.8699939,   933.6,   22,   68.12,   -161,   64.24,    -999999,   -999999,   -999999,   -999999,   -999999,  6,   0.33378,   2.56682,    -999999,   -999999,  67.56,   403.33,   1.86225,   0.0845,   403.29,   1861.62,   84.16,   329.82,   9.07,   531.08,   -47.36,    -999999,  233.59,   517.87,   3.33,   71.72,   8.55,   0.53,   29.15,   13.34,   98.11,   8.94,   22.19,   19.97,   1.25,   0.93,   3.55,   3.31,   0.41,   2.73,   82.55,   4.62,   2.2,   7.68,   0.38,   0.76,    -999999,  572.59,   42.61,   8.38,   1.65,   50.28,   1217.36,   336.53,   60.2,   17.55,   11.28,   12.08,   11.69,   42.31,   0.18,   0.15,   1.27,   0.62,   9.45,          245.36000  
65102,   207,          502231.00,         5.0000000,  12.62504253,   40.4979332,   278.106888,   2.736616354,   724,   283.9899939,   311.4423987,   291.1430054,   22.38382695,   12.4521594,   277.7233749,   2.9002,   141,   130.564872,   111.839256,   0.39,   0,   133.02,   130.08,   2.94,   0.82,   0,   311.38,    -999999,  292.5499939,   934,   22,   67.6,   -160.92,   64.92,    -999999,   -999999,   -999999,   -999999,   -999999,  6,   0.33408,   2.56612,   0.440891,   1.55896,   68.08,   403.4128571,   1.863744444,   0.08331578947,    -999999,   -999999,   -999999,   -999999,   -999999,   -999999,   -999999,   -999999,   -999999,   -999999,   -999999,   -999999,   -999999,   -999999,   -999999,   -999999,   -999999,   -999999,   -999999,   -999999,   -999999,   -999999,   -999999,   -999999,   -999999,   -999999,   -999999,   -999999,   -999999,   -999999,   -999999,   -999999,   -999999,   -999999,   -999999,   -999999,   -999999,   -999999,   -999999,   -999999,   -999999,   -999999,   -999999,   -999999,   -999999,   -999999,   -999999,   -999999,   -999999,   -999999,   -999999,     -999999  
65107,   207,          502232.00,         5.0000000,  12.62685693,   40.4938416,   278.1132706,   2.733690274,   724.4,   283.9299939,   311.3274643,   291.1430054,   22.38843514,   13.09240637,   277.8888229,   2.897,   141,   130.15332,   111.530592,   0.39,   0,   133.04,   129.94,   3.04,   1.04,   -0.1,   311.24,    -999999,  292.3899939,   934.4,   22,   67.4,   -160.86,   64.6,    -999999,   -999999,   -999999,   -999999,   -999999,  6,   0.31408,   2.58292,   0.3899414,   1.55896,   68.84,   403.385,   1.8634,   0.08366666667,    -999999,   -999999,   -999999,   -999999,   -999999,   -999999,   -999999,   -999999,   -999999,   -999999,   -999999,   -999999,   -999999,   -999999,   -999999,   -999999,   -999999,   -999999,   -999999,   -999999,   -999999,   -999999,   -999999,   -999999,   -999999,   -999999,   -999999,   -999999,   -999999,   -999999,   -999999,   -999999,   -999999,   -999999,   -999999,   -999999,   -999999,   -999999,   -999999,   -999999,   -999999,   -999999,   -999999,   -999999,   -999999,   -999999,   -999999,   -999999,   -999999,   -999999,   -999999,     -999999  
65112,   207,          502233.00,         5.0000000,  12.62867194,   40.4897498,   278.1196624,   2.733324514,   724.8,   284.0499939,   311.4099233,   291.1430054,   22.39307081,   13.21960681,   275.6364608,   2.8956,   141,   130.359096,   111.63348,   0.39,   0,   133.28,   129.96,   3.28,   1.44,   0.3,   311.36,    -999999,  292.5699939,   935,   22,   67.56,   -160.8,   63.18,    -999999,   -999999,   -999999,   -999999,   -999999,  6,   0.3062,   2.5894,   0.378912,   1.55896,   69.92,   403.565,   1.8613,   0.08225,    -999999,   -999999,   -999999,   -999999,   -999999,   -999999,   -999999,   -999999,   -999999,   -999999,   -999999,   -999999,   -999999,   -999999,   -999999,   -999999,   -999999,   -999999,   -999999,   -999999,   -999999,   -999999,   -999999,   -999999,   -999999,   -999999,   -999999,   -999999,   -999999,   -999999,   -999999,   -999999,   -999999,   -999999,   -999999,   -999999,   -999999,   -999999,   -999999,   -999999,   -999999,   -999999,   -999999,   -999999,   -999999,   -999999,   -999999,   -999999,   -999999,   -999999,   -999999,     -999999  
65117,   207,          502234.00,         5.0000000,  12.63048624,   40.4856574,   278.1260436,   2.735519074,   724.2,   284.1299939,   311.5713432,   291.1430054,   22.39772746,   13.37966111,   275.4606877,   2.8976,   141,   130.15332,   111.427704,   0.39,   0,   133.46,   130.08,   3.34,   1.24,   0.32,   311.48,    -999999,  292.6299939,   933.8,   22,   67.68,   -160.7,   63.5,    -999999,   -999999,   -999999,   -999999,   -999999,  6,   0.2989,   2.5987,   0.380286,   1.55896,   66.66,   403.505,   1.86125,   0.08,    -999999,   -999999,   -999999,   -999999,   -999999,   -999999,   -999999,   -999999,   -999999,   -999999,   -999999,   -999999,   -999999,   -999999,   -999999,   -999999,   -999999,   -999999,   -999999,   -999999,   -999999,   -999999,   -999999,   -999999,   -999999,   -999999,   -999999,   -999999,   -999999,   -999999,   -999999,   -999999,   -999999,   -999999,   -999999,   -999999,   -999999,   -999999,   -999999,   -999999,   -999999,   -999999,   -999999,   -999999,   -999999,   -999999,   -999999,   -999999,   -999999,   -999999,   -999999,     -999999  
65122,   207,          502235.00,         5.0000000,  12.63229942,   40.4815658,   278.132408,   2.734056034,   724.4,   284.1499939,   311.5686929,   291.1430054,   22.40240443,   13.33998858,   276.21994,   2.898,   141,   130.15332,   111.11904,   0.39,   0,   133.4,   130.1,   3.3,   1.12,   0.04,   311.52,    -999999,  292.6499939,   934.6,   22,   67.48,   -160.64,   64.04,    -999999,   -999999,   -999999,   -999999,   -999999,  6,   0.29256,   2.60544,   0.3801792,   1.576948,   67.98,   403.495,   1.861344444,   0.08036842105,    -999999,   -999999,   -999999,   -999999,   -999999,   -999999,   -999999,   -999999,   -999999,   -999999,   -999999,   -999999,   -999999,   -999999,   -999999,   -999999,   -999999,   -999999,   -999999,   -999999,   -999999,   -999999,   -999999,   -999999,   -999999,   -999999,   -999999,   -999999,   -999999,   -999999,   -999999,   -999999,   -999999,   -999999,   -999999,   -999999,   -999999,   -999999,   -999999,   -999999,   -999999,   -999999,   -999999,   -999999,   -999999,   -999999,   -999999,   -999999,   -999999,   -999999,   -999999,     -999999  
