inputs/ACTAMERICA_Merge/C130/ACTAMERICA-mrg05-c130_merge_20170226_R0.ict
143, 1001
Shook, Michael
NASA Atmospheric Composition Branch, NASA Langley Research Center (SSAI)
Merged data file for ACT-AMERICA 2017, Flight 12 (20170226), on the c130 platform. Data is merged to 05 seconds.
NASA ACT-AMERICA 2017
1, 1
2017, 02, 26, 2018, 02, 23
05
UTC,s
104
1, 1, 1, 1, 1, 1, 1, 1, 1, 1, 1, 1, 1, 1, 1, 1, 1, 1, 1, 1, 1, 1, 1, 1, 1, 1, 1, 1, 1, 1, 1, 1, 1, 1, 1, 1, 1, 1, 1, 1, 1, 1, 1, 1, 1, 1, 1, 1, 1, 1, 1, 1, 1, 1, 1, 1, 1, 1, 1, 1, 1, 1, 1, 1, 1, 1, 1, 1, 1, 1, 1, 1, 1, 1, 1, 1, 1, 1, 1, 1, 1, 1, 1, 1, 1, 1, 1, 1, 1, 1, 1, 1, 1, 1, 1, 1, 1, 1, 1, 1, 1, 1, 1, 1
-999999, -999999, -999999, -999999, -999999, -999999, -999999, -999999, -999999, -999999, -999999, -999999, -999999, -999999, -999999, -999999, -999999, -999999, -999999, -999999, -999999, -999999, -999999, -999999, -999999, -999999, -999999, -999999, -999999, -999999, -999999, -999999, -999999, -999999, -999999, -999999, -999999, -999999, -999999, -999999, -999999, -999999, -999999, -999999, -999999, -999999, -999999, -999999, -999999, -999999, -999999, -999999, -999999, -999999, -999999, -999999, -999999, -999999, -999999, -999999, -999999, -999999, -999999, -999999, -999999, -999999, -999999, -999999, -999999, -999999, -999999, -999999, -999999, -999999, -999999, -999999, -999999, -999999, -999999, -999999, -999999, -999999, -999999, -999999, -999999, -999999, -999999, -999999, -999999, -999999, -999999, -999999, -999999, -999999, -999999, -999999, -999999, -999999, -999999, -999999, -999999, -999999, -999999, -999999
JDAY, days
INDEX, none
FLIGHT, none
LOCAL_SUN_TIME, hour
LATITUDE, degs
LONGITUDE, degs
ALTP, km
PRESSURE, hPa
TEMPERATURE, K
THETA, K
O3COLUMN, DU
SZA, deg
WNS, m s-1
WND, Degs
GPS_ALT, km
GRD_SPD, m s-1
TAS, m/s
IAS, m/s
MachNumber, mach
VerticalSpeed, m s-1
HDG, degs
TRK, degs
DriftAngle, degs
PITCH, degs
ROLL, degs
PotentialTemp, K
Dewpoint, K
TotalAirTemp, K
CabinPressure, hPa
SolarZenithAngle, degs
AircraftSunElevation, degs
SunAzimuth, degs
AircraftSunAzimuth, degs
H2O_MixingRatio, g kg-1
H2O_VaporPressure, hPa
H2O_SatVaporPressureWater, hPa
H2O_SatVaporPressureIce, hPa
H2O_RelativeHumidity, %
H2O_VolMixingRatio_PICARRO, %
H2O_MassMixingRatio_PICARRO, g kg-1
H2O_VaporPressure_PICARRO, hPa
RHi_PICARRO, %
RHw_PICARRO, %
Dewpoint_PICARRO, K
Ground_Elevation, km
Altitude_AGL, km
GroundHeight_CPL, km
MLH_CPL, km
O3_MixingRatio, ppbv
CO2_MixingRatio_PICARRO, ppmv
CH4_MixingRatio_PICARRO, ppmv
CO_MixingRatio_PICARRO, ppmv
CO2_MoleFraction_PFP, ppm
CH4_MoleFraction_PFP, ppb
CO_MoleFraction_PFP, ppb
N2O_MoleFraction_PFP, ppb
SF6_CCGG_MoleFraction_PFP, ppt
H2_MoleFraction_PFP, ppb
CH4C13_PFP, per mil
CO2C14_PFP, per mil
F11B_MoleFraction_PFP, ppt
FC12_MoleFraction_PFP, ppt
F13_MoleFraction_PFP, ppt
F113_MoleFraction_PFP, ppt
F115_MoleFraction_PFP, ppt
HF133a_MoleFraction_PFP, ppt
F23_MoleFraction_PFP, ppt
F32_MoleFraction_PFP, ppt
F134A_MoleFraction_PFP, ppt
F152A_MoleFraction_PFP, ppt
F125_MoleFraction_PFP, ppt
F143a_MoleFraction_PFP, ppt
F227e_MoleFraction_PFP, ppt
F365m_MoleFraction_PFP, ppt
H1211_MoleFraction_PFP, ppt
H1301_MoleFraction_PFP, ppt
H2402_MoleFraction_PFP, ppt
MCFA_MoleFraction_PFP, ppt
CF4_MoleFraction_PFP, ppt
C2F6_MoleFraction_PFP, ppt
SO2F2_MoleFraction_PFP, ppt
MEBR_MoleFraction_PFP, ppt
CH3I_MoleFraction_PFP, ppt
DIBR_MoleFraction_PFP, ppt
[...]
[from data line 3038]
75842,   57,          1203039.0,         12.000000,  14.64305908,   40.37885516,   263.6271361,   4.394484534,   584.6,   253.7899939,   295.8600093,   380.6669922,   61.2164147,   14.67994088,   268.138692,   4.23436,   138,   149.084712,   122.128056,   0.47,   -9.2,   308.74,   312.7,   -3.96,   -3.02,   -0.42,   295.84,   235.4699939,   264.9499939,   829.6,   59.1,   31.62,   -137.1,   -87.32,   0.28,   0.242,   1.342,   1.112,   18.186,   0.0474125,   0.2943375,   0.2808625,   25.46625,   21.09375,   237.0237439,   0.39706,   3.86674,   0.4873696,   2.3984,   68.16,   408.185,   1.89595,   0.1108368421,    -999999,   -999999,   -999999,   -999999,   -999999,   -999999,   -999999,   -999999,   -999999,   -999999,   -999999,   -999999,   -999999,   -999999,   -999999,   -999999,   -999999,   -999999,   -999999,   -999999,   -999999,   -999999,   -999999,   -999999,   -999999,   -999999,   -999999,   -999999,   -999999,   -999999,   -999999,   -999999,   -999999,   -999999,   -999999,   -999999,   -999999,   -999999,   -999999,   -999999,   -999999,   -999999,   -999999,   -999999,   -999999,   -999999,   -999999,   -999999,   -999999,   -999999,   -999999,     -999999  
75847,   57,          1203040.0,         12.000000,  14.64404906,   40.38306692,   263.6211526,   4.342241814,   589,   253.8899939,   295.3431703,   380.6669922,   61.22747956,   14.55886198,   268.1557837,   4.18058,   137.2,   148.570272,   121.92228,   0.468,   -10.8,   308.64,   312.6,   -3.96,   -3.5,   -0.2,   295.36,   235.5499939,   264.9499939,   824.4,   59.1,   31.68,   -137.1,   -87.62,   0.28,   0.25,   1.354,   1.124,   18.146,   0.04836666667,   0.3000888889,   0.2880555556,   25.41444444,   21.10888889,   237.2799939,   0.40916,   3.80204,   0.4906768,   2.3984,   69.76,   408.5557143,   1.89995,   0.1200888889,    -999999,   -999999,   -999999,   -999999,   -999999,   -999999,   -999999,   -999999,   -999999,   -999999,   -999999,   -999999,   -999999,   -999999,   -999999,   -999999,   -999999,   -999999,   -999999,   -999999,   -999999,   -999999,   -999999,   -999999,   -999999,   -999999,   -999999,   -999999,   -999999,   -999999,   -999999,   -999999,   -999999,   -999999,   -999999,   -999999,   -999999,   -999999,   -999999,   -999999,   -999999,   -999999,   -999999,   -999999,   -999999,   -999999,   -999999,   -999999,   -999999,   -999999,   -999999,     -999999  
75852,   57,          1203041.0,         12.000000,  14.64503988,   40.38725902,   263.6151815,   4.285488053,   593.2,   254.2299939,   295.1389063,   380.6669922,   61.23853814,   14.23872535,   265.0474743,   4.12616,   137,   147.232728,   121.202064,   0.46,   -9.8,   308.48,   312.56,   -4.12,   -2.9,   0.06,   295.16,   235.6499939,   265.0299939,   820,   59.1,   31.26,   -137.1,   -87.18,   0.28,   0.25,   1.396,   1.16,   17.816,   0.04888,   0.3035,   0.29356,   24.926,   20.786,   237.4659939,   0.41796,   3.73844,   0.5096836,   2.3984,   63.82,   409.235,   1.9085,   0.125525,    -999999,   -999999,   -999999,   -999999,   -999999,   -999999,   -999999,   -999999,   -999999,   -999999,   -999999,   -999999,   -999999,   -999999,   -999999,   -999999,   -999999,   -999999,   -999999,   -999999,   -999999,   -999999,   -999999,   -999999,   -999999,   -999999,   -999999,   -999999,   -999999,   -999999,   -999999,   -999999,   -999999,   -999999,   -999999,   -999999,   -999999,   -999999,   -999999,   -999999,   -999999,   -999999,   -999999,   -999999,   -999999,   -999999,   -999999,   -999999,   -999999,   -999999,   -999999,     -999999  
75857,   57,          1203042.0,         12.000000,  14.64603273,   40.39143288,   263.6092409,   4.236354292,   597,   254.6299939,   295.0644558,   380.6669922,   61.24960135,   14.0186338,   261.6220844,   4.08046,   136.2,   145.689408,   120.173184,   0.458,   -8.4,   308.26,   312.58,   -4.34,   -2.5,   -0.18,   295.04,   235.8099939,   265.2299939,   815.6,   59.1,   31.4,   -137.1,   -86.52,   0.28,   0.25,   1.444,   1.206,   17.502,   0.05005,   0.31058,   0.30241,   25.383,   21.193,   237.7639939,   0.41598,   3.69442,   0.5006582,   2.36842,   61.34,   409.4828571,   1.91045,   0.1415842105,    -999999,   -999999,   -999999,   -999999,   -999999,   -999999,   -999999,   -999999,   -999999,   -999999,   -999999,   -999999,   -999999,   -999999,   -999999,   -999999,   -999999,   -999999,   -999999,   -999999,   -999999,   -999999,   -999999,   -999999,   -999999,   -999999,   -999999,   -999999,   -999999,   -999999,   -999999,   -999999,   -999999,   -999999,   -999999,   -999999,   -999999,   -999999,   -999999,   -999999,   -999999,   -999999,   -999999,   -999999,   -999999,   -999999,   -999999,   -999999,   -999999,   -999999,   -999999,     -999999  
75862,   57,          1203043.0,         12.000000,  14.64702801,   40.39557202,   263.6033368,   4.186123252,   600.8,   254.8899939,   294.8307732,   380.6669922,   61.260661,   14.15778138,   261.9014254,   4.03366,   135,   144.969192,   119.86452,   0.45,   -10.2,   308.08,   312.48,   -4.34,   -3.52,   -0.2,   294.76,   236.0699939,   265.3699939,   811,   59.1,   31.64,   -137.1,   -86.8,   0.286,   0.26,   1.472,   1.234,   17.602,   0.05138888889,   0.3188444444,   0.3128555556,   25.61333333,   21.44111111,   238.1066606,   0.40868,   3.65572,   0.4794862,   2.36842,   60.06,   410.365,   1.9219,   0.1510789474,    -999999,   -999999,   -999999,   -999999,   -999999,   -999999,   -999999,   -999999,   -999999,   -999999,   -999999,   -999999,   -999999,   -999999,   -999999,   -999999,   -999999,   -999999,   -999999,   -999999,   -999999,   -999999,   -999999,   -999999,   -999999,   -999999,   -999999,   -999999,   -999999,   -999999,   -999999,   -999999,   -999999,   -999999,   -999999,   -999999,   -999999,   -999999,   -999999,   -999999,   -999999,   -999999,   -999999,   -999999,   -999999,   -999999,   -999999,   -999999,   -999999,   -999999,   -999999,     -999999  
75867,   57,          1203044.0,         12.000000,  14.64802412,   40.39969194,   263.5974452,   4.130832531,   605.2,   255.0899939,   294.4476013,   380.6669922,   61.2717147,   14.97888091,   264.0867805,   3.97626,   135,   145.792296,   121.099176,   0.46,   -11.2,   308.06,   312.44,   -4.4,   -3.78,   0.12,   294.4,   236.4499939,   265.6899939,   807.4,   59.1,   31.22,   -137.02,   -87.12,   0.294,   0.268,   1.5,   1.258,   17.968,   0.054025,   0.3354,   0.33085,   26.175,   21.9875,   238.6724939,   0.41788,   3.58972,   0.4982932,   2.36842,   60.7,   410.575,   1.9228,   0.1418368421,    -999999,   -999999,   -999999,   -999999,   -999999,   -999999,   -999999,   -999999,   -999999,   -999999,   -999999,   -999999,   -999999,   -999999,   -999999,   -999999,   -999999,   -999999,   -999999,   -999999,   -999999,   -999999,   -999999,   -999999,   -999999,   -999999,   -999999,   -999999,   -999999,   -999999,   -999999,   -999999,   -999999,   -999999,   -999999,   -999999,   -999999,   -999999,   -999999,   -999999,   -999999,   -999999,   -999999,   -999999,   -999999,   -999999,   -999999,   -999999,   -999999,   -999999,   -999999,     -999999  
75872,   57,          1203045.0,         12.000000,  14.64902018,   40.40381112,   263.5915527,   4.07700485,   609.6,   255.6099939,   294.4377965,   380.6669922,   61.28276799,   15.41991906,   265.4424126,   3.92278,   135,   146.10096,   121.613616,   0.46,   -9,   308,   312.46,   -4.42,   -2.88,   0.02,   294.36,   237.0299939,   266.2299939,   804.6,   59.18,   31.3,   -137,   -86.68,   0.31,   0.286,   1.562,   1.32,   18.264,   0.053175,   0.330075,   0.32745,   24.9175,   21.015,   238.5674939,   0.4078,   3.5456,   0.492588,   2.36842,   64.7,   410.09,   1.9169,   0.1318684211,    -999999,   -999999,   -999999,   -999999,   -999999,   -999999,   -999999,   -999999,   -999999,   -999999,   -999999,   -999999,   -999999,   -999999,   -999999,   -999999,   -999999,   -999999,   -999999,   -999999,   -999999,   -999999,   -999999,   -999999,   -999999,   -999999,   -999999,   -999999,   -999999,   -999999,   -999999,   -999999,   -999999,   -999999,   -999999,   -999999,   -999999,   -999999,   -999999,   -999999,   -999999,   -999999,   -999999,   -999999,   -999999,   -999999,   -999999,   -999999,   -999999,   -999999,   -999999,     -999999  
75877,   57,          1203046.0,         12.000000,  14.65001793,   40.40791376,   263.5856856,   4.02811493,   613.6,   255.9299939,   294.2560321,   380.6669922,   61.29382433,   15.7583114,   264.7876846,   3.8769,   134,   145.58652,   121.304952,   0.452,   -8.8,   307.84,   312.44,   -4.62,   -2.96,   -0.06,   294.22,   237.5899939,   266.4299939,   802,   59.2,   31.28,   -137,   -86.3,   0.324,   0.302,   1.608,   1.358,   18.79,   0.05132,   0.31864,   0.31888,   23.678,   20.02,   238.2979939,   0.40444,   3.50256,   0.48214,   2.344436,   65.38,   409.655,   1.9123,   0.1266,    -999999,   -999999,   -999999,   -999999,   -999999,   -999999,   -999999,   -999999,   -999999,   -999999,   -999999,   -999999,   -999999,   -999999,   -999999,   -999999,   -999999,   -999999,   -999999,   -999999,   -999999,   -999999,   -999999,   -999999,   -999999,   -999999,   -999999,   -999999,   -999999,   -999999,   -999999,   -999999,   -999999,   -999999,   -999999,   -999999,   -999999,   -999999,   -999999,   -999999,   -999999,   -999999,   -999999,   -999999,   -999999,   -999999,   -999999,   -999999,   -999999,   -999999,   -999999,     -999999  
75882,   57,          1203047.0,         12.000000,  14.65101761,   40.41198654,   263.5798475,   3.977457169,   617.6,   256.0099939,   293.8020622,   380.6669922,   61.30487642,   14.957298,   263.510644,   3.82548,   133.6,   144.146088,   120.481848,   0.45,   -11,   307.84,   312.36,   -4.52,   -3.92,   -0.02,   293.8,   237.9099939,   266.3499939,   799.2,   59.2,   31.44,   -137,   -86.82,   0.332,   0.31,   1.622,   1.372,   19.208,   0.05243333333,   0.3255888889,   0.3285333333,   24.06,   20.37222222,   238.6033272,   0.38936,   3.46704,   0.48116,   2.332444,   65.46,   409.5,   1.9097,   0.1315315789,    -999999,   -999999,   -999999,   -999999,   -999999,   -999999,   -999999,   -999999,   -999999,   -999999,   -999999,   -999999,   -999999,   -999999,   -999999,   -999999,   -999999,   -999999,   -999999,   -999999,   -999999,   -999999,   -999999,   -999999,   -999999,   -999999,   -999999,   -999999,   -999999,   -999999,   -999999,   -999999,   -999999,   -999999,   -999999,   -999999,   -999999,   -999999,   -999999,   -999999,   -999999,   -999999,   -999999,   -999999,   -999999,   -999999,   -999999,   -999999,   -999999,   -999999,   -999999,     -999999  
75887,   57,          1203048.0,         12.000000,  14.65201703,   40.4160466,   263.5740055,   3.916253328,   622.4,   256.2099939,   293.3819092,   380.6669922,   61.31591815,   13.95971472,   262.5813737,   3.76658,   134,   143.52876,   120.37896,   0.45,   -10.8,   307.94,   312.22,   -4.26,   -3.76,   -0.08,   293.34,   237.9899939,   266.4499939,   797.2,   59.2,   31.44,   -137,   -86.94,   0.334,   0.314,   1.648,   1.398,   19.054,   0.048175,   0.2988,   0.30315,   21.555,   18.3075,   237.7799939,   0.38536,   3.41224,   0.4798484,   2.224516,   66.3,   409.6357143,   1.9122,   0.12875,    -999999,   -999999,   -999999,   -999999,   -999999,   -999999,   -999999,   -999999,   -999999,   -999999,   -999999,   -999999,   -999999,   -999999,   -999999,   -999999,   -999999,   -999999,   -999999,   -999999,   -999999,   -999999,   -999999,   -999999,   -999999,   -999999,   -999999,   -999999,   -999999,   -999999,   -999999,   -999999,   -999999,   -999999,   -999999,   -999999,   -999999,   -999999,   -999999,   -999999,   -999999,   -999999,   -999999,   -999999,   -999999,   -999999,   -999999,   -999999,   -999999,   -999999,   -999999,     -999999  
75892,   57,          1203049.0,         12.000000,  14.65301549,   40.42010424,   263.5681491,   3.859011888,   627.2,   256.5899939,   293.1728202,   380.6669922,   61.32695088,   13.27992989,   261.6606928,   3.71508,   133.8,   142.808544,   120.173184,   0.446,   -8.8,   308.06,   312.2,   -4.16,   -2.96,   0.4,   293.18,   237.7899939,   266.7899939,   795,   59.2,   31,   -137,   -86.54,   0.324,   0.308,   1.7,   1.448,   18.102,   0.04788181818,   0.2971636364,   0.3032545455,   20.50272727,   17.51272727,   237.7918121,   0.3792,   3.367,   0.4658692,   2.236508,   64.68,   409.695,   1.91245,   0.1348,    -999999,   -999999,   -999999,   -999999,   -999999,   -999999,   -999999,   -999999,   -999999,   -999999,   -999999,   -999999,   -999999,   -999999,   -999999,   -999999,   -999999,   -999999,   -999999,   -999999,   -999999,   -999999,   -999999,   -999999,   -999999,   -999999,   -999999,   -999999,   -999999,   -999999,   -999999,   -999999,   -999999,   -999999,   -999999,   -999999,   -999999,   -999999,   -999999,   -999999,   -999999,   -999999,   -999999,   -999999,   -999999,   -999999,   -999999,   -999999,   -999999,   -999999,   -999999,     -999999  
75897,   57,          1203050.0,         12.000000,  14.65401532,   40.4241561,   263.5623131,   3.811706927,   631.2,   257.0099939,   293.1198026,   380.6669922,   61.33799143,   13.09979908,   261.7809154,   3.6682,   133,   142.088328,   119.86452,   0.44,   -9,   308.18,   312.32,   -4.12,   -3.22,   0.34,   293.1,   237.3499939,   267.0899939,   793.6,   59.2,   30.84,   -137,   -86.76,   0.31,   0.294,   1.762,   1.504,   16.748,   0.045875,   0.284875,   0.292675,   19.4275,   16.6225,   237.4249939,   0.3836,   3.316,   0.4610658,   2.2485,   63.08,   409.915,   1.91605,   0.1370157895,    -999999,   -999999,   -999999,   -999999,   -999999,   -999999,   -999999,   -999999,   -999999,   -999999,   -999999,   -999999,   -999999,   -999999,   -999999,   -999999,   -999999,   -999999,   -999999,   -999999,   -999999,   -999999,   -999999,   -999999,   -999999,   -999999,   -999999,   -999999,   -999999,   -999999,   -999999,   -999999,   -999999,   -999999,   -999999,   -999999,   -999999,   -999999,   -999999,   -999999,   -999999,   -999999,   -999999,   -999999,   -999999,   -999999,   -999999,   -999999,   -999999,   -999999,   -999999,     -999999  
75902,   57,          1203051.0,         12.000000,  14.65501701,   40.42819804,   263.5565052,   3.762207406,   635,   257.4299939,   293.0957446,   380.6669922,   61.34904106,   13.45914898,   261.0588589,   3.6182,   132.6,   141.882552,   119.761632,   0.44,   -10,   308.02,   312.3,   -4.28,   -3.46,   -0.18,   293.04,   236.6899939,   267.4299939,   792.2,   59.2,   31.38,   -137,   -86.8,   0.288,   0.276,   1.82,   1.562,   15.158,   0.03705,   0.2299833333,   0.23835,   15.03666667,   12.93333333,   235.3916606,   0.39532,   3.25448,   0.484971,   2.2485,   59.8,   410.21125,   1.9202,   0.137,    -999999,   -999999,   -999999,   -999999,   -999999,   -999999,   -999999,   -999999,   -999999,   -999999,   -999999,   -999999,   -999999,   -999999,   -999999,   -999999,   -999999,   -999999,   -999999,   -999999,   -999999,   -999999,   -999999,   -999999,   -999999,   -999999,   -999999,   -999999,   -999999,   -999999,   -999999,   -999999,   -999999,   -999999,   -999999,   -999999,   -999999,   -999999,   -999999,   -999999,   -999999,   -999999,   -999999,   -999999,   -999999,   -999999,   -999999,   -999999,   -999999,   -999999,   -999999,     -999999  
